 n |  name |  university |  phd_year |  gender |  fa_n_pubs_pre_phd |  fa_n_pubs_prost_phd |  fa_year_last |  all_n_pubs_pre_phd |  all_n_pubs_prost_phd |  all_year_last |  fa_1977 |  fa_1978 |  fa_1979 |  fa_1980 |  fa_1981 |  fa_1982 |  fa_1983 |  fa_1984 |  fa_1985 |  fa_1986 |  fa_1987 |  fa_1988 |  fa_1989 |  fa_1990 |  fa_1991 |  fa_1992 |  fa_1993 |  fa_1994 |  fa_1995 |  fa_1996 |  fa_1997 |  fa_1998 |  fa_1999 |  fa_2000 |  fa_2001 |  fa_2002 |  fa_2003 |  fa_2004 |  fa_2005 |  fa_2006 |  fa_2007 |  fa_2008 |  fa_2009 |  fa_2010 |  fa_2011 |  fa_2012 |  fa_2013 |  fa_2014 |  fa_2015 |  fa_2016 |  all_1977 |  all_1978 |  all_1979 |  all_1980 |  all_1981 |  all_1982 |  all_1983 |  all_1984 |  all_1985 |  all_1986 |  all_1987 |  all_1988 |  all_1989 |  all_1990 |  all_1991 |  all_1992 |  all_1993 |  all_1994 |  all_1995 |  all_1996 |  all_1997 |  all_1998 |  all_1999 |  all_2000 |  all_2001 |  all_2002 |  all_2003 |  all_2004 |  all_2005 |  all_2006 |  all_2007 |  all_2008 |  all_2009 |  all_2010 |  all_2011 |  all_2012 |  all_2013 |  all_2014 |  all_2015 |  all_2016 | foo
 6 | Cimino, Josephine Beatrice | CALIFORNIA INSTITUTE OF TECHNOLOGY. | 1982 | female | 3 | 0 | 1982 | 4 | 0 | 1982 | 0 | 0 | 1 | 1 | 0 | 1 | 0 | 0 | 0 | 0 | 0 | 0 | 0 | 0 | 0 | 0 | 0 | 0 | 0 | 0 | 0 | 0 | 0 | 0 | 0 | 0 | 0 | 0 | 0 | 0 | 0 | 0 | 0 | 0 | 0 | 0 | 0 | 0 | 0 | 0 | 0 | 0 | 1 | 1 | 0 | 2 | 0 | 0 | 0 | 0 | 0 | 0 | 0 | 0 | 0 | 0 | 0 | 0 | 0 | 0 | 0 | 0 | 0 | 0 | 0 | 0 | 0 | 0 | 0 | 0 | 0 | 0 | 0 | 0 | 0 | 0 | 0 | 0 | 0 | 0 |
 14 | Sebok, William Lawrence | CALIFORNIA INSTITUTE OF TECHNOLOGY. | 1982 | male | 3 | 1 | 1986 | 3 | 1 | 1986 | 0 | 0 | 1 | 0 | 1 | 1 | 0 | 0 | 0 | 1 | 0 | 0 | 0 | 0 | 0 | 0 | 0 | 0 | 0 | 0 | 0 | 0 | 0 | 0 | 0 | 0 | 0 | 0 | 0 | 0 | 0 | 0 | 0 | 0 | 0 | 0 | 0 | 0 | 0 | 0 | 0 | 0 | 1 | 0 | 1 | 1 | 0 | 0 | 0 | 1 | 0 | 0 | 0 | 0 | 0 | 0 | 0 | 0 | 0 | 0 | 0 | 0 | 0 | 0 | 0 | 0 | 0 | 0 | 0 | 0 | 0 | 0 | 0 | 0 | 0 | 0 | 0 | 0 | 0 | 0 |
 30 | Schneider, Donald P. | CALIFORNIA INSTITUTE OF TECHNOLOGY. | 1982 | male | 8 | 35 | 2010 | 21 | 938 | 2017 | 0 | 1 | 2 | 2 | 1 | 2 | 2 | 0 | 1 | 2 | 1 | 2 | 2 | 0 | 3 | 3 | 3 | 2 | 0 | 1 | 1 | 1 | 2 | 2 | 1 | 2 | 1 | 0 | 1 | 0 | 1 | 0 | 0 | 1 | 0 | 0 | 0 | 0 | 0 | 0 | 1 | 5 | 3 | 3 | 5 | 4 | 3 | 1 | 7 | 10 | 6 | 5 | 5 | 2 | 9 | 14 | 13 | 12 | 9 | 10 | 6 | 11 | 9 | 22 | 35 | 33 | 57 | 51 | 48 | 70 | 44 | 49 | 33 | 40 | 46 | 51 | 54 | 48 | 52 | 51 |
 32 | Tomandl, Daniel Anthony | UNIVERSITY OF WASHINGTON. | 1982 | male | 2 | 0 | 1982 | 4 | 0 | 1982 | 1 | 0 | 0 | 0 | 0 | 1 | 0 | 0 | 0 | 0 | 0 | 0 | 0 | 0 | 0 | 0 | 0 | 0 | 0 | 0 | 0 | 0 | 0 | 0 | 0 | 0 | 0 | 0 | 0 | 0 | 0 | 0 | 0 | 0 | 0 | 0 | 0 | 0 | 0 | 0 | 3 | 0 | 0 | 0 | 0 | 1 | 0 | 0 | 0 | 0 | 0 | 0 | 0 | 0 | 0 | 0 | 0 | 0 | 0 | 0 | 0 | 0 | 0 | 0 | 0 | 0 | 0 | 0 | 0 | 0 | 0 | 0 | 0 | 0 | 0 | 0 | 0 | 0 | 0 | 0 |
 38 | Lissauer, Jack Jonathan | UNIVERSITY OF CALIFORNIA, BERKELEY. | 1982 | male | 4 | 48 | 2014 | 6 | 210 | 2017 | 0 | 0 | 0 | 0 | 1 | 3 | 0 | 3 | 4 | 1 | 1 | 1 | 1 | 1 | 2 | 0 | 1 | 0 | 1 | 1 | 3 | 2 | 4 | 2 | 3 | 3 | 0 | 0 | 1 | 1 | 2 | 1 | 1 | 0 | 2 | 3 | 1 | 2 | 0 | 0 | 0 | 0 | 0 | 0 | 2 | 4 | 2 | 3 | 8 | 3 | 1 | 2 | 2 | 2 | 4 | 4 | 2 | 3 | 4 | 5 | 8 | 6 | 5 | 6 | 6 | 7 | 5 | 4 | 6 | 6 | 5 | 2 | 6 | 15 | 20 | 18 | 15 | 10 | 5 | 8 |
 39 | McGlynn, Thomas Aquinas | PRINCETON UNIVERSITY. | 1982 | male | 2 | 10 | 2004 | 3 | 19 | 2015 | 0 | 0 | 0 | 1 | 0 | 1 | 0 | 2 | 1 | 0 | 0 | 0 | 1 | 1 | 1 | 1 | 0 | 0 | 0 | 0 | 1 | 1 | 0 | 0 | 0 | 0 | 0 | 1 | 0 | 0 | 0 | 0 | 0 | 0 | 0 | 0 | 0 | 0 | 0 | 0 | 0 | 0 | 1 | 1 | 0 | 1 | 0 | 2 | 3 | 1 | 0 | 0 | 2 | 1 | 1 | 1 | 0 | 0 | 1 | 0 | 2 | 1 | 0 | 0 | 0 | 0 | 1 | 1 | 0 | 0 | 0 | 1 | 0 | 0 | 0 | 0 | 0 | 0 | 1 | 0 |
 40 | Reichert, Gail Anne | UNIVERSITY OF CALIFORNIA, BERKELEY. | 1982 | female | 3 | 6 | 1994 | 9 | 32 | 2001 | 0 | 0 | 0 | 0 | 1 | 2 | 0 | 0 | 1 | 1 | 0 | 2 | 0 | 0 | 0 | 1 | 0 | 1 | 0 | 0 | 0 | 0 | 0 | 0 | 0 | 0 | 0 | 0 | 0 | 0 | 0 | 0 | 0 | 0 | 0 | 0 | 0 | 0 | 0 | 0 | 0 | 0 | 2 | 0 | 4 | 3 | 2 | 0 | 1 | 1 | 0 | 3 | 0 | 1 | 1 | 2 | 1 | 2 | 4 | 6 | 4 | 3 | 0 | 0 | 1 | 0 | 0 | 0 | 0 | 0 | 0 | 0 | 0 | 0 | 0 | 0 | 0 | 0 | 0 | 0 |
 51 | Balzano, Vicki Ann | THE PENNSYLVANIA STATE UNIVERSITY. | 1982 | female | 3 | 1 | 1983 | 5 | 3 | 1998 | 0 | 0 | 0 | 0 | 1 | 2 | 1 | 0 | 0 | 0 | 0 | 0 | 0 | 0 | 0 | 0 | 0 | 0 | 0 | 0 | 0 | 0 | 0 | 0 | 0 | 0 | 0 | 0 | 0 | 0 | 0 | 0 | 0 | 0 | 0 | 0 | 0 | 0 | 0 | 0 | 0 | 0 | 0 | 0 | 2 | 3 | 1 | 0 | 0 | 1 | 0 | 0 | 0 | 0 | 0 | 0 | 0 | 0 | 0 | 0 | 0 | 1 | 0 | 0 | 0 | 0 | 0 | 0 | 0 | 0 | 0 | 0 | 0 | 0 | 0 | 0 | 0 | 0 | 0 | 0 |
 52 | Camejo, Humberto Campins | THE UNIVERSITY OF ARIZONA. | 1982 | male | 1 | 0 | 1982 | 1 | 0 | 1982 | 0 | 0 | 0 | 0 | 0 | 1 | 0 | 0 | 0 | 0 | 0 | 0 | 0 | 0 | 0 | 0 | 0 | 0 | 0 | 0 | 0 | 0 | 0 | 0 | 0 | 0 | 0 | 0 | 0 | 0 | 0 | 0 | 0 | 0 | 0 | 0 | 0 | 0 | 0 | 0 | 0 | 0 | 0 | 0 | 0 | 1 | 0 | 0 | 0 | 0 | 0 | 0 | 0 | 0 | 0 | 0 | 0 | 0 | 0 | 0 | 0 | 0 | 0 | 0 | 0 | 0 | 0 | 0 | 0 | 0 | 0 | 0 | 0 | 0 | 0 | 0 | 0 | 0 | 0 | 0 |
 55 | Keel, William Clifford | UNIVERSITY OF CALIFORNIA, SANTA CRUZ. | 1982 | male | 7 | 55 | 2017 | 12 | 165 | 2017 | 0 | 1 | 0 | 1 | 0 | 5 | 5 | 2 | 5 | 1 | 1 | 5 | 1 | 1 | 3 | 1 | 3 | 1 | 2 | 3 | 0 | 1 | 1 | 0 | 2 | 1 | 1 | 3 | 2 | 2 | 0 | 0 | 1 | 0 | 0 | 2 | 1 | 1 | 1 | 0 | 2 | 1 | 0 | 1 | 2 | 6 | 7 | 4 | 6 | 3 | 5 | 6 | 4 | 5 | 5 | 6 | 7 | 6 | 7 | 8 | 3 | 5 | 4 | 4 | 3 | 4 | 4 | 5 | 5 | 4 | 2 | 1 | 5 | 5 | 2 | 9 | 7 | 5 | 2 | 5 |
 60 | Asous, Waleed Asad | THE UNIVERSITY OF ARIZONA. | 1982 | male | 1 | 0 | 1982 | 2 | 0 | 1982 | 0 | 0 | 0 | 0 | 0 | 1 | 0 | 0 | 0 | 0 | 0 | 0 | 0 | 0 | 0 | 0 | 0 | 0 | 0 | 0 | 0 | 0 | 0 | 0 | 0 | 0 | 0 | 0 | 0 | 0 | 0 | 0 | 0 | 0 | 0 | 0 | 0 | 0 | 0 | 0 | 0 | 0 | 0 | 1 | 0 | 1 | 0 | 0 | 0 | 0 | 0 | 0 | 0 | 0 | 0 | 0 | 0 | 0 | 0 | 0 | 0 | 0 | 0 | 0 | 0 | 0 | 0 | 0 | 0 | 0 | 0 | 0 | 0 | 0 | 0 | 0 | 0 | 0 | 0 | 0 |
 61 | Merritt, David Roy | PRINCETON UNIVERSITY. | 1982 | male | 7 | 81 | 2016 | 8 | 204 | 2017 | 0 | 0 | 0 | 3 | 2 | 2 | 2 | 2 | 5 | 0 | 2 | 0 | 1 | 2 | 1 | 0 | 4 | 3 | 0 | 6 | 4 | 4 | 2 | 0 | 5 | 3 | 0 | 5 | 5 | 6 | 3 | 0 | 3 | 2 | 3 | 1 | 2 | 0 | 4 | 1 | 0 | 0 | 0 | 3 | 2 | 3 | 3 | 3 | 5 | 0 | 2 | 2 | 2 | 3 | 1 | 1 | 4 | 4 | 3 | 7 | 5 | 5 | 2 | 2 | 10 | 6 | 2 | 14 | 17 | 19 | 18 | 11 | 10 | 9 | 10 | 5 | 5 | 4 | 6 | 2 |
 66 | Kapranidis, Stylianos Petros | UNIVERSITY OF WASHINGTON. | 1982 | male | 3 | 3 | 1985 | 5 | 4 | 1985 | 0 | 0 | 0 | 0 | 1 | 2 | 2 | 0 | 1 | 0 | 0 | 0 | 0 | 0 | 0 | 0 | 0 | 0 | 0 | 0 | 0 | 0 | 0 | 0 | 0 | 0 | 0 | 0 | 0 | 0 | 0 | 0 | 0 | 0 | 0 | 0 | 0 | 0 | 0 | 0 | 0 | 0 | 1 | 1 | 1 | 2 | 3 | 0 | 1 | 0 | 0 | 0 | 0 | 0 | 0 | 0 | 0 | 0 | 0 | 0 | 0 | 0 | 0 | 0 | 0 | 0 | 0 | 0 | 0 | 0 | 0 | 0 | 0 | 0 | 0 | 0 | 0 | 0 | 0 | 0 |
 86 | Redman, Russell Ormond | CALIFORNIA INSTITUTE OF TECHNOLOGY. | 1982 | male | 1 | 13 | 2003 | 5 | 30 | 2015 | 0 | 0 | 0 | 0 | 0 | 1 | 0 | 0 | 1 | 1 | 0 | 0 | 1 | 1 | 1 | 0 | 1 | 1 | 2 | 0 | 0 | 2 | 1 | 0 | 0 | 0 | 1 | 0 | 0 | 0 | 0 | 0 | 0 | 0 | 0 | 0 | 0 | 0 | 0 | 0 | 0 | 1 | 2 | 0 | 1 | 1 | 0 | 0 | 1 | 1 | 0 | 0 | 1 | 2 | 1 | 1 | 1 | 1 | 2 | 1 | 0 | 5 | 2 | 1 | 0 | 0 | 3 | 1 | 0 | 0 | 1 | 0 | 2 | 0 | 0 | 0 | 0 | 0 | 3 | 0 |
 88 | Bos, Randall Jay | THE UNIVERSITY OF ARIZONA. | 1982 | male | 1 | 1 | 1983 | 2 | 4 | 1999 | 0 | 0 | 0 | 0 | 0 | 1 | 1 | 0 | 0 | 0 | 0 | 0 | 0 | 0 | 0 | 0 | 0 | 0 | 0 | 0 | 0 | 0 | 0 | 0 | 0 | 0 | 0 | 0 | 0 | 0 | 0 | 0 | 0 | 0 | 0 | 0 | 0 | 0 | 0 | 0 | 0 | 0 | 0 | 0 | 0 | 2 | 2 | 0 | 0 | 0 | 0 | 0 | 0 | 0 | 0 | 1 | 0 | 0 | 0 | 0 | 0 | 0 | 1 | 0 | 0 | 0 | 0 | 0 | 0 | 0 | 0 | 0 | 0 | 0 | 0 | 0 | 0 | 0 | 0 | 0 |
 89 | Chakrabarti, S. | California Univ., Berkeley. | 1982 | None | 4 | 153 | 2017 | 5 | 404 | 2017 | 0 | 0 | 0 | 2 | 0 | 2 | 1 | 3 | 5 | 4 | 2 | 5 | 7 | 7 | 2 | 8 | 9 | 4 | 4 | 10 | 2 | 4 | 5 | 6 | 4 | 3 | 2 | 3 | 8 | 7 | 4 | 4 | 7 | 1 | 4 | 2 | 3 | 3 | 5 | 3 | 0 | 0 | 0 | 3 | 0 | 2 | 4 | 4 | 8 | 8 | 4 | 7 | 8 | 12 | 3 | 9 | 22 | 10 | 8 | 13 | 3 | 6 | 9 | 14 | 18 | 18 | 5 | 9 | 23 | 12 | 8 | 12 | 14 | 14 | 26 | 14 | 14 | 13 | 24 | 19 |
 94 | Davila, Joseph Michael | THE UNIVERSITY OF ARIZONA. | 1982 | male | 2 | 15 | 2007 | 3 | 124 | 2016 | 0 | 0 | 0 | 1 | 0 | 1 | 0 | 2 | 1 | 1 | 1 | 1 | 0 | 0 | 1 | 1 | 0 | 1 | 0 | 1 | 1 | 1 | 1 | 0 | 0 | 0 | 0 | 1 | 0 | 0 | 1 | 0 | 0 | 0 | 0 | 0 | 0 | 0 | 0 | 0 | 0 | 0 | 0 | 1 | 1 | 1 | 0 | 2 | 1 | 1 | 1 | 1 | 1 | 0 | 2 | 1 | 2 | 5 | 5 | 6 | 6 | 6 | 3 | 6 | 2 | 0 | 3 | 4 | 3 | 3 | 5 | 7 | 10 | 5 | 8 | 10 | 8 | 5 | 1 | 1 |
 101 | Flammang, Richard Alan | CALIFORNIA INSTITUTE OF TECHNOLOGY. | 1982 | male | 2 | 1 | 1984 | 3 | 1 | 1984 | 0 | 0 | 0 | 0 | 0 | 2 | 0 | 1 | 0 | 0 | 0 | 0 | 0 | 0 | 0 | 0 | 0 | 0 | 0 | 0 | 0 | 0 | 0 | 0 | 0 | 0 | 0 | 0 | 0 | 0 | 0 | 0 | 0 | 0 | 0 | 0 | 0 | 0 | 0 | 0 | 0 | 0 | 0 | 0 | 1 | 2 | 0 | 1 | 0 | 0 | 0 | 0 | 0 | 0 | 0 | 0 | 0 | 0 | 0 | 0 | 0 | 0 | 0 | 0 | 0 | 0 | 0 | 0 | 0 | 0 | 0 | 0 | 0 | 0 | 0 | 0 | 0 | 0 | 0 | 0 |
 111 | Heiligman, Gary Meyer | PRINCETON UNIVERSITY. | 1982 | male | 4 | 4 | 1989 | 4 | 10 | 1989 | 0 | 0 | 1 | 2 | 0 | 1 | 0 | 0 | 0 | 2 | 1 | 0 | 1 | 0 | 0 | 0 | 0 | 0 | 0 | 0 | 0 | 0 | 0 | 0 | 0 | 0 | 0 | 0 | 0 | 0 | 0 | 0 | 0 | 0 | 0 | 0 | 0 | 0 | 0 | 0 | 0 | 0 | 1 | 2 | 0 | 1 | 0 | 4 | 1 | 3 | 1 | 0 | 1 | 0 | 0 | 0 | 0 | 0 | 0 | 0 | 0 | 0 | 0 | 0 | 0 | 0 | 0 | 0 | 0 | 0 | 0 | 0 | 0 | 0 | 0 | 0 | 0 | 0 | 0 | 0 |
 118 | Ennis, David James | CALIFORNIA INSTITUTE OF TECHNOLOGY. | 1982 | male | 6 | 0 | 1982 | 12 | 1 | 2005 | 1 | 0 | 0 | 0 | 2 | 3 | 0 | 0 | 0 | 0 | 0 | 0 | 0 | 0 | 0 | 0 | 0 | 0 | 0 | 0 | 0 | 0 | 0 | 0 | 0 | 0 | 0 | 0 | 0 | 0 | 0 | 0 | 0 | 0 | 0 | 0 | 0 | 0 | 0 | 0 | 1 | 2 | 1 | 0 | 5 | 3 | 0 | 0 | 0 | 0 | 0 | 0 | 0 | 0 | 0 | 0 | 0 | 0 | 0 | 0 | 0 | 0 | 0 | 0 | 0 | 0 | 0 | 0 | 1 | 0 | 0 | 0 | 0 | 0 | 0 | 0 | 0 | 0 | 0 | 0 |
 119 | Fludzinski, Marek T. | PRINCETON UNIVERSITY. | 1982 | male | 1 | 0 | 1982 | 1 | 0 | 1982 | 0 | 0 | 0 | 0 | 0 | 1 | 0 | 0 | 0 | 0 | 0 | 0 | 0 | 0 | 0 | 0 | 0 | 0 | 0 | 0 | 0 | 0 | 0 | 0 | 0 | 0 | 0 | 0 | 0 | 0 | 0 | 0 | 0 | 0 | 0 | 0 | 0 | 0 | 0 | 0 | 0 | 0 | 0 | 0 | 0 | 1 | 0 | 0 | 0 | 0 | 0 | 0 | 0 | 0 | 0 | 0 | 0 | 0 | 0 | 0 | 0 | 0 | 0 | 0 | 0 | 0 | 0 | 0 | 0 | 0 | 0 | 0 | 0 | 0 | 0 | 0 | 0 | 0 | 0 | 0 |
 123 | Boyer, Darryl William | THE UNIVERSITY OF ARIZONA. | 1982 | male | 2 | 2 | 1992 | 3 | 11 | 2015 | 0 | 0 | 0 | 0 | 1 | 1 | 0 | 1 | 0 | 0 | 0 | 0 | 0 | 0 | 0 | 1 | 0 | 0 | 0 | 0 | 0 | 0 | 0 | 0 | 0 | 0 | 0 | 0 | 0 | 0 | 0 | 0 | 0 | 0 | 0 | 0 | 0 | 0 | 0 | 0 | 0 | 0 | 0 | 0 | 1 | 2 | 0 | 1 | 0 | 0 | 0 | 0 | 0 | 0 | 0 | 1 | 0 | 0 | 0 | 0 | 0 | 1 | 1 | 1 | 0 | 1 | 1 | 0 | 0 | 0 | 0 | 0 | 0 | 1 | 0 | 1 | 0 | 1 | 1 | 0 |
 127 | Ciming, J. B. | California Institute of Technology, Pasadena. | 1982 | None | 1 | 0 | 1982 | 1 | 0 | 1982 | 0 | 0 | 0 | 0 | 0 | 1 | 0 | 0 | 0 | 0 | 0 | 0 | 0 | 0 | 0 | 0 | 0 | 0 | 0 | 0 | 0 | 0 | 0 | 0 | 0 | 0 | 0 | 0 | 0 | 0 | 0 | 0 | 0 | 0 | 0 | 0 | 0 | 0 | 0 | 0 | 0 | 0 | 0 | 0 | 0 | 1 | 0 | 0 | 0 | 0 | 0 | 0 | 0 | 0 | 0 | 0 | 0 | 0 | 0 | 0 | 0 | 0 | 0 | 0 | 0 | 0 | 0 | 0 | 0 | 0 | 0 | 0 | 0 | 0 | 0 | 0 | 0 | 0 | 0 | 0 |
 128 | Negroponte, John | UNIVERSITY OF CALIFORNIA, BERKELEY. | 1982 | male | 3 | 2 | 1986 | 6 | 2 | 1986 | 0 | 0 | 0 | 1 | 1 | 1 | 1 | 0 | 0 | 1 | 0 | 0 | 0 | 0 | 0 | 0 | 0 | 0 | 0 | 0 | 0 | 0 | 0 | 0 | 0 | 0 | 0 | 0 | 0 | 0 | 0 | 0 | 0 | 0 | 0 | 0 | 0 | 0 | 0 | 0 | 0 | 0 | 1 | 1 | 1 | 3 | 1 | 0 | 0 | 1 | 0 | 0 | 0 | 0 | 0 | 0 | 0 | 0 | 0 | 0 | 0 | 0 | 0 | 0 | 0 | 0 | 0 | 0 | 0 | 0 | 0 | 0 | 0 | 0 | 0 | 0 | 0 | 0 | 0 | 0 |
 131 | Antonucci, Robert Richard Joseph | UNIVERSITY OF CALIFORNIA, SANTA CRUZ. | 1982 | male | 3 | 31 | 2013 | 5 | 122 | 2016 | 0 | 0 | 0 | 0 | 0 | 3 | 2 | 3 | 4 | 3 | 1 | 3 | 2 | 2 | 0 | 0 | 2 | 3 | 0 | 3 | 0 | 0 | 1 | 0 | 0 | 0 | 0 | 0 | 0 | 0 | 0 | 0 | 0 | 0 | 0 | 1 | 1 | 0 | 0 | 0 | 1 | 0 | 0 | 0 | 1 | 3 | 2 | 3 | 4 | 4 | 1 | 4 | 4 | 2 | 3 | 3 | 3 | 8 | 4 | 9 | 10 | 4 | 6 | 2 | 4 | 3 | 5 | 3 | 5 | 2 | 2 | 2 | 3 | 3 | 3 | 4 | 5 | 1 | 0 | 1 |
 135 | Fixsen, Dale John | PRINCETON UNIVERSITY. | 1982 | male | 1 | 25 | 2011 | 1 | 82 | 2016 | 0 | 0 | 0 | 0 | 0 | 1 | 3 | 0 | 0 | 0 | 0 | 0 | 0 | 0 | 0 | 0 | 0 | 2 | 0 | 2 | 2 | 1 | 1 | 2 | 2 | 4 | 1 | 1 | 0 | 1 | 0 | 0 | 1 | 0 | 2 | 0 | 0 | 0 | 0 | 0 | 0 | 0 | 0 | 0 | 0 | 1 | 5 | 1 | 4 | 0 | 0 | 0 | 0 | 1 | 1 | 1 | 1 | 5 | 2 | 3 | 9 | 2 | 2 | 4 | 3 | 4 | 2 | 5 | 2 | 5 | 0 | 0 | 1 | 0 | 8 | 0 | 0 | 3 | 5 | 3 |
 140 | Gehrels, Neil | CALIFORNIA INSTITUTE OF TECHNOLOGY. | 1982 | male | 5 | 51 | 2017 | 7 | 756 | 2017 | 1 | 1 | 0 | 0 | 2 | 1 | 1 | 2 | 3 | 1 | 2 | 1 | 0 | 0 | 2 | 1 | 6 | 1 | 2 | 2 | 1 | 1 | 0 | 1 | 0 | 1 | 1 | 2 | 2 | 3 | 2 | 3 | 2 | 1 | 0 | 1 | 2 | 0 | 2 | 1 | 1 | 1 | 2 | 0 | 2 | 1 | 4 | 2 | 4 | 1 | 2 | 1 | 1 | 3 | 6 | 2 | 10 | 5 | 15 | 17 | 11 | 8 | 10 | 4 | 2 | 3 | 4 | 8 | 33 | 63 | 59 | 34 | 70 | 81 | 52 | 49 | 33 | 32 | 38 | 65 |
 146 | Smith, Anne Kidder | UNIVERSITY OF WASHINGTON. | 1982 | female | 3 | 29 | 2012 | 10 | 117 | 2016 | 1 | 1 | 0 | 0 | 0 | 1 | 1 | 1 | 5 | 1 | 2 | 2 | 1 | 0 | 0 | 1 | 0 | 1 | 0 | 1 | 1 | 0 | 1 | 1 | 0 | 0 | 1 | 1 | 0 | 0 | 2 | 1 | 3 | 1 | 0 | 1 | 0 | 0 | 0 | 0 | 1 | 4 | 0 | 0 | 4 | 1 | 1 | 1 | 8 | 2 | 3 | 9 | 4 | 2 | 0 | 1 | 3 | 1 | 2 | 7 | 1 | 2 | 2 | 3 | 2 | 3 | 7 | 2 | 3 | 2 | 3 | 6 | 3 | 5 | 3 | 8 | 6 | 6 | 3 | 3 |
 148 | Reid, Paul Brian | COLUMBIA UNIVERSITY. | 1982 | male | 2 | 1 | 1990 | 2 | 6 | 2013 | 0 | 0 | 0 | 0 | 0 | 2 | 0 | 0 | 0 | 0 | 0 | 0 | 0 | 1 | 0 | 0 | 0 | 0 | 0 | 0 | 0 | 0 | 0 | 0 | 0 | 0 | 0 | 0 | 0 | 0 | 0 | 0 | 0 | 0 | 0 | 0 | 0 | 0 | 0 | 0 | 0 | 0 | 0 | 0 | 0 | 2 | 0 | 0 | 0 | 0 | 0 | 1 | 0 | 1 | 0 | 0 | 0 | 0 | 0 | 0 | 0 | 0 | 0 | 0 | 0 | 0 | 0 | 0 | 0 | 1 | 1 | 0 | 0 | 0 | 0 | 1 | 1 | 0 | 0 | 0 |
 150 | Vaucher, Barbara Gaston | THE PENNSYLVANIA STATE UNIVERSITY. | 1982 | female | 3 | 0 | 1982 | 4 | 0 | 1982 | 0 | 0 | 0 | 1 | 0 | 2 | 0 | 0 | 0 | 0 | 0 | 0 | 0 | 0 | 0 | 0 | 0 | 0 | 0 | 0 | 0 | 0 | 0 | 0 | 0 | 0 | 0 | 0 | 0 | 0 | 0 | 0 | 0 | 0 | 0 | 0 | 0 | 0 | 0 | 0 | 0 | 0 | 0 | 1 | 0 | 3 | 0 | 0 | 0 | 0 | 0 | 0 | 0 | 0 | 0 | 0 | 0 | 0 | 0 | 0 | 0 | 0 | 0 | 0 | 0 | 0 | 0 | 0 | 0 | 0 | 0 | 0 | 0 | 0 | 0 | 0 | 0 | 0 | 0 | 0 |
 152 | Yackovich, Frank H. | THE PENNSYLVANIA STATE UNIVERSITY. | 1982 | male | 1 | 0 | 1982 | 3 | 3 | 1985 | 0 | 0 | 0 | 0 | 0 | 1 | 0 | 0 | 0 | 0 | 0 | 0 | 0 | 0 | 0 | 0 | 0 | 0 | 0 | 0 | 0 | 0 | 0 | 0 | 0 | 0 | 0 | 0 | 0 | 0 | 0 | 0 | 0 | 0 | 0 | 0 | 0 | 0 | 0 | 0 | 0 | 0 | 0 | 0 | 1 | 2 | 1 | 1 | 1 | 0 | 0 | 0 | 0 | 0 | 0 | 0 | 0 | 0 | 0 | 0 | 0 | 0 | 0 | 0 | 0 | 0 | 0 | 0 | 0 | 0 | 0 | 0 | 0 | 0 | 0 | 0 | 0 | 0 | 0 | 0 |
