n | name | university | phd_year | gender | fa_n_pubs_pre_phd | fa_n_pubs_prost_phd | fa_year_last | all_n_pubs_pre_phd | all_n_pubs_prost_phd | all_year_last |  fa_1983 | fa_1984 | fa_1985 | fa_1986 | fa_1987 | fa_1988 | fa_1989 | fa_1990 | fa_1991 | fa_1992 | fa_1993 | fa_1994 | fa_1995 | fa_1996 | fa_1997 | fa_1998 | fa_1999 | fa_2000 | fa_2001 | fa_2002 | fa_2003 | fa_2004 | fa_2005 | fa_2006 | fa_2007 | fa_2008 | fa_2009 | fa_2010 | fa_2011 | fa_2012 | fa_2013 | fa_2014 | fa_2015 | fa_2016 |  all_1983 | all_1984 | all_1985 | all_1986 | all_1987 | all_1988 | all_1989 | all_1990 | all_1991 | all_1992 | all_1993 | all_1994 | all_1995 | all_1996 | all_1997 | all_1998 | all_1999 | all_2000 | all_2001 | all_2002 | all_2003 | all_2004 | all_2005 | all_2006 | all_2007 | all_2008 | all_2009 | all_2010 | all_2011 | all_2012 | all_2013 | all_2014 | all_2015 | all_2016 | foo
1 | Dingus, Brenda Lynn | Los Alamos National Lab., NM. | 1988 | female | 6 | 7 | 2005 | 6 | 138 | 2017 | 0 | 0 | 0 | 0 | 0 | 6 | 0 | 0 | 0 | 0 | 0 | 0 | 1 | 1 | 1 | 0 | 0 | 2 | 0 | 0 | 0 | 0 | 2 | 0 | 0 | 0 | 0 | 0 | 0 | 0 | 0 | 0 | 0 | 0 |  0 | 0 | 0 | 0 | 0 | 6 | 0 | 2 | 6 | 2 | 11 | 7 | 15 | 16 | 11 | 3 | 5 | 4 | 1 | 0 | 6 | 5 | 6 | 0 | 4 | 6 | 8 | 4 | 1 | 4 | 2 | 4 | 3 | 1 |
2 | Hinshaw, Gary Freeman | Harvard University, Cambridge, MA. | 1988 | male | 5 | 10 | 2013 | 5 | 96 | 2016 | 2 | 0 | 0 | 0 | 1 | 2 | 0 | 0 | 0 | 0 | 0 | 1 | 2 | 2 | 0 | 0 | 0 | 0 | 0 | 0 | 2 | 0 | 0 | 0 | 1 | 0 | 1 | 0 | 0 | 0 | 1 | 0 | 0 | 0 |  2 | 0 | 0 | 0 | 1 | 2 | 0 | 0 | 0 | 5 | 2 | 10 | 4 | 12 | 3 | 1 | 1 | 2 | 2 | 1 | 16 | 1 | 0 | 1 | 5 | 1 | 8 | 0 | 7 | 0 | 4 | 4 | 4 | 2 |
3 | Grimm, Robert E. | Massachusetts Institute of Technology, Cambridge. | 1988 | male | 6 | 22 | 2017 | 7 | 62 | 2017 | 0 | 0 | 2 | 1 | 1 | 2 | 3 | 1 | 1 | 1 | 1 | 2 | 0 | 0 | 0 | 0 | 0 | 0 | 0 | 1 | 1 | 0 | 0 | 1 | 0 | 0 | 3 | 0 | 0 | 2 | 1 | 1 | 1 | 0 |  0 | 0 | 2 | 1 | 1 | 3 | 3 | 2 | 3 | 5 | 2 | 4 | 1 | 2 | 1 | 1 | 1 | 0 | 0 | 3 | 2 | 1 | 1 | 6 | 2 | 1 | 4 | 1 | 3 | 4 | 1 | 2 | 2 | 1 |
4 | Pontius, Duane Henry, Jr. | RICE UNIVERSITY. | 1988 | male | 1 | 8 | 2009 | 1 | 19 | 2009 | 0 | 0 | 0 | 0 | 0 | 1 | 0 | 0 | 0 | 1 | 0 | 0 | 1 | 1 | 1 | 1 | 0 | 0 | 0 | 1 | 0 | 0 | 0 | 1 | 0 | 0 | 1 | 0 | 0 | 0 | 0 | 0 | 0 | 0 |  0 | 0 | 0 | 0 | 0 | 1 | 0 | 1 | 1 | 1 | 0 | 3 | 2 | 1 | 1 | 2 | 0 | 0 | 0 | 1 | 0 | 0 | 0 | 2 | 1 | 2 | 1 | 0 | 0 | 0 | 0 | 0 | 0 | 0 |
5 | Lienhard, John Henry, V. | UNIVERSITY OF CALIFORNIA, SAN DIEGO. | 1988 | male | 1 | 0 | 1988 | 1 | 0 | 1988 | 0 | 0 | 0 | 0 | 0 | 1 | 0 | 0 | 0 | 0 | 0 | 0 | 0 | 0 | 0 | 0 | 0 | 0 | 0 | 0 | 0 | 0 | 0 | 0 | 0 | 0 | 0 | 0 | 0 | 0 | 0 | 0 | 0 | 0 |  0 | 0 | 0 | 0 | 0 | 1 | 0 | 0 | 0 | 0 | 0 | 0 | 0 | 0 | 0 | 0 | 0 | 0 | 0 | 0 | 0 | 0 | 0 | 0 | 0 | 0 | 0 | 0 | 0 | 0 | 0 | 0 | 0 | 0 |
6 | Guzik, Joyce Ann | IOWA STATE UNIVERSITY. | 1988 | female | 3 | 22 | 2016 | 3 | 75 | 2016 | 0 | 0 | 0 | 0 | 1 | 2 | 0 | 0 | 1 | 1 | 3 | 0 | 2 | 1 | 1 | 0 | 1 | 1 | 1 | 0 | 0 | 0 | 1 | 0 | 0 | 1 | 0 | 1 | 2 | 1 | 1 | 0 | 1 | 2 |  0 | 0 | 0 | 0 | 1 | 2 | 1 | 1 | 1 | 1 | 3 | 0 | 2 | 3 | 3 | 1 | 3 | 5 | 3 | 2 | 5 | 1 | 2 | 1 | 0 | 1 | 2 | 7 | 7 | 3 | 5 | 2 | 3 | 7 |
7 | Lesser, Michael Patrick | THE UNIVERSITY OF ARIZONA. | 1988 | male | 3 | 2 | 2015 | 5 | 38 | 2017 | 0 | 0 | 0 | 0 | 1 | 2 | 0 | 0 | 0 | 0 | 0 | 0 | 0 | 0 | 0 | 0 | 0 | 0 | 0 | 1 | 0 | 0 | 0 | 0 | 0 | 0 | 0 | 0 | 0 | 0 | 0 | 0 | 1 | 0 |  0 | 0 | 0 | 0 | 2 | 3 | 0 | 0 | 0 | 0 | 0 | 1 | 0 | 0 | 0 | 0 | 0 | 0 | 0 | 1 | 5 | 4 | 8 | 3 | 1 | 0 | 0 | 0 | 0 | 0 | 0 | 1 | 8 | 3 |
8 | Murison, Marc Allen | THE UNIVERSITY OF WISCONSIN - MADISON. | 1988 | male | 3 | 4 | 1994 | 5 | 10 | 2015 | 0 | 0 | 1 | 0 | 0 | 2 | 3 | 0 | 0 | 0 | 0 | 1 | 0 | 0 | 0 | 0 | 0 | 0 | 0 | 0 | 0 | 0 | 0 | 0 | 0 | 0 | 0 | 0 | 0 | 0 | 0 | 0 | 0 | 0 |  0 | 0 | 1 | 0 | 1 | 3 | 3 | 0 | 0 | 1 | 0 | 1 | 0 | 0 | 0 | 0 | 0 | 1 | 0 | 0 | 0 | 0 | 0 | 0 | 1 | 0 | 1 | 0 | 1 | 0 | 0 | 0 | 1 | 0 |
9 | Wu, Ying-Cheng | MASSACHUSETTS INSTITUTE OF TECHNOLOGY. | 1988 | female | 1 | 19 | 2016 | 1 | 76 | 2017 | 0 | 0 | 0 | 0 | 0 | 1 | 0 | 0 | 0 | 4 | 4 | 1 | 1 | 1 | 0 | 0 | 0 | 0 | 1 | 0 | 1 | 1 | 1 | 1 | 0 | 0 | 0 | 1 | 1 | 0 | 0 | 0 | 0 | 1 |  0 | 0 | 0 | 0 | 0 | 1 | 0 | 2 | 0 | 5 | 4 | 1 | 1 | 1 | 1 | 1 | 0 | 2 | 2 | 0 | 1 | 2 | 2 | 3 | 3 | 3 | 4 | 3 | 6 | 0 | 2 | 13 | 6 | 7 |
10 | Aghanajafi, Cyrus | THE UNIVERSITY OF TENNESSEE. | 1988 | male | 1 | 0 | 1988 | 1 | 0 | 1988 | 0 | 0 | 0 | 0 | 0 | 1 | 0 | 0 | 0 | 0 | 0 | 0 | 0 | 0 | 0 | 0 | 0 | 0 | 0 | 0 | 0 | 0 | 0 | 0 | 0 | 0 | 0 | 0 | 0 | 0 | 0 | 0 | 0 | 0 |  0 | 0 | 0 | 0 | 0 | 1 | 0 | 0 | 0 | 0 | 0 | 0 | 0 | 0 | 0 | 0 | 0 | 0 | 0 | 0 | 0 | 0 | 0 | 0 | 0 | 0 | 0 | 0 | 0 | 0 | 0 | 0 | 0 | 0 |
11 | Bain, Rodney Donald | Colorado Univ., Boulder. | 1988 | male | 1 | 0 | 1988 | 1 | 0 | 1988 | 0 | 0 | 0 | 0 | 0 | 1 | 0 | 0 | 0 | 0 | 0 | 0 | 0 | 0 | 0 | 0 | 0 | 0 | 0 | 0 | 0 | 0 | 0 | 0 | 0 | 0 | 0 | 0 | 0 | 0 | 0 | 0 | 0 | 0 |  0 | 0 | 0 | 0 | 0 | 1 | 0 | 0 | 0 | 0 | 0 | 0 | 0 | 0 | 0 | 0 | 0 | 0 | 0 | 0 | 0 | 0 | 0 | 0 | 0 | 0 | 0 | 0 | 0 | 0 | 0 | 0 | 0 | 0 |
12 | Guessoum, Nidhal | UNIVERSITY OF CALIFORNIA, SAN DIEGO. | 1988 | male | 1 | 20 | 2014 | 1 | 35 | 2016 | 0 | 0 | 0 | 0 | 0 | 1 | 2 | 2 | 1 | 0 | 0 | 0 | 0 | 0 | 2 | 0 | 2 | 1 | 1 | 1 | 0 | 1 | 1 | 2 | 0 | 1 | 0 | 1 | 0 | 0 | 1 | 1 | 0 | 0 |  0 | 0 | 0 | 0 | 0 | 1 | 2 | 6 | 1 | 0 | 0 | 0 | 0 | 0 | 2 | 0 | 2 | 1 | 2 | 1 | 1 | 1 | 2 | 4 | 0 | 1 | 1 | 1 | 1 | 0 | 1 | 3 | 1 | 1 |
13 | Gould, Andrew Philip | STANFORD UNIVERSITY. | 1988 | male | 5 | 121 | 2017 | 6 | 397 | 2017 | 0 | 0 | 0 | 0 | 3 | 2 | 2 | 6 | 3 | 7 | 6 | 8 | 12 | 5 | 6 | 8 | 5 | 6 | 5 | 2 | 9 | 5 | 2 | 2 | 0 | 2 | 1 | 2 | 1 | 1 | 6 | 5 | 1 | 2 |  0 | 0 | 0 | 0 | 3 | 3 | 2 | 7 | 4 | 9 | 8 | 10 | 16 | 11 | 11 | 16 | 17 | 17 | 14 | 14 | 18 | 18 | 10 | 14 | 9 | 9 | 18 | 20 | 14 | 17 | 24 | 21 | 20 | 19 |
14 | Kruper, John Steven | MASSACHUSETTS INSTITUTE OF TECHNOLOGY. | 1988 | male | 1 | 2 | 1990 | 2 | 2 | 1990 | 0 | 0 | 0 | 0 | 0 | 1 | 1 | 1 | 0 | 0 | 0 | 0 | 0 | 0 | 0 | 0 | 0 | 0 | 0 | 0 | 0 | 0 | 0 | 0 | 0 | 0 | 0 | 0 | 0 | 0 | 0 | 0 | 0 | 0 |  0 | 1 | 0 | 0 | 0 | 1 | 1 | 1 | 0 | 0 | 0 | 0 | 0 | 0 | 0 | 0 | 0 | 0 | 0 | 0 | 0 | 0 | 0 | 0 | 0 | 0 | 0 | 0 | 0 | 0 | 0 | 0 | 0 | 0 |
15 | Preisig, Joseph Richard Mark | STATE UNIVERSITY OF NEW YORK AT BINGHAMTON. | 1988 | male | 1 | 0 | 1988 | 1 | 0 | 1988 | 0 | 0 | 0 | 0 | 0 | 1 | 0 | 0 | 0 | 0 | 0 | 0 | 0 | 0 | 0 | 0 | 0 | 0 | 0 | 0 | 0 | 0 | 0 | 0 | 0 | 0 | 0 | 0 | 0 | 0 | 0 | 0 | 0 | 0 |  0 | 0 | 0 | 0 | 0 | 1 | 0 | 0 | 0 | 0 | 0 | 0 | 0 | 0 | 0 | 0 | 0 | 0 | 0 | 0 | 0 | 0 | 0 | 0 | 0 | 0 | 0 | 0 | 0 | 0 | 0 | 0 | 0 | 0 |
16 | Peng, Huei | UNIVERSITY OF ALABAMA IN HUNTSVILLE. | 1988 | female | 2 | 8 | 2017 | 2 | 19 | 2017 | 0 | 1 | 0 | 0 | 0 | 1 | 0 | 4 | 1 | 0 | 0 | 0 | 0 | 0 | 0 | 0 | 0 | 1 | 0 | 0 | 0 | 0 | 0 | 0 | 0 | 0 | 0 | 0 | 1 | 0 | 0 | 0 | 0 | 0 |  0 | 1 | 0 | 0 | 0 | 1 | 0 | 4 | 1 | 0 | 1 | 0 | 0 | 0 | 0 | 1 | 0 | 1 | 1 | 1 | 0 | 0 | 0 | 1 | 0 | 0 | 0 | 0 | 1 | 0 | 0 | 2 | 1 | 2 |
17 | Langston, Glen Irvin | MASSACHUSETTS INSTITUTE OF TECHNOLOGY. | 1988 | male | 1 | 10 | 2009 | 5 | 40 | 2016 | 0 | 0 | 0 | 0 | 0 | 1 | 2 | 3 | 1 | 0 | 0 | 0 | 0 | 0 | 0 | 0 | 0 | 2 | 0 | 0 | 0 | 0 | 0 | 0 | 1 | 0 | 1 | 0 | 0 | 0 | 0 | 0 | 0 | 0 |  0 | 0 | 0 | 2 | 1 | 2 | 3 | 4 | 2 | 0 | 1 | 0 | 0 | 2 | 0 | 1 | 0 | 4 | 1 | 0 | 0 | 1 | 2 | 1 | 1 | 2 | 3 | 0 | 4 | 2 | 3 | 1 | 1 | 1 |
18 | Lin, Ray-Qing | UNIVERSITY OF CALIFORNIA, LOS ANGELES. | 1988 | male | 1 | 5 | 2014 | 1 | 36 | 2015 | 0 | 0 | 0 | 0 | 0 | 1 | 1 | 1 | 0 | 1 | 0 | 0 | 0 | 0 | 0 | 0 | 0 | 0 | 0 | 1 | 0 | 0 | 0 | 0 | 0 | 0 | 0 | 0 | 0 | 0 | 0 | 1 | 0 | 0 |  0 | 0 | 0 | 0 | 0 | 1 | 1 | 2 | 2 | 2 | 4 | 0 | 0 | 0 | 1 | 1 | 3 | 3 | 3 | 2 | 1 | 1 | 1 | 0 | 0 | 1 | 0 | 1 | 2 | 1 | 1 | 2 | 1 | 0 |
19 | Tobiska, William Kent | UNIVERSITY OF COLORADO AT BOULDER. | 1988 | male | 3 | 21 | 2011 | 5 | 54 | 2015 | 0 | 0 | 0 | 0 | 1 | 2 | 2 | 1 | 1 | 1 | 3 | 1 | 0 | 1 | 1 | 1 | 0 | 2 | 1 | 2 | 0 | 1 | 0 | 1 | 0 | 1 | 0 | 0 | 1 | 0 | 0 | 0 | 0 | 0 |  0 | 0 | 0 | 0 | 2 | 3 | 2 | 3 | 1 | 3 | 5 | 2 | 3 | 2 | 1 | 3 | 0 | 3 | 3 | 4 | 1 | 3 | 3 | 3 | 0 | 1 | 0 | 0 | 3 | 2 | 0 | 1 | 2 | 0 |
20 | Siskind, David Eric | UNIVERSITY OF COLORADO AT BOULDER. | 1988 | male | 3 | 30 | 2015 | 7 | 62 | 2017 | 0 | 1 | 0 | 0 | 1 | 1 | 2 | 2 | 1 | 1 | 1 | 1 | 1 | 1 | 0 | 3 | 0 | 2 | 0 | 0 | 1 | 1 | 2 | 1 | 1 | 1 | 0 | 0 | 1 | 1 | 1 | 2 | 3 | 0 |  0 | 2 | 1 | 0 | 1 | 3 | 3 | 2 | 1 | 1 | 1 | 1 | 1 | 4 | 1 | 5 | 1 | 2 | 2 | 0 | 1 | 2 | 3 | 2 | 1 | 3 | 4 | 1 | 1 | 1 | 4 | 5 | 6 | 1 |
21 | Selesnick, Richard Simon | MASSACHUSETTS INSTITUTE OF TECHNOLOGY. | 1988 | male | 4 | 43 | 2016 | 10 | 81 | 2016 | 0 | 0 | 0 | 1 | 1 | 2 | 0 | 1 | 3 | 2 | 3 | 1 | 1 | 2 | 4 | 1 | 0 | 2 | 3 | 2 | 1 | 1 | 0 | 1 | 2 | 1 | 2 | 1 | 0 | 1 | 2 | 1 | 2 | 3 |  0 | 0 | 0 | 2 | 5 | 3 | 1 | 1 | 4 | 2 | 11 | 2 | 3 | 7 | 4 | 5 | 1 | 3 | 6 | 2 | 2 | 1 | 1 | 1 | 2 | 1 | 3 | 2 | 0 | 1 | 3 | 1 | 5 | 6 |
22 | Helvensteijn, Bernardus Philippus Maria | THE UNIVERSITY OF WISCONSIN - MADISON. | 1988 | male | 1 | 0 | 1988 | 1 | 0 | 1988 | 0 | 0 | 0 | 0 | 0 | 1 | 0 | 0 | 0 | 0 | 0 | 0 | 0 | 0 | 0 | 0 | 0 | 0 | 0 | 0 | 0 | 0 | 0 | 0 | 0 | 0 | 0 | 0 | 0 | 0 | 0 | 0 | 0 | 0 |  0 | 0 | 0 | 0 | 0 | 1 | 0 | 0 | 0 | 0 | 0 | 0 | 0 | 0 | 0 | 0 | 0 | 0 | 0 | 0 | 0 | 0 | 0 | 0 | 0 | 0 | 0 | 0 | 0 | 0 | 0 | 0 | 0 | 0 |
23 | Appell, David Allen | STATE UNIVERSITY OF NEW YORK AT STONY BROOK. | 1988 | male | 1 | 1 | 2008 | 1 | 1 | 2008 | 0 | 0 | 0 | 0 | 0 | 1 | 0 | 0 | 0 | 0 | 0 | 0 | 0 | 0 | 0 | 0 | 0 | 0 | 0 | 0 | 0 | 0 | 0 | 0 | 0 | 1 | 0 | 0 | 0 | 0 | 0 | 0 | 0 | 0 |  0 | 0 | 0 | 0 | 0 | 1 | 0 | 0 | 0 | 0 | 0 | 0 | 0 | 0 | 0 | 0 | 0 | 0 | 0 | 0 | 0 | 0 | 0 | 0 | 0 | 1 | 0 | 0 | 0 | 0 | 0 | 0 | 0 | 0 |
24 | Chen, Yuan-Liang Albert | BAYLOR UNIVERSITY. | 1988 | male | 1 | 40 | 2016 | 4 | 333 | 2017 | 0 | 0 | 0 | 0 | 0 | 1 | 0 | 0 | 0 | 0 | 1 | 1 | 0 | 0 | 0 | 3 | 0 | 1 | 3 | 1 | 5 | 2 | 3 | 3 | 5 | 1 | 1 | 2 | 1 | 3 | 0 | 1 | 1 | 2 |  0 | 0 | 2 | 0 | 0 | 2 | 0 | 1 | 0 | 0 | 2 | 3 | 0 | 1 | 3 | 4 | 3 | 5 | 4 | 2 | 9 | 13 | 21 | 10 | 20 | 20 | 22 | 13 | 21 | 32 | 18 | 25 | 25 | 41 |
25 | Towe, Joe Patrick | THE UNIVERSITY OF ARIZONA. | 1988 | male | 1 | 1 | 2008 | 1 | 1 | 2008 | 0 | 0 | 0 | 0 | 0 | 1 | 0 | 0 | 0 | 0 | 0 | 0 | 0 | 0 | 0 | 0 | 0 | 0 | 0 | 0 | 0 | 0 | 0 | 0 | 0 | 1 | 0 | 0 | 0 | 0 | 0 | 0 | 0 | 0 |  0 | 0 | 0 | 0 | 0 | 1 | 0 | 0 | 0 | 0 | 0 | 0 | 0 | 0 | 0 | 0 | 0 | 0 | 0 | 0 | 0 | 0 | 0 | 0 | 0 | 1 | 0 | 0 | 0 | 0 | 0 | 0 | 0 | 0 |
26 | Dodelson, Scott | COLUMBIA UNIVERSITY. | 1988 | male | 2 | 50 | 2015 | 2 | 144 | 2017 | 0 | 0 | 0 | 0 | 0 | 2 | 1 | 3 | 1 | 3 | 1 | 6 | 3 | 2 | 2 | 0 | 0 | 3 | 0 | 2 | 2 | 3 | 2 | 4 | 0 | 2 | 4 | 1 | 1 | 0 | 1 | 2 | 1 | 0 |  0 | 0 | 0 | 0 | 0 | 2 | 2 | 4 | 2 | 3 | 2 | 6 | 3 | 3 | 4 | 2 | 3 | 7 | 0 | 9 | 7 | 7 | 5 | 5 | 5 | 3 | 6 | 5 | 5 | 8 | 5 | 5 | 11 | 10 |
27 | McCarthy, Patrick Joseph | UNIVERSITY OF CALIFORNIA, BERKELEY. | 1988 | male | 6 | 21 | 2009 | 17 | 183 | 2017 | 0 | 0 | 0 | 1 | 3 | 2 | 1 | 2 | 3 | 2 | 3 | 0 | 1 | 2 | 1 | 0 | 1 | 0 | 1 | 0 | 0 | 2 | 0 | 0 | 1 | 0 | 1 | 0 | 0 | 0 | 0 | 0 | 0 | 0 |  0 | 0 | 2 | 2 | 7 | 6 | 6 | 4 | 3 | 2 | 5 | 1 | 5 | 3 | 5 | 8 | 9 | 5 | 5 | 9 | 5 | 9 | 9 | 8 | 8 | 1 | 11 | 11 | 18 | 9 | 7 | 10 | 2 | 4 |
28 | Suh, Kyung-Won | UNIVERSITY OF MINNESOTA. | 1988 | male | 2 | 35 | 2016 | 2 | 42 | 2016 | 0 | 0 | 0 | 0 | 0 | 2 | 0 | 1 | 2 | 1 | 0 | 1 | 0 | 1 | 3 | 0 | 1 | 1 | 1 | 3 | 1 | 2 | 1 | 2 | 1 | 1 | 2 | 0 | 3 | 0 | 2 | 1 | 1 | 3 |  0 | 0 | 0 | 0 | 0 | 2 | 0 | 1 | 2 | 1 | 0 | 1 | 0 | 1 | 3 | 1 | 1 | 2 | 1 | 3 | 1 | 2 | 1 | 2 | 1 | 1 | 2 | 2 | 4 | 1 | 2 | 2 | 1 | 3 |
29 | Kluzniak, Wlodzimierz | STANFORD UNIVERSITY. | 1988 | male | 2 | 8 | 2007 | 6 | 162 | 2017 | 0 | 0 | 1 | 0 | 0 | 1 | 1 | 1 | 1 | 0 | 1 | 1 | 0 | 0 | 0 | 0 | 1 | 0 | 0 | 0 | 0 | 0 | 0 | 1 | 1 | 0 | 0 | 0 | 0 | 0 | 0 | 0 | 0 | 0 |  0 | 1 | 1 | 0 | 1 | 3 | 3 | 2 | 2 | 0 | 2 | 1 | 1 | 2 | 0 | 5 | 7 | 4 | 5 | 5 | 2 | 3 | 7 | 1 | 4 | 2 | 12 | 5 | 17 | 15 | 16 | 17 | 13 | 5 |
30 | Liffman, Kurt | RICE UNIVERSITY. | 1988 | male | 2 | 18 | 2016 | 4 | 24 | 2016 | 0 | 0 | 0 | 0 | 0 | 2 | 1 | 1 | 0 | 2 | 0 | 0 | 1 | 0 | 1 | 1 | 1 | 1 | 1 | 0 | 1 | 0 | 2 | 1 | 1 | 0 | 1 | 0 | 0 | 1 | 0 | 0 | 0 | 1 |  0 | 0 | 1 | 1 | 0 | 2 | 2 | 1 | 0 | 2 | 0 | 0 | 1 | 0 | 1 | 1 | 1 | 1 | 1 | 0 | 1 | 0 | 2 | 2 | 1 | 0 | 1 | 0 | 1 | 3 | 0 | 0 | 0 | 2 |
31 | Magee-Sauer, Karen Patricia | THE UNIVERSITY OF WISCONSIN - MADISON. | 1988 | female | 2 | 5 | 2008 | 5 | 44 | 2011 | 0 | 0 | 0 | 0 | 0 | 2 | 1 | 1 | 0 | 0 | 0 | 0 | 0 | 0 | 0 | 0 | 1 | 0 | 0 | 1 | 0 | 0 | 0 | 0 | 0 | 1 | 0 | 0 | 0 | 0 | 0 | 0 | 0 | 0 |  0 | 0 | 2 | 1 | 0 | 2 | 1 | 3 | 0 | 0 | 0 | 0 | 0 | 1 | 0 | 2 | 3 | 3 | 4 | 3 | 3 | 2 | 3 | 4 | 5 | 1 | 1 | 1 | 4 | 0 | 0 | 0 | 0 | 0 |
32 | Buss, Richard H., Jr. | UNIVERSITY OF COLORADO AT BOULDER. | 1988 | male | 2 | 6 | 1995 | 3 | 9 | 1997 | 0 | 0 | 0 | 0 | 0 | 2 | 1 | 1 | 1 | 0 | 1 | 1 | 1 | 0 | 0 | 0 | 0 | 0 | 0 | 0 | 0 | 0 | 0 | 0 | 0 | 0 | 0 | 0 | 0 | 0 | 0 | 0 | 0 | 0 |  0 | 0 | 0 | 0 | 1 | 2 | 1 | 1 | 1 | 0 | 2 | 1 | 2 | 0 | 1 | 0 | 0 | 0 | 0 | 0 | 0 | 0 | 0 | 0 | 0 | 0 | 0 | 0 | 0 | 0 | 0 | 0 | 0 | 0 |
33 | Karimabadi, Homayoun | UNIVERSITY OF MARYLAND COLLEGE PARK. | 1988 | male | 3 | 23 | 2011 | 4 | 60 | 2016 | 0 | 1 | 0 | 0 | 1 | 1 | 0 | 1 | 2 | 2 | 0 | 2 | 5 | 0 | 0 | 0 | 1 | 0 | 0 | 0 | 2 | 3 | 0 | 0 | 2 | 0 | 1 | 0 | 2 | 0 | 0 | 0 | 0 | 0 |  0 | 1 | 0 | 0 | 2 | 1 | 2 | 1 | 4 | 2 | 0 | 4 | 10 | 1 | 0 | 2 | 2 | 0 | 0 | 1 | 2 | 4 | 1 | 2 | 2 | 0 | 1 | 0 | 2 | 2 | 5 | 4 | 5 | 1 |
34 | Iredell, Mark Douglas | Washington Univ., Seattle. | 1988 | male | 2 | 0 | 1988 | 2 | 7 | 2014 | 0 | 0 | 0 | 0 | 0 | 2 | 0 | 0 | 0 | 0 | 0 | 0 | 0 | 0 | 0 | 0 | 0 | 0 | 0 | 0 | 0 | 0 | 0 | 0 | 0 | 0 | 0 | 0 | 0 | 0 | 0 | 0 | 0 | 0 |  0 | 0 | 0 | 0 | 0 | 2 | 0 | 0 | 0 | 0 | 0 | 0 | 0 | 0 | 0 | 0 | 0 | 0 | 0 | 0 | 0 | 0 | 0 | 0 | 0 | 2 | 0 | 1 | 2 | 1 | 0 | 1 | 0 | 0 |
35 | Jones, Thomas David | THE UNIVERSITY OF ARIZONA. | 1988 | male | 5 | 7 | 2016 | 6 | 39 | 2016 | 0 | 0 | 0 | 1 | 2 | 2 | 1 | 1 | 0 | 0 | 0 | 0 | 0 | 0 | 0 | 0 | 0 | 1 | 0 | 1 | 0 | 0 | 0 | 0 | 1 | 0 | 0 | 0 | 0 | 0 | 0 | 0 | 1 | 1 |  0 | 0 | 0 | 1 | 3 | 2 | 2 | 5 | 3 | 1 | 1 | 1 | 1 | 0 | 0 | 1 | 0 | 1 | 1 | 1 | 2 | 1 | 0 | 2 | 4 | 0 | 4 | 0 | 2 | 1 | 0 | 2 | 2 | 1 |
36 | Tobiska, William Kent | Colorado Univ., Boulder. | 1988 | male | 3 | 21 | 2011 | 5 | 54 | 2015 | 0 | 0 | 0 | 0 | 1 | 2 | 2 | 1 | 1 | 1 | 3 | 1 | 0 | 1 | 1 | 1 | 0 | 2 | 1 | 2 | 0 | 1 | 0 | 1 | 0 | 1 | 0 | 0 | 1 | 0 | 0 | 0 | 0 | 0 |  0 | 0 | 0 | 0 | 2 | 3 | 2 | 3 | 1 | 3 | 5 | 2 | 3 | 2 | 1 | 3 | 0 | 3 | 3 | 4 | 1 | 3 | 3 | 3 | 0 | 1 | 0 | 0 | 3 | 2 | 0 | 1 | 2 | 0 |
37 | Pazameta, Zoran | STATE UNIVERSITY OF NEW YORK AT BUFFALO. | 1988 | male | 1 | 3 | 2012 | 1 | 3 | 2012 | 0 | 0 | 0 | 0 | 0 | 1 | 0 | 1 | 0 | 1 | 0 | 0 | 0 | 0 | 0 | 0 | 0 | 0 | 0 | 0 | 0 | 0 | 0 | 0 | 0 | 0 | 0 | 0 | 0 | 1 | 0 | 0 | 0 | 0 |  0 | 0 | 0 | 0 | 0 | 1 | 0 | 1 | 0 | 1 | 0 | 0 | 0 | 0 | 0 | 0 | 0 | 0 | 0 | 0 | 0 | 0 | 0 | 0 | 0 | 0 | 0 | 0 | 0 | 1 | 0 | 0 | 0 | 0 |
38 | Webb, James Raymond | UNIVERSITY OF FLORIDA. | 1988 | male | 3 | 8 | 2016 | 13 | 40 | 2017 | 0 | 0 | 0 | 0 | 0 | 3 | 1 | 2 | 1 | 0 | 0 | 1 | 0 | 0 | 0 | 1 | 0 | 1 | 0 | 0 | 0 | 0 | 0 | 0 | 0 | 0 | 0 | 0 | 0 | 0 | 0 | 0 | 0 | 1 |  2 | 2 | 0 | 2 | 1 | 6 | 2 | 3 | 3 | 1 | 1 | 2 | 0 | 2 | 0 | 2 | 1 | 2 | 1 | 0 | 0 | 1 | 2 | 0 | 2 | 3 | 0 | 2 | 0 | 3 | 1 | 0 | 1 | 4 |
39 | Chang, Tsuey-Fen | California Univ., Riverside. | 1988 | female | 2 | 3 | 2001 | 3 | 22 | 2015 | 0 | 0 | 0 | 0 | 0 | 2 | 1 | 0 | 0 | 0 | 1 | 0 | 0 | 0 | 0 | 0 | 0 | 0 | 1 | 0 | 0 | 0 | 0 | 0 | 0 | 0 | 0 | 0 | 0 | 0 | 0 | 0 | 0 | 0 |  1 | 0 | 0 | 0 | 0 | 2 | 1 | 1 | 0 | 0 | 3 | 2 | 4 | 0 | 0 | 1 | 2 | 1 | 2 | 1 | 0 | 0 | 0 | 0 | 2 | 0 | 0 | 1 | 0 | 0 | 0 | 0 | 1 | 0 |
40 | Elston, Richard Joseph | THE UNIVERSITY OF ARIZONA. | 1988 | male | 4 | 9 | 2006 | 15 | 63 | 2013 | 0 | 0 | 1 | 0 | 1 | 2 | 2 | 1 | 1 | 1 | 0 | 2 | 0 | 1 | 0 | 0 | 0 | 0 | 0 | 0 | 0 | 0 | 0 | 1 | 0 | 0 | 0 | 0 | 0 | 0 | 0 | 0 | 0 | 0 |  2 | 2 | 4 | 1 | 2 | 4 | 3 | 2 | 4 | 4 | 3 | 6 | 2 | 7 | 2 | 1 | 5 | 4 | 3 | 4 | 2 | 0 | 3 | 6 | 0 | 1 | 0 | 0 | 0 | 0 | 1 | 0 | 0 | 0 |
41 | Hine, Butler Preston Anderson, III | Texas Univ., Austin. | 1988 | male | 1 | 0 | 1988 | 1 | 3 | 1994 | 0 | 0 | 0 | 0 | 0 | 1 | 0 | 0 | 0 | 0 | 0 | 0 | 0 | 0 | 0 | 0 | 0 | 0 | 0 | 0 | 0 | 0 | 0 | 0 | 0 | 0 | 0 | 0 | 0 | 0 | 0 | 0 | 0 | 0 |  0 | 0 | 0 | 0 | 0 | 1 | 1 | 1 | 0 | 0 | 0 | 1 | 0 | 0 | 0 | 0 | 0 | 0 | 0 | 0 | 0 | 0 | 0 | 0 | 0 | 0 | 0 | 0 | 0 | 0 | 0 | 0 | 0 | 0 |
42 | Ryu, Dongsu | THE UNIVERSITY OF TEXAS AT AUSTIN. | 1988 | male | 3 | 30 | 2012 | 4 | 166 | 2017 | 0 | 0 | 0 | 0 | 1 | 2 | 1 | 2 | 1 | 2 | 2 | 1 | 4 | 2 | 2 | 2 | 0 | 1 | 1 | 0 | 3 | 1 | 0 | 1 | 0 | 1 | 1 | 1 | 0 | 1 | 0 | 0 | 0 | 0 |  0 | 0 | 0 | 0 | 1 | 3 | 3 | 2 | 2 | 3 | 2 | 4 | 7 | 9 | 6 | 6 | 6 | 11 | 10 | 2 | 7 | 6 | 5 | 6 | 3 | 3 | 7 | 4 | 6 | 9 | 7 | 8 | 11 | 4 |
43 | Sterling, Alphonse Christopher | UNIVERSITY OF NEW HAMPSHIRE. | 1988 | male | 3 | 40 | 2016 | 4 | 91 | 2016 | 0 | 1 | 0 | 0 | 0 | 2 | 1 | 1 | 2 | 0 | 2 | 2 | 0 | 1 | 5 | 1 | 2 | 3 | 4 | 0 | 1 | 2 | 1 | 0 | 2 | 0 | 0 | 3 | 2 | 1 | 0 | 1 | 1 | 2 |  0 | 2 | 0 | 0 | 0 | 2 | 1 | 2 | 2 | 3 | 5 | 3 | 1 | 3 | 6 | 2 | 3 | 3 | 7 | 0 | 2 | 2 | 2 | 1 | 7 | 0 | 3 | 6 | 8 | 4 | 3 | 3 | 4 | 5 |
44 | Tacconi-Garman, Linda Jean | UNIVERSITY OF MASSACHUSETTS. | 1988 | female | 1 | 0 | 1988 | 2 | 3 | 2006 | 0 | 0 | 0 | 0 | 0 | 1 | 0 | 0 | 0 | 0 | 0 | 0 | 0 | 0 | 0 | 0 | 0 | 0 | 0 | 0 | 0 | 0 | 0 | 0 | 0 | 0 | 0 | 0 | 0 | 0 | 0 | 0 | 0 | 0 |  0 | 0 | 0 | 0 | 1 | 1 | 0 | 0 | 0 | 0 | 0 | 1 | 0 | 0 | 0 | 0 | 0 | 0 | 0 | 0 | 0 | 1 | 0 | 1 | 0 | 0 | 0 | 0 | 0 | 0 | 0 | 0 | 0 | 0 |
45 | Veeraraghavan, Shoba | UNIVERSITY OF CALIFORNIA, BERKELEY. | 1988 | female | 2 | 2 | 1992 | 3 | 7 | 1996 | 0 | 0 | 1 | 0 | 0 | 1 | 0 | 1 | 0 | 1 | 0 | 0 | 0 | 0 | 0 | 0 | 0 | 0 | 0 | 0 | 0 | 0 | 0 | 0 | 0 | 0 | 0 | 0 | 0 | 0 | 0 | 0 | 0 | 0 |  0 | 0 | 1 | 0 | 1 | 1 | 0 | 1 | 0 | 1 | 1 | 1 | 2 | 1 | 0 | 0 | 0 | 0 | 0 | 0 | 0 | 0 | 0 | 0 | 0 | 0 | 0 | 0 | 0 | 0 | 0 | 0 | 0 | 0 |
46 | Wood, Douglas Owen Starkey | THE UNIVERSITY OF WISCONSIN - MADISON. | 1988 | male | 3 | 7 | 1995 | 7 | 28 | 2016 | 0 | 0 | 0 | 0 | 0 | 3 | 2 | 0 | 1 | 0 | 1 | 2 | 1 | 0 | 0 | 0 | 0 | 0 | 0 | 0 | 0 | 0 | 0 | 0 | 0 | 0 | 0 | 0 | 0 | 0 | 0 | 0 | 0 | 0 |  0 | 0 | 2 | 1 | 1 | 3 | 5 | 2 | 2 | 2 | 1 | 3 | 5 | 1 | 2 | 1 | 0 | 0 | 0 | 1 | 0 | 0 | 0 | 0 | 0 | 0 | 0 | 1 | 0 | 0 | 1 | 0 | 0 | 1 |
47 | Xiao, Yingcai | UNIVERSITY OF ALABAMA IN HUNTSVILLE. | 1988 | None | 1 | 2 | 2008 | 2 | 23 | 2017 | 0 | 0 | 0 | 0 | 0 | 1 | 0 | 0 | 0 | 0 | 0 | 0 | 0 | 0 | 0 | 0 | 0 | 0 | 0 | 0 | 1 | 0 | 0 | 0 | 0 | 1 | 0 | 0 | 0 | 0 | 0 | 0 | 0 | 0 |  0 | 0 | 0 | 0 | 0 | 2 | 1 | 0 | 0 | 0 | 1 | 1 | 0 | 1 | 0 | 1 | 0 | 3 | 0 | 0 | 3 | 0 | 0 | 1 | 0 | 3 | 2 | 1 | 3 | 1 | 0 | 0 | 0 | 0 |
48 | Brooke, Timothy Young | STATE UNIVERSITY OF NEW YORK AT STONY BROOK. | 1988 | male | 4 | 13 | 2007 | 6 | 58 | 2015 | 0 | 0 | 1 | 1 | 1 | 1 | 2 | 1 | 2 | 0 | 1 | 0 | 0 | 3 | 0 | 1 | 1 | 0 | 0 | 0 | 1 | 0 | 0 | 0 | 1 | 0 | 0 | 0 | 0 | 0 | 0 | 0 | 0 | 0 |  0 | 0 | 1 | 2 | 2 | 1 | 2 | 2 | 2 | 0 | 3 | 2 | 4 | 4 | 3 | 2 | 2 | 2 | 1 | 0 | 1 | 3 | 3 | 5 | 5 | 3 | 4 | 3 | 0 | 0 | 1 | 0 | 1 | 0 |
49 | Light, Robert Miles | YALE UNIVERSITY. | 1988 | male | 2 | 0 | 1988 | 2 | 21 | 2006 | 0 | 0 | 0 | 1 | 0 | 1 | 0 | 0 | 0 | 0 | 0 | 0 | 0 | 0 | 0 | 0 | 0 | 0 | 0 | 0 | 0 | 0 | 0 | 0 | 0 | 0 | 0 | 0 | 0 | 0 | 0 | 0 | 0 | 0 |  0 | 0 | 0 | 1 | 0 | 1 | 0 | 0 | 7 | 5 | 3 | 0 | 2 | 1 | 1 | 1 | 0 | 0 | 0 | 0 | 0 | 0 | 0 | 1 | 0 | 0 | 0 | 0 | 0 | 0 | 0 | 0 | 0 | 0 |
50 | Mobarry, Clark Matthew | CORNELL UNIVERSITY. | 1988 | male | 2 | 1 | 1996 | 3 | 4 | 2004 | 0 | 0 | 0 | 1 | 0 | 1 | 0 | 0 | 0 | 0 | 0 | 0 | 0 | 1 | 0 | 0 | 0 | 0 | 0 | 0 | 0 | 0 | 0 | 0 | 0 | 0 | 0 | 0 | 0 | 0 | 0 | 0 | 0 | 0 |  0 | 0 | 0 | 2 | 0 | 1 | 0 | 0 | 1 | 0 | 0 | 0 | 1 | 1 | 0 | 0 | 0 | 0 | 0 | 0 | 0 | 1 | 0 | 0 | 0 | 0 | 0 | 0 | 0 | 0 | 0 | 0 | 0 | 0 |
51 | Iredell, Mark Douglas | UNIVERSITY OF WASHINGTON. | 1988 | male | 2 | 0 | 1988 | 2 | 7 | 2014 | 0 | 0 | 0 | 0 | 0 | 2 | 0 | 0 | 0 | 0 | 0 | 0 | 0 | 0 | 0 | 0 | 0 | 0 | 0 | 0 | 0 | 0 | 0 | 0 | 0 | 0 | 0 | 0 | 0 | 0 | 0 | 0 | 0 | 0 |  0 | 0 | 0 | 0 | 0 | 2 | 0 | 0 | 0 | 0 | 0 | 0 | 0 | 0 | 0 | 0 | 0 | 0 | 0 | 0 | 0 | 0 | 0 | 0 | 0 | 2 | 0 | 1 | 2 | 1 | 0 | 1 | 0 | 0 |
52 | McGrath, Melissa Ann | UNIVERSITY OF VIRGINIA. | 1988 | female | 3 | 11 | 2013 | 4 | 67 | 2017 | 0 | 0 | 0 | 1 | 1 | 1 | 2 | 1 | 1 | 1 | 1 | 0 | 1 | 0 | 0 | 1 | 0 | 1 | 0 | 1 | 0 | 0 | 0 | 0 | 0 | 0 | 0 | 0 | 0 | 0 | 1 | 0 | 0 | 0 |  0 | 0 | 0 | 1 | 2 | 1 | 2 | 1 | 1 | 1 | 5 | 5 | 7 | 4 | 4 | 6 | 1 | 5 | 2 | 4 | 0 | 2 | 0 | 1 | 1 | 1 | 2 | 1 | 1 | 1 | 2 | 2 | 1 | 2 |
53 | Pogge, Richard William | UNIVERSITY OF CALIFORNIA, SANTA CRUZ. | 1988 | male | 6 | 14 | 2002 | 10 | 266 | 2017 | 0 | 0 | 0 | 0 | 1 | 5 | 3 | 0 | 0 | 3 | 3 | 0 | 2 | 0 | 0 | 0 | 0 | 2 | 0 | 1 | 0 | 0 | 0 | 0 | 0 | 0 | 0 | 0 | 0 | 0 | 0 | 0 | 0 | 0 |  0 | 0 | 1 | 1 | 3 | 5 | 4 | 2 | 5 | 5 | 5 | 6 | 9 | 5 | 6 | 3 | 6 | 6 | 8 | 13 | 5 | 12 | 7 | 10 | 9 | 8 | 15 | 8 | 9 | 17 | 22 | 12 | 19 | 19 |
54 | Surowitz, Eugene Joseph | NEW YORK UNIVERSITY. | 1988 | male | 1 | 0 | 1988 | 1 | 2 | 2006 | 0 | 0 | 0 | 0 | 0 | 1 | 0 | 0 | 0 | 0 | 0 | 0 | 0 | 0 | 0 | 0 | 0 | 0 | 0 | 0 | 0 | 0 | 0 | 0 | 0 | 0 | 0 | 0 | 0 | 0 | 0 | 0 | 0 | 0 |  0 | 0 | 0 | 0 | 0 | 1 | 0 | 0 | 0 | 0 | 0 | 0 | 0 | 0 | 0 | 0 | 0 | 0 | 0 | 0 | 1 | 0 | 0 | 1 | 0 | 0 | 0 | 0 | 0 | 0 | 0 | 0 | 0 | 0 |
55 | Bhat, Maharaj Krishen | Tennessee Univ., Knoxville. | 1988 | male | 3 | 0 | 1988 | 3 | 0 | 1988 | 0 | 0 | 2 | 0 | 0 | 1 | 0 | 0 | 0 | 0 | 0 | 0 | 0 | 0 | 0 | 0 | 0 | 0 | 0 | 0 | 0 | 0 | 0 | 0 | 0 | 0 | 0 | 0 | 0 | 0 | 0 | 0 | 0 | 0 |  0 | 0 | 2 | 0 | 0 | 1 | 0 | 0 | 0 | 0 | 0 | 0 | 0 | 0 | 0 | 0 | 0 | 0 | 0 | 0 | 0 | 0 | 0 | 0 | 0 | 0 | 0 | 0 | 0 | 0 | 0 | 0 | 0 | 0 |
56 | Escalante Ramirez, Vladimir | Harvard University, Cambridge, MA. | 1988 | male | 2 | 0 | 1988 | 2 | 0 | 1988 | 0 | 0 | 0 | 0 | 0 | 2 | 0 | 0 | 0 | 0 | 0 | 0 | 0 | 0 | 0 | 0 | 0 | 0 | 0 | 0 | 0 | 0 | 0 | 0 | 0 | 0 | 0 | 0 | 0 | 0 | 0 | 0 | 0 | 0 |  0 | 0 | 0 | 0 | 0 | 2 | 0 | 0 | 0 | 0 | 0 | 0 | 0 | 0 | 0 | 0 | 0 | 0 | 0 | 0 | 0 | 0 | 0 | 0 | 0 | 0 | 0 | 0 | 0 | 0 | 0 | 0 | 0 | 0 |
57 | Gilroy, Kalpana Krishnaswamy | THE UNIVERSITY OF TEXAS AT AUSTIN. | 1988 | female | 2 | 2 | 1991 | 2 | 7 | 1995 | 0 | 0 | 0 | 0 | 0 | 2 | 1 | 0 | 1 | 0 | 0 | 0 | 0 | 0 | 0 | 0 | 0 | 0 | 0 | 0 | 0 | 0 | 0 | 0 | 0 | 0 | 0 | 0 | 0 | 0 | 0 | 0 | 0 | 0 |  0 | 0 | 0 | 0 | 0 | 2 | 2 | 3 | 1 | 0 | 0 | 0 | 1 | 0 | 0 | 0 | 0 | 0 | 0 | 0 | 0 | 0 | 0 | 0 | 0 | 0 | 0 | 0 | 0 | 0 | 0 | 0 | 0 | 0 |
58 | Hatzes, Artie Peter | UNIVERSITY OF CALIFORNIA, SANTA CRUZ. | 1988 | male | 3 | 57 | 2016 | 5 | 232 | 2017 | 0 | 0 | 0 | 0 | 1 | 2 | 1 | 1 | 4 | 1 | 2 | 3 | 3 | 4 | 2 | 8 | 2 | 2 | 0 | 1 | 2 | 1 | 3 | 1 | 2 | 1 | 0 | 1 | 1 | 2 | 2 | 2 | 2 | 3 |  0 | 1 | 0 | 0 | 2 | 2 | 2 | 1 | 7 | 1 | 2 | 4 | 4 | 5 | 6 | 11 | 8 | 5 | 2 | 4 | 6 | 11 | 10 | 11 | 7 | 12 | 18 | 23 | 11 | 15 | 7 | 13 | 7 | 13 |
59 | Pendleton, Geoffrey Nelson | CASE WESTERN RESERVE UNIVERSITY. | 1988 | male | 1 | 6 | 1999 | 6 | 95 | 2007 | 0 | 0 | 0 | 0 | 0 | 1 | 0 | 0 | 0 | 0 | 0 | 1 | 2 | 1 | 1 | 0 | 1 | 0 | 0 | 0 | 0 | 0 | 0 | 0 | 0 | 0 | 0 | 0 | 0 | 0 | 0 | 0 | 0 | 0 |  0 | 0 | 3 | 0 | 2 | 1 | 0 | 2 | 0 | 3 | 12 | 11 | 18 | 12 | 5 | 5 | 13 | 6 | 4 | 2 | 1 | 0 | 0 | 0 | 1 | 0 | 0 | 0 | 0 | 0 | 0 | 0 | 0 | 0 |
60 | Kang, Hyesung | THE UNIVERSITY OF TEXAS AT AUSTIN. | 1988 | male | 1 | 59 | 2017 | 2 | 126 | 2017 | 0 | 0 | 0 | 0 | 0 | 1 | 0 | 2 | 1 | 4 | 1 | 2 | 2 | 2 | 2 | 0 | 1 | 1 | 3 | 2 | 4 | 2 | 3 | 2 | 2 | 1 | 1 | 2 | 3 | 3 | 4 | 1 | 4 | 3 |  0 | 0 | 0 | 0 | 1 | 1 | 0 | 3 | 2 | 6 | 5 | 4 | 4 | 5 | 4 | 2 | 2 | 4 | 6 | 2 | 9 | 4 | 6 | 4 | 5 | 6 | 3 | 5 | 7 | 3 | 6 | 3 | 6 | 7 |
61 | Lowder, Douglas Maynard | UNIVERSITY OF CALIFORNIA, BERKELEY. | 1988 | male | 1 | 5 | 1999 | 4 | 59 | 2003 | 0 | 0 | 0 | 0 | 0 | 1 | 0 | 0 | 3 | 0 | 1 | 0 | 0 | 0 | 0 | 0 | 1 | 0 | 0 | 0 | 0 | 0 | 0 | 0 | 0 | 0 | 0 | 0 | 0 | 0 | 0 | 0 | 0 | 0 |  0 | 0 | 1 | 0 | 1 | 2 | 1 | 1 | 8 | 2 | 6 | 0 | 17 | 0 | 8 | 3 | 3 | 2 | 4 | 3 | 1 | 0 | 0 | 0 | 0 | 0 | 0 | 0 | 0 | 0 | 0 | 0 | 0 | 0 |
62 | Connell, James Joseph | WASHINGTON UNIVERSITY. | 1988 | male | 1 | 18 | 2007 | 5 | 41 | 2014 | 0 | 0 | 0 | 0 | 0 | 1 | 0 | 0 | 0 | 0 | 2 | 0 | 1 | 1 | 5 | 2 | 1 | 0 | 4 | 0 | 0 | 0 | 1 | 0 | 1 | 0 | 0 | 0 | 0 | 0 | 0 | 0 | 0 | 0 |  0 | 0 | 1 | 0 | 3 | 1 | 0 | 0 | 0 | 1 | 2 | 0 | 4 | 2 | 5 | 4 | 2 | 0 | 10 | 0 | 2 | 0 | 5 | 0 | 1 | 2 | 0 | 0 | 0 | 0 | 0 | 1 | 0 | 0 |
63 | El-Agamawi, Mohsen Mohamed | Pittsburgh Univ., PA. | 1988 | male | 1 | 0 | 1988 | 1 | 0 | 1988 | 0 | 0 | 0 | 0 | 0 | 1 | 0 | 0 | 0 | 0 | 0 | 0 | 0 | 0 | 0 | 0 | 0 | 0 | 0 | 0 | 0 | 0 | 0 | 0 | 0 | 0 | 0 | 0 | 0 | 0 | 0 | 0 | 0 | 0 |  0 | 0 | 0 | 0 | 0 | 1 | 0 | 0 | 0 | 0 | 0 | 0 | 0 | 0 | 0 | 0 | 0 | 0 | 0 | 0 | 0 | 0 | 0 | 0 | 0 | 0 | 0 | 0 | 0 | 0 | 0 | 0 | 0 | 0 |
64 | Flammer, Karen Ruth | UNIVERSITY OF CALIFORNIA, SAN DIEGO. | 1988 | female | 2 | 8 | 1998 | 5 | 14 | 1998 | 0 | 0 | 0 | 1 | 0 | 1 | 0 | 0 | 3 | 1 | 2 | 0 | 0 | 0 | 1 | 1 | 0 | 0 | 0 | 0 | 0 | 0 | 0 | 0 | 0 | 0 | 0 | 0 | 0 | 0 | 0 | 0 | 0 | 0 |  0 | 1 | 0 | 2 | 0 | 2 | 3 | 0 | 3 | 1 | 2 | 1 | 2 | 0 | 1 | 1 | 0 | 0 | 0 | 0 | 0 | 0 | 0 | 0 | 0 | 0 | 0 | 0 | 0 | 0 | 0 | 0 | 0 | 0 |
65 | Edgar, Bruce Kevin | UNIVERSITY OF MINNESOTA. | 1988 | male | 1 | 0 | 1988 | 4 | 1 | 1989 | 0 | 0 | 0 | 0 | 0 | 1 | 0 | 0 | 0 | 0 | 0 | 0 | 0 | 0 | 0 | 0 | 0 | 0 | 0 | 0 | 0 | 0 | 0 | 0 | 0 | 0 | 0 | 0 | 0 | 0 | 0 | 0 | 0 | 0 |  0 | 2 | 0 | 1 | 0 | 1 | 1 | 0 | 0 | 0 | 0 | 0 | 0 | 0 | 0 | 0 | 0 | 0 | 0 | 0 | 0 | 0 | 0 | 0 | 0 | 0 | 0 | 0 | 0 | 0 | 0 | 0 | 0 | 0 |
66 | Finley, David Starr | California Univ., Berkeley. | 1988 | male | 2 | 8 | 1997 | 2 | 30 | 2017 | 0 | 0 | 0 | 0 | 0 | 2 | 2 | 1 | 0 | 1 | 1 | 0 | 1 | 0 | 2 | 0 | 0 | 0 | 0 | 0 | 0 | 0 | 0 | 0 | 0 | 0 | 0 | 0 | 0 | 0 | 0 | 0 | 0 | 0 |  0 | 0 | 0 | 0 | 0 | 2 | 2 | 1 | 0 | 3 | 3 | 1 | 5 | 1 | 5 | 1 | 1 | 3 | 0 | 0 | 0 | 0 | 0 | 0 | 0 | 0 | 0 | 0 | 0 | 1 | 0 | 1 | 1 | 0 |
67 | McCandliss, Stephan Robert | UNIVERSITY OF COLORADO AT BOULDER. | 1988 | male | 1 | 7 | 2016 | 1 | 33 | 2016 | 0 | 0 | 0 | 0 | 0 | 1 | 0 | 0 | 0 | 0 | 1 | 1 | 0 | 0 | 0 | 0 | 0 | 0 | 0 | 0 | 1 | 0 | 0 | 0 | 2 | 0 | 0 | 1 | 0 | 0 | 0 | 0 | 0 | 1 |  0 | 0 | 0 | 0 | 0 | 1 | 0 | 0 | 0 | 0 | 2 | 3 | 1 | 0 | 0 | 0 | 1 | 1 | 0 | 1 | 2 | 2 | 3 | 3 | 6 | 1 | 1 | 3 | 1 | 0 | 0 | 0 | 0 | 2 |
68 | Olson, David Paul | UNIVERSITY OF ILLINOIS AT URBANA-CHAMPAIGN. | 1988 | male | 1 | 1 | 2000 | 1 | 5 | 2016 | 0 | 0 | 0 | 0 | 0 | 1 | 0 | 0 | 0 | 0 | 0 | 0 | 0 | 0 | 0 | 0 | 0 | 1 | 0 | 0 | 0 | 0 | 0 | 0 | 0 | 0 | 0 | 0 | 0 | 0 | 0 | 0 | 0 | 0 |  0 | 0 | 0 | 0 | 0 | 1 | 0 | 1 | 1 | 0 | 0 | 0 | 0 | 0 | 0 | 0 | 0 | 1 | 0 | 0 | 0 | 0 | 0 | 0 | 0 | 0 | 0 | 0 | 1 | 0 | 0 | 0 | 0 | 1 |
69 | Hyde, Truell Wayne, II | BAYLOR UNIVERSITY. | 1988 | None | 1 | 4 | 2006 | 3 | 38 | 2016 | 0 | 0 | 0 | 0 | 0 | 1 | 1 | 1 | 0 | 0 | 1 | 0 | 0 | 0 | 0 | 0 | 0 | 0 | 0 | 0 | 0 | 0 | 0 | 1 | 0 | 0 | 0 | 0 | 0 | 0 | 0 | 0 | 0 | 0 |  0 | 2 | 0 | 0 | 0 | 1 | 1 | 1 | 0 | 0 | 1 | 0 | 0 | 0 | 3 | 0 | 0 | 0 | 0 | 7 | 2 | 6 | 0 | 4 | 4 | 2 | 0 | 0 | 0 | 3 | 2 | 0 | 0 | 2 |
70 | Connors, Alanna | UNIVERSITY OF MARYLAND COLLEGE PARK. | 1988 | female | 2 | 7 | 1998 | 2 | 52 | 2014 | 0 | 0 | 0 | 1 | 0 | 1 | 0 | 0 | 0 | 0 | 3 | 0 | 2 | 0 | 1 | 1 | 0 | 0 | 0 | 0 | 0 | 0 | 0 | 0 | 0 | 0 | 0 | 0 | 0 | 0 | 0 | 0 | 0 | 0 |  0 | 0 | 0 | 1 | 0 | 1 | 0 | 0 | 0 | 1 | 18 | 6 | 9 | 3 | 2 | 5 | 1 | 1 | 1 | 1 | 0 | 1 | 0 | 0 | 0 | 0 | 0 | 1 | 1 | 0 | 0 | 1 | 0 | 0 |
71 | Ewell, Malcolm Webster, Jr. | PRINCETON UNIVERSITY. | 1988 | male | 1 | 1 | 1992 | 2 | 1 | 1992 | 0 | 0 | 0 | 0 | 0 | 1 | 0 | 0 | 0 | 1 | 0 | 0 | 0 | 0 | 0 | 0 | 0 | 0 | 0 | 0 | 0 | 0 | 0 | 0 | 0 | 0 | 0 | 0 | 0 | 0 | 0 | 0 | 0 | 0 |  0 | 0 | 1 | 0 | 0 | 1 | 0 | 0 | 0 | 1 | 0 | 0 | 0 | 0 | 0 | 0 | 0 | 0 | 0 | 0 | 0 | 0 | 0 | 0 | 0 | 0 | 0 | 0 | 0 | 0 | 0 | 0 | 0 | 0 |
72 | Fleming, Thomas Anthony | THE UNIVERSITY OF ARIZONA. | 1988 | male | 5 | 15 | 2003 | 11 | 54 | 2010 | 0 | 0 | 0 | 1 | 1 | 3 | 3 | 0 | 1 | 0 | 4 | 0 | 2 | 2 | 0 | 1 | 0 | 1 | 0 | 0 | 1 | 0 | 0 | 0 | 0 | 0 | 0 | 0 | 0 | 0 | 0 | 0 | 0 | 0 |  0 | 0 | 1 | 1 | 3 | 6 | 4 | 0 | 4 | 1 | 12 | 4 | 8 | 5 | 5 | 3 | 0 | 1 | 0 | 0 | 1 | 0 | 1 | 1 | 0 | 2 | 1 | 1 | 0 | 0 | 0 | 0 | 0 | 0 |
73 | Seidel, H. Edward | YALE UNIVERSITY. | 1988 | male | 5 | 12 | 2004 | 5 | 62 | 2006 | 0 | 0 | 0 | 0 | 3 | 2 | 1 | 3 | 2 | 1 | 0 | 1 | 0 | 1 | 0 | 1 | 1 | 0 | 0 | 0 | 0 | 1 | 0 | 0 | 0 | 0 | 0 | 0 | 0 | 0 | 0 | 0 | 0 | 0 |  0 | 0 | 0 | 0 | 3 | 2 | 1 | 3 | 2 | 2 | 1 | 4 | 10 | 5 | 3 | 9 | 3 | 6 | 3 | 3 | 2 | 2 | 1 | 2 | 0 | 0 | 0 | 0 | 0 | 0 | 0 | 0 | 0 | 0 |
74 | Goodrich, Robert W. | UNIVERSITY OF CALIFORNIA, SANTA CRUZ. | 1988 | male | 11 | 21 | 2001 | 15 | 70 | 2015 | 1 | 0 | 1 | 4 | 1 | 4 | 4 | 1 | 3 | 2 | 2 | 2 | 3 | 1 | 1 | 0 | 0 | 1 | 1 | 0 | 0 | 0 | 0 | 0 | 0 | 0 | 0 | 0 | 0 | 0 | 0 | 0 | 0 | 0 |  1 | 0 | 1 | 5 | 2 | 6 | 4 | 2 | 5 | 2 | 4 | 3 | 11 | 5 | 4 | 7 | 7 | 2 | 4 | 3 | 1 | 1 | 1 | 0 | 1 | 1 | 1 | 0 | 0 | 0 | 0 | 0 | 1 | 0 |
75 | Cheng, Minkang | Texas Univ., Austin. | 1988 | None | 1 | 7 | 2007 | 1 | 20 | 2013 | 0 | 0 | 0 | 0 | 0 | 1 | 1 | 1 | 0 | 1 | 0 | 0 | 1 | 0 | 0 | 0 | 1 | 0 | 0 | 0 | 0 | 0 | 1 | 0 | 1 | 0 | 0 | 0 | 0 | 0 | 0 | 0 | 0 | 0 |  0 | 0 | 0 | 0 | 0 | 1 | 2 | 1 | 0 | 1 | 0 | 0 | 2 | 1 | 1 | 0 | 3 | 0 | 0 | 0 | 0 | 1 | 1 | 0 | 1 | 0 | 0 | 1 | 1 | 0 | 4 | 0 | 0 | 0 |
76 | Abrahams, Andrew M. | UNIVERSITY OF ILLINOIS AT URBANA-CHAMPAIGN. | 1988 | male | 2 | 20 | 1998 | 2 | 29 | 1999 | 0 | 0 | 0 | 0 | 0 | 2 | 0 | 3 | 2 | 3 | 1 | 5 | 2 | 2 | 1 | 1 | 0 | 0 | 0 | 0 | 0 | 0 | 0 | 0 | 0 | 0 | 0 | 0 | 0 | 0 | 0 | 0 | 0 | 0 |  0 | 0 | 0 | 0 | 0 | 2 | 0 | 3 | 3 | 4 | 1 | 5 | 2 | 2 | 2 | 6 | 1 | 0 | 0 | 0 | 0 | 0 | 0 | 0 | 0 | 0 | 0 | 0 | 0 | 0 | 0 | 0 | 0 | 0 |
77 | Bixler, Jay Virgil | UNIVERSITY OF CALIFORNIA, BERKELEY. | 1988 | male | 3 | 2 | 1995 | 7 | 6 | 2001 | 0 | 2 | 0 | 0 | 0 | 1 | 0 | 0 | 1 | 0 | 0 | 0 | 1 | 0 | 0 | 0 | 0 | 0 | 0 | 0 | 0 | 0 | 0 | 0 | 0 | 0 | 0 | 0 | 0 | 0 | 0 | 0 | 0 | 0 |  0 | 2 | 0 | 3 | 1 | 1 | 2 | 0 | 1 | 0 | 0 | 0 | 1 | 0 | 1 | 0 | 0 | 0 | 1 | 0 | 0 | 0 | 0 | 0 | 0 | 0 | 0 | 0 | 0 | 0 | 0 | 0 | 0 | 0 |
78 | Juda, Michael | THE UNIVERSITY OF WISCONSIN - MADISON. | 1988 | male | 1 | 1 | 1991 | 2 | 14 | 2014 | 0 | 0 | 0 | 0 | 0 | 1 | 0 | 0 | 1 | 0 | 0 | 0 | 0 | 0 | 0 | 0 | 0 | 0 | 0 | 0 | 0 | 0 | 0 | 0 | 0 | 0 | 0 | 0 | 0 | 0 | 0 | 0 | 0 | 0 |  0 | 0 | 0 | 1 | 0 | 1 | 0 | 0 | 1 | 0 | 1 | 0 | 0 | 0 | 0 | 2 | 0 | 1 | 2 | 3 | 1 | 2 | 0 | 0 | 0 | 0 | 0 | 0 | 0 | 0 | 0 | 1 | 0 | 0 |
79 | Luttermoser, Donald Gerard | INDIANA UNIVERSITY. | 1988 | male | 3 | 5 | 2000 | 7 | 15 | 2012 | 0 | 0 | 0 | 0 | 1 | 2 | 1 | 0 | 0 | 2 | 0 | 1 | 0 | 0 | 0 | 0 | 0 | 1 | 0 | 0 | 0 | 0 | 0 | 0 | 0 | 0 | 0 | 0 | 0 | 0 | 0 | 0 | 0 | 0 |  0 | 0 | 1 | 1 | 2 | 3 | 1 | 1 | 1 | 2 | 1 | 1 | 1 | 0 | 1 | 0 | 0 | 3 | 0 | 1 | 0 | 0 | 0 | 0 | 0 | 0 | 0 | 1 | 0 | 1 | 0 | 0 | 0 | 0 |
80 | Altner, Bruce M. | RUTGERS THE STATE UNIVERSITY OF NEW JERSEY - NEW BRUNSWICK. | 1988 | male | 4 | 1 | 1993 | 5 | 11 | 1996 | 0 | 2 | 0 | 1 | 0 | 1 | 0 | 0 | 0 | 0 | 1 | 0 | 0 | 0 | 0 | 0 | 0 | 0 | 0 | 0 | 0 | 0 | 0 | 0 | 0 | 0 | 0 | 0 | 0 | 0 | 0 | 0 | 0 | 0 |  0 | 2 | 0 | 1 | 1 | 1 | 0 | 0 | 5 | 0 | 2 | 2 | 1 | 1 | 0 | 0 | 0 | 0 | 0 | 0 | 0 | 0 | 0 | 0 | 0 | 0 | 0 | 0 | 0 | 0 | 0 | 0 | 0 | 0 |
81 | Balachandran, Suchitra Cadambi | THE UNIVERSITY OF TEXAS AT AUSTIN. | 1988 | female | 5 | 12 | 2011 | 8 | 29 | 2011 | 2 | 0 | 0 | 1 | 0 | 2 | 0 | 1 | 0 | 0 | 1 | 0 | 3 | 2 | 0 | 1 | 1 | 1 | 1 | 0 | 0 | 0 | 0 | 0 | 0 | 0 | 0 | 0 | 1 | 0 | 0 | 0 | 0 | 0 |  2 | 2 | 1 | 1 | 0 | 2 | 0 | 1 | 1 | 0 | 3 | 0 | 4 | 2 | 3 | 1 | 1 | 4 | 3 | 1 | 1 | 2 | 0 | 0 | 0 | 0 | 1 | 0 | 1 | 0 | 0 | 0 | 0 | 0 |
82 | Politano, Michael James | UNIVERSITY OF ILLINOIS AT URBANA-CHAMPAIGN. | 1988 | male | 1 | 13 | 2011 | 1 | 19 | 2011 | 0 | 0 | 0 | 0 | 0 | 1 | 2 | 3 | 0 | 0 | 0 | 0 | 1 | 1 | 0 | 0 | 0 | 0 | 0 | 0 | 0 | 1 | 0 | 1 | 1 | 1 | 0 | 1 | 1 | 0 | 0 | 0 | 0 | 0 |  0 | 0 | 0 | 0 | 0 | 1 | 2 | 3 | 1 | 1 | 1 | 0 | 2 | 1 | 2 | 0 | 0 | 0 | 0 | 0 | 0 | 1 | 0 | 1 | 1 | 1 | 0 | 1 | 1 | 0 | 0 | 0 | 0 | 0 |
83 | Doorish, John Francis | COLUMBIA UNIVERSITY TEACHERS COLLEGE. | 1988 | male | 1 | 6 | 1994 | 1 | 6 | 1994 | 0 | 0 | 0 | 0 | 0 | 1 | 1 | 0 | 0 | 2 | 1 | 2 | 0 | 0 | 0 | 0 | 0 | 0 | 0 | 0 | 0 | 0 | 0 | 0 | 0 | 0 | 0 | 0 | 0 | 0 | 0 | 0 | 0 | 0 |  0 | 0 | 0 | 0 | 0 | 1 | 1 | 0 | 0 | 2 | 1 | 2 | 0 | 0 | 0 | 0 | 0 | 0 | 0 | 0 | 0 | 0 | 0 | 0 | 0 | 0 | 0 | 0 | 0 | 0 | 0 | 0 | 0 | 0 |
84 | McWilliam, Andrew | THE UNIVERSITY OF TEXAS AT AUSTIN. | 1988 | male | 3 | 19 | 2016 | 11 | 75 | 2017 | 0 | 1 | 0 | 0 | 0 | 2 | 0 | 1 | 1 | 1 | 0 | 1 | 2 | 0 | 1 | 1 | 1 | 0 | 0 | 0 | 2 | 2 | 1 | 0 | 0 | 2 | 0 | 1 | 0 | 0 | 1 | 0 | 0 | 1 |  0 | 3 | 1 | 2 | 2 | 3 | 0 | 1 | 1 | 2 | 0 | 2 | 3 | 2 | 3 | 1 | 1 | 2 | 0 | 1 | 2 | 3 | 3 | 3 | 4 | 8 | 4 | 3 | 4 | 2 | 6 | 2 | 2 | 3 |
85 | Nelson, Eric Raymond | THE UNIVERSITY OF NEW MEXICO. | 1988 | male | 3 | 1 | 1990 | 6 | 3 | 2015 | 0 | 0 | 0 | 1 | 1 | 1 | 0 | 1 | 0 | 0 | 0 | 0 | 0 | 0 | 0 | 0 | 0 | 0 | 0 | 0 | 0 | 0 | 0 | 0 | 0 | 0 | 0 | 0 | 0 | 0 | 0 | 0 | 0 | 0 |  0 | 0 | 1 | 1 | 2 | 2 | 0 | 1 | 0 | 0 | 0 | 0 | 0 | 0 | 0 | 0 | 0 | 0 | 0 | 0 | 0 | 0 | 1 | 0 | 0 | 0 | 0 | 0 | 0 | 0 | 0 | 0 | 1 | 0 |
86 | Zhang, Weiping | UNIVERSITY OF PENNSYLVANIA. | 1988 | male | 3 | 22 | 2015 | 15 | 229 | 2017 | 0 | 0 | 0 | 0 | 0 | 3 | 0 | 0 | 0 | 0 | 0 | 1 | 1 | 3 | 1 | 4 | 0 | 0 | 2 | 0 | 0 | 0 | 1 | 1 | 0 | 0 | 1 | 0 | 2 | 0 | 3 | 1 | 1 | 0 |  0 | 1 | 0 | 1 | 2 | 11 | 2 | 4 | 12 | 7 | 13 | 4 | 3 | 8 | 1 | 7 | 4 | 2 | 3 | 3 | 1 | 3 | 4 | 3 | 1 | 6 | 2 | 3 | 5 | 14 | 14 | 30 | 37 | 24 |
87 | Pinto, Philip Alfred | UNIVERSITY OF CALIFORNIA, SANTA CRUZ. | 1988 | male | 4 | 4 | 2001 | 9 | 42 | 2016 | 0 | 0 | 0 | 0 | 0 | 4 | 0 | 0 | 0 | 0 | 0 | 0 | 0 | 0 | 0 | 0 | 0 | 2 | 2 | 0 | 0 | 0 | 0 | 0 | 0 | 0 | 0 | 0 | 0 | 0 | 0 | 0 | 0 | 0 |  0 | 0 | 1 | 0 | 1 | 7 | 2 | 0 | 1 | 1 | 2 | 4 | 0 | 0 | 1 | 0 | 3 | 6 | 5 | 4 | 2 | 2 | 1 | 2 | 0 | 2 | 0 | 1 | 1 | 1 | 0 | 0 | 0 | 1 |
88 | Schneider, Nicholas Mccord | Arizona Univ., Tucson. | 1988 | male | 2 | 30 | 2016 | 2 | 182 | 2017 | 0 | 0 | 0 | 0 | 1 | 1 | 0 | 0 | 2 | 0 | 0 | 0 | 3 | 1 | 1 | 2 | 0 | 0 | 0 | 1 | 1 | 1 | 0 | 1 | 1 | 0 | 2 | 2 | 1 | 2 | 2 | 0 | 5 | 2 |  0 | 0 | 0 | 0 | 1 | 1 | 1 | 2 | 3 | 0 | 1 | 2 | 6 | 2 | 3 | 3 | 2 | 3 | 1 | 2 | 4 | 2 | 2 | 2 | 4 | 4 | 5 | 20 | 10 | 15 | 19 | 15 | 30 | 15 |
89 | Tuckness, Danny Gene, Jr. | Texas Univ., Austin. | 1988 | male | 1 | 3 | 1995 | 1 | 3 | 1995 | 0 | 0 | 0 | 0 | 0 | 1 | 0 | 0 | 0 | 0 | 0 | 0 | 3 | 0 | 0 | 0 | 0 | 0 | 0 | 0 | 0 | 0 | 0 | 0 | 0 | 0 | 0 | 0 | 0 | 0 | 0 | 0 | 0 | 0 |  0 | 0 | 0 | 0 | 0 | 1 | 0 | 0 | 0 | 0 | 0 | 0 | 3 | 0 | 0 | 0 | 0 | 0 | 0 | 0 | 0 | 0 | 0 | 0 | 0 | 0 | 0 | 0 | 0 | 0 | 0 | 0 | 0 | 0 |
90 | Williams, Harold Alden | THE LOUISIANA STATE UNIVERSITY AND AGRICULTURAL AND MECHANICAL COL.. | 1988 | male | 4 | 2 | 2009 | 5 | 5 | 2014 | 0 | 0 | 0 | 0 | 1 | 3 | 1 | 0 | 0 | 0 | 0 | 0 | 0 | 0 | 0 | 0 | 0 | 0 | 0 | 0 | 0 | 0 | 0 | 0 | 0 | 0 | 1 | 0 | 0 | 0 | 0 | 0 | 0 | 0 |  1 | 0 | 0 | 0 | 1 | 3 | 1 | 0 | 0 | 0 | 0 | 0 | 0 | 1 | 0 | 0 | 0 | 0 | 0 | 0 | 0 | 0 | 0 | 0 | 0 | 1 | 1 | 0 | 0 | 0 | 0 | 1 | 0 | 0 |
91 | Rastani, Kasra | UNIVERSITY OF SOUTHERN CALIFORNIA. | 1988 | male | 2 | 0 | 1988 | 2 | 0 | 1988 | 0 | 0 | 1 | 0 | 0 | 1 | 0 | 0 | 0 | 0 | 0 | 0 | 0 | 0 | 0 | 0 | 0 | 0 | 0 | 0 | 0 | 0 | 0 | 0 | 0 | 0 | 0 | 0 | 0 | 0 | 0 | 0 | 0 | 0 |  0 | 0 | 1 | 0 | 0 | 1 | 0 | 0 | 0 | 0 | 0 | 0 | 0 | 0 | 0 | 0 | 0 | 0 | 0 | 0 | 0 | 0 | 0 | 0 | 0 | 0 | 0 | 0 | 0 | 0 | 0 | 0 | 0 | 0 |
92 | Shaviv, Roey | THE UNIVERSITY OF MICHIGAN. | 1988 | male | 1 | 0 | 1988 | 1 | 0 | 1988 | 0 | 0 | 0 | 0 | 0 | 1 | 0 | 0 | 0 | 0 | 0 | 0 | 0 | 0 | 0 | 0 | 0 | 0 | 0 | 0 | 0 | 0 | 0 | 0 | 0 | 0 | 0 | 0 | 0 | 0 | 0 | 0 | 0 | 0 |  0 | 0 | 0 | 0 | 0 | 1 | 0 | 0 | 0 | 0 | 0 | 0 | 0 | 0 | 0 | 0 | 0 | 0 | 0 | 0 | 0 | 0 | 0 | 0 | 0 | 0 | 0 | 0 | 0 | 0 | 0 | 0 | 0 | 0 |
93 | Hamad, Esam-Al-Deen Zaki | UNIVERSITY OF ILLINOIS AT CHICAGO, HEALTH SCIENCES CENTER. | 1988 | male | 1 | 0 | 1988 | 1 | 0 | 1988 | 0 | 0 | 0 | 0 | 0 | 1 | 0 | 0 | 0 | 0 | 0 | 0 | 0 | 0 | 0 | 0 | 0 | 0 | 0 | 0 | 0 | 0 | 0 | 0 | 0 | 0 | 0 | 0 | 0 | 0 | 0 | 0 | 0 | 0 |  0 | 0 | 0 | 0 | 0 | 1 | 0 | 0 | 0 | 0 | 0 | 0 | 0 | 0 | 0 | 0 | 0 | 0 | 0 | 0 | 0 | 0 | 0 | 0 | 0 | 0 | 0 | 0 | 0 | 0 | 0 | 0 | 0 | 0 |
94 | Aliakbar, Yadollah Yadi | WEST VIRGINIA UNIVERSITY. | 1988 | male | 1 | 0 | 1988 | 1 | 0 | 1988 | 0 | 0 | 0 | 0 | 0 | 1 | 0 | 0 | 0 | 0 | 0 | 0 | 0 | 0 | 0 | 0 | 0 | 0 | 0 | 0 | 0 | 0 | 0 | 0 | 0 | 0 | 0 | 0 | 0 | 0 | 0 | 0 | 0 | 0 |  0 | 0 | 0 | 0 | 0 | 1 | 0 | 0 | 0 | 0 | 0 | 0 | 0 | 0 | 0 | 0 | 0 | 0 | 0 | 0 | 0 | 0 | 0 | 0 | 0 | 0 | 0 | 0 | 0 | 0 | 0 | 0 | 0 | 0 |
95 | Strain, John Andrew | UNIVERSITY OF CALIFORNIA, BERKELEY. | 1988 | male | 2 | 0 | 1988 | 2 | 0 | 1988 | 0 | 0 | 0 | 1 | 0 | 1 | 0 | 0 | 0 | 0 | 0 | 0 | 0 | 0 | 0 | 0 | 0 | 0 | 0 | 0 | 0 | 0 | 0 | 0 | 0 | 0 | 0 | 0 | 0 | 0 | 0 | 0 | 0 | 0 |  0 | 0 | 0 | 1 | 0 | 1 | 0 | 0 | 0 | 0 | 0 | 0 | 0 | 0 | 0 | 0 | 0 | 0 | 0 | 0 | 0 | 0 | 0 | 0 | 0 | 0 | 0 | 0 | 0 | 0 | 0 | 0 | 0 | 0 |
96 | Pierce, Robert Bradley | THE UNIVERSITY OF WISCONSIN - MADISON. | 1988 | male | 1 | 3 | 1998 | 1 | 9 | 2015 | 0 | 0 | 0 | 0 | 0 | 1 | 0 | 0 | 0 | 0 | 0 | 1 | 0 | 0 | 1 | 1 | 0 | 0 | 0 | 0 | 0 | 0 | 0 | 0 | 0 | 0 | 0 | 0 | 0 | 0 | 0 | 0 | 0 | 0 |  0 | 0 | 0 | 0 | 0 | 1 | 0 | 0 | 0 | 0 | 0 | 1 | 1 | 0 | 1 | 2 | 0 | 0 | 0 | 0 | 0 | 0 | 0 | 0 | 0 | 1 | 0 | 1 | 0 | 0 | 0 | 0 | 2 | 0 |
97 | Miah, Muhammad Adel | THE LOUISIANA STATE UNIVERSITY AND AGRICULTURAL AND MECHANICAL COL. | 1988 | male | 1 | 7 | 1994 | 1 | 8 | 1994 | 0 | 0 | 0 | 0 | 0 | 1 | 2 | 0 | 3 | 0 | 1 | 1 | 0 | 0 | 0 | 0 | 0 | 0 | 0 | 0 | 0 | 0 | 0 | 0 | 0 | 0 | 0 | 0 | 0 | 0 | 0 | 0 | 0 | 0 |  0 | 0 | 0 | 0 | 0 | 1 | 3 | 0 | 3 | 0 | 1 | 1 | 0 | 0 | 0 | 0 | 0 | 0 | 0 | 0 | 0 | 0 | 0 | 0 | 0 | 0 | 0 | 0 | 0 | 0 | 0 | 0 | 0 | 0 |
98 | Dannenberg, Alexander Henry | HARVARD UNIVERSITY. | 1988 | male | 1 | 0 | 1988 | 1 | 2 | 2007 | 0 | 0 | 0 | 0 | 0 | 1 | 0 | 0 | 0 | 0 | 0 | 0 | 0 | 0 | 0 | 0 | 0 | 0 | 0 | 0 | 0 | 0 | 0 | 0 | 0 | 0 | 0 | 0 | 0 | 0 | 0 | 0 | 0 | 0 |  0 | 0 | 0 | 0 | 0 | 1 | 0 | 0 | 0 | 0 | 0 | 0 | 0 | 0 | 0 | 0 | 0 | 0 | 0 | 1 | 0 | 0 | 0 | 0 | 1 | 0 | 0 | 0 | 0 | 0 | 0 | 0 | 0 | 0 |
99 | Westervelt, Robert Thomas | STANFORD UNIVERSITY. | 1988 | male | 1 | 0 | 1988 | 1 | 0 | 1988 | 0 | 0 | 0 | 0 | 0 | 1 | 0 | 0 | 0 | 0 | 0 | 0 | 0 | 0 | 0 | 0 | 0 | 0 | 0 | 0 | 0 | 0 | 0 | 0 | 0 | 0 | 0 | 0 | 0 | 0 | 0 | 0 | 0 | 0 |  0 | 0 | 0 | 0 | 0 | 1 | 0 | 0 | 0 | 0 | 0 | 0 | 0 | 0 | 0 | 0 | 0 | 0 | 0 | 0 | 0 | 0 | 0 | 0 | 0 | 0 | 0 | 0 | 0 | 0 | 0 | 0 | 0 | 0 |
100 | Tu, Nengkuan | THE OHIO STATE UNIVERSITY. | 1988 | None | 1 | 0 | 1988 | 1 | 0 | 1988 | 0 | 0 | 0 | 0 | 0 | 1 | 0 | 0 | 0 | 0 | 0 | 0 | 0 | 0 | 0 | 0 | 0 | 0 | 0 | 0 | 0 | 0 | 0 | 0 | 0 | 0 | 0 | 0 | 0 | 0 | 0 | 0 | 0 | 0 |  0 | 0 | 0 | 0 | 0 | 1 | 0 | 0 | 0 | 0 | 0 | 0 | 0 | 0 | 0 | 0 | 0 | 0 | 0 | 0 | 0 | 0 | 0 | 0 | 0 | 0 | 0 | 0 | 0 | 0 | 0 | 0 | 0 | 0 |
101 | Benacquista, Matthew John | MONTANA STATE UNIVERSITY. | 1988 | male | 2 | 14 | 2013 | 2 | 85 | 2016 | 0 | 0 | 0 | 0 | 0 | 2 | 0 | 0 | 0 | 1 | 0 | 0 | 0 | 0 | 0 | 0 | 1 | 1 | 1 | 2 | 1 | 2 | 0 | 2 | 1 | 0 | 0 | 0 | 1 | 0 | 1 | 0 | 0 | 0 |  0 | 0 | 0 | 0 | 0 | 2 | 0 | 0 | 0 | 1 | 0 | 0 | 0 | 0 | 0 | 0 | 1 | 1 | 1 | 2 | 2 | 3 | 1 | 2 | 3 | 2 | 13 | 14 | 9 | 16 | 5 | 1 | 5 | 3 |
102 | McCarthy, Michael Patrick | UNIVERSITY OF WASHINGTON. | 1988 | male | 2 | 1 | 1998 | 3 | 88 | 2017 | 0 | 0 | 1 | 0 | 0 | 1 | 0 | 0 | 0 | 0 | 0 | 0 | 0 | 0 | 0 | 1 | 0 | 0 | 0 | 0 | 0 | 0 | 0 | 0 | 0 | 0 | 0 | 0 | 0 | 0 | 0 | 0 | 0 | 0 |  0 | 1 | 1 | 0 | 0 | 1 | 0 | 1 | 1 | 1 | 0 | 1 | 2 | 9 | 9 | 8 | 4 | 5 | 6 | 5 | 2 | 8 | 7 | 3 | 4 | 2 | 0 | 0 | 1 | 2 | 4 | 0 | 2 | 0 |
103 | Wallin, Marta Jadwiga | UNIVERSITY OF WYOMING. | 1988 | female | 1 | 0 | 1988 | 1 | 0 | 1988 | 0 | 0 | 0 | 0 | 0 | 1 | 0 | 0 | 0 | 0 | 0 | 0 | 0 | 0 | 0 | 0 | 0 | 0 | 0 | 0 | 0 | 0 | 0 | 0 | 0 | 0 | 0 | 0 | 0 | 0 | 0 | 0 | 0 | 0 |  0 | 0 | 0 | 0 | 0 | 1 | 0 | 0 | 0 | 0 | 0 | 0 | 0 | 0 | 0 | 0 | 0 | 0 | 0 | 0 | 0 | 0 | 0 | 0 | 0 | 0 | 0 | 0 | 0 | 0 | 0 | 0 | 0 | 0 |
104 | McCorkle, Sean Robert | STATE UNIVERSITY OF NEW YORK AT STONY BROOK. | 1988 | male | 1 | 1 | 1989 | 3 | 1 | 1989 | 0 | 0 | 0 | 0 | 0 | 1 | 1 | 0 | 0 | 0 | 0 | 0 | 0 | 0 | 0 | 0 | 0 | 0 | 0 | 0 | 0 | 0 | 0 | 0 | 0 | 0 | 0 | 0 | 0 | 0 | 0 | 0 | 0 | 0 |  0 | 0 | 2 | 0 | 0 | 1 | 1 | 0 | 0 | 0 | 0 | 0 | 0 | 0 | 0 | 0 | 0 | 0 | 0 | 0 | 0 | 0 | 0 | 0 | 0 | 0 | 0 | 0 | 0 | 0 | 0 | 0 | 0 | 0 |
105 | Muir, Patrick Fred | CARNEGIE-MELLON UNIVERSITY. | 1988 | male | 1 | 0 | 1988 | 1 | 0 | 1988 | 0 | 0 | 0 | 0 | 0 | 1 | 0 | 0 | 0 | 0 | 0 | 0 | 0 | 0 | 0 | 0 | 0 | 0 | 0 | 0 | 0 | 0 | 0 | 0 | 0 | 0 | 0 | 0 | 0 | 0 | 0 | 0 | 0 | 0 |  0 | 0 | 0 | 0 | 0 | 1 | 0 | 0 | 0 | 0 | 0 | 0 | 0 | 0 | 0 | 0 | 0 | 0 | 0 | 0 | 0 | 0 | 0 | 0 | 0 | 0 | 0 | 0 | 0 | 0 | 0 | 0 | 0 | 0 |
106 | Hinshaw, Gary Freeman | HARVARD UNIVERSITY. | 1988 | male | 5 | 10 | 2013 | 5 | 96 | 2016 | 2 | 0 | 0 | 0 | 1 | 2 | 0 | 0 | 0 | 0 | 0 | 1 | 2 | 2 | 0 | 0 | 0 | 0 | 0 | 0 | 2 | 0 | 0 | 0 | 1 | 0 | 1 | 0 | 0 | 0 | 1 | 0 | 0 | 0 |  2 | 0 | 0 | 0 | 1 | 2 | 0 | 0 | 0 | 5 | 2 | 10 | 4 | 12 | 3 | 1 | 1 | 2 | 2 | 1 | 16 | 1 | 0 | 1 | 5 | 1 | 8 | 0 | 7 | 0 | 4 | 4 | 4 | 2 |
107 | Murchie, Scott Lawrence | BROWN UNIVERSITY. | 1988 | male | 5 | 21 | 2016 | 5 | 206 | 2017 | 0 | 0 | 0 | 3 | 0 | 2 | 1 | 3 | 1 | 0 | 1 | 0 | 0 | 2 | 0 | 0 | 2 | 1 | 0 | 2 | 0 | 0 | 0 | 0 | 1 | 1 | 2 | 0 | 0 | 0 | 0 | 1 | 2 | 1 |  0 | 0 | 0 | 3 | 0 | 2 | 2 | 5 | 6 | 2 | 5 | 3 | 3 | 3 | 6 | 0 | 11 | 6 | 9 | 14 | 1 | 0 | 0 | 0 | 5 | 15 | 22 | 17 | 12 | 10 | 15 | 10 | 10 | 12 |
108 | Espinola, Thomas Peter | MICHIGAN STATE UNIVERSITY | 1988 | male | 1 | 0 | 1988 | 1 | 0 | 1988 | 0 | 0 | 0 | 0 | 0 | 1 | 0 | 0 | 0 | 0 | 0 | 0 | 0 | 0 | 0 | 0 | 0 | 0 | 0 | 0 | 0 | 0 | 0 | 0 | 0 | 0 | 0 | 0 | 0 | 0 | 0 | 0 | 0 | 0 |  0 | 0 | 0 | 0 | 0 | 1 | 0 | 0 | 0 | 0 | 0 | 0 | 0 | 0 | 0 | 0 | 0 | 0 | 0 | 0 | 0 | 0 | 0 | 0 | 0 | 0 | 0 | 0 | 0 | 0 | 0 | 0 | 0 | 0 |
109 | Artola, Miguel | PRINCETON UNIVERSITY. | 1988 | male | 1 | 0 | 1988 | 1 | 0 | 1988 | 0 | 0 | 0 | 0 | 0 | 1 | 0 | 0 | 0 | 0 | 0 | 0 | 0 | 0 | 0 | 0 | 0 | 0 | 0 | 0 | 0 | 0 | 0 | 0 | 0 | 0 | 0 | 0 | 0 | 0 | 0 | 0 | 0 | 0 |  0 | 0 | 0 | 0 | 0 | 1 | 0 | 0 | 0 | 0 | 0 | 0 | 0 | 0 | 0 | 0 | 0 | 0 | 0 | 0 | 0 | 0 | 0 | 0 | 0 | 0 | 0 | 0 | 0 | 0 | 0 | 0 | 0 | 0 |
110 | Park, Myeong-Gu. | PRINCETON UNIVERSITY. | 1988 | male | 1 | 24 | 2013 | 1 | 63 | 2016 | 0 | 0 | 0 | 0 | 0 | 1 | 1 | 2 | 1 | 1 | 1 | 0 | 0 | 1 | 1 | 2 | 1 | 0 | 3 | 0 | 2 | 0 | 1 | 2 | 2 | 0 | 1 | 0 | 0 | 1 | 1 | 0 | 0 | 0 |  0 | 0 | 0 | 0 | 0 | 1 | 3 | 2 | 1 | 1 | 1 | 1 | 2 | 2 | 1 | 3 | 3 | 0 | 3 | 1 | 5 | 0 | 4 | 3 | 3 | 4 | 2 | 1 | 2 | 4 | 4 | 3 | 2 | 2 |
111 | Smith, Sheryl Leigh | CALIFORNIA INSTITUTE OF TECHNOLOGY. | 1988 | female | 2 | 1 | 1994 | 2 | 16 | 2016 | 0 | 0 | 0 | 0 | 1 | 1 | 0 | 0 | 0 | 0 | 0 | 1 | 0 | 0 | 0 | 0 | 0 | 0 | 0 | 0 | 0 | 0 | 0 | 0 | 0 | 0 | 0 | 0 | 0 | 0 | 0 | 0 | 0 | 0 |  0 | 0 | 0 | 0 | 1 | 1 | 0 | 0 | 0 | 0 | 0 | 1 | 0 | 0 | 0 | 0 | 0 | 0 | 0 | 0 | 0 | 1 | 0 | 1 | 0 | 0 | 2 | 0 | 4 | 3 | 0 | 0 | 0 | 4 |
112 | Taylor, Maryjane | UNIVERSITY OF FLORIDA. | 1988 | female | 7 | 53 | 2015 | 9 | 225 | 2017 | 0 | 1 | 0 | 0 | 3 | 3 | 2 | 2 | 6 | 1 | 2 | 1 | 9 | 0 | 2 | 2 | 1 | 1 | 3 | 4 | 1 | 2 | 1 | 1 | 0 | 3 | 4 | 1 | 0 | 0 | 1 | 1 | 2 | 0 |  0 | 2 | 0 | 1 | 3 | 3 | 2 | 5 | 8 | 5 | 6 | 5 | 18 | 3 | 7 | 5 | 4 | 4 | 17 | 9 | 10 | 10 | 13 | 10 | 5 | 15 | 14 | 14 | 6 | 5 | 5 | 4 | 7 | 8 |
113 | Porter, Alain C. | CALIFORNIA INSTITUTE OF TECHNOLOGY. | 1988 | male | 2 | 2 | 1993 | 5 | 19 | 2005 | 0 | 0 | 0 | 0 | 1 | 1 | 0 | 0 | 1 | 0 | 1 | 0 | 0 | 0 | 0 | 0 | 0 | 0 | 0 | 0 | 0 | 0 | 0 | 0 | 0 | 0 | 0 | 0 | 0 | 0 | 0 | 0 | 0 | 0 |  0 | 0 | 1 | 1 | 2 | 1 | 0 | 2 | 2 | 0 | 3 | 3 | 3 | 4 | 0 | 0 | 0 | 0 | 0 | 0 | 0 | 1 | 1 | 0 | 0 | 0 | 0 | 0 | 0 | 0 | 0 | 0 | 0 | 0 |
114 | Lanzetta, Kenneth M. | Pittsburgh Univ., PA. | 1988 | male | 3 | 16 | 2002 | 3 | 59 | 2007 | 0 | 0 | 0 | 0 | 1 | 2 | 1 | 1 | 2 | 2 | 1 | 1 | 2 | 2 | 2 | 1 | 0 | 0 | 0 | 1 | 0 | 0 | 0 | 0 | 0 | 0 | 0 | 0 | 0 | 0 | 0 | 0 | 0 | 0 |  0 | 0 | 0 | 0 | 1 | 2 | 2 | 1 | 3 | 4 | 4 | 4 | 4 | 4 | 3 | 8 | 3 | 6 | 5 | 3 | 3 | 1 | 0 | 0 | 1 | 0 | 0 | 0 | 0 | 0 | 0 | 0 | 0 | 0 |
115 | McGary, John Edward | RICE UNIVERSITY. | 1988 | male | 1 | 2 | 1994 | 2 | 2 | 1994 | 0 | 0 | 0 | 0 | 0 | 1 | 0 | 0 | 0 | 0 | 1 | 1 | 0 | 0 | 0 | 0 | 0 | 0 | 0 | 0 | 0 | 0 | 0 | 0 | 0 | 0 | 0 | 0 | 0 | 0 | 0 | 0 | 0 | 0 |  0 | 0 | 0 | 0 | 1 | 1 | 0 | 0 | 0 | 0 | 1 | 1 | 0 | 0 | 0 | 0 | 0 | 0 | 0 | 0 | 0 | 0 | 0 | 0 | 0 | 0 | 0 | 0 | 0 | 0 | 0 | 0 | 0 | 0 |
116 | Jeffery, David John | MCMASTER UNIVERSITY (CANADA). | 1988 | male | 3 | 12 | 2007 | 4 | 35 | 2012 | 0 | 0 | 1 | 0 | 1 | 1 | 2 | 1 | 3 | 1 | 1 | 1 | 2 | 0 | 0 | 0 | 0 | 0 | 0 | 0 | 0 | 0 | 0 | 0 | 1 | 0 | 0 | 0 | 0 | 0 | 0 | 0 | 0 | 0 |  0 | 0 | 1 | 0 | 1 | 2 | 2 | 1 | 3 | 1 | 4 | 1 | 2 | 0 | 3 | 1 | 0 | 1 | 0 | 3 | 2 | 1 | 0 | 3 | 4 | 2 | 0 | 0 | 0 | 1 | 0 | 0 | 0 | 0 |
117 | Eun, Jong Won | Utah State University, Logan. | 1988 | male | 1 | 4 | 2000 | 3 | 11 | 2000 | 0 | 0 | 0 | 0 | 0 | 1 | 1 | 0 | 0 | 0 | 0 | 0 | 0 | 1 | 0 | 1 | 0 | 1 | 0 | 0 | 0 | 0 | 0 | 0 | 0 | 0 | 0 | 0 | 0 | 0 | 0 | 0 | 0 | 0 |  0 | 0 | 1 | 0 | 1 | 1 | 1 | 0 | 0 | 0 | 1 | 0 | 1 | 3 | 2 | 1 | 0 | 2 | 0 | 0 | 0 | 0 | 0 | 0 | 0 | 0 | 0 | 0 | 0 | 0 | 0 | 0 | 0 | 0 |
118 | MacDowall, Robert John | UNIVERSITY OF MARYLAND COLLEGE PARK. | 1988 | male | 2 | 9 | 2011 | 2 | 105 | 2017 | 0 | 0 | 0 | 0 | 1 | 1 | 1 | 0 | 0 | 0 | 1 | 0 | 1 | 1 | 1 | 0 | 0 | 0 | 1 | 0 | 2 | 0 | 0 | 0 | 0 | 0 | 0 | 0 | 1 | 0 | 0 | 0 | 0 | 0 |  0 | 0 | 0 | 0 | 1 | 1 | 2 | 1 | 0 | 5 | 7 | 1 | 7 | 6 | 3 | 5 | 5 | 4 | 7 | 2 | 9 | 1 | 3 | 0 | 2 | 5 | 2 | 3 | 4 | 6 | 5 | 1 | 4 | 3 |
119 | Tomasch, Andrew David | BOSTON UNIVERSITY. | 1988 | male | 2 | 4 | 1993 | 5 | 55 | 2007 | 0 | 0 | 1 | 0 | 0 | 1 | 0 | 1 | 1 | 1 | 1 | 0 | 0 | 0 | 0 | 0 | 0 | 0 | 0 | 0 | 0 | 0 | 0 | 0 | 0 | 0 | 0 | 0 | 0 | 0 | 0 | 0 | 0 | 0 |  0 | 0 | 1 | 0 | 2 | 2 | 1 | 6 | 7 | 1 | 6 | 0 | 8 | 0 | 7 | 2 | 1 | 2 | 8 | 0 | 2 | 3 | 0 | 0 | 1 | 0 | 0 | 0 | 0 | 0 | 0 | 0 | 0 | 0 |
120 | Smith, Eric Philip | UNIVERSITY OF MARYLAND COLLEGE PARK. | 1988 | male | 2 | 15 | 2011 | 8 | 64 | 2016 | 0 | 0 | 0 | 1 | 0 | 1 | 2 | 2 | 1 | 1 | 3 | 0 | 1 | 1 | 1 | 0 | 0 | 1 | 1 | 0 | 0 | 0 | 0 | 0 | 0 | 0 | 0 | 0 | 1 | 0 | 0 | 0 | 0 | 0 |  0 | 1 | 2 | 3 | 1 | 1 | 2 | 4 | 1 | 7 | 6 | 2 | 4 | 4 | 2 | 2 | 0 | 1 | 5 | 1 | 2 | 1 | 4 | 2 | 1 | 2 | 2 | 0 | 3 | 2 | 1 | 0 | 1 | 2 |
121 | Merryfield, William James | UNIVERSITY OF COLORADO AT BOULDER. | 1988 | male | 1 | 9 | 2013 | 2 | 26 | 2016 | 0 | 0 | 0 | 0 | 0 | 1 | 0 | 2 | 2 | 0 | 1 | 1 | 1 | 0 | 0 | 1 | 0 | 0 | 0 | 0 | 0 | 0 | 0 | 0 | 0 | 0 | 0 | 0 | 0 | 0 | 1 | 0 | 0 | 0 |  0 | 1 | 0 | 0 | 0 | 1 | 0 | 2 | 5 | 2 | 1 | 1 | 1 | 1 | 0 | 2 | 0 | 0 | 0 | 0 | 0 | 0 | 0 | 1 | 0 | 0 | 0 | 1 | 3 | 1 | 2 | 0 | 2 | 1 |
122 | Wilkes, James Michael | NEW MEXICO STATE UNIVERSITY. | 1988 | male | 1 | 1 | 1989 | 2 | 6 | 1998 | 0 | 0 | 0 | 0 | 0 | 1 | 1 | 0 | 0 | 0 | 0 | 0 | 0 | 0 | 0 | 0 | 0 | 0 | 0 | 0 | 0 | 0 | 0 | 0 | 0 | 0 | 0 | 0 | 0 | 0 | 0 | 0 | 0 | 0 |  0 | 0 | 0 | 0 | 1 | 1 | 1 | 0 | 0 | 0 | 0 | 0 | 1 | 0 | 1 | 3 | 0 | 0 | 0 | 0 | 0 | 0 | 0 | 0 | 0 | 0 | 0 | 0 | 0 | 0 | 0 | 0 | 0 | 0 |
123 | Suson, Daniel Jeffrey | THE UNIVERSITY OF TEXAS AT DALLAS. | 1988 | male | 1 | 1 | 1996 | 2 | 164 | 2017 | 0 | 0 | 0 | 0 | 0 | 1 | 0 | 0 | 0 | 0 | 0 | 0 | 0 | 1 | 0 | 0 | 0 | 0 | 0 | 0 | 0 | 0 | 0 | 0 | 0 | 0 | 0 | 0 | 0 | 0 | 0 | 0 | 0 | 0 |  0 | 0 | 0 | 0 | 0 | 2 | 1 | 0 | 0 | 1 | 0 | 0 | 0 | 1 | 0 | 0 | 0 | 0 | 1 | 0 | 0 | 0 | 0 | 0 | 0 | 1 | 33 | 55 | 18 | 17 | 10 | 5 | 9 | 9 |
124 | Vedder, Peter William | MASSACHUSETTS INSTITUTE OF TECHNOLOGY. | 1988 | male | 4 | 1 | 1993 | 4 | 15 | 1996 | 1 | 0 | 0 | 1 | 0 | 2 | 0 | 0 | 0 | 0 | 1 | 0 | 0 | 0 | 0 | 0 | 0 | 0 | 0 | 0 | 0 | 0 | 0 | 0 | 0 | 0 | 0 | 0 | 0 | 0 | 0 | 0 | 0 | 0 |  1 | 0 | 0 | 1 | 0 | 2 | 0 | 2 | 2 | 0 | 5 | 4 | 1 | 1 | 0 | 0 | 0 | 0 | 0 | 0 | 0 | 0 | 0 | 0 | 0 | 0 | 0 | 0 | 0 | 0 | 0 | 0 | 0 | 0 |
125 | Punsly, Brian Mathew | UNIVERSITY OF CALIFORNIA, LOS ANGELES. | 1988 | male | 2 | 64 | 2017 | 2 | 81 | 2017 | 0 | 0 | 0 | 1 | 0 | 1 | 1 | 3 | 2 | 2 | 0 | 0 | 1 | 3 | 2 | 3 | 4 | 1 | 0 | 0 | 1 | 2 | 4 | 4 | 4 | 1 | 1 | 2 | 5 | 1 | 4 | 2 | 3 | 7 |  0 | 0 | 0 | 1 | 0 | 1 | 1 | 3 | 2 | 2 | 0 | 0 | 1 | 3 | 2 | 3 | 4 | 1 | 1 | 0 | 1 | 4 | 6 | 5 | 6 | 3 | 4 | 2 | 5 | 1 | 6 | 2 | 4 | 7 |
126 | Borkowski, Kazimierz Jan | UNIVERSITY OF COLORADO AT BOULDER. | 1988 | male | 3 | 29 | 2017 | 4 | 93 | 2017 | 0 | 0 | 2 | 0 | 0 | 1 | 1 | 3 | 1 | 1 | 2 | 2 | 2 | 1 | 4 | 0 | 0 | 0 | 3 | 0 | 0 | 0 | 0 | 2 | 1 | 0 | 1 | 1 | 0 | 0 | 1 | 1 | 0 | 1 |  0 | 1 | 2 | 0 | 0 | 1 | 1 | 3 | 2 | 1 | 2 | 3 | 3 | 2 | 5 | 5 | 1 | 2 | 6 | 3 | 4 | 3 | 4 | 9 | 5 | 3 | 3 | 4 | 3 | 1 | 5 | 4 | 0 | 4 |
127 | Moriarty-Schieven, Gerald Henry | UNIVERSITY OF MASSACHUSETTS. | 1988 | male | 5 | 18 | 2008 | 6 | 87 | 2017 | 0 | 0 | 0 | 0 | 2 | 3 | 3 | 0 | 2 | 1 | 0 | 2 | 3 | 2 | 2 | 0 | 0 | 1 | 0 | 0 | 0 | 0 | 0 | 1 | 0 | 1 | 0 | 0 | 0 | 0 | 0 | 0 | 0 | 0 |  0 | 0 | 0 | 0 | 3 | 3 | 3 | 1 | 3 | 1 | 2 | 2 | 4 | 5 | 2 | 6 | 5 | 7 | 2 | 5 | 5 | 3 | 3 | 2 | 1 | 2 | 1 | 3 | 1 | 4 | 1 | 0 | 4 | 6 |
128 | Carlson, Eric David | HARVARD UNIVERSITY. | 1988 | male | 3 | 21 | 2017 | 3 | 29 | 2017 | 0 | 0 | 0 | 1 | 1 | 1 | 2 | 2 | 2 | 1 | 0 | 0 | 1 | 1 | 0 | 0 | 0 | 0 | 0 | 0 | 1 | 0 | 0 | 0 | 0 | 0 | 0 | 1 | 0 | 0 | 2 | 2 | 3 | 2 |  0 | 0 | 0 | 1 | 1 | 1 | 2 | 3 | 2 | 1 | 1 | 0 | 1 | 2 | 0 | 0 | 0 | 1 | 0 | 1 | 1 | 1 | 0 | 0 | 0 | 0 | 0 | 1 | 0 | 1 | 2 | 3 | 3 | 2 |
129 | Magnus, Paul Vogt | Yale University. | 1988 | male | 1 | 0 | 1988 | 2 | 9 | 1996 | 0 | 0 | 0 | 0 | 0 | 1 | 0 | 0 | 0 | 0 | 0 | 0 | 0 | 0 | 0 | 0 | 0 | 0 | 0 | 0 | 0 | 0 | 0 | 0 | 0 | 0 | 0 | 0 | 0 | 0 | 0 | 0 | 0 | 0 |  0 | 0 | 0 | 0 | 0 | 2 | 2 | 1 | 2 | 1 | 1 | 0 | 0 | 2 | 0 | 0 | 0 | 0 | 0 | 0 | 0 | 0 | 0 | 0 | 0 | 0 | 0 | 0 | 0 | 0 | 0 | 0 | 0 | 0 |
130 | Bublik, Guillermo Jose | UNIVERSITY OF WASHINGTON. | 1988 | male | 1 | 0 | 1988 | 2 | 0 | 1988 | 0 | 0 | 0 | 0 | 0 | 1 | 0 | 0 | 0 | 0 | 0 | 0 | 0 | 0 | 0 | 0 | 0 | 0 | 0 | 0 | 0 | 0 | 0 | 0 | 0 | 0 | 0 | 0 | 0 | 0 | 0 | 0 | 0 | 0 |  0 | 0 | 0 | 0 | 1 | 1 | 0 | 0 | 0 | 0 | 0 | 0 | 0 | 0 | 0 | 0 | 0 | 0 | 0 | 0 | 0 | 0 | 0 | 0 | 0 | 0 | 0 | 0 | 0 | 0 | 0 | 0 | 0 | 0 |
131 | Habib, Salman | UNIVERSITY OF MARYLAND COLLEGE PARK. | 1988 | male | 2 | 18 | 2016 | 3 | 74 | 2016 | 0 | 0 | 0 | 1 | 0 | 1 | 1 | 2 | 0 | 2 | 0 | 1 | 1 | 2 | 1 | 0 | 0 | 1 | 0 | 1 | 0 | 1 | 3 | 0 | 1 | 0 | 0 | 0 | 0 | 0 | 0 | 0 | 0 | 1 |  0 | 0 | 0 | 1 | 0 | 2 | 1 | 2 | 0 | 3 | 2 | 2 | 1 | 3 | 1 | 1 | 1 | 2 | 0 | 1 | 0 | 1 | 6 | 5 | 2 | 5 | 3 | 9 | 4 | 1 | 6 | 3 | 2 | 7 |
132 | Morrow, Cherilynn Ann | UNIVERSITY OF COLORADO AT BOULDER. | 1988 | female | 2 | 9 | 2007 | 5 | 15 | 2008 | 0 | 0 | 0 | 0 | 0 | 2 | 0 | 0 | 1 | 0 | 1 | 1 | 0 | 0 | 0 | 0 | 0 | 2 | 0 | 2 | 0 | 1 | 0 | 0 | 1 | 0 | 0 | 0 | 0 | 0 | 0 | 0 | 0 | 0 |  1 | 0 | 1 | 0 | 1 | 2 | 2 | 0 | 1 | 0 | 1 | 2 | 0 | 0 | 0 | 0 | 0 | 2 | 0 | 2 | 0 | 2 | 1 | 0 | 1 | 1 | 0 | 0 | 0 | 0 | 0 | 0 | 0 | 0 |
133 | Liao, Shry-Sann | THE UNIVERSITY OF TEXAS AT DALLAS. | 1988 | male | 1 | 0 | 1988 | 1 | 7 | 2017 | 0 | 0 | 0 | 0 | 0 | 1 | 0 | 0 | 0 | 0 | 0 | 0 | 0 | 0 | 0 | 0 | 0 | 0 | 0 | 0 | 0 | 0 | 0 | 0 | 0 | 0 | 0 | 0 | 0 | 0 | 0 | 0 | 0 | 0 |  0 | 0 | 0 | 0 | 0 | 1 | 0 | 0 | 0 | 0 | 0 | 0 | 0 | 0 | 0 | 0 | 0 | 0 | 0 | 0 | 0 | 0 | 0 | 0 | 0 | 0 | 0 | 0 | 0 | 0 | 2 | 0 | 0 | 4 |
134 | McEwen, Alfred Sherman | ARIZONA STATE UNIVERSITY. | 1988 | male | 8 | 23 | 2014 | 10 | 214 | 2017 | 1 | 0 | 1 | 3 | 0 | 3 | 1 | 2 | 2 | 0 | 1 | 1 | 1 | 0 | 3 | 2 | 1 | 1 | 1 | 0 | 0 | 0 | 1 | 1 | 2 | 0 | 0 | 1 | 1 | 0 | 0 | 1 | 0 | 0 |  1 | 0 | 1 | 4 | 0 | 4 | 2 | 4 | 3 | 3 | 4 | 8 | 7 | 5 | 12 | 13 | 9 | 7 | 13 | 4 | 4 | 7 | 9 | 3 | 12 | 14 | 6 | 20 | 9 | 5 | 8 | 6 | 11 | 5 |
135 | Dingus, Brenda Lynn | UNIVERSITY OF MARYLAND COLLEGE PARK. | 1988 | female | 6 | 7 | 2005 | 6 | 138 | 2017 | 0 | 0 | 0 | 0 | 0 | 6 | 0 | 0 | 0 | 0 | 0 | 0 | 1 | 1 | 1 | 0 | 0 | 2 | 0 | 0 | 0 | 0 | 2 | 0 | 0 | 0 | 0 | 0 | 0 | 0 | 0 | 0 | 0 | 0 |  0 | 0 | 0 | 0 | 0 | 6 | 0 | 2 | 6 | 2 | 11 | 7 | 15 | 16 | 11 | 3 | 5 | 4 | 1 | 0 | 6 | 5 | 6 | 0 | 4 | 6 | 8 | 4 | 1 | 4 | 2 | 4 | 3 | 1 |
136 | Saraf, Sharad K. | OHIO UNIVERSITY. | 1988 | male | 1 | 0 | 1988 | 1 | 57 | 2012 | 0 | 0 | 0 | 0 | 0 | 1 | 0 | 0 | 0 | 0 | 0 | 0 | 0 | 0 | 0 | 0 | 0 | 0 | 0 | 0 | 0 | 0 | 0 | 0 | 0 | 0 | 0 | 0 | 0 | 0 | 0 | 0 | 0 | 0 |  0 | 0 | 0 | 0 | 0 | 1 | 0 | 0 | 0 | 0 | 0 | 0 | 0 | 0 | 0 | 0 | 0 | 0 | 0 | 0 | 0 | 0 | 0 | 0 | 8 | 15 | 14 | 8 | 6 | 6 | 0 | 0 | 0 | 0 |
137 | Lane, Charles E. | CALIFORNIA INSTITUTE OF TECHNOLOGY. | 1988 | male | 1 | 1 | 2007 | 3 | 77 | 2017 | 0 | 0 | 0 | 0 | 0 | 1 | 0 | 0 | 0 | 0 | 0 | 0 | 0 | 0 | 0 | 0 | 0 | 0 | 0 | 0 | 0 | 0 | 0 | 0 | 1 | 0 | 0 | 0 | 0 | 0 | 0 | 0 | 0 | 0 |  0 | 0 | 0 | 0 | 1 | 2 | 0 | 16 | 2 | 6 | 1 | 3 | 2 | 1 | 6 | 3 | 6 | 2 | 1 | 2 | 6 | 3 | 2 | 0 | 2 | 4 | 0 | 1 | 3 | 2 | 1 | 0 | 1 | 0 |
138 | Mandt, Mark Edward | UNIVERSITY OF ALASKA FAIRBANKS. | 1988 | male | 4 | 4 | 1994 | 6 | 8 | 1994 | 0 | 0 | 1 | 1 | 0 | 2 | 0 | 1 | 2 | 0 | 0 | 1 | 0 | 0 | 0 | 0 | 0 | 0 | 0 | 0 | 0 | 0 | 0 | 0 | 0 | 0 | 0 | 0 | 0 | 0 | 0 | 0 | 0 | 0 |  0 | 0 | 1 | 1 | 1 | 3 | 2 | 1 | 3 | 0 | 1 | 1 | 0 | 0 | 0 | 0 | 0 | 0 | 0 | 0 | 0 | 0 | 0 | 0 | 0 | 0 | 0 | 0 | 0 | 0 | 0 | 0 | 0 | 0 |
139 | Seibert, David Arthur | UNIVERSITY OF ILLINOIS AT URBANA-CHAMPAIGN. | 1988 | male | 3 | 1 | 1991 | 3 | 1 | 1991 | 0 | 0 | 1 | 0 | 1 | 1 | 0 | 0 | 1 | 0 | 0 | 0 | 0 | 0 | 0 | 0 | 0 | 0 | 0 | 0 | 0 | 0 | 0 | 0 | 0 | 0 | 0 | 0 | 0 | 0 | 0 | 0 | 0 | 0 |  0 | 0 | 1 | 0 | 1 | 1 | 0 | 0 | 1 | 0 | 0 | 0 | 0 | 0 | 0 | 0 | 0 | 0 | 0 | 0 | 0 | 0 | 0 | 0 | 0 | 0 | 0 | 0 | 0 | 0 | 0 | 0 | 0 | 0 |
140 | Polanskey, Carol Ann | CALIFORNIA INSTITUTE OF TECHNOLOGY. | 1988 | female | 1 | 3 | 2011 | 1 | 44 | 2017 | 0 | 0 | 0 | 0 | 0 | 1 | 0 | 1 | 0 | 0 | 0 | 1 | 0 | 0 | 0 | 0 | 0 | 0 | 0 | 0 | 0 | 0 | 0 | 0 | 0 | 0 | 0 | 0 | 1 | 0 | 0 | 0 | 0 | 0 |  0 | 0 | 0 | 0 | 0 | 1 | 0 | 1 | 0 | 2 | 1 | 2 | 5 | 5 | 6 | 4 | 3 | 0 | 2 | 0 | 0 | 0 | 0 | 2 | 0 | 0 | 0 | 4 | 1 | 0 | 2 | 0 | 1 | 2 |
141 | Sze, Wah-Keung | THE JOHNS HOPKINS UNIVERSITY. | 1988 | male | 1 | 0 | 1988 | 5 | 1 | 1991 | 0 | 0 | 0 | 0 | 0 | 1 | 0 | 0 | 0 | 0 | 0 | 0 | 0 | 0 | 0 | 0 | 0 | 0 | 0 | 0 | 0 | 0 | 0 | 0 | 0 | 0 | 0 | 0 | 0 | 0 | 0 | 0 | 0 | 0 |  0 | 0 | 0 | 0 | 3 | 2 | 0 | 0 | 1 | 0 | 0 | 0 | 0 | 0 | 0 | 0 | 0 | 0 | 0 | 0 | 0 | 0 | 0 | 0 | 0 | 0 | 0 | 0 | 0 | 0 | 0 | 0 | 0 | 0 |
142 | Chang, Tsuey-Fen | UNIVERSITY OF CALIFORNIA, RIVERSIDE. | 1988 | female | 2 | 3 | 2001 | 3 | 22 | 2015 | 0 | 0 | 0 | 0 | 0 | 2 | 1 | 0 | 0 | 0 | 1 | 0 | 0 | 0 | 0 | 0 | 0 | 0 | 1 | 0 | 0 | 0 | 0 | 0 | 0 | 0 | 0 | 0 | 0 | 0 | 0 | 0 | 0 | 0 |  1 | 0 | 0 | 0 | 0 | 2 | 1 | 1 | 0 | 0 | 3 | 2 | 4 | 0 | 0 | 1 | 2 | 1 | 2 | 1 | 0 | 0 | 0 | 0 | 2 | 0 | 0 | 1 | 0 | 0 | 0 | 0 | 1 | 0 |
143 | Morris, Michael Scott | CALIFORNIA INSTITUTE OF TECHNOLOGY. | 1988 | male | 11 | 3 | 2014 | 26 | 62 | 2014 | 3 | 0 | 3 | 1 | 1 | 3 | 1 | 0 | 0 | 1 | 0 | 0 | 0 | 0 | 0 | 0 | 0 | 0 | 0 | 0 | 0 | 0 | 0 | 0 | 0 | 0 | 0 | 0 | 0 | 0 | 0 | 1 | 0 | 0 |  6 | 3 | 6 | 2 | 4 | 5 | 4 | 6 | 5 | 3 | 4 | 1 | 1 | 2 | 1 | 2 | 1 | 1 | 2 | 4 | 5 | 4 | 5 | 2 | 3 | 2 | 0 | 3 | 0 | 0 | 0 | 1 | 0 | 0 |
144 | Morrow-Jones, Jonathan Woodbridge | UNIVERSITY OF CALIFORNIA, SANTA BARBARA. | 1988 | male | 1 | 1 | 1993 | 1 | 1 | 1993 | 0 | 0 | 0 | 0 | 0 | 1 | 0 | 0 | 0 | 0 | 1 | 0 | 0 | 0 | 0 | 0 | 0 | 0 | 0 | 0 | 0 | 0 | 0 | 0 | 0 | 0 | 0 | 0 | 0 | 0 | 0 | 0 | 0 | 0 |  0 | 0 | 0 | 0 | 0 | 1 | 0 | 0 | 0 | 0 | 1 | 0 | 0 | 0 | 0 | 0 | 0 | 0 | 0 | 0 | 0 | 0 | 0 | 0 | 0 | 0 | 0 | 0 | 0 | 0 | 0 | 0 | 0 | 0 |
145 | Hollowell, David Earl | Illinois Univ., Urbana-Champaign. | 1988 | male | 4 | 3 | 1990 | 4 | 6 | 1995 | 0 | 0 | 0 | 0 | 0 | 4 | 1 | 2 | 0 | 0 | 0 | 0 | 0 | 0 | 0 | 0 | 0 | 0 | 0 | 0 | 0 | 0 | 0 | 0 | 0 | 0 | 0 | 0 | 0 | 0 | 0 | 0 | 0 | 0 |  0 | 0 | 0 | 0 | 0 | 4 | 2 | 3 | 0 | 0 | 0 | 0 | 1 | 0 | 0 | 0 | 0 | 0 | 0 | 0 | 0 | 0 | 0 | 0 | 0 | 0 | 0 | 0 | 0 | 0 | 0 | 0 | 0 | 0 |
146 | Josafatsson, Karl Hinrik | UNIVERSITY OF COLORADO AT BOULDER. | 1988 | male | 2 | 0 | 1988 | 3 | 0 | 1988 | 0 | 0 | 0 | 0 | 1 | 1 | 0 | 0 | 0 | 0 | 0 | 0 | 0 | 0 | 0 | 0 | 0 | 0 | 0 | 0 | 0 | 0 | 0 | 0 | 0 | 0 | 0 | 0 | 0 | 0 | 0 | 0 | 0 | 0 |  1 | 0 | 0 | 0 | 1 | 1 | 0 | 0 | 0 | 0 | 0 | 0 | 0 | 0 | 0 | 0 | 0 | 0 | 0 | 0 | 0 | 0 | 0 | 0 | 0 | 0 | 0 | 0 | 0 | 0 | 0 | 0 | 0 | 0 |
147 | Kim, Dong-Woo | UNIVERSITY OF CALIFORNIA, LOS ANGELES. | 1988 | male | 2 | 34 | 2015 | 4 | 135 | 2017 | 0 | 0 | 0 | 0 | 0 | 2 | 1 | 0 | 0 | 3 | 1 | 0 | 2 | 1 | 0 | 2 | 1 | 0 | 0 | 0 | 2 | 4 | 0 | 4 | 3 | 2 | 1 | 2 | 0 | 2 | 2 | 0 | 1 | 0 |  0 | 0 | 0 | 0 | 2 | 2 | 4 | 0 | 0 | 5 | 1 | 2 | 5 | 1 | 1 | 2 | 1 | 3 | 3 | 4 | 9 | 7 | 3 | 9 | 8 | 8 | 11 | 8 | 3 | 14 | 10 | 5 | 1 | 5 |
148 | McCarthy, James Kevin | CALIFORNIA INSTITUTE OF TECHNOLOGY. | 1988 | male | 1 | 6 | 1997 | 3 | 34 | 2007 | 0 | 0 | 0 | 0 | 0 | 1 | 0 | 1 | 1 | 0 | 1 | 0 | 1 | 0 | 2 | 0 | 0 | 0 | 0 | 0 | 0 | 0 | 0 | 0 | 0 | 0 | 0 | 0 | 0 | 0 | 0 | 0 | 0 | 0 |  0 | 0 | 2 | 0 | 0 | 1 | 0 | 3 | 2 | 1 | 3 | 2 | 4 | 0 | 6 | 2 | 3 | 3 | 2 | 1 | 0 | 0 | 0 | 0 | 2 | 0 | 0 | 0 | 0 | 0 | 0 | 0 | 0 | 0 |
149 | Tran, Hung Viet | THE UNIVERSITY OF TEXAS AT DALLAS. | 1988 | male | 1 | 1 | 2006 | 1 | 5 | 2017 | 0 | 0 | 0 | 0 | 0 | 1 | 0 | 0 | 0 | 0 | 0 | 0 | 0 | 0 | 0 | 0 | 0 | 0 | 0 | 0 | 0 | 0 | 0 | 1 | 0 | 0 | 0 | 0 | 0 | 0 | 0 | 0 | 0 | 0 |  0 | 0 | 0 | 0 | 0 | 1 | 0 | 0 | 0 | 0 | 0 | 0 | 0 | 0 | 0 | 0 | 0 | 0 | 0 | 0 | 0 | 0 | 1 | 1 | 0 | 0 | 0 | 0 | 1 | 0 | 0 | 0 | 1 | 0 |
150 | Malhotra, Renu | CORNELL UNIVERSITY. | 1988 | female | 1 | 25 | 2017 | 2 | 81 | 2017 | 0 | 0 | 0 | 0 | 0 | 1 | 1 | 2 | 2 | 1 | 3 | 2 | 1 | 1 | 1 | 0 | 3 | 1 | 1 | 1 | 0 | 0 | 0 | 0 | 0 | 1 | 0 | 0 | 1 | 0 | 0 | 0 | 1 | 1 |  0 | 0 | 0 | 0 | 0 | 2 | 1 | 3 | 3 | 1 | 3 | 2 | 1 | 1 | 4 | 0 | 5 | 2 | 2 | 3 | 2 | 5 | 5 | 5 | 4 | 3 | 4 | 3 | 4 | 2 | 3 | 2 | 4 | 2 |
151 | Emmering, Robert Thoms | UNIVERSITY OF VIRGINIA. | 1988 | male | 3 | 5 | 1994 | 5 | 7 | 1994 | 0 | 0 | 0 | 0 | 1 | 2 | 2 | 1 | 0 | 1 | 0 | 1 | 0 | 0 | 0 | 0 | 0 | 0 | 0 | 0 | 0 | 0 | 0 | 0 | 0 | 0 | 0 | 0 | 0 | 0 | 0 | 0 | 0 | 0 |  0 | 0 | 0 | 1 | 1 | 3 | 3 | 1 | 0 | 2 | 0 | 1 | 0 | 0 | 0 | 0 | 0 | 0 | 0 | 0 | 0 | 0 | 0 | 0 | 0 | 0 | 0 | 0 | 0 | 0 | 0 | 0 | 0 | 0 |
152 | Pedelty, Jeffrey Alan | UNIVERSITY OF MINNESOTA. | 1988 | male | 2 | 2 | 1989 | 5 | 13 | 2007 | 0 | 0 | 0 | 0 | 0 | 2 | 2 | 0 | 0 | 0 | 0 | 0 | 0 | 0 | 0 | 0 | 0 | 0 | 0 | 0 | 0 | 0 | 0 | 0 | 0 | 0 | 0 | 0 | 0 | 0 | 0 | 0 | 0 | 0 |  0 | 1 | 0 | 1 | 1 | 2 | 2 | 0 | 0 | 0 | 0 | 0 | 1 | 1 | 2 | 0 | 0 | 1 | 2 | 0 | 2 | 0 | 0 | 0 | 2 | 0 | 0 | 0 | 0 | 0 | 0 | 0 | 0 | 0 |
153 | Thompson, Arthur Christopher | PRINCETON UNIVERSITY. | 1988 | male | 5 | 4 | 1995 | 23 | 52 | 2017 | 3 | 0 | 0 | 0 | 1 | 1 | 0 | 1 | 1 | 0 | 1 | 0 | 1 | 0 | 0 | 0 | 0 | 0 | 0 | 0 | 0 | 0 | 0 | 0 | 0 | 0 | 0 | 0 | 0 | 0 | 0 | 0 | 0 | 0 |  9 | 0 | 1 | 3 | 7 | 3 | 5 | 8 | 10 | 2 | 3 | 0 | 6 | 0 | 2 | 0 | 2 | 0 | 6 | 1 | 2 | 0 | 0 | 1 | 0 | 0 | 0 | 0 | 0 | 1 | 0 | 0 | 2 | 0 |
154 | Walker, Christopher Kidd | THE UNIVERSITY OF ARIZONA. | 1988 | male | 4 | 6 | 1994 | 5 | 55 | 2013 | 0 | 0 | 0 | 1 | 0 | 3 | 0 | 2 | 0 | 0 | 2 | 2 | 0 | 0 | 0 | 0 | 0 | 0 | 0 | 0 | 0 | 0 | 0 | 0 | 0 | 0 | 0 | 0 | 0 | 0 | 0 | 0 | 0 | 0 |  0 | 0 | 0 | 1 | 1 | 3 | 1 | 2 | 1 | 1 | 5 | 3 | 2 | 1 | 3 | 2 | 1 | 1 | 3 | 1 | 0 | 4 | 3 | 4 | 1 | 4 | 3 | 6 | 0 | 1 | 2 | 0 | 0 | 0 |
155 | Bower, Charles Raymond | INDIANA UNIVERSITY. | 1988 | male | 1 | 2 | 1999 | 5 | 99 | 2016 | 0 | 0 | 0 | 0 | 0 | 1 | 0 | 0 | 1 | 0 | 0 | 0 | 0 | 0 | 0 | 0 | 1 | 0 | 0 | 0 | 0 | 0 | 0 | 0 | 0 | 0 | 0 | 0 | 0 | 0 | 0 | 0 | 0 | 0 |  0 | 0 | 1 | 0 | 2 | 2 | 2 | 12 | 3 | 1 | 6 | 3 | 11 | 1 | 13 | 5 | 6 | 3 | 8 | 2 | 7 | 5 | 1 | 0 | 1 | 3 | 1 | 1 | 2 | 0 | 0 | 0 | 0 | 2 |
156 | Carr, John Sherman | THE UNIVERSITY OF TEXAS AT AUSTIN. | 1988 | male | 3 | 24 | 2014 | 7 | 137 | 2017 | 0 | 0 | 0 | 0 | 2 | 1 | 1 | 1 | 0 | 1 | 2 | 0 | 3 | 0 | 0 | 0 | 0 | 1 | 1 | 1 | 2 | 2 | 0 | 2 | 1 | 4 | 0 | 0 | 1 | 0 | 0 | 1 | 0 | 0 |  1 | 0 | 0 | 0 | 2 | 4 | 2 | 2 | 3 | 1 | 3 | 3 | 5 | 2 | 0 | 1 | 1 | 5 | 2 | 2 | 4 | 2 | 2 | 3 | 5 | 6 | 4 | 9 | 13 | 9 | 11 | 9 | 5 | 15 |
157 | Anderson, Nels Eric | PRINCETON UNIVERSITY. | 1988 | male | 4 | 6 | 1997 | 9 | 8 | 2015 | 0 | 0 | 0 | 1 | 0 | 3 | 0 | 1 | 0 | 0 | 4 | 0 | 0 | 0 | 1 | 0 | 0 | 0 | 0 | 0 | 0 | 0 | 0 | 0 | 0 | 0 | 0 | 0 | 0 | 0 | 0 | 0 | 0 | 0 |  0 | 0 | 2 | 4 | 0 | 3 | 0 | 1 | 0 | 0 | 5 | 0 | 0 | 0 | 1 | 0 | 0 | 0 | 0 | 0 | 0 | 0 | 0 | 0 | 0 | 0 | 0 | 0 | 0 | 0 | 0 | 0 | 1 | 0 |
158 | Bloch, Jeffrey Joseph | THE UNIVERSITY OF WISCONSIN - MADISON. | 1988 | male | 2 | 0 | 1988 | 2 | 8 | 2004 | 0 | 0 | 0 | 1 | 0 | 1 | 0 | 0 | 0 | 0 | 0 | 0 | 0 | 0 | 0 | 0 | 0 | 0 | 0 | 0 | 0 | 0 | 0 | 0 | 0 | 0 | 0 | 0 | 0 | 0 | 0 | 0 | 0 | 0 |  0 | 0 | 0 | 1 | 0 | 1 | 0 | 1 | 1 | 0 | 0 | 0 | 0 | 0 | 0 | 0 | 2 | 2 | 1 | 0 | 0 | 1 | 0 | 0 | 0 | 0 | 0 | 0 | 0 | 0 | 0 | 0 | 0 | 0 |
159 | Johnson, Donald James | WASHINGTON UNIVERSITY. | 1988 | male | 1 | 1 | 1993 | 1 | 8 | 2014 | 0 | 0 | 0 | 0 | 0 | 1 | 0 | 0 | 0 | 0 | 1 | 0 | 0 | 0 | 0 | 0 | 0 | 0 | 0 | 0 | 0 | 0 | 0 | 0 | 0 | 0 | 0 | 0 | 0 | 0 | 0 | 0 | 0 | 0 |  0 | 0 | 0 | 0 | 0 | 1 | 0 | 0 | 3 | 0 | 1 | 0 | 0 | 0 | 0 | 0 | 0 | 0 | 1 | 0 | 0 | 0 | 0 | 2 | 0 | 0 | 0 | 0 | 0 | 0 | 0 | 1 | 0 | 0 |
160 | Kumar, Pawan | CALIFORNIA INSTITUTE OF TECHNOLOGY. | 1988 | male | 2 | 59 | 2017 | 3 | 223 | 2017 | 0 | 0 | 0 | 0 | 0 | 2 | 1 | 1 | 1 | 0 | 0 | 3 | 2 | 2 | 3 | 1 | 5 | 6 | 0 | 0 | 3 | 2 | 4 | 2 | 2 | 5 | 3 | 5 | 0 | 1 | 2 | 2 | 2 | 0 |  0 | 0 | 0 | 0 | 0 | 3 | 1 | 2 | 4 | 0 | 1 | 5 | 3 | 4 | 5 | 2 | 5 | 7 | 9 | 4 | 6 | 7 | 11 | 10 | 4 | 6 | 6 | 8 | 8 | 10 | 11 | 19 | 14 | 36 |
161 | Labov, Simon Ezra | California Univ., Berkeley. | 1988 | male | 5 | 4 | 1991 | 6 | 12 | 2009 | 0 | 0 | 1 | 1 | 0 | 3 | 1 | 0 | 3 | 0 | 0 | 0 | 0 | 0 | 0 | 0 | 0 | 0 | 0 | 0 | 0 | 0 | 0 | 0 | 0 | 0 | 0 | 0 | 0 | 0 | 0 | 0 | 0 | 0 |  0 | 0 | 1 | 1 | 0 | 4 | 2 | 2 | 3 | 0 | 0 | 0 | 0 | 1 | 0 | 0 | 0 | 0 | 0 | 3 | 0 | 0 | 0 | 0 | 0 | 0 | 1 | 0 | 0 | 0 | 0 | 0 | 0 | 0 |
162 | Morris, Dirk H. | THE UNIVERSITY OF IOWA. | 1988 | male | 5 | 2 | 1997 | 11 | 84 | 2017 | 0 | 0 | 2 | 0 | 0 | 3 | 0 | 1 | 0 | 0 | 0 | 0 | 0 | 0 | 1 | 0 | 0 | 0 | 0 | 0 | 0 | 0 | 0 | 0 | 0 | 0 | 0 | 0 | 0 | 0 | 0 | 0 | 0 | 0 |  0 | 1 | 3 | 1 | 2 | 4 | 1 | 4 | 1 | 2 | 17 | 9 | 8 | 7 | 1 | 2 | 4 | 2 | 3 | 2 | 3 | 1 | 1 | 2 | 5 | 3 | 0 | 1 | 1 | 0 | 0 | 0 | 0 | 2 |
163 | Graf, Paul Hamilton | Cornell Univ., Ithaca, NY. | 1988 | male | 2 | 0 | 1988 | 4 | 0 | 1988 | 0 | 0 | 0 | 0 | 0 | 2 | 0 | 0 | 0 | 0 | 0 | 0 | 0 | 0 | 0 | 0 | 0 | 0 | 0 | 0 | 0 | 0 | 0 | 0 | 0 | 0 | 0 | 0 | 0 | 0 | 0 | 0 | 0 | 0 |  0 | 1 | 0 | 1 | 0 | 2 | 0 | 0 | 0 | 0 | 0 | 0 | 0 | 0 | 0 | 0 | 0 | 0 | 0 | 0 | 0 | 0 | 0 | 0 | 0 | 0 | 0 | 0 | 0 | 0 | 0 | 0 | 0 | 0 |
164 | Hantzios, Panayiotis | THE OHIO STATE UNIVERSITY. | 1988 | male | 2 | 0 | 1988 | 4 | 0 | 1988 | 0 | 0 | 0 | 0 | 0 | 2 | 0 | 0 | 0 | 0 | 0 | 0 | 0 | 0 | 0 | 0 | 0 | 0 | 0 | 0 | 0 | 0 | 0 | 0 | 0 | 0 | 0 | 0 | 0 | 0 | 0 | 0 | 0 | 0 |  0 | 0 | 0 | 0 | 1 | 3 | 0 | 0 | 0 | 0 | 0 | 0 | 0 | 0 | 0 | 0 | 0 | 0 | 0 | 0 | 0 | 0 | 0 | 0 | 0 | 0 | 0 | 0 | 0 | 0 | 0 | 0 | 0 | 0 |
165 | de Vries, Hendrik Willem | COLUMBIA UNIVERSITY. | 1988 | male | 5 | 0 | 1988 | 8 | 2 | 1993 | 0 | 0 | 0 | 0 | 2 | 3 | 0 | 0 | 0 | 0 | 0 | 0 | 0 | 0 | 0 | 0 | 0 | 0 | 0 | 0 | 0 | 0 | 0 | 0 | 0 | 0 | 0 | 0 | 0 | 0 | 0 | 0 | 0 | 0 |  0 | 0 | 0 | 0 | 3 | 5 | 1 | 0 | 0 | 0 | 1 | 0 | 0 | 0 | 0 | 0 | 0 | 0 | 0 | 0 | 0 | 0 | 0 | 0 | 0 | 0 | 0 | 0 | 0 | 0 | 0 | 0 | 0 | 0 |
166 | Escalante Ramirez, Vladimir | HARVARD UNIVERSITY. | 1988 | male | 2 | 0 | 1988 | 2 | 0 | 1988 | 0 | 0 | 0 | 0 | 0 | 2 | 0 | 0 | 0 | 0 | 0 | 0 | 0 | 0 | 0 | 0 | 0 | 0 | 0 | 0 | 0 | 0 | 0 | 0 | 0 | 0 | 0 | 0 | 0 | 0 | 0 | 0 | 0 | 0 |  0 | 0 | 0 | 0 | 0 | 2 | 0 | 0 | 0 | 0 | 0 | 0 | 0 | 0 | 0 | 0 | 0 | 0 | 0 | 0 | 0 | 0 | 0 | 0 | 0 | 0 | 0 | 0 | 0 | 0 | 0 | 0 | 0 | 0 |
167 | Kailey, Walter Franklin | THE UNIVERSITY OF ARIZONA. | 1988 | male | 3 | 0 | 1988 | 4 | 0 | 1988 | 0 | 0 | 0 | 0 | 0 | 3 | 0 | 0 | 0 | 0 | 0 | 0 | 0 | 0 | 0 | 0 | 0 | 0 | 0 | 0 | 0 | 0 | 0 | 0 | 0 | 0 | 0 | 0 | 0 | 0 | 0 | 0 | 0 | 0 |  0 | 0 | 1 | 0 | 0 | 3 | 0 | 0 | 0 | 0 | 0 | 0 | 0 | 0 | 0 | 0 | 0 | 0 | 0 | 0 | 0 | 0 | 0 | 0 | 0 | 0 | 0 | 0 | 0 | 0 | 0 | 0 | 0 | 0 |
168 | Mitra, Shyamal Kumar | THE UNIVERSITY OF TEXAS AT AUSTIN. | 1988 | male | 1 | 6 | 2011 | 1 | 227 | 2017 | 0 | 0 | 0 | 0 | 0 | 1 | 1 | 0 | 0 | 0 | 0 | 0 | 0 | 0 | 0 | 0 | 0 | 0 | 0 | 0 | 1 | 0 | 1 | 1 | 0 | 0 | 0 | 0 | 2 | 0 | 0 | 0 | 0 | 0 |  0 | 0 | 0 | 0 | 0 | 1 | 1 | 0 | 0 | 0 | 0 | 1 | 0 | 0 | 0 | 3 | 0 | 0 | 0 | 1 | 4 | 0 | 5 | 5 | 8 | 16 | 5 | 6 | 24 | 5 | 14 | 48 | 9 | 61 |
169 | Adams, Fred Chester | California Univ., Berkeley. | 1988 | male | 6 | 70 | 2017 | 8 | 175 | 2017 | 0 | 0 | 1 | 1 | 1 | 3 | 2 | 3 | 3 | 1 | 5 | 2 | 2 | 5 | 2 | 1 | 1 | 3 | 3 | 0 | 3 | 1 | 3 | 5 | 2 | 3 | 3 | 2 | 2 | 2 | 3 | 1 | 2 | 2 |  0 | 0 | 1 | 1 | 3 | 3 | 2 | 7 | 7 | 3 | 7 | 3 | 6 | 10 | 6 | 5 | 4 | 5 | 4 | 1 | 5 | 5 | 7 | 7 | 7 | 9 | 7 | 5 | 6 | 3 | 9 | 8 | 8 | 11 |
170 | Tittemore, William Charles | MASSACHUSETTS INSTITUTE OF TECHNOLOGY. | 1988 | male | 2 | 5 | 1990 | 4 | 5 | 1990 | 0 | 0 | 0 | 0 | 0 | 2 | 2 | 3 | 0 | 0 | 0 | 0 | 0 | 0 | 0 | 0 | 0 | 0 | 0 | 0 | 0 | 0 | 0 | 0 | 0 | 0 | 0 | 0 | 0 | 0 | 0 | 0 | 0 | 0 |  1 | 1 | 0 | 0 | 0 | 2 | 2 | 3 | 0 | 0 | 0 | 0 | 0 | 0 | 0 | 0 | 0 | 0 | 0 | 0 | 0 | 0 | 0 | 0 | 0 | 0 | 0 | 0 | 0 | 0 | 0 | 0 | 0 | 0 |
171 | Tsou, Chih-Hua | Purdue Univ., West Lafayette, IN. | 1988 | male | 1 | 0 | 1988 | 1 | 1 | 1992 | 0 | 0 | 0 | 0 | 0 | 1 | 0 | 0 | 0 | 0 | 0 | 0 | 0 | 0 | 0 | 0 | 0 | 0 | 0 | 0 | 0 | 0 | 0 | 0 | 0 | 0 | 0 | 0 | 0 | 0 | 0 | 0 | 0 | 0 |  0 | 0 | 0 | 0 | 0 | 1 | 0 | 0 | 0 | 1 | 0 | 0 | 0 | 0 | 0 | 0 | 0 | 0 | 0 | 0 | 0 | 0 | 0 | 0 | 0 | 0 | 0 | 0 | 0 | 0 | 0 | 0 | 0 | 0 |
172 | Petrich, Loren Ivan | CORNELL UNIVERSITY. | 1988 | male | 8 | 1 | 1989 | 8 | 1 | 1989 | 0 | 1 | 2 | 1 | 0 | 4 | 1 | 0 | 0 | 0 | 0 | 0 | 0 | 0 | 0 | 0 | 0 | 0 | 0 | 0 | 0 | 0 | 0 | 0 | 0 | 0 | 0 | 0 | 0 | 0 | 0 | 0 | 0 | 0 |  0 | 1 | 2 | 1 | 0 | 4 | 1 | 0 | 0 | 0 | 0 | 0 | 0 | 0 | 0 | 0 | 0 | 0 | 0 | 0 | 0 | 0 | 0 | 0 | 0 | 0 | 0 | 0 | 0 | 0 | 0 | 0 | 0 | 0 |
173 | Starkman, Glenn David | STANFORD UNIVERSITY. | 1988 | male | 1 | 13 | 2010 | 9 | 110 | 2017 | 0 | 0 | 0 | 0 | 0 | 1 | 0 | 1 | 0 | 1 | 0 | 1 | 1 | 1 | 0 | 1 | 1 | 1 | 3 | 0 | 0 | 0 | 0 | 1 | 0 | 0 | 0 | 1 | 0 | 0 | 0 | 0 | 0 | 0 |  0 | 0 | 1 | 1 | 1 | 6 | 1 | 2 | 2 | 2 | 1 | 2 | 3 | 3 | 1 | 6 | 3 | 5 | 3 | 2 | 2 | 7 | 2 | 6 | 5 | 10 | 2 | 8 | 8 | 3 | 5 | 1 | 7 | 7 |
174 | Finger, Mark Harold | CALIFORNIA INSTITUTE OF TECHNOLOGY. | 1988 | male | 2 | 8 | 2010 | 6 | 175 | 2016 | 0 | 0 | 1 | 0 | 0 | 1 | 0 | 0 | 0 | 1 | 0 | 0 | 0 | 3 | 0 | 1 | 1 | 0 | 1 | 0 | 0 | 0 | 0 | 0 | 0 | 0 | 0 | 1 | 0 | 0 | 0 | 0 | 0 | 0 |  0 | 1 | 3 | 0 | 1 | 1 | 2 | 1 | 0 | 1 | 3 | 4 | 2 | 13 | 10 | 3 | 12 | 4 | 5 | 5 | 8 | 6 | 6 | 3 | 8 | 20 | 6 | 8 | 13 | 13 | 6 | 3 | 5 | 5 |
175 | Lesser, Michael Patrick | Arizona Univ., Tucson. | 1988 | male | 3 | 2 | 2015 | 5 | 38 | 2017 | 0 | 0 | 0 | 0 | 1 | 2 | 0 | 0 | 0 | 0 | 0 | 0 | 0 | 0 | 0 | 0 | 0 | 0 | 0 | 1 | 0 | 0 | 0 | 0 | 0 | 0 | 0 | 0 | 0 | 0 | 0 | 0 | 1 | 0 |  0 | 0 | 0 | 0 | 2 | 3 | 0 | 0 | 0 | 0 | 0 | 1 | 0 | 0 | 0 | 0 | 0 | 0 | 0 | 1 | 5 | 4 | 8 | 3 | 1 | 0 | 0 | 0 | 0 | 0 | 0 | 1 | 8 | 3 |
176 | Park, Jun | Columbia Univ., New York, NY. | 1988 | male | 4 | 41 | 2017 | 9 | 135 | 2017 | 0 | 0 | 1 | 1 | 1 | 1 | 2 | 1 | 2 | 0 | 1 | 0 | 2 | 0 | 1 | 1 | 1 | 0 | 1 | 0 | 1 | 0 | 0 | 0 | 5 | 7 | 1 | 2 | 0 | 4 | 1 | 4 | 2 | 1 |  0 | 0 | 2 | 4 | 2 | 1 | 2 | 3 | 3 | 0 | 1 | 1 | 3 | 1 | 3 | 3 | 3 | 1 | 6 | 5 | 1 | 3 | 3 | 8 | 13 | 19 | 2 | 6 | 6 | 7 | 1 | 9 | 12 | 8 |
177 | Wang, John Chi Lin | CORNELL UNIVERSITY. | 1988 | male | 6 | 74 | 2017 | 13 | 240 | 2017 | 1 | 0 | 0 | 1 | 1 | 3 | 2 | 1 | 1 | 5 | 3 | 1 | 0 | 4 | 2 | 4 | 1 | 1 | 0 | 0 | 1 | 1 | 2 | 2 | 1 | 3 | 4 | 3 | 10 | 7 | 3 | 2 | 4 | 4 |  1 | 1 | 2 | 1 | 5 | 3 | 4 | 4 | 2 | 6 | 6 | 2 | 4 | 4 | 2 | 10 | 4 | 8 | 6 | 3 | 7 | 4 | 9 | 8 | 9 | 7 | 15 | 14 | 23 | 18 | 10 | 14 | 15 | 13 |
178 | Xu, Yu-Lin | UNIVERSITY OF FLORIDA. | 1988 | male | 2 | 31 | 2016 | 5 | 131 | 2017 | 0 | 0 | 0 | 1 | 0 | 1 | 0 | 0 | 0 | 0 | 0 | 0 | 0 | 1 | 0 | 1 | 2 | 2 | 0 | 0 | 1 | 3 | 1 | 4 | 2 | 2 | 4 | 2 | 1 | 0 | 3 | 1 | 0 | 1 |  1 | 0 | 0 | 2 | 0 | 2 | 0 | 1 | 0 | 0 | 0 | 1 | 1 | 2 | 2 | 2 | 2 | 2 | 1 | 2 | 2 | 4 | 3 | 6 | 2 | 5 | 11 | 7 | 7 | 5 | 10 | 9 | 13 | 22 |
179 | Yanamandra-Fisher, Padmavati Anantha | UNIVERSITY OF DENVER. | 1988 | female | 1 | 4 | 2001 | 2 | 29 | 2016 | 0 | 0 | 0 | 0 | 0 | 1 | 0 | 0 | 0 | 1 | 0 | 0 | 0 | 0 | 0 | 0 | 2 | 0 | 1 | 0 | 0 | 0 | 0 | 0 | 0 | 0 | 0 | 0 | 0 | 0 | 0 | 0 | 0 | 0 |  0 | 0 | 0 | 0 | 0 | 2 | 0 | 1 | 0 | 1 | 0 | 1 | 1 | 1 | 1 | 2 | 2 | 1 | 1 | 0 | 0 | 0 | 1 | 0 | 0 | 3 | 1 | 4 | 4 | 0 | 1 | 2 | 0 | 1 |
180 | Zylstra, Gregory Jay | UNIVERSITY OF ILLINOIS AT URBANA-CHAMPAIGN. | 1988 | male | 1 | 0 | 1988 | 4 | 7 | 1996 | 0 | 0 | 0 | 0 | 0 | 1 | 0 | 0 | 0 | 0 | 0 | 0 | 0 | 0 | 0 | 0 | 0 | 0 | 0 | 0 | 0 | 0 | 0 | 0 | 0 | 0 | 0 | 0 | 0 | 0 | 0 | 0 | 0 | 0 |  0 | 1 | 0 | 1 | 1 | 1 | 1 | 0 | 2 | 2 | 0 | 1 | 0 | 1 | 0 | 0 | 0 | 0 | 0 | 0 | 0 | 0 | 0 | 0 | 0 | 0 | 0 | 0 | 0 | 0 | 0 | 0 | 0 | 0 |
181 | Azar, Michel M. | UNIVERSITY OF CALIFORNIA, SAN DIEGO. | 1988 | male | 3 | 0 | 1988 | 3 | 0 | 1988 | 0 | 0 | 0 | 0 | 0 | 3 | 0 | 0 | 0 | 0 | 0 | 0 | 0 | 0 | 0 | 0 | 0 | 0 | 0 | 0 | 0 | 0 | 0 | 0 | 0 | 0 | 0 | 0 | 0 | 0 | 0 | 0 | 0 | 0 |  0 | 0 | 0 | 0 | 0 | 3 | 0 | 0 | 0 | 0 | 0 | 0 | 0 | 0 | 0 | 0 | 0 | 0 | 0 | 0 | 0 | 0 | 0 | 0 | 0 | 0 | 0 | 0 | 0 | 0 | 0 | 0 | 0 | 0 |
182 | Bicay, Michael David | STANFORD UNIVERSITY. | 1988 | male | 5 | 4 | 2000 | 5 | 7 | 2000 | 0 | 0 | 0 | 2 | 2 | 1 | 1 | 1 | 0 | 0 | 0 | 0 | 1 | 0 | 0 | 0 | 0 | 1 | 0 | 0 | 0 | 0 | 0 | 0 | 0 | 0 | 0 | 0 | 0 | 0 | 0 | 0 | 0 | 0 |  0 | 0 | 0 | 2 | 2 | 1 | 1 | 1 | 0 | 0 | 1 | 0 | 1 | 0 | 0 | 0 | 1 | 2 | 0 | 0 | 0 | 0 | 0 | 0 | 0 | 0 | 0 | 0 | 0 | 0 | 0 | 0 | 0 | 0 |
183 | Corcoran, Michael Francis | UNIVERSITY OF PENNSYLVANIA. | 1988 | male | 1 | 24 | 2017 | 2 | 122 | 2017 | 0 | 0 | 0 | 0 | 0 | 1 | 0 | 0 | 2 | 0 | 2 | 1 | 1 | 1 | 2 | 3 | 1 | 1 | 2 | 0 | 0 | 1 | 1 | 0 | 0 | 0 | 0 | 1 | 1 | 1 | 1 | 0 | 1 | 0 |  0 | 0 | 0 | 1 | 0 | 1 | 1 | 0 | 2 | 1 | 4 | 2 | 3 | 2 | 3 | 6 | 3 | 5 | 6 | 10 | 4 | 7 | 5 | 2 | 3 | 6 | 8 | 2 | 14 | 2 | 4 | 3 | 7 | 6 |
184 | de Vries, Hendrik Willem | Columbia Univ., New York, NY. | 1988 | male | 5 | 0 | 1988 | 8 | 2 | 1993 | 0 | 0 | 0 | 0 | 2 | 3 | 0 | 0 | 0 | 0 | 0 | 0 | 0 | 0 | 0 | 0 | 0 | 0 | 0 | 0 | 0 | 0 | 0 | 0 | 0 | 0 | 0 | 0 | 0 | 0 | 0 | 0 | 0 | 0 |  0 | 0 | 0 | 0 | 3 | 5 | 1 | 0 | 0 | 0 | 1 | 0 | 0 | 0 | 0 | 0 | 0 | 0 | 0 | 0 | 0 | 0 | 0 | 0 | 0 | 0 | 0 | 0 | 0 | 0 | 0 | 0 | 0 | 0 |
185 | Esposito, Joseph Andre | UNIVERSITY OF MARYLAND COLLEGE PARK. | 1988 | male | 2 | 4 | 1999 | 3 | 54 | 1999 | 0 | 0 | 1 | 0 | 0 | 1 | 0 | 1 | 0 | 1 | 0 | 0 | 0 | 1 | 0 | 0 | 1 | 0 | 0 | 0 | 0 | 0 | 0 | 0 | 0 | 0 | 0 | 0 | 0 | 0 | 0 | 0 | 0 | 0 |  0 | 0 | 2 | 0 | 0 | 1 | 0 | 1 | 4 | 1 | 1 | 4 | 11 | 20 | 5 | 3 | 4 | 0 | 0 | 0 | 0 | 0 | 0 | 0 | 0 | 0 | 0 | 0 | 0 | 0 | 0 | 0 | 0 | 0 |
186 | Fahey, Albert Joseph | WASHINGTON UNIVERSITY. | 1988 | male | 8 | 2 | 2005 | 19 | 13 | 2005 | 0 | 0 | 2 | 1 | 4 | 1 | 0 | 0 | 0 | 0 | 0 | 1 | 0 | 0 | 0 | 0 | 0 | 0 | 0 | 0 | 0 | 0 | 1 | 0 | 0 | 0 | 0 | 0 | 0 | 0 | 0 | 0 | 0 | 0 |  0 | 1 | 2 | 5 | 5 | 6 | 0 | 0 | 2 | 1 | 1 | 5 | 1 | 1 | 0 | 1 | 0 | 0 | 0 | 0 | 0 | 0 | 1 | 0 | 0 | 0 | 0 | 0 | 0 | 0 | 0 | 0 | 0 | 0 |
187 | Grossman, Erich Nathan | CALIFORNIA INSTITUTE OF TECHNOLOGY. | 1988 | male | 2 | 0 | 1988 | 2 | 4 | 2002 | 0 | 0 | 0 | 0 | 1 | 1 | 0 | 0 | 0 | 0 | 0 | 0 | 0 | 0 | 0 | 0 | 0 | 0 | 0 | 0 | 0 | 0 | 0 | 0 | 0 | 0 | 0 | 0 | 0 | 0 | 0 | 0 | 0 | 0 |  0 | 0 | 0 | 0 | 1 | 1 | 0 | 0 | 0 | 0 | 1 | 0 | 0 | 0 | 0 | 0 | 0 | 0 | 0 | 3 | 0 | 0 | 0 | 0 | 0 | 0 | 0 | 0 | 0 | 0 | 0 | 0 | 0 | 0 |
188 | Henning, Harald Martin Jakob | STANFORD UNIVERSITY. | 1988 | male | 1 | 0 | 1988 | 2 | 1 | 1995 | 0 | 0 | 0 | 0 | 0 | 1 | 0 | 0 | 0 | 0 | 0 | 0 | 0 | 0 | 0 | 0 | 0 | 0 | 0 | 0 | 0 | 0 | 0 | 0 | 0 | 0 | 0 | 0 | 0 | 0 | 0 | 0 | 0 | 0 |  0 | 1 | 0 | 0 | 0 | 1 | 0 | 0 | 0 | 0 | 0 | 0 | 1 | 0 | 0 | 0 | 0 | 0 | 0 | 0 | 0 | 0 | 0 | 0 | 0 | 0 | 0 | 0 | 0 | 0 | 0 | 0 | 0 | 0 |
189 | Wang, Haimin | CALIFORNIA INSTITUTE OF TECHNOLOGY. | 1988 | male | 6 | 103 | 2017 | 9 | 689 | 2017 | 0 | 0 | 1 | 0 | 1 | 4 | 4 | 0 | 3 | 4 | 3 | 5 | 3 | 3 | 1 | 6 | 1 | 4 | 1 | 6 | 3 | 2 | 6 | 2 | 4 | 8 | 2 | 3 | 3 | 9 | 2 | 7 | 2 | 4 |  0 | 0 | 1 | 1 | 3 | 4 | 6 | 5 | 9 | 8 | 18 | 13 | 17 | 9 | 8 | 13 | 11 | 26 | 36 | 25 | 36 | 22 | 38 | 28 | 27 | 36 | 21 | 28 | 37 | 37 | 31 | 38 | 33 | 52 |
190 | Hamilton, Thomas Theodore | COLUMBIA UNIVERSITY. | 1988 | male | 3 | 5 | 1997 | 4 | 20 | 2017 | 0 | 0 | 1 | 0 | 1 | 1 | 0 | 0 | 1 | 0 | 1 | 0 | 1 | 1 | 1 | 0 | 0 | 0 | 0 | 0 | 0 | 0 | 0 | 0 | 0 | 0 | 0 | 0 | 0 | 0 | 0 | 0 | 0 | 0 |  0 | 1 | 1 | 0 | 1 | 1 | 2 | 1 | 5 | 1 | 1 | 2 | 1 | 2 | 2 | 0 | 0 | 0 | 0 | 0 | 0 | 0 | 0 | 0 | 0 | 0 | 0 | 0 | 0 | 0 | 0 | 2 | 0 | 0 |
191 | Perez, Mario Ruben | BRIGHAM YOUNG UNIVERSITY. | 1988 | male | 2 | 4 | 1997 | 3 | 48 | 2016 | 0 | 0 | 0 | 0 | 1 | 1 | 1 | 0 | 0 | 1 | 1 | 0 | 0 | 0 | 1 | 0 | 0 | 0 | 0 | 0 | 0 | 0 | 0 | 0 | 0 | 0 | 0 | 0 | 0 | 0 | 0 | 0 | 0 | 0 |  0 | 0 | 0 | 1 | 1 | 1 | 1 | 1 | 5 | 2 | 7 | 4 | 2 | 5 | 6 | 2 | 3 | 2 | 1 | 1 | 0 | 1 | 0 | 0 | 0 | 2 | 0 | 0 | 0 | 1 | 0 | 1 | 0 | 1 |
192 | Goldhaber, David Moses | UNIVERSITY OF CALIFORNIA, BERKELEY. | 1988 | male | 3 | 0 | 1988 | 5 | 0 | 1988 | 0 | 1 | 0 | 0 | 1 | 1 | 0 | 0 | 0 | 0 | 0 | 0 | 0 | 0 | 0 | 0 | 0 | 0 | 0 | 0 | 0 | 0 | 0 | 0 | 0 | 0 | 0 | 0 | 0 | 0 | 0 | 0 | 0 | 0 |  0 | 1 | 0 | 1 | 1 | 2 | 0 | 0 | 0 | 0 | 0 | 0 | 0 | 0 | 0 | 0 | 0 | 0 | 0 | 0 | 0 | 0 | 0 | 0 | 0 | 0 | 0 | 0 | 0 | 0 | 0 | 0 | 0 | 0 |
193 | Boulares, Ahmed | THE UNIVERSITY OF WISCONSIN - MADISON. | 1988 | male | 2 | 4 | 1992 | 2 | 4 | 1992 | 0 | 0 | 0 | 0 | 0 | 2 | 2 | 1 | 0 | 1 | 0 | 0 | 0 | 0 | 0 | 0 | 0 | 0 | 0 | 0 | 0 | 0 | 0 | 0 | 0 | 0 | 0 | 0 | 0 | 0 | 0 | 0 | 0 | 0 |  0 | 0 | 0 | 0 | 0 | 2 | 2 | 1 | 0 | 1 | 0 | 0 | 0 | 0 | 0 | 0 | 0 | 0 | 0 | 0 | 0 | 0 | 0 | 0 | 0 | 0 | 0 | 0 | 0 | 0 | 0 | 0 | 0 | 0 |
194 | Chen, Zonghua | NEW YORK UNIVERSITY. | 1988 | None | 7 | 9 | 2013 | 15 | 78 | 2017 | 1 | 0 | 1 | 0 | 3 | 2 | 1 | 0 | 0 | 0 | 1 | 0 | 0 | 0 | 0 | 0 | 0 | 1 | 0 | 0 | 0 | 0 | 0 | 1 | 0 | 1 | 2 | 0 | 1 | 0 | 1 | 0 | 0 | 0 |  1 | 1 | 5 | 0 | 4 | 4 | 2 | 0 | 0 | 0 | 1 | 1 | 1 | 0 | 3 | 3 | 2 | 3 | 2 | 1 | 0 | 1 | 3 | 2 | 7 | 8 | 7 | 5 | 7 | 1 | 3 | 2 | 1 | 8 |
195 | Murphy, Brian William | INDIANA UNIVERSITY. | 1988 | male | 4 | 7 | 2016 | 4 | 25 | 2017 | 0 | 0 | 0 | 0 | 0 | 4 | 0 | 1 | 2 | 0 | 1 | 0 | 0 | 0 | 0 | 0 | 0 | 0 | 0 | 0 | 0 | 0 | 0 | 0 | 0 | 0 | 0 | 0 | 2 | 0 | 0 | 0 | 0 | 1 |  0 | 0 | 0 | 0 | 0 | 4 | 1 | 1 | 4 | 2 | 2 | 0 | 0 | 0 | 1 | 1 | 0 | 0 | 0 | 0 | 1 | 0 | 0 | 1 | 1 | 0 | 0 | 0 | 2 | 5 | 1 | 0 | 0 | 1 |
196 | Pinsonneault, Marc Howard | YALE UNIVERSITY. | 1988 | male | 2 | 17 | 2014 | 3 | 159 | 2017 | 0 | 1 | 0 | 0 | 0 | 1 | 1 | 1 | 1 | 1 | 0 | 0 | 0 | 0 | 1 | 1 | 1 | 0 | 1 | 1 | 1 | 1 | 0 | 1 | 0 | 0 | 2 | 0 | 0 | 1 | 1 | 1 | 0 | 0 |  0 | 1 | 0 | 0 | 1 | 1 | 2 | 2 | 1 | 8 | 3 | 0 | 6 | 0 | 7 | 5 | 3 | 5 | 3 | 3 | 3 | 8 | 4 | 6 | 6 | 5 | 7 | 3 | 5 | 11 | 9 | 12 | 12 | 14 |
197 | Ojakangas, Gregory Wayne | CALIFORNIA INSTITUTE OF TECHNOLOGY. | 1988 | male | 2 | 3 | 1990 | 2 | 4 | 1991 | 0 | 0 | 0 | 1 | 0 | 1 | 2 | 1 | 0 | 0 | 0 | 0 | 0 | 0 | 0 | 0 | 0 | 0 | 0 | 0 | 0 | 0 | 0 | 0 | 0 | 0 | 0 | 0 | 0 | 0 | 0 | 0 | 0 | 0 |  0 | 0 | 0 | 1 | 0 | 1 | 2 | 1 | 1 | 0 | 0 | 0 | 0 | 0 | 0 | 0 | 0 | 0 | 0 | 0 | 0 | 0 | 0 | 0 | 0 | 0 | 0 | 0 | 0 | 0 | 0 | 0 | 0 | 0 |
198 | Proffitt, Charles Raymond | UNIVERSITY OF WASHINGTON. | 1988 | male | 3 | 16 | 2016 | 10 | 37 | 2016 | 0 | 0 | 0 | 1 | 1 | 1 | 4 | 0 | 3 | 0 | 0 | 1 | 0 | 0 | 0 | 0 | 3 | 0 | 2 | 1 | 0 | 1 | 0 | 0 | 0 | 0 | 0 | 0 | 0 | 0 | 0 | 0 | 0 | 1 |  0 | 3 | 2 | 2 | 1 | 2 | 5 | 0 | 3 | 1 | 1 | 1 | 0 | 3 | 0 | 1 | 6 | 0 | 3 | 2 | 1 | 2 | 1 | 1 | 0 | 0 | 2 | 0 | 1 | 1 | 0 | 0 | 1 | 1 |
199 | Ross, Martin Nicholas | California Univ., Los Angeles. | 1988 | male | 9 | 11 | 2010 | 15 | 21 | 2010 | 0 | 0 | 2 | 3 | 2 | 2 | 2 | 2 | 1 | 1 | 0 | 0 | 0 | 0 | 1 | 0 | 1 | 1 | 0 | 0 | 0 | 0 | 0 | 0 | 0 | 0 | 1 | 1 | 0 | 0 | 0 | 0 | 0 | 0 |  3 | 1 | 3 | 3 | 2 | 3 | 2 | 2 | 3 | 1 | 0 | 1 | 1 | 0 | 1 | 1 | 2 | 1 | 1 | 2 | 0 | 0 | 1 | 0 | 0 | 0 | 1 | 1 | 0 | 0 | 0 | 0 | 0 | 0 |
200 | Gabuzda, Denise Carmen | BRANDEIS UNIVERSITY. | 1988 | female | 2 | 46 | 2017 | 3 | 126 | 2017 | 0 | 0 | 0 | 0 | 1 | 1 | 4 | 0 | 1 | 1 | 1 | 4 | 1 | 2 | 1 | 1 | 3 | 5 | 3 | 1 | 4 | 1 | 3 | 1 | 0 | 2 | 1 | 0 | 0 | 0 | 0 | 3 | 2 | 0 |  0 | 0 | 0 | 0 | 2 | 1 | 4 | 1 | 2 | 3 | 4 | 4 | 2 | 4 | 3 | 2 | 8 | 9 | 7 | 2 | 11 | 3 | 10 | 8 | 2 | 8 | 6 | 3 | 5 | 3 | 2 | 3 | 2 | 3 |
201 | Houlahan, Padraig John | THE UNIVERSITY OF TEXAS AT AUSTIN. | 1988 | male | 1 | 3 | 1994 | 1 | 3 | 1994 | 0 | 0 | 0 | 0 | 0 | 1 | 0 | 1 | 0 | 1 | 0 | 1 | 0 | 0 | 0 | 0 | 0 | 0 | 0 | 0 | 0 | 0 | 0 | 0 | 0 | 0 | 0 | 0 | 0 | 0 | 0 | 0 | 0 | 0 |  0 | 0 | 0 | 0 | 0 | 1 | 0 | 1 | 0 | 1 | 0 | 1 | 0 | 0 | 0 | 0 | 0 | 0 | 0 | 0 | 0 | 0 | 0 | 0 | 0 | 0 | 0 | 0 | 0 | 0 | 0 | 0 | 0 | 0 |
202 | Jelinsky, Patrick Neal | UNIVERSITY OF CALIFORNIA, BERKELEY. | 1988 | male | 3 | 1 | 1995 | 5 | 54 | 2011 | 2 | 0 | 0 | 0 | 0 | 1 | 0 | 0 | 0 | 0 | 0 | 0 | 1 | 0 | 0 | 0 | 0 | 0 | 0 | 0 | 0 | 0 | 0 | 0 | 0 | 0 | 0 | 0 | 0 | 0 | 0 | 0 | 0 | 0 |  2 | 1 | 0 | 0 | 0 | 2 | 1 | 2 | 0 | 0 | 4 | 4 | 1 | 1 | 3 | 2 | 0 | 0 | 0 | 0 | 0 | 0 | 34 | 1 | 0 | 0 | 0 | 0 | 1 | 0 | 0 | 0 | 0 | 0 |
203 | Koupelis, Theodoros | THE UNIVERSITY OF ROCHESTER. | 1988 | male | 3 | 4 | 1994 | 3 | 6 | 2000 | 0 | 0 | 0 | 0 | 0 | 3 | 1 | 1 | 0 | 0 | 1 | 1 | 0 | 0 | 0 | 0 | 0 | 0 | 0 | 0 | 0 | 0 | 0 | 0 | 0 | 0 | 0 | 0 | 0 | 0 | 0 | 0 | 0 | 0 |  0 | 0 | 0 | 0 | 0 | 3 | 1 | 1 | 1 | 0 | 1 | 1 | 0 | 0 | 0 | 0 | 0 | 1 | 0 | 0 | 0 | 0 | 0 | 0 | 0 | 0 | 0 | 0 | 0 | 0 | 0 | 0 | 0 | 0 |
204 | Lizano-Soberon, Susana | UNIVERSITY OF CALIFORNIA, BERKELEY. | 1988 | female | 1 | 0 | 1988 | 5 | 67 | 2017 | 0 | 0 | 0 | 0 | 0 | 1 | 0 | 0 | 0 | 0 | 0 | 0 | 0 | 0 | 0 | 0 | 0 | 0 | 0 | 0 | 0 | 0 | 0 | 0 | 0 | 0 | 0 | 0 | 0 | 0 | 0 | 0 | 0 | 0 |  0 | 0 | 0 | 0 | 1 | 4 | 1 | 1 | 1 | 1 | 0 | 5 | 3 | 2 | 1 | 6 | 6 | 2 | 2 | 3 | 0 | 2 | 3 | 3 | 3 | 2 | 3 | 3 | 1 | 3 | 3 | 2 | 1 | 3 |
205 | Meiksin, Avery Abraham | UNIVERSITY OF CALIFORNIA, BERKELEY. | 1988 | male | 3 | 30 | 2017 | 7 | 108 | 2017 | 0 | 0 | 0 | 1 | 0 | 2 | 0 | 1 | 1 | 1 | 2 | 1 | 1 | 0 | 0 | 0 | 2 | 2 | 2 | 0 | 1 | 1 | 1 | 3 | 0 | 0 | 2 | 2 | 1 | 1 | 1 | 1 | 1 | 1 |  0 | 1 | 0 | 2 | 0 | 4 | 0 | 2 | 3 | 2 | 2 | 2 | 1 | 2 | 2 | 1 | 2 | 7 | 6 | 4 | 6 | 10 | 8 | 6 | 5 | 4 | 6 | 4 | 5 | 4 | 3 | 3 | 4 | 1 |
206 | Barnes, Peter John | Illinois Univ. at Urbana-Champaign, Savoy. | 1988 | male | 2 | 12 | 2016 | 5 | 34 | 2017 | 0 | 0 | 0 | 0 | 0 | 2 | 1 | 1 | 0 | 1 | 1 | 0 | 1 | 0 | 1 | 0 | 0 | 0 | 0 | 0 | 0 | 0 | 0 | 0 | 0 | 0 | 0 | 1 | 1 | 0 | 1 | 0 | 2 | 1 |  1 | 1 | 1 | 0 | 0 | 2 | 1 | 3 | 0 | 1 | 2 | 0 | 1 | 0 | 2 | 0 | 0 | 0 | 0 | 0 | 0 | 0 | 1 | 1 | 2 | 1 | 0 | 2 | 3 | 0 | 4 | 0 | 5 | 2 |
207 | Soong, Yang | UNIVERSITY OF CALIFORNIA, SAN DIEGO. | 1988 | male | 3 | 3 | 1990 | 5 | 28 | 2017 | 1 | 0 | 0 | 0 | 1 | 1 | 0 | 3 | 0 | 0 | 0 | 0 | 0 | 0 | 0 | 0 | 0 | 0 | 0 | 0 | 0 | 0 | 0 | 0 | 0 | 0 | 0 | 0 | 0 | 0 | 0 | 0 | 0 | 0 |  1 | 0 | 0 | 0 | 2 | 2 | 0 | 3 | 0 | 0 | 0 | 2 | 3 | 1 | 0 | 1 | 1 | 1 | 2 | 1 | 1 | 0 | 1 | 1 | 5 | 1 | 0 | 0 | 0 | 0 | 0 | 0 | 0 | 3 |
208 | Jin, Liping | THE UNIVERSITY OF CHICAGO. | 1988 | female | 1 | 13 | 2014 | 3 | 23 | 2016 | 0 | 0 | 0 | 0 | 0 | 1 | 2 | 1 | 1 | 0 | 0 | 0 | 0 | 1 | 1 | 0 | 0 | 0 | 0 | 0 | 1 | 1 | 1 | 0 | 0 | 1 | 0 | 2 | 0 | 0 | 0 | 1 | 0 | 0 |  0 | 0 | 0 | 0 | 2 | 1 | 2 | 2 | 2 | 0 | 0 | 0 | 3 | 1 | 1 | 1 | 0 | 0 | 0 | 0 | 1 | 1 | 1 | 0 | 0 | 2 | 0 | 2 | 0 | 0 | 0 | 1 | 2 | 1 |
209 | Slane, Patrick Olson | THE UNIVERSITY OF WISCONSIN - MADISON. | 1988 | male | 1 | 22 | 2015 | 3 | 160 | 2017 | 0 | 0 | 0 | 0 | 0 | 1 | 1 | 1 | 0 | 0 | 0 | 1 | 1 | 1 | 1 | 0 | 1 | 1 | 1 | 3 | 0 | 2 | 1 | 0 | 0 | 1 | 0 | 1 | 1 | 1 | 0 | 1 | 2 | 0 |  0 | 0 | 0 | 0 | 0 | 3 | 1 | 6 | 0 | 0 | 0 | 2 | 2 | 1 | 2 | 1 | 2 | 4 | 8 | 7 | 10 | 11 | 6 | 8 | 6 | 7 | 9 | 10 | 8 | 10 | 11 | 11 | 9 | 5 |
210 | Tomczyk, Steven | UNIVERSITY OF CALIFORNIA, LOS ANGELES. | 1988 | male | 1 | 10 | 2016 | 4 | 54 | 2017 | 0 | 0 | 0 | 0 | 0 | 1 | 0 | 0 | 0 | 0 | 0 | 0 | 2 | 1 | 0 | 0 | 0 | 0 | 0 | 0 | 0 | 0 | 0 | 0 | 1 | 1 | 1 | 1 | 0 | 0 | 1 | 0 | 0 | 2 |  1 | 1 | 0 | 0 | 0 | 2 | 0 | 3 | 0 | 0 | 0 | 0 | 2 | 5 | 3 | 1 | 3 | 1 | 1 | 4 | 2 | 1 | 1 | 3 | 2 | 2 | 2 | 1 | 2 | 4 | 3 | 0 | 1 | 6 |
211 | Sodroski, Thomas John | UNIVERSITY OF MARYLAND COLLEGE PARK. | 1988 | male | 2 | 5 | 1997 | 2 | 13 | 1998 | 0 | 0 | 0 | 0 | 1 | 1 | 1 | 0 | 1 | 0 | 0 | 1 | 1 | 0 | 1 | 0 | 0 | 0 | 0 | 0 | 0 | 0 | 0 | 0 | 0 | 0 | 0 | 0 | 0 | 0 | 0 | 0 | 0 | 0 |  0 | 0 | 0 | 0 | 1 | 1 | 1 | 0 | 1 | 0 | 0 | 4 | 3 | 1 | 2 | 1 | 0 | 0 | 0 | 0 | 0 | 0 | 0 | 0 | 0 | 0 | 0 | 0 | 0 | 0 | 0 | 0 | 0 | 0 |
212 | Armandroff, Taft Emerson | YALE UNIVERSITY. | 1988 | male | 6 | 9 | 1999 | 11 | 33 | 2009 | 0 | 1 | 1 | 1 | 0 | 3 | 2 | 0 | 2 | 1 | 1 | 0 | 1 | 0 | 0 | 1 | 1 | 0 | 0 | 0 | 0 | 0 | 0 | 0 | 0 | 0 | 0 | 0 | 0 | 0 | 0 | 0 | 0 | 0 |  1 | 2 | 1 | 3 | 1 | 3 | 3 | 1 | 2 | 4 | 1 | 0 | 4 | 3 | 0 | 2 | 1 | 3 | 1 | 4 | 0 | 1 | 1 | 0 | 0 | 0 | 2 | 0 | 0 | 0 | 0 | 0 | 0 | 0 |
213 | Clarke, David Alan | New Mexico Univ., Albuquerque. | 1988 | male | 21 | 42 | 2013 | 23 | 82 | 2016 | 3 | 4 | 4 | 6 | 1 | 3 | 3 | 3 | 2 | 3 | 3 | 1 | 0 | 7 | 2 | 3 | 1 | 2 | 0 | 3 | 1 | 2 | 1 | 0 | 0 | 0 | 0 | 1 | 1 | 2 | 1 | 0 | 0 | 0 |  4 | 5 | 4 | 6 | 1 | 3 | 3 | 3 | 4 | 8 | 8 | 7 | 4 | 10 | 4 | 3 | 5 | 2 | 1 | 3 | 2 | 2 | 2 | 0 | 1 | 1 | 1 | 1 | 2 | 3 | 1 | 0 | 0 | 1 |
214 | Hockey, Thomas Arnold | NEW MEXICO STATE UNIVERSITY. | 1988 | male | 1 | 7 | 2010 | 2 | 8 | 2010 | 0 | 0 | 0 | 0 | 0 | 1 | 2 | 0 | 1 | 1 | 0 | 1 | 0 | 1 | 0 | 0 | 0 | 0 | 0 | 0 | 0 | 0 | 0 | 0 | 0 | 0 | 0 | 1 | 0 | 0 | 0 | 0 | 0 | 0 |  0 | 0 | 0 | 1 | 0 | 1 | 2 | 0 | 1 | 1 | 0 | 1 | 0 | 1 | 0 | 0 | 0 | 1 | 0 | 0 | 0 | 0 | 0 | 0 | 0 | 0 | 0 | 1 | 0 | 0 | 0 | 0 | 0 | 0 |
215 | Jeffrey, William Alan | HARVARD UNIVERSITY. | 1988 | male | 5 | 0 | 1988 | 5 | 1 | 1991 | 0 | 0 | 0 | 2 | 0 | 3 | 0 | 0 | 0 | 0 | 0 | 0 | 0 | 0 | 0 | 0 | 0 | 0 | 0 | 0 | 0 | 0 | 0 | 0 | 0 | 0 | 0 | 0 | 0 | 0 | 0 | 0 | 0 | 0 |  0 | 0 | 0 | 2 | 0 | 3 | 0 | 0 | 1 | 0 | 0 | 0 | 0 | 0 | 0 | 0 | 0 | 0 | 0 | 0 | 0 | 0 | 0 | 0 | 0 | 0 | 0 | 0 | 0 | 0 | 0 | 0 | 0 | 0 |
