n | name | university | phd_year | gender | fa_n_pubs_pre_phd | fa_n_pubs_prost_phd | fa_year_last | all_n_pubs_pre_phd | all_n_pubs_prost_phd | all_year_last |  fa_1979 | fa_1980 | fa_1981 | fa_1982 | fa_1983 | fa_1984 | fa_1985 | fa_1986 | fa_1987 | fa_1988 | fa_1989 | fa_1990 | fa_1991 | fa_1992 | fa_1993 | fa_1994 | fa_1995 | fa_1996 | fa_1997 | fa_1998 | fa_1999 | fa_2000 | fa_2001 | fa_2002 | fa_2003 | fa_2004 | fa_2005 | fa_2006 | fa_2007 | fa_2008 | fa_2009 | fa_2010 | fa_2011 | fa_2012 | fa_2013 | fa_2014 | fa_2015 | fa_2016 |  all_1979 | all_1980 | all_1981 | all_1982 | all_1983 | all_1984 | all_1985 | all_1986 | all_1987 | all_1988 | all_1989 | all_1990 | all_1991 | all_1992 | all_1993 | all_1994 | all_1995 | all_1996 | all_1997 | all_1998 | all_1999 | all_2000 | all_2001 | all_2002 | all_2003 | all_2004 | all_2005 | all_2006 | all_2007 | all_2008 | all_2009 | all_2010 | all_2011 | all_2012 | all_2013 | all_2014 | all_2015 | all_2016 | foo
1 | Slavsky, David Bruce | THE UNIVERSITY OF TEXAS AT AUSTIN. | 1984 | male | 1 | 0 | 1984 | 4 | 0 | 1984 | 0 | 0 | 0 | 0 | 0 | 1 | 0 | 0 | 0 | 0 | 0 | 0 | 0 | 0 | 0 | 0 | 0 | 0 | 0 | 0 | 0 | 0 | 0 | 0 | 0 | 0 | 0 | 0 | 0 | 0 | 0 | 0 | 0 | 0 | 0 | 0 | 0 | 0 |  2 | 1 | 0 | 0 | 0 | 1 | 0 | 0 | 0 | 0 | 0 | 0 | 0 | 0 | 0 | 0 | 0 | 0 | 0 | 0 | 0 | 0 | 0 | 0 | 0 | 0 | 0 | 0 | 0 | 0 | 0 | 0 | 0 | 0 | 0 | 0 | 0 | 0 |
2 | Ganguli, Bishwajit | UNIVERSITY OF PITTSBURGH. | 1984 | male | 2 | 1 | 1988 | 2 | 2 | 2009 | 0 | 0 | 0 | 0 | 0 | 2 | 0 | 0 | 0 | 1 | 0 | 0 | 0 | 0 | 0 | 0 | 0 | 0 | 0 | 0 | 0 | 0 | 0 | 0 | 0 | 0 | 0 | 0 | 0 | 0 | 0 | 0 | 0 | 0 | 0 | 0 | 0 | 0 |  0 | 0 | 0 | 0 | 0 | 2 | 0 | 0 | 0 | 1 | 0 | 0 | 0 | 0 | 0 | 0 | 0 | 0 | 0 | 0 | 0 | 0 | 0 | 0 | 0 | 0 | 0 | 0 | 0 | 0 | 1 | 0 | 0 | 0 | 0 | 0 | 0 | 0 |
3 | Szymkowiak, Andrew Edward | UNIVERSITY OF MARYLAND COLLEGE PARK. | 1984 | male | 1 | 0 | 1984 | 12 | 65 | 2017 | 0 | 0 | 0 | 0 | 0 | 1 | 0 | 0 | 0 | 0 | 0 | 0 | 0 | 0 | 0 | 0 | 0 | 0 | 0 | 0 | 0 | 0 | 0 | 0 | 0 | 0 | 0 | 0 | 0 | 0 | 0 | 0 | 0 | 0 | 0 | 0 | 0 | 0 |  1 | 2 | 1 | 3 | 2 | 3 | 1 | 2 | 1 | 1 | 1 | 0 | 1 | 1 | 9 | 0 | 1 | 3 | 1 | 3 | 1 | 4 | 2 | 12 | 0 | 3 | 0 | 2 | 3 | 0 | 1 | 0 | 1 | 3 | 2 | 0 | 2 | 2 |
4 | Sackville Hamilton, Andrew James | UNIVERSITY OF VIRGINIA. | 1984 | male | 1 | 0 | 1984 | 1 | 0 | 1984 | 0 | 0 | 0 | 0 | 0 | 1 | 0 | 0 | 0 | 0 | 0 | 0 | 0 | 0 | 0 | 0 | 0 | 0 | 0 | 0 | 0 | 0 | 0 | 0 | 0 | 0 | 0 | 0 | 0 | 0 | 0 | 0 | 0 | 0 | 0 | 0 | 0 | 0 |  0 | 0 | 0 | 0 | 0 | 1 | 0 | 0 | 0 | 0 | 0 | 0 | 0 | 0 | 0 | 0 | 0 | 0 | 0 | 0 | 0 | 0 | 0 | 0 | 0 | 0 | 0 | 0 | 0 | 0 | 0 | 0 | 0 | 0 | 0 | 0 | 0 | 0 |
5 | Cannizzo, John Kendall | THE UNIVERSITY OF TEXAS AT AUSTIN. | 1984 | male | 6 | 42 | 2015 | 6 | 169 | 2017 | 0 | 0 | 0 | 1 | 0 | 5 | 0 | 2 | 1 | 4 | 0 | 2 | 0 | 7 | 2 | 1 | 1 | 2 | 1 | 3 | 0 | 3 | 2 | 1 | 0 | 1 | 0 | 0 | 0 | 1 | 1 | 1 | 2 | 2 | 0 | 0 | 2 | 0 |  0 | 0 | 0 | 1 | 0 | 5 | 0 | 3 | 2 | 4 | 0 | 2 | 0 | 7 | 3 | 2 | 2 | 3 | 1 | 4 | 1 | 5 | 2 | 1 | 1 | 4 | 10 | 8 | 11 | 17 | 18 | 11 | 11 | 19 | 2 | 2 | 4 | 6 |
6 | Buta, Ronald James | THE UNIVERSITY OF TEXAS AT AUSTIN. | 1984 | male | 12 | 56 | 2015 | 24 | 120 | 2016 | 1 | 1 | 0 | 3 | 5 | 2 | 2 | 4 | 2 | 1 | 0 | 4 | 2 | 2 | 3 | 1 | 8 | 3 | 0 | 2 | 4 | 2 | 3 | 0 | 3 | 2 | 1 | 1 | 0 | 0 | 2 | 2 | 0 | 1 | 0 | 0 | 1 | 0 |  2 | 4 | 3 | 5 | 7 | 3 | 2 | 4 | 2 | 1 | 0 | 4 | 4 | 2 | 3 | 3 | 11 | 6 | 1 | 3 | 5 | 2 | 4 | 1 | 5 | 8 | 2 | 3 | 5 | 7 | 5 | 7 | 5 | 4 | 1 | 5 | 4 | 1 |
7 | Kulkarni, Shrinivas Ramchandra | UNIVERSITY OF CALIFORNIA, BERKELEY. | 1984 | male | 3 | 41 | 2014 | 10 | 499 | 2017 | 0 | 1 | 0 | 1 | 0 | 1 | 3 | 3 | 0 | 6 | 1 | 2 | 4 | 3 | 4 | 1 | 1 | 0 | 1 | 4 | 2 | 0 | 0 | 0 | 1 | 0 | 1 | 1 | 1 | 0 | 0 | 1 | 0 | 0 | 0 | 1 | 0 | 0 |  0 | 1 | 1 | 3 | 4 | 1 | 3 | 5 | 2 | 16 | 8 | 8 | 11 | 10 | 11 | 10 | 15 | 8 | 17 | 21 | 19 | 15 | 19 | 17 | 25 | 16 | 17 | 22 | 14 | 11 | 11 | 17 | 27 | 23 | 21 | 28 | 20 | 21 |
8 | Landsman, Wayne Brian | THE JOHNS HOPKINS UNIVERSITY. | 1984 | male | 2 | 13 | 1998 | 3 | 99 | 2017 | 0 | 0 | 0 | 0 | 0 | 2 | 0 | 2 | 0 | 0 | 0 | 0 | 1 | 2 | 2 | 0 | 2 | 2 | 1 | 1 | 0 | 0 | 0 | 0 | 0 | 0 | 0 | 0 | 0 | 0 | 0 | 0 | 0 | 0 | 0 | 0 | 0 | 0 |  0 | 0 | 0 | 1 | 0 | 2 | 0 | 3 | 2 | 0 | 0 | 0 | 3 | 9 | 5 | 3 | 3 | 3 | 7 | 5 | 4 | 5 | 6 | 2 | 2 | 6 | 3 | 4 | 3 | 2 | 3 | 3 | 7 | 2 | 2 | 0 | 1 | 0 |
9 | Mozurkewich, David | UNIVERSITY OF WYOMING. | 1984 | male | 1 | 5 | 2003 | 3 | 53 | 2013 | 0 | 0 | 0 | 0 | 0 | 1 | 0 | 1 | 1 | 1 | 0 | 0 | 1 | 0 | 0 | 0 | 0 | 0 | 0 | 0 | 0 | 0 | 0 | 0 | 1 | 0 | 0 | 0 | 0 | 0 | 0 | 0 | 0 | 0 | 0 | 0 | 0 | 0 |  0 | 0 | 0 | 1 | 1 | 1 | 0 | 5 | 1 | 3 | 1 | 2 | 1 | 4 | 3 | 5 | 3 | 1 | 3 | 3 | 1 | 0 | 4 | 0 | 4 | 1 | 0 | 3 | 2 | 0 | 1 | 0 | 0 | 1 | 1 | 0 | 0 | 0 |
10 | Kinney, Anne Louise | NEW YORK UNIVERSITY. | 1984 | female | 2 | 15 | 2000 | 5 | 67 | 2003 | 0 | 0 | 0 | 0 | 0 | 2 | 1 | 0 | 1 | 0 | 0 | 1 | 4 | 1 | 1 | 2 | 1 | 1 | 0 | 0 | 1 | 1 | 0 | 0 | 0 | 0 | 0 | 0 | 0 | 0 | 0 | 0 | 0 | 0 | 0 | 0 | 0 | 0 |  0 | 0 | 0 | 1 | 1 | 3 | 2 | 1 | 1 | 1 | 1 | 1 | 7 | 4 | 5 | 6 | 9 | 3 | 6 | 3 | 6 | 4 | 2 | 3 | 2 | 0 | 0 | 0 | 0 | 0 | 0 | 0 | 0 | 0 | 0 | 0 | 0 | 0 |
11 | Lepp, Stephen Henry | UNIVERSITY OF COLORADO AT BOULDER. | 1984 | male | 4 | 11 | 2003 | 5 | 37 | 2011 | 0 | 0 | 0 | 0 | 2 | 2 | 1 | 0 | 1 | 3 | 0 | 1 | 0 | 0 | 1 | 0 | 1 | 1 | 0 | 0 | 0 | 0 | 0 | 1 | 1 | 0 | 0 | 0 | 0 | 0 | 0 | 0 | 0 | 0 | 0 | 0 | 0 | 0 |  0 | 0 | 0 | 0 | 2 | 3 | 1 | 0 | 5 | 3 | 4 | 1 | 1 | 3 | 1 | 0 | 3 | 3 | 3 | 2 | 1 | 0 | 0 | 2 | 1 | 1 | 0 | 0 | 0 | 0 | 1 | 0 | 1 | 0 | 0 | 0 | 0 | 0 |
12 | Perko, John Steven | UNIVERSITY OF NEW HAMPSHIRE. | 1984 | male | 2 | 12 | 1993 | 3 | 15 | 1993 | 0 | 0 | 0 | 0 | 1 | 1 | 0 | 0 | 5 | 0 | 0 | 0 | 2 | 2 | 3 | 0 | 0 | 0 | 0 | 0 | 0 | 0 | 0 | 0 | 0 | 0 | 0 | 0 | 0 | 0 | 0 | 0 | 0 | 0 | 0 | 0 | 0 | 0 |  0 | 0 | 1 | 0 | 1 | 1 | 0 | 1 | 5 | 1 | 0 | 0 | 2 | 2 | 4 | 0 | 0 | 0 | 0 | 0 | 0 | 0 | 0 | 0 | 0 | 0 | 0 | 0 | 0 | 0 | 0 | 0 | 0 | 0 | 0 | 0 | 0 | 0 |
13 | Vilas, Faith | THE UNIVERSITY OF ARIZONA. | 1984 | female | 2 | 111 | 2016 | 3 | 172 | 2016 | 0 | 0 | 0 | 0 | 0 | 2 | 3 | 3 | 1 | 0 | 1 | 0 | 0 | 1 | 2 | 2 | 1 | 2 | 1 | 0 | 1 | 1 | 0 | 0 | 0 | 1 | 1 | 85 | 0 | 2 | 0 | 0 | 0 | 0 | 0 | 0 | 2 | 1 |  0 | 0 | 0 | 0 | 1 | 2 | 5 | 6 | 2 | 1 | 2 | 2 | 0 | 1 | 3 | 3 | 1 | 3 | 2 | 1 | 2 | 3 | 2 | 2 | 3 | 2 | 3 | 88 | 4 | 8 | 2 | 4 | 1 | 2 | 3 | 3 | 4 | 4 |
14 | Berger, Mitchell Anthony | HARVARD UNIVERSITY. | 1984 | male | 2 | 19 | 2015 | 3 | 40 | 2015 | 0 | 0 | 0 | 0 | 0 | 2 | 2 | 1 | 0 | 1 | 0 | 1 | 1 | 0 | 1 | 2 | 1 | 2 | 1 | 1 | 1 | 1 | 1 | 0 | 0 | 0 | 0 | 0 | 0 | 0 | 1 | 0 | 0 | 0 | 0 | 0 | 1 | 0 |  0 | 1 | 0 | 0 | 0 | 2 | 2 | 1 | 1 | 1 | 3 | 2 | 2 | 0 | 1 | 2 | 1 | 2 | 1 | 2 | 1 | 1 | 1 | 0 | 2 | 0 | 2 | 3 | 0 | 0 | 3 | 1 | 0 | 1 | 0 | 3 | 1 | 0 |
15 | Clifford, Stephen Mark | UNIVERSITY OF MASSACHUSETTS. | 1984 | male | 3 | 17 | 2014 | 4 | 56 | 2017 | 0 | 0 | 0 | 0 | 2 | 1 | 0 | 0 | 2 | 0 | 1 | 0 | 1 | 0 | 1 | 0 | 0 | 0 | 0 | 1 | 0 | 2 | 2 | 0 | 1 | 0 | 2 | 0 | 0 | 0 | 0 | 1 | 0 | 0 | 2 | 1 | 0 | 0 |  0 | 0 | 0 | 1 | 2 | 1 | 0 | 1 | 3 | 0 | 2 | 0 | 1 | 0 | 1 | 0 | 0 | 0 | 0 | 1 | 0 | 3 | 4 | 1 | 4 | 2 | 4 | 8 | 2 | 2 | 2 | 2 | 2 | 4 | 2 | 2 | 2 | 0 |
16 | Hoeksema, Jon Todd | STANFORD UNIVERSITY. | 1984 | male | 3 | 9 | 2014 | 5 | 93 | 2017 | 0 | 0 | 0 | 1 | 1 | 1 | 0 | 1 | 1 | 1 | 0 | 0 | 2 | 1 | 0 | 0 | 1 | 0 | 0 | 0 | 0 | 0 | 0 | 0 | 0 | 0 | 1 | 0 | 0 | 0 | 0 | 0 | 0 | 0 | 0 | 1 | 0 | 0 |  0 | 1 | 0 | 1 | 1 | 2 | 2 | 2 | 1 | 2 | 1 | 1 | 3 | 1 | 1 | 3 | 6 | 4 | 9 | 5 | 7 | 3 | 3 | 4 | 1 | 1 | 3 | 2 | 0 | 0 | 0 | 2 | 3 | 7 | 1 | 7 | 4 | 2 |
17 | Traschen, J. | Harvard University, Cambridge, MA. | 1984 | None | 2 | 10 | 2009 | 2 | 52 | 2017 | 0 | 0 | 0 | 0 | 0 | 2 | 1 | 3 | 0 | 0 | 0 | 1 | 0 | 1 | 0 | 1 | 0 | 0 | 0 | 0 | 0 | 0 | 0 | 0 | 0 | 2 | 0 | 0 | 0 | 0 | 1 | 0 | 0 | 0 | 0 | 0 | 0 | 0 |  0 | 0 | 0 | 0 | 0 | 2 | 1 | 4 | 1 | 1 | 0 | 2 | 1 | 3 | 3 | 3 | 2 | 1 | 0 | 2 | 2 | 2 | 1 | 1 | 0 | 2 | 1 | 1 | 1 | 1 | 2 | 1 | 1 | 2 | 3 | 3 | 1 | 1 |
18 | Karshner, Gary Buchanan | UNIVERSITY OF OREGON. | 1984 | male | 1 | 0 | 1984 | 1 | 1 | 1990 | 0 | 0 | 0 | 0 | 0 | 1 | 0 | 0 | 0 | 0 | 0 | 0 | 0 | 0 | 0 | 0 | 0 | 0 | 0 | 0 | 0 | 0 | 0 | 0 | 0 | 0 | 0 | 0 | 0 | 0 | 0 | 0 | 0 | 0 | 0 | 0 | 0 | 0 |  0 | 0 | 0 | 0 | 0 | 1 | 0 | 0 | 0 | 0 | 0 | 1 | 0 | 0 | 0 | 0 | 0 | 0 | 0 | 0 | 0 | 0 | 0 | 0 | 0 | 0 | 0 | 0 | 0 | 0 | 0 | 0 | 0 | 0 | 0 | 0 | 0 | 0 |
19 | Logan, Jerry David | THE UNIVERSITY OF ARIZONA. | 1984 | male | 3 | 0 | 1984 | 6 | 18 | 2008 | 0 | 2 | 0 | 0 | 0 | 1 | 0 | 0 | 0 | 0 | 0 | 0 | 0 | 0 | 0 | 0 | 0 | 0 | 0 | 0 | 0 | 0 | 0 | 0 | 0 | 0 | 0 | 0 | 0 | 0 | 0 | 0 | 0 | 0 | 0 | 0 | 0 | 0 |  0 | 3 | 0 | 0 | 0 | 3 | 0 | 0 | 0 | 0 | 0 | 0 | 0 | 0 | 0 | 0 | 0 | 0 | 0 | 0 | 0 | 0 | 0 | 1 | 0 | 6 | 7 | 2 | 1 | 1 | 0 | 0 | 0 | 0 | 0 | 0 | 0 | 0 |
20 | Skinner, T. E. | Johns Hopkins Univ., Baltimore, MD. | 1984 | None | 3 | 2 | 1988 | 4 | 9 | 1990 | 0 | 0 | 0 | 0 | 1 | 2 | 0 | 1 | 0 | 1 | 0 | 0 | 0 | 0 | 0 | 0 | 0 | 0 | 0 | 0 | 0 | 0 | 0 | 0 | 0 | 0 | 0 | 0 | 0 | 0 | 0 | 0 | 0 | 0 | 0 | 0 | 0 | 0 |  0 | 0 | 0 | 0 | 2 | 2 | 2 | 2 | 1 | 1 | 2 | 1 | 0 | 0 | 0 | 0 | 0 | 0 | 0 | 0 | 0 | 0 | 0 | 0 | 0 | 0 | 0 | 0 | 0 | 0 | 0 | 0 | 0 | 0 | 0 | 0 | 0 | 0 |
21 | Turner, Jean Lewin | UNIVERSITY OF CALIFORNIA, BERKELEY. | 1984 | male | 3 | 14 | 2015 | 4 | 86 | 2016 | 0 | 0 | 0 | 0 | 1 | 2 | 1 | 0 | 1 | 0 | 0 | 1 | 0 | 1 | 1 | 1 | 0 | 0 | 1 | 1 | 0 | 1 | 0 | 0 | 1 | 1 | 0 | 0 | 0 | 1 | 1 | 0 | 0 | 0 | 0 | 0 | 1 | 0 |  0 | 0 | 0 | 0 | 2 | 2 | 1 | 1 | 4 | 0 | 1 | 4 | 1 | 1 | 4 | 2 | 0 | 2 | 2 | 2 | 1 | 6 | 6 | 5 | 1 | 3 | 3 | 1 | 5 | 4 | 2 | 3 | 2 | 4 | 5 | 2 | 6 | 2 |
22 | Hartke, Gregory James | UNIVERSITY OF MASSACHUSETTS. | 1984 | male | 1 | 0 | 1984 | 2 | 2 | 1986 | 0 | 0 | 0 | 0 | 0 | 1 | 0 | 0 | 0 | 0 | 0 | 0 | 0 | 0 | 0 | 0 | 0 | 0 | 0 | 0 | 0 | 0 | 0 | 0 | 0 | 0 | 0 | 0 | 0 | 0 | 0 | 0 | 0 | 0 | 0 | 0 | 0 | 0 |  0 | 0 | 0 | 0 | 1 | 1 | 1 | 1 | 0 | 0 | 0 | 0 | 0 | 0 | 0 | 0 | 0 | 0 | 0 | 0 | 0 | 0 | 0 | 0 | 0 | 0 | 0 | 0 | 0 | 0 | 0 | 0 | 0 | 0 | 0 | 0 | 0 | 0 |
23 | Neukum, G. | National Aeronautics and Space Administration, Washington, DC. | 1984 | None | 3 | 13 | 2010 | 10 | 221 | 2016 | 0 | 0 | 1 | 0 | 1 | 1 | 1 | 0 | 0 | 0 | 0 | 0 | 0 | 0 | 2 | 1 | 0 | 1 | 1 | 0 | 1 | 0 | 2 | 0 | 0 | 1 | 1 | 0 | 0 | 0 | 0 | 2 | 0 | 0 | 0 | 0 | 0 | 0 |  1 | 0 | 2 | 2 | 1 | 4 | 1 | 1 | 0 | 0 | 0 | 0 | 5 | 6 | 7 | 6 | 6 | 5 | 9 | 12 | 4 | 2 | 5 | 7 | 3 | 4 | 20 | 18 | 22 | 19 | 7 | 26 | 12 | 4 | 2 | 5 | 2 | 1 |
24 | Friedman, Scott David | UNIVERSITY OF CALIFORNIA, BERKELEY. | 1984 | male | 2 | 6 | 2011 | 6 | 71 | 2015 | 0 | 0 | 0 | 0 | 0 | 2 | 0 | 0 | 1 | 1 | 0 | 0 | 0 | 0 | 0 | 0 | 0 | 0 | 0 | 0 | 0 | 1 | 0 | 1 | 0 | 0 | 0 | 1 | 0 | 0 | 0 | 0 | 1 | 0 | 0 | 0 | 0 | 0 |  0 | 0 | 0 | 0 | 1 | 5 | 2 | 1 | 1 | 4 | 1 | 1 | 0 | 0 | 0 | 0 | 0 | 0 | 0 | 0 | 0 | 10 | 8 | 12 | 5 | 4 | 2 | 4 | 1 | 3 | 3 | 1 | 3 | 0 | 2 | 0 | 3 | 0 |
25 | Pisarski, R. L. | Columbia Univ., New York, NY. | 1984 | None | 2 | 0 | 1984 | 3 | 1 | 1997 | 0 | 0 | 0 | 0 | 0 | 2 | 0 | 0 | 0 | 0 | 0 | 0 | 0 | 0 | 0 | 0 | 0 | 0 | 0 | 0 | 0 | 0 | 0 | 0 | 0 | 0 | 0 | 0 | 0 | 0 | 0 | 0 | 0 | 0 | 0 | 0 | 0 | 0 |  0 | 0 | 0 | 0 | 0 | 3 | 0 | 0 | 0 | 0 | 0 | 0 | 0 | 0 | 0 | 0 | 0 | 0 | 1 | 0 | 0 | 0 | 0 | 0 | 0 | 0 | 0 | 0 | 0 | 0 | 0 | 0 | 0 | 0 | 0 | 0 | 0 | 0 |
26 | Schwartz, Richard Alan | UNIVERSITY OF CALIFORNIA, BERKELEY. | 1984 | male | 2 | 7 | 2015 | 6 | 88 | 2015 | 0 | 0 | 0 | 0 | 0 | 2 | 1 | 0 | 1 | 0 | 0 | 0 | 1 | 0 | 1 | 0 | 0 | 0 | 0 | 0 | 0 | 0 | 0 | 1 | 0 | 0 | 0 | 0 | 0 | 0 | 0 | 0 | 0 | 0 | 0 | 1 | 1 | 0 |  0 | 0 | 2 | 0 | 1 | 3 | 1 | 1 | 3 | 0 | 2 | 2 | 1 | 1 | 3 | 3 | 7 | 6 | 3 | 2 | 1 | 1 | 2 | 9 | 17 | 2 | 4 | 3 | 1 | 2 | 3 | 0 | 0 | 3 | 2 | 1 | 2 | 0 |
27 | Tramiel, Leonard Jacob | COLUMBIA UNIVERSITY. | 1984 | male | 2 | 0 | 1984 | 3 | 0 | 1984 | 0 | 0 | 0 | 0 | 0 | 2 | 0 | 0 | 0 | 0 | 0 | 0 | 0 | 0 | 0 | 0 | 0 | 0 | 0 | 0 | 0 | 0 | 0 | 0 | 0 | 0 | 0 | 0 | 0 | 0 | 0 | 0 | 0 | 0 | 0 | 0 | 0 | 0 |  0 | 0 | 0 | 1 | 0 | 2 | 0 | 0 | 0 | 0 | 0 | 0 | 0 | 0 | 0 | 0 | 0 | 0 | 0 | 0 | 0 | 0 | 0 | 0 | 0 | 0 | 0 | 0 | 0 | 0 | 0 | 0 | 0 | 0 | 0 | 0 | 0 | 0 |
28 | Vanajakshi, Chandrasekharan Tiruvannamalai | NORTH CAROLINA STATE UNIVERSITY. | 1984 | male | 1 | 0 | 1984 | 1 | 1 | 1996 | 0 | 0 | 0 | 0 | 0 | 1 | 0 | 0 | 0 | 0 | 0 | 0 | 0 | 0 | 0 | 0 | 0 | 0 | 0 | 0 | 0 | 0 | 0 | 0 | 0 | 0 | 0 | 0 | 0 | 0 | 0 | 0 | 0 | 0 | 0 | 0 | 0 | 0 |  0 | 0 | 0 | 0 | 0 | 1 | 0 | 0 | 0 | 0 | 0 | 0 | 0 | 0 | 0 | 0 | 0 | 1 | 0 | 0 | 0 | 0 | 0 | 0 | 0 | 0 | 0 | 0 | 0 | 0 | 0 | 0 | 0 | 0 | 0 | 0 | 0 | 0 |
29 | Batchelor, David Allen | THE UNIVERSITY OF NORTH CAROLINA AT CHAPEL HILL. | 1984 | male | 2 | 8 | 1999 | 2 | 12 | 1999 | 0 | 0 | 0 | 0 | 0 | 2 | 1 | 1 | 0 | 0 | 1 | 1 | 1 | 0 | 0 | 2 | 0 | 0 | 0 | 0 | 1 | 0 | 0 | 0 | 0 | 0 | 0 | 0 | 0 | 0 | 0 | 0 | 0 | 0 | 0 | 0 | 0 | 0 |  0 | 0 | 0 | 0 | 0 | 2 | 2 | 1 | 1 | 1 | 1 | 1 | 1 | 0 | 1 | 2 | 0 | 0 | 0 | 0 | 1 | 0 | 0 | 0 | 0 | 0 | 0 | 0 | 0 | 0 | 0 | 0 | 0 | 0 | 0 | 0 | 0 | 0 |
30 | Carlson, B. E. | State University of New York, Stony Brook. | 1984 | None | 3 | 18 | 2015 | 5 | 41 | 2016 | 0 | 1 | 0 | 0 | 0 | 2 | 0 | 0 | 2 | 1 | 0 | 0 | 0 | 3 | 1 | 1 | 0 | 0 | 0 | 1 | 0 | 0 | 0 | 0 | 0 | 0 | 1 | 0 | 1 | 1 | 1 | 2 | 1 | 1 | 0 | 0 | 1 | 0 |  1 | 1 | 1 | 0 | 0 | 2 | 0 | 0 | 2 | 1 | 0 | 0 | 0 | 4 | 1 | 1 | 1 | 0 | 3 | 1 | 0 | 3 | 0 | 0 | 0 | 1 | 4 | 0 | 1 | 2 | 1 | 2 | 2 | 5 | 3 | 1 | 1 | 1 |
31 | Dahari, Oved Avi | UNIVERSITY OF CALIFORNIA, SANTA CRUZ. | 1984 | male | 4 | 7 | 1988 | 6 | 9 | 1988 | 0 | 0 | 0 | 1 | 0 | 3 | 2 | 2 | 0 | 3 | 0 | 0 | 0 | 0 | 0 | 0 | 0 | 0 | 0 | 0 | 0 | 0 | 0 | 0 | 0 | 0 | 0 | 0 | 0 | 0 | 0 | 0 | 0 | 0 | 0 | 0 | 0 | 0 |  0 | 0 | 0 | 1 | 2 | 3 | 3 | 3 | 0 | 3 | 0 | 0 | 0 | 0 | 0 | 0 | 0 | 0 | 0 | 0 | 0 | 0 | 0 | 0 | 0 | 0 | 0 | 0 | 0 | 0 | 0 | 0 | 0 | 0 | 0 | 0 | 0 | 0 |
32 | Fisher, George Hewitt | UNIVERSITY OF CALIFORNIA, SAN DIEGO. | 1984 | male | 2 | 19 | 2015 | 4 | 80 | 2016 | 0 | 0 | 0 | 0 | 0 | 2 | 3 | 1 | 2 | 0 | 2 | 1 | 2 | 0 | 0 | 0 | 1 | 0 | 0 | 1 | 0 | 2 | 0 | 0 | 0 | 0 | 0 | 0 | 0 | 0 | 0 | 1 | 0 | 2 | 0 | 0 | 1 | 0 |  0 | 0 | 0 | 0 | 2 | 2 | 3 | 1 | 2 | 0 | 4 | 2 | 2 | 3 | 2 | 3 | 2 | 6 | 1 | 5 | 5 | 5 | 2 | 0 | 5 | 5 | 1 | 0 | 1 | 3 | 1 | 3 | 0 | 5 | 1 | 1 | 4 | 2 |
33 | Ganguli, B. | Pittsburgh Univ., PA. | 1984 | None | 2 | 1 | 1988 | 2 | 2 | 2009 | 0 | 0 | 0 | 0 | 0 | 2 | 0 | 0 | 0 | 1 | 0 | 0 | 0 | 0 | 0 | 0 | 0 | 0 | 0 | 0 | 0 | 0 | 0 | 0 | 0 | 0 | 0 | 0 | 0 | 0 | 0 | 0 | 0 | 0 | 0 | 0 | 0 | 0 |  0 | 0 | 0 | 0 | 0 | 2 | 0 | 0 | 0 | 1 | 0 | 0 | 0 | 0 | 0 | 0 | 0 | 0 | 0 | 0 | 0 | 0 | 0 | 0 | 0 | 0 | 0 | 0 | 0 | 0 | 1 | 0 | 0 | 0 | 0 | 0 | 0 | 0 |
34 | Nemec, J. M. | Washington Univ., Seattle. | 1984 | None | 1 | 10 | 2011 | 7 | 33 | 2016 | 0 | 0 | 0 | 0 | 0 | 1 | 5 | 1 | 0 | 0 | 0 | 0 | 1 | 0 | 0 | 1 | 1 | 0 | 0 | 0 | 0 | 0 | 0 | 0 | 0 | 0 | 0 | 0 | 0 | 0 | 0 | 0 | 1 | 0 | 0 | 0 | 0 | 0 |  2 | 1 | 0 | 1 | 1 | 2 | 5 | 2 | 1 | 1 | 0 | 2 | 1 | 0 | 1 | 1 | 1 | 0 | 0 | 0 | 0 | 0 | 0 | 0 | 0 | 0 | 0 | 0 | 0 | 0 | 0 | 5 | 4 | 4 | 2 | 0 | 2 | 1 |
35 | Porter, Jason Garth | UNIVERSITY OF COLORADO AT BOULDER. | 1984 | male | 3 | 7 | 1995 | 4 | 24 | 2016 | 0 | 0 | 1 | 0 | 0 | 2 | 0 | 0 | 4 | 0 | 1 | 0 | 1 | 0 | 0 | 0 | 1 | 0 | 0 | 0 | 0 | 0 | 0 | 0 | 0 | 0 | 0 | 0 | 0 | 0 | 0 | 0 | 0 | 0 | 0 | 0 | 0 | 0 |  0 | 0 | 1 | 0 | 0 | 3 | 0 | 0 | 4 | 0 | 1 | 0 | 2 | 0 | 0 | 0 | 2 | 0 | 1 | 1 | 4 | 2 | 0 | 0 | 2 | 0 | 0 | 1 | 0 | 1 | 0 | 0 | 1 | 0 | 0 | 0 | 0 | 2 |
36 | Rasmussen, C. E. | Utah State University, Logan. | 1984 | None | 1 | 16 | 2011 | 2 | 35 | 2013 | 0 | 0 | 0 | 0 | 0 | 1 | 1 | 2 | 1 | 5 | 0 | 3 | 0 | 0 | 2 | 0 | 0 | 0 | 0 | 0 | 0 | 0 | 0 | 0 | 0 | 0 | 0 | 0 | 0 | 0 | 1 | 0 | 1 | 0 | 0 | 0 | 0 | 0 |  0 | 0 | 1 | 0 | 0 | 1 | 1 | 3 | 1 | 6 | 0 | 3 | 3 | 2 | 5 | 3 | 4 | 1 | 0 | 0 | 0 | 0 | 0 | 0 | 0 | 0 | 0 | 0 | 0 | 0 | 1 | 0 | 1 | 0 | 1 | 0 | 0 | 0 |
37 | Saha, Abhijit | CALIFORNIA INSTITUTE OF TECHNOLOGY. | 1984 | male | 4 | 29 | 2011 | 7 | 165 | 2017 | 0 | 0 | 0 | 1 | 0 | 3 | 1 | 1 | 1 | 0 | 0 | 4 | 1 | 2 | 0 | 1 | 1 | 3 | 1 | 0 | 2 | 1 | 2 | 1 | 1 | 0 | 2 | 1 | 0 | 0 | 0 | 2 | 1 | 0 | 0 | 0 | 0 | 0 |  0 | 0 | 2 | 2 | 0 | 3 | 1 | 3 | 2 | 2 | 0 | 5 | 1 | 3 | 2 | 5 | 5 | 13 | 7 | 15 | 12 | 5 | 4 | 3 | 7 | 6 | 3 | 2 | 4 | 2 | 1 | 12 | 11 | 11 | 4 | 5 | 3 | 4 |
38 | Tholen, David James | THE UNIVERSITY OF ARIZONA. | 1984 | male | 12 | 74 | 2013 | 19 | 201 | 2016 | 0 | 0 | 0 | 1 | 4 | 7 | 10 | 4 | 8 | 4 | 2 | 3 | 2 | 2 | 2 | 2 | 1 | 2 | 2 | 2 | 2 | 1 | 0 | 2 | 0 | 5 | 2 | 7 | 2 | 3 | 1 | 1 | 0 | 1 | 1 | 0 | 0 | 0 |  0 | 0 | 1 | 4 | 6 | 8 | 18 | 4 | 13 | 5 | 10 | 6 | 6 | 6 | 4 | 4 | 2 | 4 | 6 | 4 | 8 | 5 | 3 | 4 | 3 | 6 | 16 | 12 | 5 | 5 | 3 | 4 | 9 | 11 | 8 | 2 | 2 | 3 |
39 | Cruz-Gonzalez, Irene | HARVARD UNIVERSITY. | 1984 | female | 3 | 2 | 1994 | 3 | 54 | 2017 | 0 | 0 | 0 | 0 | 0 | 3 | 0 | 0 | 0 | 0 | 0 | 0 | 1 | 0 | 0 | 1 | 0 | 0 | 0 | 0 | 0 | 0 | 0 | 0 | 0 | 0 | 0 | 0 | 0 | 0 | 0 | 0 | 0 | 0 | 0 | 0 | 0 | 0 |  0 | 0 | 0 | 0 | 0 | 3 | 1 | 0 | 1 | 2 | 2 | 2 | 5 | 0 | 0 | 3 | 2 | 0 | 3 | 1 | 4 | 2 | 1 | 1 | 4 | 2 | 0 | 1 | 1 | 0 | 1 | 2 | 2 | 3 | 3 | 1 | 0 | 3 |
40 | Downes, Ronald Alan | UNIVERSITY OF CALIFORNIA, LOS ANGELES. | 1984 | male | 6 | 22 | 2005 | 21 | 48 | 2016 | 0 | 0 | 2 | 1 | 1 | 2 | 1 | 4 | 2 | 1 | 1 | 1 | 0 | 0 | 1 | 0 | 1 | 2 | 1 | 0 | 0 | 2 | 2 | 0 | 0 | 2 | 1 | 0 | 0 | 0 | 0 | 0 | 0 | 0 | 0 | 0 | 0 | 0 |  0 | 1 | 10 | 4 | 3 | 3 | 2 | 4 | 3 | 3 | 1 | 2 | 2 | 2 | 2 | 1 | 2 | 6 | 3 | 1 | 1 | 2 | 3 | 1 | 1 | 2 | 2 | 1 | 0 | 0 | 0 | 0 | 0 | 0 | 0 | 0 | 0 | 1 |
41 | Finman, Lorna Campbell | STANFORD UNIVERSITY. | 1984 | female | 1 | 0 | 1984 | 1 | 1 | 1986 | 0 | 0 | 0 | 0 | 0 | 1 | 0 | 0 | 0 | 0 | 0 | 0 | 0 | 0 | 0 | 0 | 0 | 0 | 0 | 0 | 0 | 0 | 0 | 0 | 0 | 0 | 0 | 0 | 0 | 0 | 0 | 0 | 0 | 0 | 0 | 0 | 0 | 0 |  0 | 0 | 0 | 0 | 0 | 1 | 0 | 1 | 0 | 0 | 0 | 0 | 0 | 0 | 0 | 0 | 0 | 0 | 0 | 0 | 0 | 0 | 0 | 0 | 0 | 0 | 0 | 0 | 0 | 0 | 0 | 0 | 0 | 0 | 0 | 0 | 0 | 0 |
42 | Garvin, J. B. | Brown Univ., Providence, RI. | 1984 | None | 4 | 7 | 2000 | 5 | 29 | 2014 | 0 | 0 | 1 | 1 | 0 | 2 | 1 | 0 | 1 | 2 | 0 | 0 | 0 | 1 | 0 | 0 | 1 | 0 | 0 | 0 | 0 | 1 | 0 | 0 | 0 | 0 | 0 | 0 | 0 | 0 | 0 | 0 | 0 | 0 | 0 | 0 | 0 | 0 |  0 | 0 | 1 | 1 | 0 | 3 | 4 | 1 | 1 | 2 | 1 | 1 | 0 | 2 | 0 | 0 | 1 | 0 | 0 | 1 | 0 | 1 | 0 | 2 | 2 | 0 | 0 | 0 | 1 | 1 | 0 | 2 | 0 | 4 | 1 | 1 | 0 | 0 |
43 | Hill, John Milton | THE UNIVERSITY OF ARIZONA. | 1984 | male | 3 | 4 | 2010 | 5 | 117 | 2016 | 0 | 1 | 0 | 1 | 0 | 1 | 0 | 0 | 0 | 1 | 0 | 0 | 0 | 0 | 1 | 0 | 0 | 0 | 0 | 1 | 0 | 0 | 0 | 0 | 0 | 0 | 0 | 0 | 0 | 0 | 0 | 1 | 0 | 0 | 0 | 0 | 0 | 0 |  0 | 1 | 0 | 2 | 1 | 1 | 0 | 0 | 0 | 1 | 3 | 1 | 5 | 2 | 2 | 2 | 3 | 1 | 2 | 6 | 5 | 3 | 5 | 4 | 8 | 7 | 3 | 4 | 4 | 11 | 5 | 3 | 5 | 5 | 3 | 4 | 4 | 6 |
44 | Andrews, Michael D. | IOWA STATE UNIVERSITY. | 1984 | male | 3 | 8 | 2003 | 3 | 22 | 2016 | 0 | 0 | 0 | 0 | 1 | 2 | 1 | 0 | 0 | 0 | 0 | 0 | 0 | 0 | 0 | 0 | 1 | 1 | 0 | 0 | 1 | 0 | 2 | 1 | 1 | 0 | 0 | 0 | 0 | 0 | 0 | 0 | 0 | 0 | 0 | 0 | 0 | 0 |  0 | 0 | 0 | 0 | 1 | 2 | 1 | 0 | 0 | 0 | 0 | 0 | 0 | 0 | 0 | 0 | 1 | 2 | 2 | 1 | 2 | 0 | 5 | 2 | 1 | 1 | 1 | 1 | 0 | 0 | 0 | 0 | 0 | 0 | 0 | 0 | 0 | 2 |
45 | Barvainis, R. E. | Massachusetts Univ., Amherst. | 1984 | None | 4 | 4 | 2002 | 7 | 17 | 2011 | 0 | 0 | 0 | 0 | 0 | 4 | 1 | 0 | 0 | 1 | 0 | 0 | 0 | 0 | 0 | 0 | 0 | 0 | 1 | 0 | 0 | 0 | 0 | 1 | 0 | 0 | 0 | 0 | 0 | 0 | 0 | 0 | 0 | 0 | 0 | 0 | 0 | 0 |  0 | 0 | 0 | 0 | 2 | 5 | 1 | 1 | 0 | 4 | 1 | 0 | 0 | 1 | 0 | 1 | 0 | 2 | 2 | 1 | 0 | 0 | 0 | 1 | 0 | 0 | 0 | 0 | 0 | 0 | 1 | 0 | 1 | 0 | 0 | 0 | 0 | 0 |
46 | Vartanian, Michael Haig | COLUMBIA UNIVERSITY. | 1984 | male | 1 | 1 | 1985 | 3 | 2 | 1985 | 0 | 0 | 0 | 0 | 0 | 1 | 1 | 0 | 0 | 0 | 0 | 0 | 0 | 0 | 0 | 0 | 0 | 0 | 0 | 0 | 0 | 0 | 0 | 0 | 0 | 0 | 0 | 0 | 0 | 0 | 0 | 0 | 0 | 0 | 0 | 0 | 0 | 0 |  0 | 0 | 0 | 1 | 1 | 1 | 2 | 0 | 0 | 0 | 0 | 0 | 0 | 0 | 0 | 0 | 0 | 0 | 0 | 0 | 0 | 0 | 0 | 0 | 0 | 0 | 0 | 0 | 0 | 0 | 0 | 0 | 0 | 0 | 0 | 0 | 0 | 0 |
47 | Weiland, Janet Leigh | UNIVERSITY OF CALIFORNIA, LOS ANGELES. | 1984 | female | 1 | 5 | 2013 | 4 | 56 | 2016 | 0 | 0 | 0 | 0 | 0 | 1 | 0 | 1 | 0 | 0 | 0 | 0 | 0 | 0 | 0 | 1 | 1 | 0 | 0 | 0 | 0 | 0 | 0 | 0 | 0 | 0 | 0 | 0 | 0 | 0 | 0 | 0 | 1 | 0 | 1 | 0 | 0 | 0 |  0 | 1 | 1 | 1 | 0 | 1 | 1 | 1 | 0 | 0 | 0 | 1 | 1 | 0 | 0 | 4 | 5 | 1 | 4 | 5 | 0 | 0 | 0 | 0 | 7 | 0 | 0 | 0 | 5 | 0 | 8 | 0 | 6 | 0 | 3 | 2 | 1 | 1 |
48 | Saber, Moustafa Khalil | INDIANA UNIVERSITY. | 1984 | male | 1 | 0 | 1984 | 1 | 0 | 1984 | 0 | 0 | 0 | 0 | 0 | 1 | 0 | 0 | 0 | 0 | 0 | 0 | 0 | 0 | 0 | 0 | 0 | 0 | 0 | 0 | 0 | 0 | 0 | 0 | 0 | 0 | 0 | 0 | 0 | 0 | 0 | 0 | 0 | 0 | 0 | 0 | 0 | 0 |  0 | 0 | 0 | 0 | 0 | 1 | 0 | 0 | 0 | 0 | 0 | 0 | 0 | 0 | 0 | 0 | 0 | 0 | 0 | 0 | 0 | 0 | 0 | 0 | 0 | 0 | 0 | 0 | 0 | 0 | 0 | 0 | 0 | 0 | 0 | 0 | 0 | 0 |
49 | Brophy, Chris P. | THE UNIVERSITY OF ROCHESTER. | 1984 | male | 2 | 0 | 1984 | 2 | 0 | 1984 | 0 | 0 | 0 | 0 | 1 | 1 | 0 | 0 | 0 | 0 | 0 | 0 | 0 | 0 | 0 | 0 | 0 | 0 | 0 | 0 | 0 | 0 | 0 | 0 | 0 | 0 | 0 | 0 | 0 | 0 | 0 | 0 | 0 | 0 | 0 | 0 | 0 | 0 |  0 | 0 | 0 | 0 | 1 | 1 | 0 | 0 | 0 | 0 | 0 | 0 | 0 | 0 | 0 | 0 | 0 | 0 | 0 | 0 | 0 | 0 | 0 | 0 | 0 | 0 | 0 | 0 | 0 | 0 | 0 | 0 | 0 | 0 | 0 | 0 | 0 | 0 |
50 | Belt, Carol Lynn | SAINT LOUIS UNIVERSITY. | 1984 | female | 2 | 0 | 1984 | 2 | 0 | 1984 | 0 | 0 | 0 | 0 | 0 | 2 | 0 | 0 | 0 | 0 | 0 | 0 | 0 | 0 | 0 | 0 | 0 | 0 | 0 | 0 | 0 | 0 | 0 | 0 | 0 | 0 | 0 | 0 | 0 | 0 | 0 | 0 | 0 | 0 | 0 | 0 | 0 | 0 |  0 | 0 | 0 | 0 | 0 | 2 | 0 | 0 | 0 | 0 | 0 | 0 | 0 | 0 | 0 | 0 | 0 | 0 | 0 | 0 | 0 | 0 | 0 | 0 | 0 | 0 | 0 | 0 | 0 | 0 | 0 | 0 | 0 | 0 | 0 | 0 | 0 | 0 |
51 | Schattenburg, Mark Lee | MASSACHUSETTS INSTITUTE OF TECHNOLOGY. | 1984 | male | 2 | 3 | 1991 | 2 | 10 | 2005 | 0 | 1 | 0 | 0 | 0 | 1 | 0 | 1 | 0 | 0 | 0 | 1 | 1 | 0 | 0 | 0 | 0 | 0 | 0 | 0 | 0 | 0 | 0 | 0 | 0 | 0 | 0 | 0 | 0 | 0 | 0 | 0 | 0 | 0 | 0 | 0 | 0 | 0 |  0 | 1 | 0 | 0 | 0 | 1 | 0 | 1 | 1 | 0 | 0 | 1 | 1 | 1 | 0 | 0 | 0 | 0 | 0 | 0 | 0 | 2 | 1 | 0 | 0 | 1 | 1 | 0 | 0 | 0 | 0 | 0 | 0 | 0 | 0 | 0 | 0 | 0 |
52 | Schweizer, Linda Younker | UNIVERSITY OF CALIFORNIA, BERKELEY. | 1984 | female | 1 | 3 | 1987 | 1 | 3 | 1987 | 0 | 0 | 0 | 0 | 0 | 1 | 0 | 0 | 3 | 0 | 0 | 0 | 0 | 0 | 0 | 0 | 0 | 0 | 0 | 0 | 0 | 0 | 0 | 0 | 0 | 0 | 0 | 0 | 0 | 0 | 0 | 0 | 0 | 0 | 0 | 0 | 0 | 0 |  0 | 0 | 0 | 0 | 0 | 1 | 0 | 0 | 3 | 0 | 0 | 0 | 0 | 0 | 0 | 0 | 0 | 0 | 0 | 0 | 0 | 0 | 0 | 0 | 0 | 0 | 0 | 0 | 0 | 0 | 0 | 0 | 0 | 0 | 0 | 0 | 0 | 0 |
53 | Magnuson, Jon Allan | DARTMOUTH COLLEGE. | 1984 | male | 1 | 0 | 1984 | 1 | 0 | 1984 | 0 | 0 | 0 | 0 | 0 | 1 | 0 | 0 | 0 | 0 | 0 | 0 | 0 | 0 | 0 | 0 | 0 | 0 | 0 | 0 | 0 | 0 | 0 | 0 | 0 | 0 | 0 | 0 | 0 | 0 | 0 | 0 | 0 | 0 | 0 | 0 | 0 | 0 |  0 | 0 | 0 | 0 | 0 | 1 | 0 | 0 | 0 | 0 | 0 | 0 | 0 | 0 | 0 | 0 | 0 | 0 | 0 | 0 | 0 | 0 | 0 | 0 | 0 | 0 | 0 | 0 | 0 | 0 | 0 | 0 | 0 | 0 | 0 | 0 | 0 | 0 |
54 | Redmount, Ian H. | CALIFORNIA INSTITUTE OF TECHNOLOGY. | 1984 | male | 2 | 11 | 2006 | 2 | 17 | 2006 | 0 | 0 | 0 | 0 | 1 | 1 | 1 | 0 | 0 | 2 | 3 | 0 | 0 | 0 | 2 | 1 | 0 | 0 | 0 | 0 | 1 | 0 | 0 | 0 | 0 | 0 | 0 | 1 | 0 | 0 | 0 | 0 | 0 | 0 | 0 | 0 | 0 | 0 |  0 | 0 | 0 | 0 | 1 | 1 | 1 | 0 | 0 | 3 | 4 | 0 | 1 | 0 | 3 | 1 | 0 | 0 | 1 | 0 | 2 | 0 | 0 | 0 | 0 | 0 | 0 | 1 | 0 | 0 | 0 | 0 | 0 | 0 | 0 | 0 | 0 | 0 |
55 | Thomsen, John Marshall | MICHIGAN STATE UNIVERSITY. | 1984 | male | 2 | 0 | 1984 | 6 | 2 | 2013 | 0 | 1 | 0 | 0 | 0 | 1 | 0 | 0 | 0 | 0 | 0 | 0 | 0 | 0 | 0 | 0 | 0 | 0 | 0 | 0 | 0 | 0 | 0 | 0 | 0 | 0 | 0 | 0 | 0 | 0 | 0 | 0 | 0 | 0 | 0 | 0 | 0 | 0 |  1 | 3 | 0 | 1 | 0 | 1 | 0 | 0 | 0 | 0 | 0 | 0 | 0 | 0 | 0 | 0 | 0 | 0 | 0 | 0 | 0 | 0 | 0 | 0 | 0 | 0 | 0 | 0 | 0 | 0 | 1 | 0 | 0 | 0 | 1 | 0 | 0 | 0 |
56 | Sadun, Alberto Carlo | MASSACHUSETTS INSTITUTE OF TECHNOLOGY. | 1984 | male | 1 | 8 | 2002 | 2 | 80 | 2017 | 0 | 0 | 0 | 0 | 0 | 1 | 1 | 1 | 0 | 2 | 0 | 0 | 1 | 1 | 1 | 0 | 0 | 0 | 0 | 0 | 0 | 0 | 0 | 1 | 0 | 0 | 0 | 0 | 0 | 0 | 0 | 0 | 0 | 0 | 0 | 0 | 0 | 0 |  0 | 0 | 0 | 0 | 0 | 2 | 1 | 1 | 1 | 3 | 0 | 1 | 6 | 2 | 1 | 2 | 5 | 7 | 0 | 0 | 2 | 3 | 2 | 2 | 1 | 2 | 1 | 2 | 1 | 4 | 6 | 4 | 7 | 0 | 1 | 1 | 5 | 5 |
57 | Stuhlinger, Tilman Werner | THE UNIVERSITY OF ARIZONA. | 1984 | male | 2 | 0 | 1984 | 4 | 0 | 1984 | 0 | 0 | 0 | 0 | 0 | 2 | 0 | 0 | 0 | 0 | 0 | 0 | 0 | 0 | 0 | 0 | 0 | 0 | 0 | 0 | 0 | 0 | 0 | 0 | 0 | 0 | 0 | 0 | 0 | 0 | 0 | 0 | 0 | 0 | 0 | 0 | 0 | 0 |  1 | 0 | 0 | 1 | 0 | 2 | 0 | 0 | 0 | 0 | 0 | 0 | 0 | 0 | 0 | 0 | 0 | 0 | 0 | 0 | 0 | 0 | 0 | 0 | 0 | 0 | 0 | 0 | 0 | 0 | 0 | 0 | 0 | 0 | 0 | 0 | 0 | 0 |
58 | Weinberg, Martin Drew | MASSACHUSETTS INSTITUTE OF TECHNOLOGY. | 1984 | male | 3 | 34 | 2014 | 5 | 82 | 2016 | 0 | 0 | 0 | 0 | 2 | 1 | 1 | 2 | 1 | 2 | 1 | 0 | 2 | 2 | 1 | 5 | 1 | 1 | 1 | 2 | 1 | 1 | 3 | 1 | 0 | 0 | 0 | 1 | 2 | 0 | 0 | 0 | 0 | 0 | 1 | 2 | 0 | 0 |  0 | 0 | 0 | 0 | 2 | 3 | 1 | 2 | 3 | 2 | 2 | 1 | 4 | 4 | 2 | 6 | 1 | 1 | 5 | 2 | 1 | 4 | 3 | 2 | 4 | 1 | 2 | 7 | 3 | 1 | 2 | 0 | 3 | 1 | 3 | 4 | 2 | 3 |
59 | MacDonald, Douglas Alan | CALIFORNIA INSTITUTE OF TECHNOLOGY. | 1984 | male | 3 | 1 | 1985 | 4 | 3 | 1999 | 0 | 0 | 0 | 1 | 0 | 2 | 1 | 0 | 0 | 0 | 0 | 0 | 0 | 0 | 0 | 0 | 0 | 0 | 0 | 0 | 0 | 0 | 0 | 0 | 0 | 0 | 0 | 0 | 0 | 0 | 0 | 0 | 0 | 0 | 0 | 0 | 0 | 0 |  0 | 0 | 0 | 2 | 0 | 2 | 1 | 0 | 0 | 0 | 0 | 0 | 0 | 0 | 0 | 0 | 0 | 0 | 0 | 0 | 2 | 0 | 0 | 0 | 0 | 0 | 0 | 0 | 0 | 0 | 0 | 0 | 0 | 0 | 0 | 0 | 0 | 0 |
60 | Nolthenius, Richard Alan | UNIVERSITY OF CALIFORNIA, LOS ANGELES. | 1984 | male | 2 | 7 | 1997 | 2 | 20 | 2013 | 0 | 0 | 0 | 0 | 1 | 1 | 0 | 1 | 2 | 1 | 0 | 0 | 0 | 0 | 1 | 1 | 0 | 0 | 1 | 0 | 0 | 0 | 0 | 0 | 0 | 0 | 0 | 0 | 0 | 0 | 0 | 0 | 0 | 0 | 0 | 0 | 0 | 0 |  0 | 0 | 0 | 0 | 1 | 1 | 0 | 1 | 2 | 1 | 0 | 1 | 0 | 0 | 1 | 3 | 1 | 1 | 5 | 1 | 0 | 0 | 0 | 0 | 0 | 0 | 0 | 0 | 0 | 0 | 1 | 1 | 0 | 0 | 1 | 0 | 0 | 0 |
61 | Price, Jill Suzanne | UNIVERSITY OF WYOMING. | 1984 | female | 2 | 5 | 2011 | 2 | 10 | 2014 | 0 | 0 | 0 | 0 | 1 | 1 | 1 | 0 | 0 | 0 | 1 | 1 | 0 | 0 | 0 | 0 | 0 | 0 | 0 | 0 | 0 | 0 | 0 | 0 | 0 | 0 | 0 | 0 | 0 | 0 | 1 | 0 | 1 | 0 | 0 | 0 | 0 | 0 |  0 | 0 | 0 | 0 | 1 | 1 | 1 | 0 | 0 | 0 | 1 | 1 | 0 | 0 | 0 | 0 | 0 | 0 | 0 | 0 | 0 | 0 | 0 | 0 | 0 | 0 | 0 | 0 | 0 | 0 | 1 | 0 | 3 | 0 | 1 | 2 | 0 | 0 |
62 | Rumstay, Kenneth Scott | THE OHIO STATE UNIVERSITY. | 1984 | male | 2 | 0 | 1984 | 2 | 3 | 2008 | 0 | 0 | 0 | 0 | 1 | 1 | 0 | 0 | 0 | 0 | 0 | 0 | 0 | 0 | 0 | 0 | 0 | 0 | 0 | 0 | 0 | 0 | 0 | 0 | 0 | 0 | 0 | 0 | 0 | 0 | 0 | 0 | 0 | 0 | 0 | 0 | 0 | 0 |  0 | 0 | 0 | 0 | 1 | 1 | 0 | 0 | 0 | 0 | 0 | 0 | 0 | 0 | 0 | 0 | 0 | 0 | 0 | 1 | 0 | 0 | 1 | 0 | 0 | 0 | 0 | 0 | 0 | 1 | 0 | 0 | 0 | 0 | 0 | 0 | 0 | 0 |
63 | Thompson, William Reid | CORNELL UNIVERSITY. | 1984 | male | 2 | 13 | 1998 | 3 | 37 | 2008 | 0 | 0 | 0 | 0 | 0 | 2 | 0 | 0 | 2 | 0 | 4 | 3 | 1 | 1 | 0 | 1 | 0 | 0 | 0 | 1 | 0 | 0 | 0 | 0 | 0 | 0 | 0 | 0 | 0 | 0 | 0 | 0 | 0 | 0 | 0 | 0 | 0 | 0 |  0 | 0 | 0 | 0 | 0 | 3 | 0 | 1 | 5 | 1 | 8 | 3 | 1 | 2 | 3 | 6 | 2 | 0 | 0 | 2 | 0 | 0 | 0 | 0 | 0 | 1 | 1 | 0 | 0 | 1 | 0 | 0 | 0 | 0 | 0 | 0 | 0 | 0 |
64 | Ambruster, Carol Winifred | UNIVERSITY OF PENNSYLVANIA. | 1984 | female | 4 | 7 | 2012 | 4 | 15 | 2012 | 0 | 0 | 0 | 0 | 1 | 3 | 0 | 3 | 1 | 0 | 1 | 0 | 0 | 0 | 0 | 0 | 0 | 0 | 1 | 0 | 0 | 0 | 0 | 0 | 0 | 0 | 0 | 0 | 0 | 0 | 0 | 0 | 0 | 1 | 0 | 0 | 0 | 0 |  0 | 0 | 0 | 0 | 1 | 3 | 0 | 3 | 1 | 2 | 3 | 0 | 1 | 0 | 0 | 0 | 1 | 0 | 1 | 0 | 1 | 1 | 0 | 0 | 0 | 0 | 0 | 0 | 0 | 0 | 0 | 0 | 0 | 1 | 0 | 0 | 0 | 0 |
65 | Fitzpatrick, Edward Luke | THE UNIVERSITY OF WISCONSIN - MADISON. | 1984 | male | 6 | 25 | 2010 | 9 | 59 | 2015 | 0 | 0 | 0 | 2 | 1 | 3 | 3 | 2 | 1 | 2 | 0 | 3 | 0 | 0 | 1 | 1 | 0 | 1 | 2 | 0 | 2 | 0 | 0 | 1 | 1 | 0 | 2 | 0 | 1 | 0 | 1 | 1 | 0 | 0 | 0 | 0 | 0 | 0 |  0 | 0 | 0 | 3 | 3 | 3 | 4 | 3 | 2 | 4 | 1 | 6 | 3 | 1 | 4 | 1 | 1 | 1 | 2 | 5 | 2 | 5 | 1 | 2 | 1 | 0 | 3 | 0 | 1 | 0 | 1 | 3 | 1 | 0 | 0 | 0 | 1 | 0 |
66 | Gunkler, Todd Alan | UNIVERSITY OF CALIFORNIA, SAN DIEGO. | 1984 | male | 2 | 0 | 1984 | 6 | 1 | 1985 | 0 | 0 | 0 | 0 | 0 | 2 | 0 | 0 | 0 | 0 | 0 | 0 | 0 | 0 | 0 | 0 | 0 | 0 | 0 | 0 | 0 | 0 | 0 | 0 | 0 | 0 | 0 | 0 | 0 | 0 | 0 | 0 | 0 | 0 | 0 | 0 | 0 | 0 |  0 | 0 | 0 | 2 | 0 | 4 | 1 | 0 | 0 | 0 | 0 | 0 | 0 | 0 | 0 | 0 | 0 | 0 | 0 | 0 | 0 | 0 | 0 | 0 | 0 | 0 | 0 | 0 | 0 | 0 | 0 | 0 | 0 | 0 | 0 | 0 | 0 | 0 |
67 | Siah, Javad | UNIVERSITY OF PENNSYLVANIA. | 1984 | male | 1 | 0 | 1984 | 1 | 0 | 1984 | 0 | 0 | 0 | 0 | 0 | 1 | 0 | 0 | 0 | 0 | 0 | 0 | 0 | 0 | 0 | 0 | 0 | 0 | 0 | 0 | 0 | 0 | 0 | 0 | 0 | 0 | 0 | 0 | 0 | 0 | 0 | 0 | 0 | 0 | 0 | 0 | 0 | 0 |  0 | 0 | 0 | 0 | 0 | 1 | 0 | 0 | 0 | 0 | 0 | 0 | 0 | 0 | 0 | 0 | 0 | 0 | 0 | 0 | 0 | 0 | 0 | 0 | 0 | 0 | 0 | 0 | 0 | 0 | 0 | 0 | 0 | 0 | 0 | 0 | 0 | 0 |
68 | Terebey, Susan | UNIVERSITY OF CALIFORNIA, BERKELEY. | 1984 | female | 2 | 13 | 2009 | 3 | 58 | 2016 | 0 | 0 | 0 | 0 | 0 | 2 | 0 | 2 | 0 | 1 | 1 | 1 | 0 | 1 | 1 | 1 | 0 | 0 | 0 | 1 | 0 | 1 | 0 | 0 | 1 | 0 | 0 | 1 | 0 | 0 | 1 | 0 | 0 | 0 | 0 | 0 | 0 | 0 |  0 | 0 | 0 | 0 | 0 | 3 | 0 | 2 | 1 | 1 | 3 | 1 | 0 | 1 | 1 | 4 | 1 | 11 | 2 | 5 | 2 | 1 | 0 | 0 | 1 | 0 | 0 | 1 | 0 | 0 | 1 | 5 | 2 | 2 | 1 | 5 | 3 | 1 |
69 | Carroll, Timothy John | UNIVERSITY OF MASSACHUSETTS. | 1984 | male | 3 | 3 | 2007 | 4 | 7 | 2017 | 0 | 0 | 1 | 0 | 1 | 1 | 2 | 0 | 0 | 0 | 0 | 0 | 0 | 0 | 0 | 0 | 0 | 0 | 0 | 0 | 0 | 0 | 0 | 0 | 0 | 0 | 0 | 0 | 1 | 0 | 0 | 0 | 0 | 0 | 0 | 0 | 0 | 0 |  0 | 0 | 1 | 1 | 1 | 1 | 2 | 0 | 0 | 0 | 0 | 0 | 0 | 0 | 0 | 0 | 0 | 0 | 0 | 0 | 0 | 0 | 0 | 0 | 0 | 0 | 1 | 1 | 1 | 0 | 0 | 0 | 1 | 0 | 0 | 0 | 0 | 0 |
70 | Dewey, Rachel J. | PRINCETON UNIVERSITY. | 1984 | female | 2 | 7 | 1996 | 2 | 24 | 2015 | 0 | 0 | 0 | 0 | 1 | 1 | 1 | 1 | 1 | 1 | 0 | 0 | 0 | 1 | 0 | 1 | 0 | 1 | 0 | 0 | 0 | 0 | 0 | 0 | 0 | 0 | 0 | 0 | 0 | 0 | 0 | 0 | 0 | 0 | 0 | 0 | 0 | 0 |  0 | 0 | 0 | 0 | 1 | 1 | 3 | 2 | 1 | 2 | 1 | 1 | 1 | 1 | 2 | 2 | 0 | 3 | 0 | 0 | 0 | 0 | 0 | 0 | 0 | 0 | 1 | 1 | 1 | 0 | 0 | 0 | 0 | 0 | 0 | 0 | 2 | 0 |
71 | Eisenhardt, Peter Ronald Manuel | THE UNIVERSITY OF ARIZONA. | 1984 | male | 1 | 7 | 2012 | 1 | 146 | 2016 | 0 | 0 | 0 | 0 | 0 | 1 | 0 | 0 | 1 | 0 | 1 | 1 | 0 | 1 | 0 | 0 | 0 | 0 | 0 | 0 | 0 | 0 | 0 | 0 | 0 | 0 | 0 | 0 | 0 | 1 | 0 | 1 | 0 | 1 | 0 | 0 | 0 | 0 |  0 | 0 | 0 | 0 | 0 | 1 | 0 | 1 | 1 | 1 | 1 | 2 | 1 | 2 | 0 | 1 | 1 | 0 | 0 | 0 | 3 | 2 | 1 | 3 | 1 | 12 | 7 | 9 | 9 | 8 | 5 | 5 | 14 | 20 | 13 | 10 | 6 | 7 |
72 | Smith, S. E. | Toledo Univ., OH. | 1984 | None | 8 | 1 | 1994 | 8 | 21 | 2017 | 2 | 2 | 2 | 1 | 0 | 1 | 0 | 0 | 0 | 0 | 0 | 0 | 0 | 0 | 0 | 1 | 0 | 0 | 0 | 0 | 0 | 0 | 0 | 0 | 0 | 0 | 0 | 0 | 0 | 0 | 0 | 0 | 0 | 0 | 0 | 0 | 0 | 0 |  2 | 2 | 2 | 1 | 0 | 1 | 0 | 0 | 0 | 0 | 0 | 0 | 0 | 0 | 1 | 1 | 1 | 0 | 0 | 1 | 0 | 0 | 0 | 0 | 0 | 1 | 0 | 1 | 0 | 0 | 2 | 0 | 4 | 3 | 0 | 0 | 0 | 5 |
73 | Hinson, D. P. | Stanford Univ., CA. | 1984 | None | 6 | 21 | 2017 | 6 | 62 | 2017 | 0 | 0 | 0 | 1 | 2 | 3 | 0 | 1 | 0 | 0 | 0 | 0 | 1 | 0 | 1 | 0 | 1 | 0 | 1 | 2 | 1 | 1 | 1 | 1 | 1 | 2 | 0 | 1 | 0 | 2 | 0 | 1 | 0 | 1 | 0 | 1 | 0 | 0 |  0 | 0 | 0 | 1 | 2 | 3 | 0 | 2 | 2 | 0 | 1 | 1 | 1 | 2 | 1 | 1 | 1 | 0 | 3 | 2 | 1 | 1 | 3 | 2 | 2 | 5 | 3 | 4 | 1 | 5 | 0 | 3 | 0 | 4 | 1 | 2 | 2 | 5 |
74 | Kornacki, A. S. | Harvard University, Cambridge, MA. | 1984 | None | 10 | 4 | 1986 | 12 | 6 | 1987 | 0 | 0 | 1 | 1 | 1 | 7 | 2 | 2 | 0 | 0 | 0 | 0 | 0 | 0 | 0 | 0 | 0 | 0 | 0 | 0 | 0 | 0 | 0 | 0 | 0 | 0 | 0 | 0 | 0 | 0 | 0 | 0 | 0 | 0 | 0 | 0 | 0 | 0 |  0 | 0 | 1 | 1 | 2 | 8 | 3 | 2 | 1 | 0 | 0 | 0 | 0 | 0 | 0 | 0 | 0 | 0 | 0 | 0 | 0 | 0 | 0 | 0 | 0 | 0 | 0 | 0 | 0 | 0 | 0 | 0 | 0 | 0 | 0 | 0 | 0 | 0 |
75 | Lacasse, Marc George | THE UNIVERSITY OF ROCHESTER. | 1984 | male | 4 | 0 | 1984 | 6 | 38 | 2011 | 0 | 1 | 1 | 1 | 0 | 1 | 0 | 0 | 0 | 0 | 0 | 0 | 0 | 0 | 0 | 0 | 0 | 0 | 0 | 0 | 0 | 0 | 0 | 0 | 0 | 0 | 0 | 0 | 0 | 0 | 0 | 0 | 0 | 0 | 0 | 0 | 0 | 0 |  1 | 1 | 2 | 1 | 0 | 1 | 1 | 2 | 0 | 0 | 0 | 0 | 0 | 0 | 0 | 0 | 1 | 1 | 0 | 1 | 2 | 0 | 1 | 3 | 1 | 6 | 5 | 4 | 1 | 2 | 4 | 2 | 1 | 0 | 0 | 0 | 0 | 0 |
76 | Hodges, Mark Warren | THE UNIVERSITY OF IOWA. | 1984 | male | 2 | 1 | 2009 | 2 | 13 | 2009 | 0 | 0 | 0 | 0 | 0 | 2 | 0 | 0 | 0 | 0 | 0 | 0 | 0 | 0 | 0 | 0 | 0 | 0 | 0 | 0 | 0 | 0 | 0 | 0 | 0 | 0 | 0 | 0 | 0 | 0 | 1 | 0 | 0 | 0 | 0 | 0 | 0 | 0 |  0 | 0 | 0 | 0 | 0 | 2 | 1 | 1 | 0 | 0 | 1 | 1 | 0 | 1 | 2 | 0 | 0 | 1 | 0 | 1 | 0 | 0 | 0 | 0 | 0 | 0 | 0 | 0 | 0 | 1 | 3 | 0 | 0 | 0 | 0 | 0 | 0 | 0 |
77 | Kulkarni, Anil Dattatray | Mathematics Department, University of Illinois | 1984 | male | 4 | 1 | 1985 | 5 | 1 | 1985 | 0 | 0 | 0 | 0 | 1 | 3 | 1 | 0 | 0 | 0 | 0 | 0 | 0 | 0 | 0 | 0 | 0 | 0 | 0 | 0 | 0 | 0 | 0 | 0 | 0 | 0 | 0 | 0 | 0 | 0 | 0 | 0 | 0 | 0 | 0 | 0 | 0 | 0 |  0 | 0 | 0 | 1 | 1 | 3 | 1 | 0 | 0 | 0 | 0 | 0 | 0 | 0 | 0 | 0 | 0 | 0 | 0 | 0 | 0 | 0 | 0 | 0 | 0 | 0 | 0 | 0 | 0 | 0 | 0 | 0 | 0 | 0 | 0 | 0 | 0 | 0 |
78 | Lecompte, Malcolm Aaron | UNIVERSITY OF COLORADO AT BOULDER. | 1984 | male | 1 | 0 | 1984 | 1 | 7 | 2015 | 0 | 0 | 0 | 0 | 0 | 1 | 0 | 0 | 0 | 0 | 0 | 0 | 0 | 0 | 0 | 0 | 0 | 0 | 0 | 0 | 0 | 0 | 0 | 0 | 0 | 0 | 0 | 0 | 0 | 0 | 0 | 0 | 0 | 0 | 0 | 0 | 0 | 0 |  0 | 0 | 0 | 0 | 0 | 1 | 1 | 0 | 0 | 0 | 1 | 0 | 0 | 0 | 0 | 0 | 0 | 0 | 0 | 0 | 0 | 0 | 0 | 0 | 0 | 0 | 0 | 0 | 0 | 0 | 0 | 0 | 1 | 1 | 2 | 0 | 1 | 0 |
79 | Randel, William John | IOWA STATE UNIVERSITY. | 1984 | male | 1 | 14 | 2009 | 1 | 30 | 2015 | 0 | 0 | 0 | 0 | 0 | 1 | 0 | 0 | 3 | 2 | 0 | 1 | 0 | 0 | 2 | 2 | 1 | 0 | 0 | 0 | 1 | 0 | 0 | 0 | 0 | 0 | 1 | 0 | 0 | 0 | 1 | 0 | 0 | 0 | 0 | 0 | 0 | 0 |  0 | 0 | 0 | 0 | 0 | 1 | 0 | 0 | 3 | 2 | 0 | 1 | 0 | 0 | 2 | 2 | 1 | 2 | 1 | 1 | 3 | 1 | 0 | 2 | 0 | 0 | 1 | 0 | 0 | 3 | 2 | 0 | 1 | 1 | 0 | 0 | 1 | 0 |
80 | Bloemhof, Eric Edward | UNIVERSITY OF CALIFORNIA, BERKELEY. | 1984 | male | 2 | 23 | 2011 | 3 | 30 | 2011 | 0 | 0 | 0 | 0 | 0 | 2 | 1 | 1 | 0 | 1 | 1 | 0 | 0 | 1 | 2 | 2 | 2 | 1 | 0 | 1 | 1 | 1 | 1 | 0 | 1 | 3 | 1 | 0 | 1 | 0 | 0 | 0 | 1 | 0 | 0 | 0 | 0 | 0 |  0 | 0 | 0 | 1 | 0 | 2 | 1 | 1 | 0 | 1 | 1 | 0 | 0 | 1 | 2 | 3 | 5 | 1 | 0 | 1 | 1 | 1 | 2 | 0 | 2 | 3 | 1 | 0 | 1 | 0 | 1 | 0 | 1 | 0 | 0 | 0 | 0 | 0 |
81 | Castelaz, Michael William | UNIVERSITY OF WYOMING. | 1984 | male | 1 | 16 | 2014 | 4 | 32 | 2014 | 0 | 0 | 0 | 0 | 0 | 1 | 3 | 2 | 2 | 1 | 2 | 1 | 1 | 0 | 0 | 0 | 0 | 0 | 1 | 0 | 0 | 2 | 0 | 0 | 0 | 0 | 0 | 0 | 0 | 0 | 0 | 0 | 0 | 0 | 0 | 1 | 0 | 0 |  0 | 0 | 0 | 1 | 1 | 2 | 4 | 2 | 3 | 4 | 3 | 3 | 2 | 1 | 0 | 1 | 1 | 1 | 1 | 0 | 0 | 2 | 0 | 1 | 0 | 0 | 0 | 0 | 1 | 0 | 0 | 0 | 0 | 1 | 0 | 1 | 0 | 0 |
82 | Dermer, Charles Dennison | UNIVERSITY OF CALIFORNIA, SAN DIEGO. | 1984 | male | 2 | 87 | 2016 | 2 | 357 | 2016 | 0 | 0 | 0 | 0 | 0 | 2 | 2 | 4 | 1 | 3 | 3 | 1 | 9 | 3 | 3 | 2 | 4 | 2 | 3 | 2 | 6 | 3 | 4 | 3 | 1 | 5 | 2 | 4 | 4 | 1 | 2 | 1 | 1 | 3 | 1 | 2 | 1 | 1 |  0 | 0 | 0 | 0 | 0 | 2 | 2 | 5 | 3 | 4 | 3 | 3 | 10 | 6 | 3 | 7 | 18 | 12 | 7 | 4 | 12 | 9 | 5 | 5 | 4 | 10 | 4 | 6 | 7 | 6 | 38 | 55 | 27 | 37 | 18 | 17 | 6 | 4 |
83 | Barden, Samuel Charles | THE PENNSYLVANIA STATE UNIVERSITY. | 1984 | male | 4 | 8 | 2000 | 7 | 20 | 2015 | 0 | 1 | 1 | 0 | 0 | 2 | 1 | 2 | 1 | 0 | 1 | 0 | 0 | 0 | 0 | 0 | 0 | 2 | 0 | 0 | 0 | 1 | 0 | 0 | 0 | 0 | 0 | 0 | 0 | 0 | 0 | 0 | 0 | 0 | 0 | 0 | 0 | 0 |  0 | 1 | 2 | 0 | 2 | 2 | 1 | 5 | 3 | 1 | 2 | 1 | 0 | 0 | 0 | 0 | 0 | 2 | 0 | 0 | 2 | 1 | 1 | 0 | 0 | 0 | 0 | 0 | 0 | 0 | 0 | 0 | 0 | 0 | 0 | 0 | 1 | 0 |
84 | Thompson, Christopher John Campbell | THE UNIVERSITY OF ARIZONA. | 1984 | male | 1 | 23 | 2017 | 1 | 65 | 2017 | 0 | 0 | 0 | 0 | 0 | 1 | 0 | 0 | 0 | 2 | 0 | 0 | 0 | 0 | 1 | 2 | 1 | 2 | 0 | 2 | 0 | 3 | 2 | 1 | 0 | 0 | 1 | 1 | 1 | 2 | 0 | 0 | 0 | 0 | 0 | 1 | 0 | 0 |  0 | 0 | 0 | 0 | 0 | 1 | 0 | 1 | 1 | 2 | 0 | 0 | 0 | 1 | 1 | 2 | 1 | 2 | 0 | 4 | 5 | 6 | 6 | 2 | 1 | 3 | 4 | 2 | 4 | 2 | 2 | 0 | 0 | 1 | 3 | 3 | 4 | 0 |
85 | Wang, Bin | THE FLORIDA STATE UNIVERSITY. | 1984 | male | 2 | 92 | 2017 | 5 | 340 | 2017 | 0 | 0 | 0 | 1 | 0 | 1 | 1 | 3 | 0 | 1 | 0 | 0 | 0 | 1 | 0 | 0 | 1 | 4 | 0 | 4 | 9 | 5 | 4 | 2 | 3 | 3 | 8 | 4 | 4 | 5 | 4 | 5 | 2 | 3 | 2 | 5 | 3 | 3 |  0 | 0 | 1 | 1 | 1 | 2 | 1 | 3 | 0 | 1 | 0 | 0 | 2 | 1 | 1 | 1 | 1 | 5 | 0 | 5 | 10 | 8 | 7 | 5 | 13 | 9 | 21 | 17 | 24 | 30 | 28 | 22 | 22 | 22 | 23 | 19 | 17 | 14 |
86 | Serabyn, Eugene | UNIVERSITY OF CALIFORNIA, BERKELEY. | 1984 | male | 1 | 32 | 2017 | 3 | 163 | 2017 | 0 | 0 | 0 | 0 | 0 | 1 | 1 | 2 | 1 | 1 | 0 | 0 | 4 | 2 | 2 | 2 | 3 | 2 | 2 | 2 | 0 | 2 | 0 | 0 | 0 | 0 | 0 | 0 | 1 | 0 | 2 | 1 | 0 | 1 | 0 | 0 | 0 | 0 |  0 | 0 | 1 | 1 | 0 | 1 | 3 | 6 | 2 | 1 | 0 | 1 | 7 | 4 | 6 | 7 | 3 | 8 | 2 | 4 | 3 | 4 | 2 | 1 | 2 | 3 | 4 | 0 | 2 | 1 | 9 | 5 | 8 | 6 | 13 | 8 | 14 | 13 |
87 | Hughes, John Patrick | COLUMBIA UNIVERSITY. | 1984 | male | 3 | 30 | 2015 | 4 | 249 | 2017 | 0 | 0 | 0 | 0 | 0 | 3 | 1 | 0 | 1 | 2 | 1 | 0 | 2 | 1 | 2 | 3 | 2 | 0 | 0 | 3 | 1 | 4 | 1 | 0 | 2 | 0 | 0 | 1 | 1 | 0 | 0 | 0 | 0 | 0 | 0 | 1 | 1 | 0 |  0 | 0 | 0 | 1 | 0 | 3 | 1 | 1 | 2 | 4 | 2 | 1 | 5 | 3 | 4 | 9 | 4 | 6 | 2 | 6 | 4 | 11 | 6 | 4 | 11 | 8 | 4 | 8 | 20 | 17 | 12 | 12 | 16 | 13 | 14 | 14 | 11 | 7 |
88 | Kang, I. S. | Oregon State University, Corvallis. | 1984 | None | 1 | 3 | 2010 | 1 | 16 | 2011 | 0 | 0 | 0 | 0 | 0 | 1 | 0 | 0 | 0 | 0 | 0 | 0 | 0 | 0 | 0 | 0 | 0 | 0 | 0 | 0 | 0 | 1 | 0 | 0 | 0 | 0 | 0 | 1 | 0 | 0 | 0 | 1 | 0 | 0 | 0 | 0 | 0 | 0 |  0 | 0 | 0 | 0 | 0 | 1 | 0 | 0 | 0 | 0 | 0 | 0 | 0 | 0 | 0 | 0 | 0 | 0 | 0 | 0 | 0 | 1 | 3 | 0 | 1 | 2 | 3 | 2 | 0 | 1 | 0 | 2 | 1 | 0 | 0 | 0 | 0 | 0 |
89 | Filippenko, Alexei Vladimir | CALIFORNIA INSTITUTE OF TECHNOLOGY. | 1984 | male | 6 | 45 | 2005 | 8 | 720 | 2017 | 0 | 0 | 1 | 2 | 0 | 3 | 5 | 3 | 0 | 6 | 5 | 1 | 0 | 5 | 3 | 1 | 4 | 1 | 2 | 2 | 2 | 0 | 1 | 0 | 1 | 2 | 1 | 0 | 0 | 0 | 0 | 0 | 0 | 0 | 0 | 0 | 0 | 0 |  0 | 0 | 1 | 2 | 1 | 4 | 7 | 6 | 1 | 10 | 9 | 7 | 9 | 10 | 20 | 10 | 18 | 26 | 21 | 17 | 25 | 18 | 26 | 29 | 22 | 20 | 23 | 31 | 28 | 32 | 37 | 34 | 43 | 31 | 30 | 34 | 29 | 38 |
90 | Schombert, James Moeller | YALE UNIVERSITY. | 1984 | male | 1 | 31 | 2017 | 2 | 96 | 2017 | 0 | 0 | 0 | 0 | 0 | 1 | 0 | 1 | 3 | 2 | 1 | 3 | 0 | 1 | 2 | 0 | 1 | 0 | 1 | 1 | 0 | 0 | 1 | 0 | 0 | 1 | 0 | 1 | 0 | 0 | 2 | 0 | 1 | 1 | 2 | 2 | 2 | 1 |  0 | 1 | 0 | 0 | 0 | 1 | 0 | 1 | 5 | 4 | 3 | 10 | 4 | 2 | 3 | 3 | 7 | 1 | 4 | 3 | 0 | 5 | 3 | 1 | 2 | 3 | 2 | 1 | 2 | 1 | 2 | 1 | 1 | 1 | 3 | 4 | 5 | 5 |
91 | Hereld, M. | California Institute of Technology, Pasadena. | 1984 | None | 1 | 1 | 1994 | 1 | 13 | 2000 | 0 | 0 | 0 | 0 | 0 | 1 | 0 | 0 | 0 | 0 | 0 | 0 | 0 | 0 | 0 | 1 | 0 | 0 | 0 | 0 | 0 | 0 | 0 | 0 | 0 | 0 | 0 | 0 | 0 | 0 | 0 | 0 | 0 | 0 | 0 | 0 | 0 | 0 |  0 | 0 | 0 | 0 | 0 | 1 | 0 | 0 | 0 | 0 | 2 | 1 | 2 | 0 | 2 | 2 | 0 | 1 | 0 | 1 | 1 | 1 | 0 | 0 | 0 | 0 | 0 | 0 | 0 | 0 | 0 | 0 | 0 | 0 | 0 | 0 | 0 | 0 |
92 | Sackvillehamilton, A. J. | Virginia Univ., Charlottesville. | 1984 | None | 1 | 0 | 1984 | 1 | 0 | 1984 | 0 | 0 | 0 | 0 | 0 | 1 | 0 | 0 | 0 | 0 | 0 | 0 | 0 | 0 | 0 | 0 | 0 | 0 | 0 | 0 | 0 | 0 | 0 | 0 | 0 | 0 | 0 | 0 | 0 | 0 | 0 | 0 | 0 | 0 | 0 | 0 | 0 | 0 |  0 | 0 | 0 | 0 | 0 | 1 | 0 | 0 | 0 | 0 | 0 | 0 | 0 | 0 | 0 | 0 | 0 | 0 | 0 | 0 | 0 | 0 | 0 | 0 | 0 | 0 | 0 | 0 | 0 | 0 | 0 | 0 | 0 | 0 | 0 | 0 | 0 | 0 |
93 | Schmitt, Jurgen Harry Max Michael | HARVARD UNIVERSITY. | 1984 | male | 4 | 57 | 2017 | 5 | 383 | 2017 | 0 | 1 | 0 | 0 | 1 | 2 | 4 | 2 | 2 | 1 | 1 | 5 | 1 | 1 | 4 | 4 | 1 | 4 | 4 | 3 | 1 | 1 | 1 | 2 | 1 | 2 | 1 | 0 | 1 | 2 | 0 | 2 | 0 | 1 | 0 | 1 | 0 | 2 |  0 | 1 | 0 | 1 | 1 | 2 | 4 | 3 | 3 | 6 | 3 | 12 | 9 | 10 | 12 | 19 | 29 | 27 | 17 | 14 | 11 | 8 | 9 | 8 | 14 | 14 | 13 | 6 | 8 | 15 | 17 | 19 | 9 | 14 | 10 | 6 | 9 | 16 |
94 | Tariq, Gul Feroze | UNIVERSITY OF KANSAS. | 1984 | female | 2 | 1 | 1985 | 2 | 1 | 1985 | 0 | 0 | 0 | 0 | 1 | 1 | 1 | 0 | 0 | 0 | 0 | 0 | 0 | 0 | 0 | 0 | 0 | 0 | 0 | 0 | 0 | 0 | 0 | 0 | 0 | 0 | 0 | 0 | 0 | 0 | 0 | 0 | 0 | 0 | 0 | 0 | 0 | 0 |  0 | 0 | 0 | 0 | 1 | 1 | 1 | 0 | 0 | 0 | 0 | 0 | 0 | 0 | 0 | 0 | 0 | 0 | 0 | 0 | 0 | 0 | 0 | 0 | 0 | 0 | 0 | 0 | 0 | 0 | 0 | 0 | 0 | 0 | 0 | 0 | 0 | 0 |
95 | Buie, Marc William | THE UNIVERSITY OF ARIZONA. | 1984 | male | 1 | 22 | 2016 | 1 | 121 | 2017 | 0 | 0 | 0 | 0 | 0 | 1 | 0 | 0 | 2 | 0 | 1 | 0 | 0 | 2 | 0 | 1 | 0 | 0 | 2 | 0 | 0 | 1 | 0 | 0 | 1 | 0 | 0 | 1 | 0 | 0 | 0 | 4 | 1 | 1 | 1 | 0 | 2 | 2 |  0 | 0 | 0 | 0 | 0 | 1 | 1 | 0 | 6 | 3 | 1 | 2 | 1 | 3 | 1 | 2 | 2 | 1 | 8 | 1 | 3 | 3 | 2 | 5 | 6 | 0 | 3 | 5 | 3 | 3 | 4 | 6 | 6 | 5 | 3 | 4 | 7 | 15 |
96 | Campbell, Belva Geneva Stroud | THE UNIVERSITY OF ARIZONA. | 1984 | female | 10 | 9 | 1991 | 24 | 22 | 2015 | 1 | 0 | 0 | 1 | 1 | 7 | 3 | 3 | 0 | 1 | 0 | 1 | 1 | 0 | 0 | 0 | 0 | 0 | 0 | 0 | 0 | 0 | 0 | 0 | 0 | 0 | 0 | 0 | 0 | 0 | 0 | 0 | 0 | 0 | 0 | 0 | 0 | 0 |  1 | 1 | 1 | 5 | 5 | 11 | 4 | 3 | 0 | 1 | 1 | 3 | 3 | 0 | 2 | 1 | 1 | 0 | 0 | 0 | 1 | 1 | 0 | 0 | 0 | 0 | 0 | 0 | 0 | 0 | 0 | 0 | 0 | 0 | 0 | 0 | 1 | 0 |
97 | Hawley, John Frederick | UNIVERSITY OF ILLINOIS AT URBANA-CHAMPAIGN. | 1984 | male | 3 | 29 | 2015 | 4 | 79 | 2015 | 0 | 0 | 0 | 0 | 0 | 3 | 0 | 1 | 1 | 0 | 1 | 1 | 2 | 1 | 0 | 0 | 4 | 1 | 0 | 1 | 2 | 1 | 3 | 2 | 1 | 1 | 0 | 1 | 1 | 0 | 1 | 0 | 1 | 0 | 1 | 0 | 1 | 0 |  0 | 0 | 0 | 0 | 1 | 3 | 0 | 1 | 1 | 2 | 1 | 2 | 3 | 4 | 2 | 2 | 5 | 3 | 0 | 2 | 2 | 4 | 3 | 5 | 7 | 2 | 2 | 3 | 2 | 3 | 6 | 2 | 3 | 1 | 3 | 1 | 2 | 0 |
98 | Arion, Douglas Norman | UNIVERSITY OF MARYLAND COLLEGE PARK. | 1984 | male | 2 | 1 | 1985 | 2 | 3 | 2015 | 0 | 0 | 0 | 0 | 0 | 2 | 1 | 0 | 0 | 0 | 0 | 0 | 0 | 0 | 0 | 0 | 0 | 0 | 0 | 0 | 0 | 0 | 0 | 0 | 0 | 0 | 0 | 0 | 0 | 0 | 0 | 0 | 0 | 0 | 0 | 0 | 0 | 0 |  0 | 0 | 0 | 0 | 0 | 2 | 1 | 0 | 0 | 0 | 0 | 0 | 0 | 0 | 0 | 0 | 0 | 0 | 0 | 0 | 0 | 0 | 0 | 0 | 0 | 0 | 0 | 0 | 0 | 0 | 0 | 0 | 0 | 1 | 0 | 0 | 1 | 0 |
99 | Moore, T. E. | Stanford Univ., CA. | 1984 | None | 5 | 37 | 2014 | 12 | 230 | 2017 | 0 | 1 | 1 | 2 | 0 | 1 | 2 | 5 | 1 | 1 | 1 | 0 | 0 | 0 | 0 | 0 | 4 | 2 | 1 | 1 | 2 | 3 | 2 | 1 | 1 | 0 | 2 | 0 | 2 | 1 | 0 | 2 | 0 | 0 | 2 | 1 | 0 | 0 |  0 | 1 | 3 | 5 | 1 | 2 | 10 | 6 | 4 | 6 | 4 | 4 | 4 | 10 | 3 | 9 | 12 | 9 | 8 | 10 | 5 | 10 | 10 | 6 | 7 | 7 | 14 | 4 | 7 | 9 | 8 | 7 | 4 | 5 | 5 | 6 | 1 | 14 |
100 | Steiman-Cameron, Thomas Yoshiahu | INDIANA UNIVERSITY. | 1984 | male | 2 | 13 | 2013 | 3 | 42 | 2015 | 0 | 0 | 0 | 1 | 0 | 1 | 1 | 1 | 0 | 1 | 1 | 2 | 0 | 1 | 0 | 1 | 0 | 0 | 2 | 0 | 1 | 0 | 0 | 0 | 0 | 0 | 0 | 0 | 0 | 0 | 0 | 1 | 0 | 0 | 1 | 0 | 0 | 0 |  0 | 0 | 0 | 1 | 0 | 2 | 2 | 2 | 2 | 4 | 5 | 4 | 2 | 1 | 3 | 2 | 0 | 0 | 3 | 1 | 2 | 3 | 0 | 0 | 0 | 0 | 0 | 1 | 0 | 1 | 0 | 1 | 0 | 1 | 1 | 0 | 1 | 0 |
101 | Tennyson, Peter Donald | THE JOHNS HOPKINS UNIVERSITY. | 1984 | male | 1 | 3 | 1988 | 1 | 6 | 1990 | 0 | 0 | 0 | 0 | 0 | 1 | 0 | 1 | 1 | 1 | 0 | 0 | 0 | 0 | 0 | 0 | 0 | 0 | 0 | 0 | 0 | 0 | 0 | 0 | 0 | 0 | 0 | 0 | 0 | 0 | 0 | 0 | 0 | 0 | 0 | 0 | 0 | 0 |  0 | 0 | 0 | 0 | 0 | 1 | 0 | 1 | 2 | 1 | 1 | 1 | 0 | 0 | 0 | 0 | 0 | 0 | 0 | 0 | 0 | 0 | 0 | 0 | 0 | 0 | 0 | 0 | 0 | 0 | 0 | 0 | 0 | 0 | 0 | 0 | 0 | 0 |
102 | Urry, Claudia Megan | THE JOHNS HOPKINS UNIVERSITY. | 1984 | female | 4 | 21 | 2002 | 6 | 243 | 2017 | 0 | 0 | 0 | 2 | 0 | 2 | 0 | 2 | 0 | 2 | 1 | 1 | 4 | 0 | 2 | 0 | 1 | 1 | 1 | 1 | 3 | 1 | 0 | 1 | 0 | 0 | 0 | 0 | 0 | 0 | 0 | 0 | 0 | 0 | 0 | 0 | 0 | 0 |  0 | 1 | 0 | 2 | 0 | 3 | 1 | 3 | 1 | 2 | 2 | 4 | 9 | 2 | 6 | 5 | 5 | 4 | 9 | 7 | 18 | 11 | 9 | 10 | 5 | 8 | 8 | 9 | 14 | 5 | 12 | 8 | 3 | 9 | 12 | 7 | 13 | 16 |
103 | Vladimir, F. A. | California Institute of Technology, Pasadena. | 1984 | None | 1 | 0 | 1984 | 1 | 0 | 1984 | 0 | 0 | 0 | 0 | 0 | 1 | 0 | 0 | 0 | 0 | 0 | 0 | 0 | 0 | 0 | 0 | 0 | 0 | 0 | 0 | 0 | 0 | 0 | 0 | 0 | 0 | 0 | 0 | 0 | 0 | 0 | 0 | 0 | 0 | 0 | 0 | 0 | 0 |  0 | 0 | 0 | 0 | 0 | 1 | 0 | 0 | 0 | 0 | 0 | 0 | 0 | 0 | 0 | 0 | 0 | 0 | 0 | 0 | 0 | 0 | 0 | 0 | 0 | 0 | 0 | 0 | 0 | 0 | 0 | 0 | 0 | 0 | 0 | 0 | 0 | 0 |
104 | Wagner, R. M. | Ohio State University, Columbus. | 1984 | None | 3 | 24 | 2012 | 7 | 335 | 2017 | 0 | 0 | 2 | 0 | 0 | 1 | 1 | 2 | 1 | 1 | 1 | 1 | 1 | 2 | 0 | 1 | 0 | 1 | 1 | 1 | 0 | 0 | 1 | 1 | 0 | 1 | 1 | 1 | 2 | 1 | 0 | 1 | 0 | 1 | 0 | 0 | 0 | 0 |  0 | 1 | 2 | 2 | 1 | 1 | 8 | 4 | 1 | 4 | 4 | 6 | 5 | 6 | 5 | 10 | 7 | 11 | 5 | 8 | 7 | 3 | 9 | 5 | 14 | 4 | 13 | 15 | 19 | 35 | 22 | 15 | 14 | 23 | 5 | 23 | 14 | 5 |
105 | Crisp, D. | Princeton Univ., NJ. | 1984 | None | 2 | 14 | 2004 | 5 | 144 | 2017 | 0 | 0 | 0 | 0 | 0 | 2 | 0 | 2 | 1 | 0 | 2 | 2 | 2 | 0 | 0 | 0 | 2 | 1 | 1 | 0 | 0 | 0 | 0 | 0 | 0 | 1 | 0 | 0 | 0 | 0 | 0 | 0 | 0 | 0 | 0 | 0 | 0 | 0 |  1 | 1 | 0 | 0 | 0 | 3 | 0 | 14 | 2 | 0 | 6 | 5 | 5 | 1 | 4 | 3 | 11 | 18 | 8 | 14 | 11 | 5 | 2 | 1 | 2 | 1 | 3 | 6 | 4 | 2 | 0 | 2 | 3 | 2 | 2 | 4 | 0 | 2 |
106 | Epstein, Gerald Lewis | UNIVERSITY OF CALIFORNIA, BERKELEY. | 1984 | male | 1 | 0 | 1984 | 5 | 8 | 2009 | 0 | 0 | 0 | 0 | 0 | 1 | 0 | 0 | 0 | 0 | 0 | 0 | 0 | 0 | 0 | 0 | 0 | 0 | 0 | 0 | 0 | 0 | 0 | 0 | 0 | 0 | 0 | 0 | 0 | 0 | 0 | 0 | 0 | 0 | 0 | 0 | 0 | 0 |  0 | 1 | 1 | 0 | 1 | 2 | 1 | 0 | 0 | 0 | 0 | 0 | 0 | 1 | 0 | 1 | 0 | 1 | 1 | 0 | 0 | 1 | 0 | 0 | 0 | 0 | 0 | 0 | 0 | 0 | 2 | 0 | 0 | 0 | 0 | 0 | 0 | 0 |
107 | Lichten, Stephen Morris | CALIFORNIA INSTITUTE OF TECHNOLOGY. | 1984 | male | 5 | 9 | 1998 | 8 | 27 | 1999 | 2 | 0 | 0 | 2 | 0 | 1 | 0 | 0 | 2 | 0 | 2 | 2 | 0 | 1 | 1 | 0 | 0 | 0 | 0 | 1 | 0 | 0 | 0 | 0 | 0 | 0 | 0 | 0 | 0 | 0 | 0 | 0 | 0 | 0 | 0 | 0 | 0 | 0 |  3 | 0 | 0 | 3 | 1 | 1 | 0 | 1 | 2 | 1 | 2 | 3 | 1 | 3 | 5 | 5 | 0 | 0 | 1 | 2 | 1 | 0 | 0 | 0 | 0 | 0 | 0 | 0 | 0 | 0 | 0 | 0 | 0 | 0 | 0 | 0 | 0 | 0 |
108 | Cheng, Kwong-Sang | COLUMBIA UNIVERSITY. | 1984 | male | 1 | 91 | 2016 | 1 | 303 | 2017 | 0 | 0 | 0 | 0 | 0 | 1 | 0 | 2 | 2 | 1 | 1 | 3 | 4 | 3 | 5 | 4 | 3 | 7 | 2 | 8 | 5 | 4 | 6 | 2 | 3 | 6 | 2 | 3 | 1 | 2 | 1 | 2 | 3 | 1 | 1 | 1 | 2 | 1 |  0 | 0 | 0 | 0 | 0 | 1 | 0 | 2 | 2 | 3 | 2 | 4 | 6 | 5 | 16 | 7 | 9 | 13 | 10 | 15 | 10 | 11 | 15 | 10 | 10 | 13 | 13 | 10 | 7 | 7 | 9 | 14 | 19 | 14 | 10 | 13 | 9 | 10 |
109 | Oliveira Filho, Kepler De Souza | THE UNIVERSITY OF TEXAS AT AUSTIN. | 1984 | male | 1 | 0 | 1984 | 1 | 0 | 1984 | 0 | 0 | 0 | 0 | 0 | 1 | 0 | 0 | 0 | 0 | 0 | 0 | 0 | 0 | 0 | 0 | 0 | 0 | 0 | 0 | 0 | 0 | 0 | 0 | 0 | 0 | 0 | 0 | 0 | 0 | 0 | 0 | 0 | 0 | 0 | 0 | 0 | 0 |  0 | 0 | 0 | 0 | 0 | 1 | 0 | 0 | 0 | 0 | 0 | 0 | 0 | 0 | 0 | 0 | 0 | 0 | 0 | 0 | 0 | 0 | 0 | 0 | 0 | 0 | 0 | 0 | 0 | 0 | 0 | 0 | 0 | 0 | 0 | 0 | 0 | 0 |
110 | Preston, Howard Glenn | UNIVERSITY OF CALIFORNIA, IRVINE. | 1984 | male | 1 | 0 | 1984 | 1 | 4 | 2012 | 0 | 0 | 0 | 0 | 0 | 1 | 0 | 0 | 0 | 0 | 0 | 0 | 0 | 0 | 0 | 0 | 0 | 0 | 0 | 0 | 0 | 0 | 0 | 0 | 0 | 0 | 0 | 0 | 0 | 0 | 0 | 0 | 0 | 0 | 0 | 0 | 0 | 0 |  0 | 0 | 0 | 0 | 0 | 1 | 0 | 0 | 0 | 0 | 0 | 0 | 0 | 0 | 0 | 0 | 0 | 0 | 0 | 0 | 0 | 0 | 0 | 0 | 0 | 0 | 0 | 0 | 2 | 1 | 0 | 0 | 0 | 1 | 0 | 0 | 0 | 0 |
111 | Barnard, John Juil | UNIVERSITY OF CALIFORNIA, BERKELEY. | 1984 | male | 1 | 2 | 1986 | 2 | 6 | 2011 | 0 | 0 | 0 | 0 | 0 | 1 | 0 | 2 | 0 | 0 | 0 | 0 | 0 | 0 | 0 | 0 | 0 | 0 | 0 | 0 | 0 | 0 | 0 | 0 | 0 | 0 | 0 | 0 | 0 | 0 | 0 | 0 | 0 | 0 | 0 | 0 | 0 | 0 |  0 | 0 | 0 | 0 | 1 | 1 | 1 | 4 | 0 | 0 | 0 | 0 | 0 | 0 | 0 | 0 | 0 | 0 | 0 | 0 | 0 | 0 | 0 | 0 | 0 | 0 | 0 | 0 | 0 | 0 | 0 | 0 | 1 | 0 | 0 | 0 | 0 | 0 |
112 | Hargrave, Alan Dee | BAYLOR UNIVERSITY. | 1984 | male | 1 | 0 | 1984 | 2 | 0 | 1984 | 0 | 0 | 0 | 0 | 0 | 1 | 0 | 0 | 0 | 0 | 0 | 0 | 0 | 0 | 0 | 0 | 0 | 0 | 0 | 0 | 0 | 0 | 0 | 0 | 0 | 0 | 0 | 0 | 0 | 0 | 0 | 0 | 0 | 0 | 0 | 0 | 0 | 0 |  0 | 0 | 0 | 0 | 0 | 2 | 0 | 0 | 0 | 0 | 0 | 0 | 0 | 0 | 0 | 0 | 0 | 0 | 0 | 0 | 0 | 0 | 0 | 0 | 0 | 0 | 0 | 0 | 0 | 0 | 0 | 0 | 0 | 0 | 0 | 0 | 0 | 0 |
113 | Mohanty, Ajaya K. | UNIVERSITY OF MARYLAND COLLEGE PARK. | 1984 | male | 2 | 1 | 1987 | 2 | 7 | 2016 | 0 | 0 | 0 | 0 | 0 | 2 | 0 | 0 | 1 | 0 | 0 | 0 | 0 | 0 | 0 | 0 | 0 | 0 | 0 | 0 | 0 | 0 | 0 | 0 | 0 | 0 | 0 | 0 | 0 | 0 | 0 | 0 | 0 | 0 | 0 | 0 | 0 | 0 |  0 | 0 | 0 | 0 | 0 | 2 | 0 | 0 | 1 | 0 | 2 | 0 | 0 | 0 | 0 | 0 | 0 | 0 | 0 | 0 | 0 | 0 | 0 | 0 | 0 | 0 | 0 | 0 | 0 | 0 | 0 | 0 | 0 | 1 | 1 | 0 | 0 | 2 |
114 | Hinson, David P. | STANFORD UNIVERSITY. | 1984 | male | 6 | 21 | 2017 | 6 | 67 | 2017 | 0 | 0 | 0 | 1 | 2 | 3 | 0 | 1 | 0 | 0 | 0 | 0 | 1 | 0 | 1 | 0 | 1 | 0 | 1 | 2 | 1 | 1 | 1 | 1 | 1 | 2 | 0 | 1 | 0 | 2 | 0 | 1 | 0 | 1 | 0 | 1 | 0 | 0 |  0 | 0 | 0 | 1 | 2 | 3 | 0 | 2 | 2 | 0 | 1 | 1 | 1 | 2 | 1 | 1 | 1 | 0 | 3 | 2 | 1 | 2 | 3 | 2 | 3 | 6 | 3 | 5 | 1 | 5 | 0 | 3 | 0 | 5 | 1 | 2 | 2 | 5 |
115 | Colman, Bradley Roy | MASSACHUSETTS INSTITUTE OF TECHNOLOGY. | 1984 | male | 1 | 0 | 1984 | 1 | 0 | 1984 | 0 | 0 | 0 | 0 | 0 | 1 | 0 | 0 | 0 | 0 | 0 | 0 | 0 | 0 | 0 | 0 | 0 | 0 | 0 | 0 | 0 | 0 | 0 | 0 | 0 | 0 | 0 | 0 | 0 | 0 | 0 | 0 | 0 | 0 | 0 | 0 | 0 | 0 |  0 | 0 | 0 | 0 | 0 | 1 | 0 | 0 | 0 | 0 | 0 | 0 | 0 | 0 | 0 | 0 | 0 | 0 | 0 | 0 | 0 | 0 | 0 | 0 | 0 | 0 | 0 | 0 | 0 | 0 | 0 | 0 | 0 | 0 | 0 | 0 | 0 | 0 |
116 | McArthur, Lorne John Bruce | MCMASTER UNIVERSITY (CANADA). | 1984 | male | 1 | 2 | 1999 | 1 | 5 | 2010 | 0 | 0 | 0 | 0 | 0 | 1 | 0 | 0 | 0 | 0 | 0 | 0 | 1 | 0 | 0 | 0 | 0 | 0 | 0 | 0 | 1 | 0 | 0 | 0 | 0 | 0 | 0 | 0 | 0 | 0 | 0 | 0 | 0 | 0 | 0 | 0 | 0 | 0 |  0 | 0 | 0 | 0 | 0 | 1 | 0 | 0 | 0 | 0 | 0 | 0 | 1 | 0 | 0 | 0 | 0 | 0 | 0 | 0 | 1 | 0 | 0 | 1 | 0 | 0 | 0 | 0 | 0 | 1 | 0 | 1 | 0 | 0 | 0 | 0 | 0 | 0 |
117 | Cebula, Richard Paul | THE JOHNS HOPKINS UNIVERSITY. | 1984 | male | 3 | 6 | 1998 | 3 | 27 | 2012 | 0 | 0 | 0 | 1 | 0 | 2 | 0 | 0 | 0 | 0 | 0 | 0 | 1 | 1 | 0 | 0 | 0 | 1 | 0 | 3 | 0 | 0 | 0 | 0 | 0 | 0 | 0 | 0 | 0 | 0 | 0 | 0 | 0 | 0 | 0 | 0 | 0 | 0 |  0 | 0 | 0 | 1 | 0 | 2 | 0 | 0 | 0 | 1 | 0 | 0 | 1 | 3 | 1 | 2 | 0 | 5 | 2 | 6 | 0 | 0 | 1 | 1 | 0 | 2 | 0 | 0 | 0 | 1 | 0 | 0 | 0 | 1 | 0 | 0 | 0 | 0 |
118 | Heidbrink, William Walter | PRINCETON UNIVERSITY. | 1984 | male | 1 | 1 | 1991 | 1 | 4 | 2015 | 0 | 0 | 0 | 0 | 0 | 1 | 0 | 0 | 0 | 0 | 0 | 0 | 1 | 0 | 0 | 0 | 0 | 0 | 0 | 0 | 0 | 0 | 0 | 0 | 0 | 0 | 0 | 0 | 0 | 0 | 0 | 0 | 0 | 0 | 0 | 0 | 0 | 0 |  0 | 0 | 0 | 0 | 0 | 1 | 0 | 0 | 0 | 0 | 0 | 0 | 1 | 0 | 0 | 0 | 0 | 0 | 0 | 0 | 0 | 0 | 0 | 0 | 0 | 1 | 0 | 0 | 0 | 0 | 0 | 0 | 0 | 0 | 0 | 0 | 2 | 0 |
119 | Brewster, Nancy Ridolfi | UNIVERSITY OF MINNESOTA. | 1984 | female | 5 | 1 | 1985 | 13 | 4 | 1985 | 0 | 0 | 1 | 0 | 3 | 1 | 1 | 0 | 0 | 0 | 0 | 0 | 0 | 0 | 0 | 0 | 0 | 0 | 0 | 0 | 0 | 0 | 0 | 0 | 0 | 0 | 0 | 0 | 0 | 0 | 0 | 0 | 0 | 0 | 0 | 0 | 0 | 0 |  0 | 0 | 2 | 0 | 10 | 1 | 4 | 0 | 0 | 0 | 0 | 0 | 0 | 0 | 0 | 0 | 0 | 0 | 0 | 0 | 0 | 0 | 0 | 0 | 0 | 0 | 0 | 0 | 0 | 0 | 0 | 0 | 0 | 0 | 0 | 0 | 0 | 0 |
120 | Chiang, Wei-Hwan | COLUMBIA UNIVERSITY. | 1984 | male | 1 | 6 | 1989 | 2 | 8 | 1990 | 0 | 0 | 0 | 0 | 0 | 1 | 2 | 0 | 1 | 2 | 1 | 0 | 0 | 0 | 0 | 0 | 0 | 0 | 0 | 0 | 0 | 0 | 0 | 0 | 0 | 0 | 0 | 0 | 0 | 0 | 0 | 0 | 0 | 0 | 0 | 0 | 0 | 0 |  0 | 0 | 0 | 1 | 0 | 1 | 2 | 0 | 1 | 2 | 2 | 1 | 0 | 0 | 0 | 0 | 0 | 0 | 0 | 0 | 0 | 0 | 0 | 0 | 0 | 0 | 0 | 0 | 0 | 0 | 0 | 0 | 0 | 0 | 0 | 0 | 0 | 0 |
121 | Ho, Cheng | COLUMBIA UNIVERSITY. | 1984 | male | 1 | 55 | 2016 | 2 | 102 | 2016 | 0 | 0 | 0 | 0 | 0 | 1 | 0 | 1 | 2 | 2 | 5 | 1 | 1 | 2 | 4 | 4 | 5 | 3 | 3 | 3 | 1 | 1 | 2 | 2 | 0 | 2 | 3 | 2 | 1 | 4 | 0 | 0 | 0 | 0 | 0 | 0 | 0 | 1 |  0 | 0 | 1 | 0 | 0 | 1 | 0 | 3 | 2 | 2 | 5 | 3 | 2 | 4 | 9 | 5 | 6 | 10 | 7 | 10 | 4 | 1 | 4 | 2 | 1 | 3 | 3 | 3 | 4 | 4 | 1 | 0 | 3 | 0 | 0 | 0 | 0 | 1 |
122 | Hermann, Mark Robert | INDIANA UNIVERSITY. | 1984 | male | 1 | 0 | 1984 | 1 | 2 | 2009 | 0 | 0 | 0 | 0 | 0 | 1 | 0 | 0 | 0 | 0 | 0 | 0 | 0 | 0 | 0 | 0 | 0 | 0 | 0 | 0 | 0 | 0 | 0 | 0 | 0 | 0 | 0 | 0 | 0 | 0 | 0 | 0 | 0 | 0 | 0 | 0 | 0 | 0 |  0 | 0 | 0 | 0 | 0 | 1 | 0 | 0 | 0 | 0 | 0 | 0 | 0 | 0 | 0 | 0 | 0 | 0 | 0 | 0 | 0 | 0 | 0 | 0 | 0 | 0 | 0 | 0 | 1 | 0 | 1 | 0 | 0 | 0 | 0 | 0 | 0 | 0 |
123 | Crisp, David | PRINCETON UNIVERSITY. | 1984 | male | 2 | 14 | 2004 | 5 | 141 | 2017 | 0 | 0 | 0 | 0 | 0 | 2 | 0 | 2 | 1 | 0 | 2 | 2 | 2 | 0 | 0 | 0 | 2 | 1 | 1 | 0 | 0 | 0 | 0 | 0 | 0 | 1 | 0 | 0 | 0 | 0 | 0 | 0 | 0 | 0 | 0 | 0 | 0 | 0 |  1 | 1 | 0 | 0 | 0 | 3 | 0 | 14 | 2 | 0 | 6 | 5 | 5 | 1 | 4 | 3 | 11 | 18 | 8 | 14 | 11 | 5 | 2 | 1 | 2 | 1 | 3 | 6 | 4 | 2 | 0 | 2 | 3 | 2 | 1 | 2 | 0 | 2 |
124 | Lipton, Gary Bruce | THE UNIVERSITY OF NORTH CAROLINA AT CHAPEL HILL. | 1984 | male | 1 | 0 | 1984 | 2 | 0 | 1984 | 0 | 0 | 0 | 0 | 0 | 1 | 0 | 0 | 0 | 0 | 0 | 0 | 0 | 0 | 0 | 0 | 0 | 0 | 0 | 0 | 0 | 0 | 0 | 0 | 0 | 0 | 0 | 0 | 0 | 0 | 0 | 0 | 0 | 0 | 0 | 0 | 0 | 0 |  0 | 0 | 0 | 0 | 1 | 1 | 0 | 0 | 0 | 0 | 0 | 0 | 0 | 0 | 0 | 0 | 0 | 0 | 0 | 0 | 0 | 0 | 0 | 0 | 0 | 0 | 0 | 0 | 0 | 0 | 0 | 0 | 0 | 0 | 0 | 0 | 0 | 0 |
125 | Leach, John | STANFORD UNIVERSITY. | 1984 | male | 3 | 1 | 1985 | 4 | 4 | 2016 | 0 | 0 | 1 | 0 | 1 | 1 | 1 | 0 | 0 | 0 | 0 | 0 | 0 | 0 | 0 | 0 | 0 | 0 | 0 | 0 | 0 | 0 | 0 | 0 | 0 | 0 | 0 | 0 | 0 | 0 | 0 | 0 | 0 | 0 | 0 | 0 | 0 | 0 |  0 | 0 | 1 | 0 | 2 | 1 | 1 | 0 | 0 | 0 | 0 | 0 | 0 | 0 | 0 | 0 | 0 | 0 | 0 | 0 | 0 | 0 | 0 | 0 | 1 | 0 | 0 | 0 | 0 | 1 | 0 | 0 | 0 | 0 | 0 | 0 | 0 | 1 |
126 | Babcock, Alice Kay | UNIVERSITY OF VIRGINIA. | 1984 | female | 2 | 0 | 1984 | 2 | 1 | 1986 | 1 | 0 | 0 | 0 | 0 | 1 | 0 | 0 | 0 | 0 | 0 | 0 | 0 | 0 | 0 | 0 | 0 | 0 | 0 | 0 | 0 | 0 | 0 | 0 | 0 | 0 | 0 | 0 | 0 | 0 | 0 | 0 | 0 | 0 | 0 | 0 | 0 | 0 |  1 | 0 | 0 | 0 | 0 | 1 | 0 | 1 | 0 | 0 | 0 | 0 | 0 | 0 | 0 | 0 | 0 | 0 | 0 | 0 | 0 | 0 | 0 | 0 | 0 | 0 | 0 | 0 | 0 | 0 | 0 | 0 | 0 | 0 | 0 | 0 | 0 | 0 |
127 | Pan, Shing-Kuo | COLUMBIA UNIVERSITY. | 1984 | male | 1 | 2 | 2016 | 1 | 18 | 2017 | 0 | 0 | 0 | 0 | 0 | 1 | 0 | 0 | 0 | 1 | 0 | 0 | 0 | 0 | 0 | 0 | 0 | 0 | 0 | 0 | 0 | 0 | 0 | 0 | 0 | 0 | 0 | 0 | 0 | 0 | 0 | 0 | 0 | 0 | 0 | 0 | 0 | 1 |  0 | 0 | 0 | 0 | 0 | 1 | 0 | 0 | 0 | 1 | 0 | 1 | 0 | 2 | 3 | 0 | 0 | 0 | 1 | 0 | 1 | 0 | 1 | 0 | 0 | 0 | 1 | 1 | 1 | 0 | 0 | 0 | 0 | 0 | 2 | 1 | 0 | 1 |
128 | Mundy, Lee George | THE UNIVERSITY OF TEXAS AT AUSTIN. | 1984 | male | 1 | 15 | 2000 | 9 | 132 | 2016 | 0 | 0 | 0 | 0 | 0 | 1 | 0 | 3 | 1 | 3 | 0 | 1 | 0 | 1 | 1 | 0 | 3 | 1 | 0 | 0 | 0 | 1 | 0 | 0 | 0 | 0 | 0 | 0 | 0 | 0 | 0 | 0 | 0 | 0 | 0 | 0 | 0 | 0 |  0 | 0 | 3 | 0 | 0 | 6 | 2 | 5 | 3 | 6 | 4 | 8 | 2 | 3 | 6 | 5 | 10 | 4 | 5 | 3 | 1 | 4 | 4 | 1 | 2 | 4 | 1 | 7 | 10 | 3 | 4 | 3 | 1 | 2 | 3 | 7 | 4 | 5 |
129 | Milutinovic, Janko | UNIVERSITY OF MARYLAND COLLEGE PARK. | 1984 | male | 1 | 0 | 1984 | 1 | 0 | 1984 | 0 | 0 | 0 | 0 | 0 | 1 | 0 | 0 | 0 | 0 | 0 | 0 | 0 | 0 | 0 | 0 | 0 | 0 | 0 | 0 | 0 | 0 | 0 | 0 | 0 | 0 | 0 | 0 | 0 | 0 | 0 | 0 | 0 | 0 | 0 | 0 | 0 | 0 |  0 | 0 | 0 | 0 | 0 | 1 | 0 | 0 | 0 | 0 | 0 | 0 | 0 | 0 | 0 | 0 | 0 | 0 | 0 | 0 | 0 | 0 | 0 | 0 | 0 | 0 | 0 | 0 | 0 | 0 | 0 | 0 | 0 | 0 | 0 | 0 | 0 | 0 |
130 | Meyer, David Michael | UNIVERSITY OF CALIFORNIA, LOS ANGELES. | 1984 | male | 4 | 29 | 2017 | 5 | 81 | 2017 | 0 | 0 | 1 | 0 | 1 | 2 | 1 | 1 | 2 | 0 | 2 | 3 | 2 | 1 | 1 | 2 | 1 | 1 | 1 | 1 | 1 | 0 | 1 | 0 | 0 | 0 | 0 | 1 | 0 | 0 | 0 | 0 | 0 | 1 | 0 | 2 | 1 | 1 |  0 | 0 | 1 | 0 | 2 | 2 | 3 | 2 | 3 | 2 | 3 | 5 | 2 | 1 | 4 | 3 | 6 | 4 | 5 | 3 | 3 | 2 | 5 | 0 | 4 | 3 | 1 | 3 | 1 | 1 | 0 | 0 | 1 | 2 | 0 | 4 | 1 | 2 |
131 | Woodard, Martin Frederic | UNIVERSITY OF CALIFORNIA, SAN DIEGO. | 1984 | male | 4 | 23 | 2016 | 5 | 33 | 2016 | 0 | 0 | 0 | 0 | 2 | 2 | 2 | 0 | 1 | 1 | 1 | 0 | 2 | 0 | 2 | 0 | 0 | 0 | 1 | 1 | 1 | 1 | 1 | 1 | 1 | 0 | 0 | 1 | 1 | 0 | 1 | 0 | 0 | 0 | 1 | 1 | 0 | 2 |  0 | 0 | 0 | 1 | 2 | 2 | 3 | 0 | 1 | 2 | 1 | 4 | 3 | 0 | 2 | 0 | 0 | 1 | 1 | 2 | 1 | 1 | 1 | 2 | 1 | 0 | 0 | 1 | 1 | 0 | 1 | 0 | 0 | 0 | 1 | 1 | 0 | 2 |
132 | Skillman, E. D. | Washington Univ., Seattle. | 1984 | None | 2 | 27 | 2017 | 3 | 227 | 2017 | 0 | 0 | 0 | 0 | 0 | 2 | 1 | 1 | 1 | 4 | 3 | 0 | 1 | 0 | 2 | 1 | 0 | 1 | 1 | 1 | 0 | 0 | 1 | 0 | 3 | 0 | 1 | 0 | 0 | 1 | 0 | 0 | 0 | 1 | 1 | 1 | 0 | 0 |  0 | 0 | 0 | 1 | 0 | 2 | 1 | 2 | 2 | 4 | 5 | 0 | 4 | 1 | 5 | 4 | 4 | 5 | 9 | 9 | 3 | 0 | 6 | 6 | 9 | 10 | 5 | 4 | 4 | 8 | 10 | 10 | 15 | 17 | 14 | 11 | 20 | 13 |
133 | Belt, C. L. | Saint Louis Univ., MO. | 1984 | None | 2 | 0 | 1984 | 2 | 0 | 1984 | 0 | 0 | 0 | 0 | 0 | 2 | 0 | 0 | 0 | 0 | 0 | 0 | 0 | 0 | 0 | 0 | 0 | 0 | 0 | 0 | 0 | 0 | 0 | 0 | 0 | 0 | 0 | 0 | 0 | 0 | 0 | 0 | 0 | 0 | 0 | 0 | 0 | 0 |  0 | 0 | 0 | 0 | 0 | 2 | 0 | 0 | 0 | 0 | 0 | 0 | 0 | 0 | 0 | 0 | 0 | 0 | 0 | 0 | 0 | 0 | 0 | 0 | 0 | 0 | 0 | 0 | 0 | 0 | 0 | 0 | 0 | 0 | 0 | 0 | 0 | 0 |
134 | Libbrecht, Kenneth George | PRINCETON UNIVERSITY. | 1984 | male | 2 | 15 | 2015 | 3 | 96 | 2015 | 0 | 0 | 0 | 0 | 0 | 2 | 1 | 1 | 0 | 3 | 1 | 4 | 1 | 1 | 0 | 0 | 1 | 0 | 0 | 0 | 0 | 0 | 0 | 0 | 0 | 0 | 1 | 0 | 0 | 0 | 0 | 0 | 0 | 0 | 0 | 0 | 1 | 0 |  0 | 0 | 0 | 0 | 1 | 2 | 3 | 3 | 3 | 5 | 3 | 4 | 4 | 1 | 2 | 1 | 1 | 1 | 0 | 1 | 0 | 0 | 0 | 2 | 1 | 8 | 9 | 3 | 8 | 14 | 3 | 1 | 0 | 0 | 0 | 9 | 6 | 0 |
135 | Froidevaux, Lucien | CALIFORNIA INSTITUTE OF TECHNOLOGY. | 1984 | male | 6 | 2 | 2006 | 8 | 41 | 2015 | 0 | 2 | 2 | 1 | 0 | 1 | 0 | 0 | 0 | 0 | 1 | 0 | 0 | 0 | 0 | 0 | 0 | 0 | 0 | 0 | 0 | 0 | 0 | 0 | 0 | 0 | 0 | 1 | 0 | 0 | 0 | 0 | 0 | 0 | 0 | 0 | 0 | 0 |  0 | 3 | 3 | 1 | 0 | 1 | 0 | 0 | 0 | 1 | 1 | 0 | 0 | 0 | 8 | 1 | 4 | 6 | 2 | 2 | 0 | 0 | 1 | 0 | 0 | 0 | 2 | 4 | 5 | 0 | 0 | 0 | 0 | 0 | 1 | 1 | 2 | 0 |
136 | Kare, Jordin T. | UNIVERSITY OF CALIFORNIA, BERKELEY. | 1984 | female | 1 | 1 | 1988 | 1 | 2 | 1989 | 0 | 0 | 0 | 0 | 0 | 1 | 0 | 0 | 0 | 1 | 0 | 0 | 0 | 0 | 0 | 0 | 0 | 0 | 0 | 0 | 0 | 0 | 0 | 0 | 0 | 0 | 0 | 0 | 0 | 0 | 0 | 0 | 0 | 0 | 0 | 0 | 0 | 0 |  0 | 0 | 0 | 0 | 0 | 1 | 0 | 0 | 0 | 1 | 1 | 0 | 0 | 0 | 0 | 0 | 0 | 0 | 0 | 0 | 0 | 0 | 0 | 0 | 0 | 0 | 0 | 0 | 0 | 0 | 0 | 0 | 0 | 0 | 0 | 0 | 0 | 0 |
137 | Arquilla, Richard | UNIVERSITY OF MASSACHUSETTS. | 1984 | male | 2 | 5 | 1993 | 2 | 8 | 1995 | 0 | 0 | 0 | 0 | 0 | 2 | 1 | 2 | 1 | 0 | 0 | 0 | 0 | 0 | 1 | 0 | 0 | 0 | 0 | 0 | 0 | 0 | 0 | 0 | 0 | 0 | 0 | 0 | 0 | 0 | 0 | 0 | 0 | 0 | 0 | 0 | 0 | 0 |  0 | 0 | 0 | 0 | 0 | 2 | 1 | 2 | 2 | 1 | 0 | 0 | 0 | 0 | 1 | 0 | 1 | 0 | 0 | 0 | 0 | 0 | 0 | 0 | 0 | 0 | 0 | 0 | 0 | 0 | 0 | 0 | 0 | 0 | 0 | 0 | 0 | 0 |
138 | Bertschinger, Edmund William | PRINCETON UNIVERSITY. | 1984 | male | 2 | 31 | 2011 | 2 | 82 | 2015 | 0 | 0 | 0 | 0 | 1 | 1 | 6 | 2 | 2 | 4 | 3 | 3 | 1 | 1 | 0 | 3 | 0 | 0 | 0 | 1 | 0 | 0 | 1 | 0 | 0 | 0 | 0 | 2 | 0 | 1 | 0 | 0 | 1 | 0 | 0 | 0 | 0 | 0 |  0 | 0 | 0 | 0 | 1 | 1 | 7 | 2 | 2 | 5 | 5 | 4 | 6 | 1 | 4 | 14 | 1 | 6 | 3 | 3 | 0 | 0 | 2 | 1 | 0 | 2 | 0 | 2 | 1 | 2 | 1 | 4 | 1 | 1 | 0 | 0 | 2 | 0 |
139 | Gwinn, C. R. | Princeton Univ., NJ. | 1984 | None | 1 | 28 | 2016 | 1 | 71 | 2017 | 0 | 0 | 0 | 0 | 0 | 1 | 0 | 3 | 0 | 2 | 0 | 0 | 1 | 1 | 2 | 3 | 0 | 0 | 2 | 1 | 0 | 1 | 3 | 0 | 0 | 0 | 0 | 2 | 1 | 0 | 0 | 0 | 2 | 2 | 0 | 1 | 0 | 1 |  0 | 0 | 0 | 0 | 0 | 1 | 1 | 6 | 0 | 3 | 0 | 2 | 1 | 2 | 4 | 6 | 1 | 3 | 4 | 3 | 1 | 2 | 4 | 0 | 1 | 1 | 1 | 3 | 2 | 0 | 0 | 0 | 2 | 4 | 3 | 3 | 3 | 3 |
140 | Kim, Chulhee | BRIGHAM YOUNG UNIVERSITY. | 1984 | male | 4 | 68 | 2014 | 10 | 259 | 2017 | 1 | 0 | 1 | 0 | 0 | 2 | 5 | 2 | 5 | 1 | 1 | 0 | 0 | 0 | 2 | 4 | 3 | 7 | 1 | 2 | 4 | 1 | 3 | 3 | 4 | 0 | 4 | 1 | 3 | 3 | 2 | 1 | 2 | 2 | 0 | 2 | 0 | 0 |  3 | 0 | 1 | 1 | 2 | 3 | 5 | 2 | 6 | 3 | 2 | 0 | 2 | 2 | 4 | 4 | 6 | 11 | 4 | 4 | 6 | 4 | 7 | 5 | 9 | 17 | 18 | 9 | 13 | 29 | 7 | 2 | 4 | 13 | 11 | 18 | 11 | 20 |
141 | Schiano, Allen Vincent Rogers | THE UNIVERSITY OF ARIZONA. | 1984 | male | 1 | 5 | 1995 | 2 | 6 | 1995 | 0 | 0 | 0 | 0 | 0 | 1 | 1 | 2 | 0 | 0 | 0 | 1 | 0 | 0 | 0 | 0 | 1 | 0 | 0 | 0 | 0 | 0 | 0 | 0 | 0 | 0 | 0 | 0 | 0 | 0 | 0 | 0 | 0 | 0 | 0 | 0 | 0 | 0 |  0 | 0 | 0 | 1 | 0 | 1 | 1 | 2 | 1 | 0 | 0 | 1 | 0 | 0 | 0 | 0 | 1 | 0 | 0 | 0 | 0 | 0 | 0 | 0 | 0 | 0 | 0 | 0 | 0 | 0 | 0 | 0 | 0 | 0 | 0 | 0 | 0 | 0 |
142 | Choe, S. U. | Minnesota Univ., Minneapolis. | 1984 | None | 1 | 12 | 1999 | 1 | 22 | 2011 | 0 | 0 | 0 | 0 | 0 | 1 | 1 | 1 | 0 | 0 | 0 | 0 | 0 | 0 | 1 | 1 | 1 | 4 | 2 | 0 | 1 | 0 | 0 | 0 | 0 | 0 | 0 | 0 | 0 | 0 | 0 | 0 | 0 | 0 | 0 | 0 | 0 | 0 |  0 | 0 | 0 | 0 | 0 | 1 | 1 | 2 | 0 | 1 | 3 | 0 | 0 | 0 | 1 | 1 | 1 | 6 | 2 | 0 | 1 | 0 | 0 | 0 | 0 | 0 | 0 | 0 | 1 | 0 | 0 | 0 | 2 | 0 | 0 | 0 | 0 | 0 |
143 | Doiron, David John | THE UNIVERSITY OF IOWA. | 1984 | male | 2 | 0 | 1984 | 4 | 1 | 1987 | 0 | 0 | 0 | 0 | 0 | 2 | 0 | 0 | 0 | 0 | 0 | 0 | 0 | 0 | 0 | 0 | 0 | 0 | 0 | 0 | 0 | 0 | 0 | 0 | 0 | 0 | 0 | 0 | 0 | 0 | 0 | 0 | 0 | 0 | 0 | 0 | 0 | 0 |  0 | 1 | 0 | 0 | 0 | 3 | 0 | 0 | 1 | 0 | 0 | 0 | 0 | 0 | 0 | 0 | 0 | 0 | 0 | 0 | 0 | 0 | 0 | 0 | 0 | 0 | 0 | 0 | 0 | 0 | 0 | 0 | 0 | 0 | 0 | 0 | 0 | 0 |
144 | Evans, C. R., II | Texas Univ., Austin. | 1984 | None | 0 | 0 | 1984 | 0 | 0 | 1984 | 0 | 0 | 0 | 0 | 0 | 0 | 0 | 0 | 0 | 0 | 0 | 0 | 0 | 0 | 0 | 0 | 0 | 0 | 0 | 0 | 0 | 0 | 0 | 0 | 0 | 0 | 0 | 0 | 0 | 0 | 0 | 0 | 0 | 0 | 0 | 0 | 0 | 0 |  0 | 0 | 0 | 0 | 0 | 0 | 0 | 0 | 0 | 0 | 0 | 0 | 0 | 0 | 0 | 0 | 0 | 0 | 0 | 0 | 0 | 0 | 0 | 0 | 0 | 0 | 0 | 0 | 0 | 0 | 0 | 0 | 0 | 0 | 0 | 0 | 0 | 0 |
145 | Filice, Joseph Peter | UNIVERSITY OF CALIFORNIA, SAN DIEGO. | 1984 | male | 1 | 0 | 1984 | 2 | 1 | 1985 | 0 | 0 | 0 | 0 | 0 | 1 | 0 | 0 | 0 | 0 | 0 | 0 | 0 | 0 | 0 | 0 | 0 | 0 | 0 | 0 | 0 | 0 | 0 | 0 | 0 | 0 | 0 | 0 | 0 | 0 | 0 | 0 | 0 | 0 | 0 | 0 | 0 | 0 |  0 | 0 | 0 | 0 | 0 | 2 | 1 | 0 | 0 | 0 | 0 | 0 | 0 | 0 | 0 | 0 | 0 | 0 | 0 | 0 | 0 | 0 | 0 | 0 | 0 | 0 | 0 | 0 | 0 | 0 | 0 | 0 | 0 | 0 | 0 | 0 | 0 | 0 |
146 | Long, Jess Lawrence | UNIVERSITY OF CALIFORNIA, RIVERSIDE. | 1984 | female | 4 | 0 | 1984 | 20 | 5 | 2015 | 0 | 0 | 1 | 0 | 2 | 1 | 0 | 0 | 0 | 0 | 0 | 0 | 0 | 0 | 0 | 0 | 0 | 0 | 0 | 0 | 0 | 0 | 0 | 0 | 0 | 0 | 0 | 0 | 0 | 0 | 0 | 0 | 0 | 0 | 0 | 0 | 0 | 0 |  5 | 2 | 5 | 0 | 6 | 2 | 1 | 0 | 0 | 0 | 0 | 0 | 0 | 0 | 0 | 0 | 0 | 0 | 0 | 0 | 0 | 0 | 0 | 0 | 0 | 0 | 0 | 0 | 0 | 0 | 0 | 2 | 0 | 0 | 0 | 1 | 1 | 0 |
147 | Myers, R. V. | Wisconsin Univ., Madison. | 1984 | None | 2 | 1 | 1985 | 3 | 6 | 2011 | 0 | 0 | 0 | 0 | 0 | 2 | 1 | 0 | 0 | 0 | 0 | 0 | 0 | 0 | 0 | 0 | 0 | 0 | 0 | 0 | 0 | 0 | 0 | 0 | 0 | 0 | 0 | 0 | 0 | 0 | 0 | 0 | 0 | 0 | 0 | 0 | 0 | 0 |  0 | 0 | 0 | 0 | 1 | 2 | 2 | 1 | 0 | 0 | 0 | 0 | 0 | 0 | 0 | 0 | 0 | 1 | 1 | 0 | 0 | 0 | 0 | 0 | 0 | 0 | 0 | 0 | 0 | 0 | 0 | 0 | 1 | 0 | 0 | 0 | 0 | 0 |
148 | Vincent, Mark Alexander | THE UNIVERSITY OF TEXAS AT AUSTIN. | 1984 | male | 1 | 2 | 1990 | 2 | 23 | 2016 | 0 | 0 | 0 | 0 | 0 | 1 | 0 | 1 | 0 | 0 | 0 | 1 | 0 | 0 | 0 | 0 | 0 | 0 | 0 | 0 | 0 | 0 | 0 | 0 | 0 | 0 | 0 | 0 | 0 | 0 | 0 | 0 | 0 | 0 | 0 | 0 | 0 | 0 |  0 | 0 | 0 | 1 | 0 | 1 | 3 | 6 | 1 | 0 | 5 | 1 | 0 | 0 | 0 | 0 | 0 | 0 | 2 | 0 | 0 | 0 | 0 | 0 | 0 | 0 | 0 | 0 | 0 | 0 | 1 | 0 | 0 | 0 | 0 | 0 | 1 | 3 |
149 | Whipple, Arthur Lester | THE UNIVERSITY OF TEXAS AT AUSTIN. | 1984 | male | 4 | 10 | 1996 | 6 | 32 | 2016 | 0 | 0 | 0 | 0 | 1 | 3 | 1 | 0 | 0 | 0 | 1 | 0 | 1 | 1 | 4 | 0 | 1 | 1 | 0 | 0 | 0 | 0 | 0 | 0 | 0 | 0 | 0 | 0 | 0 | 0 | 0 | 0 | 0 | 0 | 0 | 0 | 0 | 0 |  0 | 0 | 0 | 0 | 1 | 5 | 1 | 1 | 0 | 0 | 1 | 0 | 3 | 3 | 7 | 3 | 2 | 1 | 1 | 2 | 1 | 1 | 1 | 2 | 1 | 0 | 0 | 0 | 0 | 0 | 0 | 0 | 0 | 0 | 0 | 0 | 0 | 1 |
150 | Zimbelman, J. R. | Arizona State University, Tempe. | 1984 | None | 4 | 9 | 2016 | 4 | 15 | 2016 | 1 | 0 | 0 | 2 | 0 | 1 | 1 | 0 | 1 | 0 | 1 | 1 | 2 | 1 | 0 | 0 | 0 | 0 | 0 | 0 | 0 | 0 | 1 | 0 | 0 | 0 | 0 | 0 | 0 | 0 | 0 | 0 | 0 | 0 | 0 | 0 | 0 | 1 |  1 | 0 | 0 | 2 | 0 | 1 | 1 | 0 | 1 | 1 | 1 | 1 | 2 | 1 | 0 | 1 | 0 | 0 | 0 | 0 | 0 | 0 | 2 | 0 | 0 | 0 | 0 | 1 | 0 | 0 | 0 | 0 | 0 | 1 | 0 | 0 | 0 | 2 |
151 | Ball, John Roger | UNIVERSITY OF FLORIDA. | 1984 | male | 1 | 0 | 1984 | 1 | 19 | 2011 | 0 | 0 | 0 | 0 | 0 | 1 | 0 | 0 | 0 | 0 | 0 | 0 | 0 | 0 | 0 | 0 | 0 | 0 | 0 | 0 | 0 | 0 | 0 | 0 | 0 | 0 | 0 | 0 | 0 | 0 | 0 | 0 | 0 | 0 | 0 | 0 | 0 | 0 |  0 | 0 | 0 | 0 | 0 | 1 | 0 | 0 | 0 | 0 | 0 | 0 | 0 | 0 | 1 | 0 | 0 | 0 | 1 | 0 | 0 | 0 | 0 | 0 | 0 | 0 | 5 | 1 | 2 | 5 | 2 | 1 | 1 | 0 | 0 | 0 | 0 | 0 |
152 | Haddock, Thomas Frederick | THE UNIVERSITY OF MICHIGAN. | 1984 | male | 1 | 1 | 1987 | 1 | 1 | 1987 | 0 | 0 | 0 | 0 | 0 | 1 | 0 | 0 | 1 | 0 | 0 | 0 | 0 | 0 | 0 | 0 | 0 | 0 | 0 | 0 | 0 | 0 | 0 | 0 | 0 | 0 | 0 | 0 | 0 | 0 | 0 | 0 | 0 | 0 | 0 | 0 | 0 | 0 |  0 | 0 | 0 | 0 | 0 | 1 | 0 | 0 | 1 | 0 | 0 | 0 | 0 | 0 | 0 | 0 | 0 | 0 | 0 | 0 | 0 | 0 | 0 | 0 | 0 | 0 | 0 | 0 | 0 | 0 | 0 | 0 | 0 | 0 | 0 | 0 | 0 | 0 |
153 | Barnes, Joshua Edward | UNIVERSITY OF CALIFORNIA, BERKELEY. | 1984 | male | 4 | 29 | 2016 | 6 | 79 | 2017 | 0 | 0 | 0 | 0 | 1 | 3 | 2 | 2 | 2 | 1 | 2 | 1 | 3 | 3 | 2 | 0 | 0 | 1 | 0 | 1 | 0 | 0 | 1 | 1 | 0 | 1 | 0 | 1 | 0 | 0 | 1 | 0 | 1 | 1 | 0 | 1 | 0 | 1 |  2 | 0 | 0 | 0 | 1 | 3 | 3 | 3 | 3 | 1 | 2 | 2 | 4 | 3 | 2 | 1 | 0 | 3 | 1 | 1 | 0 | 2 | 4 | 1 | 0 | 2 | 1 | 1 | 4 | 3 | 3 | 4 | 1 | 6 | 3 | 8 | 1 | 5 |
154 | Carlson, Barbara Elizabeth | STATE UNIVERSITY OF NEW YORK AT STONY BROOK. | 1984 | female | 3 | 18 | 2015 | 5 | 41 | 2016 | 0 | 1 | 0 | 0 | 0 | 2 | 0 | 0 | 2 | 1 | 0 | 0 | 0 | 3 | 1 | 1 | 0 | 0 | 0 | 1 | 0 | 0 | 0 | 0 | 0 | 0 | 1 | 0 | 1 | 1 | 1 | 2 | 1 | 1 | 0 | 0 | 1 | 0 |  1 | 1 | 1 | 0 | 0 | 2 | 0 | 0 | 2 | 1 | 0 | 0 | 0 | 4 | 1 | 1 | 1 | 0 | 3 | 1 | 0 | 3 | 0 | 0 | 0 | 1 | 4 | 0 | 1 | 2 | 1 | 2 | 2 | 5 | 3 | 1 | 1 | 1 |
