n | name | university | phd_year | gender | fa_n_pubs_pre_phd | fa_n_pubs_prost_phd | fa_year_last | all_n_pubs_pre_phd | all_n_pubs_prost_phd | all_year_last |  fa_1966 | fa_1967 | fa_1968 | fa_1969 | fa_1970 | fa_1971 | fa_1972 | fa_1973 | fa_1974 | fa_1975 | fa_1976 | fa_1977 | fa_1978 | fa_1979 | fa_1980 | fa_1981 | fa_1982 | fa_1983 | fa_1984 | fa_1985 | fa_1986 | fa_1987 | fa_1988 | fa_1989 | fa_1990 | fa_1991 | fa_1992 | fa_1993 | fa_1994 | fa_1995 | fa_1996 | fa_1997 | fa_1998 | fa_1999 | fa_2000 | fa_2001 | fa_2002 | fa_2003 | fa_2004 | fa_2005 | fa_2006 | fa_2007 | fa_2008 | fa_2009 | fa_2010 | fa_2011 | fa_2012 | fa_2013 | fa_2014 | fa_2015 | fa_2016 |  all_1966 | all_1967 | all_1968 | all_1969 | all_1970 | all_1971 | all_1972 | all_1973 | all_1974 | all_1975 | all_1976 | all_1977 | all_1978 | all_1979 | all_1980 | all_1981 | all_1982 | all_1983 | all_1984 | all_1985 | all_1986 | all_1987 | all_1988 | all_1989 | all_1990 | all_1991 | all_1992 | all_1993 | all_1994 | all_1995 | all_1996 | all_1997 | all_1998 | all_1999 | all_2000 | all_2001 | all_2002 | all_2003 | all_2004 | all_2005 | all_2006 | all_2007 | all_2008 | all_2009 | all_2010 | all_2011 | all_2012 | all_2013 | all_2014 | all_2015 | all_2016 | foo
1 | Lindquist, Thomas Russell | UNIVERSITY OF MINNESOTA. | 1971 | male | 2 | 0 | 1971 | 2 | 0 | 1971 | 0 | 0 | 1 | 0 | 0 | 1 | 0 | 0 | 0 | 0 | 0 | 0 | 0 | 0 | 0 | 0 | 0 | 0 | 0 | 0 | 0 | 0 | 0 | 0 | 0 | 0 | 0 | 0 | 0 | 0 | 0 | 0 | 0 | 0 | 0 | 0 | 0 | 0 | 0 | 0 | 0 | 0 | 0 | 0 | 0 | 0 | 0 | 0 | 0 | 0 | 0 |  0 | 0 | 1 | 0 | 0 | 1 | 0 | 0 | 0 | 0 | 0 | 0 | 0 | 0 | 0 | 0 | 0 | 0 | 0 | 0 | 0 | 0 | 0 | 0 | 0 | 0 | 0 | 0 | 0 | 0 | 0 | 0 | 0 | 0 | 0 | 0 | 0 | 0 | 0 | 0 | 0 | 0 | 0 | 0 | 0 | 0 | 0 | 0 | 0 | 0 | 0 |
2 | Pirraglia, Joseph A. | POLYTECHNIC UNIVERSITY. | 1971 | male | 2 | 7 | 1992 | 2 | 25 | 1993 | 0 | 0 | 0 | 0 | 1 | 1 | 0 | 0 | 1 | 1 | 1 | 0 | 0 | 0 | 0 | 1 | 0 | 0 | 1 | 0 | 0 | 0 | 0 | 1 | 0 | 0 | 1 | 0 | 0 | 0 | 0 | 0 | 0 | 0 | 0 | 0 | 0 | 0 | 0 | 0 | 0 | 0 | 0 | 0 | 0 | 0 | 0 | 0 | 0 | 0 | 0 |  0 | 0 | 0 | 0 | 1 | 1 | 1 | 1 | 1 | 1 | 1 | 1 | 0 | 2 | 0 | 6 | 1 | 2 | 1 | 0 | 1 | 1 | 0 | 2 | 1 | 0 | 1 | 1 | 0 | 0 | 0 | 0 | 0 | 0 | 0 | 0 | 0 | 0 | 0 | 0 | 0 | 0 | 0 | 0 | 0 | 0 | 0 | 0 | 0 | 0 | 0 |
3 | Frogel, Jay Albert | California Institute of Technology | 1971 | male | 2 | 54 | 2010 | 5 | 187 | 2013 | 0 | 0 | 0 | 0 | 1 | 1 | 4 | 2 | 1 | 4 | 0 | 2 | 1 | 1 | 3 | 1 | 4 | 7 | 4 | 2 | 0 | 3 | 2 | 1 | 3 | 0 | 0 | 0 | 0 | 1 | 0 | 0 | 4 | 2 | 0 | 1 | 0 | 0 | 0 | 0 | 0 | 0 | 0 | 0 | 1 | 0 | 0 | 0 | 0 | 0 | 0 |  0 | 1 | 0 | 1 | 1 | 2 | 6 | 9 | 8 | 4 | 1 | 4 | 4 | 2 | 10 | 9 | 8 | 12 | 4 | 6 | 2 | 4 | 4 | 4 | 4 | 3 | 1 | 3 | 2 | 9 | 2 | 5 | 5 | 4 | 6 | 4 | 6 | 3 | 1 | 0 | 4 | 0 | 2 | 0 | 6 | 8 | 4 | 4 | 0 | 0 | 0 |
4 | Movahed-Ardabili, Reza | GEORGETOWN UNIVERSITY. | 1971 | male | 1 | 0 | 1971 | 1 | 0 | 1971 | 0 | 0 | 0 | 0 | 0 | 1 | 0 | 0 | 0 | 0 | 0 | 0 | 0 | 0 | 0 | 0 | 0 | 0 | 0 | 0 | 0 | 0 | 0 | 0 | 0 | 0 | 0 | 0 | 0 | 0 | 0 | 0 | 0 | 0 | 0 | 0 | 0 | 0 | 0 | 0 | 0 | 0 | 0 | 0 | 0 | 0 | 0 | 0 | 0 | 0 | 0 |  0 | 0 | 0 | 0 | 0 | 1 | 0 | 0 | 0 | 0 | 0 | 0 | 0 | 0 | 0 | 0 | 0 | 0 | 0 | 0 | 0 | 0 | 0 | 0 | 0 | 0 | 0 | 0 | 0 | 0 | 0 | 0 | 0 | 0 | 0 | 0 | 0 | 0 | 0 | 0 | 0 | 0 | 0 | 0 | 0 | 0 | 0 | 0 | 0 | 0 | 0 |
5 | Sandqvist, Aage | UNIVERSITY OF MARYLAND COLLEGE PARK. | 1971 | male | 1 | 8 | 1995 | 3 | 27 | 2015 | 0 | 0 | 0 | 0 | 0 | 1 | 0 | 0 | 0 | 0 | 2 | 0 | 0 | 0 | 1 | 0 | 1 | 0 | 0 | 1 | 0 | 0 | 1 | 0 | 0 | 0 | 0 | 1 | 0 | 1 | 0 | 0 | 0 | 0 | 0 | 0 | 0 | 0 | 0 | 0 | 0 | 0 | 0 | 0 | 0 | 0 | 0 | 0 | 0 | 0 | 0 |  0 | 0 | 1 | 0 | 1 | 1 | 0 | 1 | 0 | 0 | 2 | 0 | 0 | 0 | 1 | 0 | 1 | 1 | 2 | 1 | 0 | 1 | 1 | 0 | 0 | 0 | 0 | 1 | 0 | 2 | 1 | 0 | 0 | 0 | 0 | 0 | 0 | 0 | 0 | 1 | 0 | 5 | 0 | 0 | 1 | 2 | 1 | 0 | 0 | 2 | 0 |
6 | White, Nathaniel Miller | THE OHIO STATE UNIVERSITY. | 1971 | male | 1 | 14 | 2000 | 1 | 50 | 2012 | 0 | 0 | 0 | 0 | 0 | 1 | 0 | 0 | 1 | 0 | 0 | 1 | 2 | 1 | 2 | 0 | 1 | 0 | 2 | 0 | 1 | 2 | 0 | 0 | 0 | 0 | 0 | 0 | 0 | 0 | 0 | 0 | 0 | 0 | 1 | 0 | 0 | 0 | 0 | 0 | 0 | 0 | 0 | 0 | 0 | 0 | 0 | 0 | 0 | 0 | 0 |  0 | 0 | 0 | 0 | 0 | 1 | 1 | 1 | 1 | 1 | 1 | 2 | 3 | 2 | 3 | 1 | 1 | 1 | 3 | 3 | 2 | 3 | 0 | 1 | 1 | 0 | 1 | 0 | 0 | 1 | 0 | 1 | 2 | 2 | 2 | 3 | 0 | 2 | 0 | 1 | 1 | 0 | 0 | 2 | 0 | 0 | 1 | 0 | 0 | 0 | 0 |
7 | Bulman, John Goodson | OKLAHOMA STATE UNIVERSITY. | 1971 | male | 1 | 0 | 1971 | 1 | 0 | 1971 | 0 | 0 | 0 | 0 | 0 | 1 | 0 | 0 | 0 | 0 | 0 | 0 | 0 | 0 | 0 | 0 | 0 | 0 | 0 | 0 | 0 | 0 | 0 | 0 | 0 | 0 | 0 | 0 | 0 | 0 | 0 | 0 | 0 | 0 | 0 | 0 | 0 | 0 | 0 | 0 | 0 | 0 | 0 | 0 | 0 | 0 | 0 | 0 | 0 | 0 | 0 |  0 | 0 | 0 | 0 | 0 | 1 | 0 | 0 | 0 | 0 | 0 | 0 | 0 | 0 | 0 | 0 | 0 | 0 | 0 | 0 | 0 | 0 | 0 | 0 | 0 | 0 | 0 | 0 | 0 | 0 | 0 | 0 | 0 | 0 | 0 | 0 | 0 | 0 | 0 | 0 | 0 | 0 | 0 | 0 | 0 | 0 | 0 | 0 | 0 | 0 | 0 |
8 | Detch, J. Lewis, Jr. | UNIVERSITY OF WYOMING. | 1971 | male | 0 | 0 | 1971 | 0 | 0 | 1971 | 0 | 0 | 0 | 0 | 0 | 0 | 0 | 0 | 0 | 0 | 0 | 0 | 0 | 0 | 0 | 0 | 0 | 0 | 0 | 0 | 0 | 0 | 0 | 0 | 0 | 0 | 0 | 0 | 0 | 0 | 0 | 0 | 0 | 0 | 0 | 0 | 0 | 0 | 0 | 0 | 0 | 0 | 0 | 0 | 0 | 0 | 0 | 0 | 0 | 0 | 0 |  0 | 0 | 0 | 0 | 0 | 0 | 0 | 0 | 0 | 0 | 0 | 0 | 0 | 0 | 0 | 0 | 0 | 0 | 0 | 0 | 0 | 0 | 0 | 0 | 0 | 0 | 0 | 0 | 0 | 0 | 0 | 0 | 0 | 0 | 0 | 0 | 0 | 0 | 0 | 0 | 0 | 0 | 0 | 0 | 0 | 0 | 0 | 0 | 0 | 0 | 0 |
9 | Howe, Herbert Charles, Jr. | MASSACHUSETTS INSTITUTE OF TECHNOLOGY. | 1971 | male | 1 | 2 | 1974 | 1 | 4 | 1975 | 0 | 0 | 0 | 0 | 0 | 1 | 1 | 0 | 1 | 0 | 0 | 0 | 0 | 0 | 0 | 0 | 0 | 0 | 0 | 0 | 0 | 0 | 0 | 0 | 0 | 0 | 0 | 0 | 0 | 0 | 0 | 0 | 0 | 0 | 0 | 0 | 0 | 0 | 0 | 0 | 0 | 0 | 0 | 0 | 0 | 0 | 0 | 0 | 0 | 0 | 0 |  0 | 0 | 0 | 0 | 0 | 1 | 1 | 0 | 1 | 2 | 0 | 0 | 0 | 0 | 0 | 0 | 0 | 0 | 0 | 0 | 0 | 0 | 0 | 0 | 0 | 0 | 0 | 0 | 0 | 0 | 0 | 0 | 0 | 0 | 0 | 0 | 0 | 0 | 0 | 0 | 0 | 0 | 0 | 0 | 0 | 0 | 0 | 0 | 0 | 0 | 0 |
10 | Miller, David Carl | THE UNIVERSITY OF TOLEDO. | 1971 | male | 1 | 2 | 1998 | 4 | 28 | 2016 | 0 | 0 | 0 | 0 | 0 | 1 | 0 | 0 | 0 | 0 | 0 | 0 | 0 | 0 | 0 | 0 | 0 | 0 | 0 | 0 | 0 | 0 | 0 | 0 | 0 | 0 | 0 | 0 | 0 | 0 | 0 | 0 | 2 | 0 | 0 | 0 | 0 | 0 | 0 | 0 | 0 | 0 | 0 | 0 | 0 | 0 | 0 | 0 | 0 | 0 | 0 |  0 | 0 | 0 | 0 | 1 | 3 | 0 | 0 | 0 | 0 | 0 | 0 | 0 | 0 | 1 | 0 | 0 | 0 | 0 | 1 | 0 | 0 | 0 | 0 | 0 | 0 | 0 | 0 | 0 | 2 | 0 | 0 | 3 | 0 | 0 | 0 | 0 | 0 | 0 | 1 | 3 | 1 | 2 | 2 | 0 | 1 | 2 | 3 | 2 | 0 | 4 |
11 | Groth, Edward John, III | PRINCETON UNIVERSITY. | 1971 | male | 1 | 16 | 1989 | 3 | 63 | 2007 | 0 | 0 | 0 | 0 | 0 | 1 | 1 | 0 | 2 | 6 | 0 | 2 | 1 | 0 | 0 | 0 | 0 | 0 | 0 | 0 | 3 | 0 | 0 | 1 | 0 | 0 | 0 | 0 | 0 | 0 | 0 | 0 | 0 | 0 | 0 | 0 | 0 | 0 | 0 | 0 | 0 | 0 | 0 | 0 | 0 | 0 | 0 | 0 | 0 | 0 | 0 |  0 | 0 | 1 | 0 | 0 | 2 | 2 | 2 | 3 | 7 | 1 | 4 | 1 | 0 | 0 | 0 | 1 | 0 | 0 | 0 | 4 | 0 | 1 | 2 | 0 | 7 | 5 | 3 | 1 | 2 | 5 | 1 | 1 | 0 | 2 | 1 | 1 | 0 | 2 | 3 | 0 | 1 | 0 | 0 | 0 | 0 | 0 | 0 | 0 | 0 | 0 |
12 | Munn, Michael Wilkerson | UNIVERSITY OF CALIFORNIA, SANTA BARBARA. | 1971 | male | 1 | 1 | 1973 | 1 | 2 | 1975 | 0 | 0 | 0 | 0 | 0 | 1 | 0 | 1 | 0 | 0 | 0 | 0 | 0 | 0 | 0 | 0 | 0 | 0 | 0 | 0 | 0 | 0 | 0 | 0 | 0 | 0 | 0 | 0 | 0 | 0 | 0 | 0 | 0 | 0 | 0 | 0 | 0 | 0 | 0 | 0 | 0 | 0 | 0 | 0 | 0 | 0 | 0 | 0 | 0 | 0 | 0 |  0 | 0 | 0 | 0 | 0 | 1 | 0 | 1 | 0 | 1 | 0 | 0 | 0 | 0 | 0 | 0 | 0 | 0 | 0 | 0 | 0 | 0 | 0 | 0 | 0 | 0 | 0 | 0 | 0 | 0 | 0 | 0 | 0 | 0 | 0 | 0 | 0 | 0 | 0 | 0 | 0 | 0 | 0 | 0 | 0 | 0 | 0 | 0 | 0 | 0 | 0 |
13 | Cha, Milton Young Jai | UNIVERSITY OF HAWAII. | 1971 | male | 1 | 0 | 1971 | 1 | 0 | 1971 | 0 | 0 | 0 | 0 | 0 | 1 | 0 | 0 | 0 | 0 | 0 | 0 | 0 | 0 | 0 | 0 | 0 | 0 | 0 | 0 | 0 | 0 | 0 | 0 | 0 | 0 | 0 | 0 | 0 | 0 | 0 | 0 | 0 | 0 | 0 | 0 | 0 | 0 | 0 | 0 | 0 | 0 | 0 | 0 | 0 | 0 | 0 | 0 | 0 | 0 | 0 |  0 | 0 | 0 | 0 | 0 | 1 | 0 | 0 | 0 | 0 | 0 | 0 | 0 | 0 | 0 | 0 | 0 | 0 | 0 | 0 | 0 | 0 | 0 | 0 | 0 | 0 | 0 | 0 | 0 | 0 | 0 | 0 | 0 | 0 | 0 | 0 | 0 | 0 | 0 | 0 | 0 | 0 | 0 | 0 | 0 | 0 | 0 | 0 | 0 | 0 | 0 |
14 | Jura, Michael Alan | HARVARD UNIVERSITY. | 1971 | male | 2 | 115 | 2015 | 6 | 190 | 2017 | 0 | 0 | 0 | 0 | 0 | 2 | 1 | 1 | 4 | 5 | 4 | 5 | 3 | 4 | 3 | 3 | 3 | 2 | 3 | 2 | 6 | 3 | 3 | 2 | 5 | 3 | 2 | 3 | 2 | 2 | 2 | 3 | 2 | 3 | 3 | 2 | 2 | 2 | 3 | 2 | 2 | 2 | 1 | 2 | 1 | 1 | 2 | 2 | 2 | 2 | 0 |  0 | 0 | 0 | 2 | 2 | 2 | 1 | 1 | 4 | 5 | 5 | 5 | 3 | 6 | 5 | 4 | 5 | 6 | 4 | 6 | 6 | 5 | 5 | 4 | 5 | 3 | 4 | 5 | 5 | 4 | 5 | 4 | 6 | 5 | 3 | 5 | 2 | 4 | 5 | 7 | 3 | 4 | 3 | 3 | 5 | 3 | 3 | 5 | 4 | 3 | 1 |
15 | Little, Stephen James | UNIVERSITY OF CALIFORNIA, LOS ANGELES. | 1971 | male | 3 | 16 | 2014 | 6 | 20 | 2014 | 0 | 1 | 0 | 0 | 1 | 1 | 0 | 0 | 1 | 0 | 0 | 0 | 0 | 1 | 0 | 0 | 0 | 0 | 1 | 1 | 2 | 5 | 1 | 1 | 1 | 0 | 0 | 0 | 0 | 0 | 0 | 1 | 0 | 0 | 0 | 0 | 0 | 0 | 0 | 0 | 0 | 0 | 0 | 0 | 0 | 0 | 0 | 0 | 1 | 0 | 0 |  0 | 1 | 1 | 1 | 2 | 1 | 0 | 0 | 1 | 0 | 0 | 0 | 0 | 1 | 0 | 0 | 0 | 0 | 1 | 1 | 2 | 5 | 1 | 1 | 2 | 1 | 0 | 0 | 0 | 0 | 0 | 1 | 0 | 1 | 0 | 0 | 1 | 0 | 0 | 0 | 0 | 0 | 0 | 0 | 0 | 0 | 0 | 0 | 1 | 0 | 0 |
16 | McCammon, Dan | THE UNIVERSITY OF WISCONSIN - MADISON. | 1971 | male | 3 | 10 | 2002 | 10 | 93 | 2017 | 0 | 1 | 0 | 0 | 0 | 2 | 0 | 0 | 0 | 0 | 1 | 0 | 0 | 1 | 1 | 0 | 1 | 1 | 1 | 0 | 0 | 0 | 0 | 0 | 1 | 0 | 0 | 0 | 0 | 0 | 1 | 0 | 0 | 0 | 0 | 0 | 2 | 0 | 0 | 0 | 0 | 0 | 0 | 0 | 0 | 0 | 0 | 0 | 0 | 0 | 0 |  1 | 4 | 0 | 1 | 0 | 4 | 2 | 3 | 1 | 0 | 1 | 0 | 0 | 1 | 1 | 0 | 1 | 2 | 2 | 1 | 4 | 0 | 0 | 0 | 3 | 1 | 1 | 2 | 2 | 1 | 4 | 1 | 3 | 1 | 4 | 1 | 12 | 1 | 1 | 0 | 1 | 7 | 4 | 4 | 2 | 2 | 4 | 1 | 5 | 2 | 2 |
17 | Ross, John Ernest Ralph | UNIVERSITY OF CALIFORNIA, LOS ANGELES. | 1971 | male | 5 | 1 | 1980 | 6 | 13 | 2016 | 0 | 1 | 2 | 0 | 1 | 1 | 0 | 0 | 0 | 0 | 0 | 0 | 0 | 0 | 1 | 0 | 0 | 0 | 0 | 0 | 0 | 0 | 0 | 0 | 0 | 0 | 0 | 0 | 0 | 0 | 0 | 0 | 0 | 0 | 0 | 0 | 0 | 0 | 0 | 0 | 0 | 0 | 0 | 0 | 0 | 0 | 0 | 0 | 0 | 0 | 0 |  0 | 1 | 3 | 0 | 1 | 1 | 0 | 1 | 0 | 1 | 0 | 0 | 0 | 0 | 1 | 0 | 0 | 0 | 0 | 0 | 0 | 0 | 0 | 0 | 0 | 0 | 1 | 0 | 1 | 0 | 0 | 0 | 0 | 0 | 0 | 1 | 0 | 0 | 0 | 0 | 0 | 0 | 0 | 2 | 3 | 1 | 0 | 0 | 0 | 0 | 1 |
18 | Schuerman, Donald W. | THE UNIVERSITY OF ROCHESTER. | 1971 | male | 1 | 7 | 1981 | 2 | 14 | 1981 | 0 | 0 | 0 | 0 | 0 | 1 | 1 | 0 | 0 | 1 | 1 | 0 | 0 | 1 | 2 | 1 | 0 | 0 | 0 | 0 | 0 | 0 | 0 | 0 | 0 | 0 | 0 | 0 | 0 | 0 | 0 | 0 | 0 | 0 | 0 | 0 | 0 | 0 | 0 | 0 | 0 | 0 | 0 | 0 | 0 | 0 | 0 | 0 | 0 | 0 | 0 |  0 | 0 | 0 | 1 | 0 | 1 | 1 | 0 | 0 | 1 | 3 | 1 | 1 | 1 | 2 | 4 | 0 | 0 | 0 | 0 | 0 | 0 | 0 | 0 | 0 | 0 | 0 | 0 | 0 | 0 | 0 | 0 | 0 | 0 | 0 | 0 | 0 | 0 | 0 | 0 | 0 | 0 | 0 | 0 | 0 | 0 | 0 | 0 | 0 | 0 | 0 |
19 | Durgin, Harold Everett | GEORGETOWN UNIVERSITY. | 1971 | male | 1 | 0 | 1971 | 1 | 0 | 1971 | 0 | 0 | 0 | 0 | 0 | 1 | 0 | 0 | 0 | 0 | 0 | 0 | 0 | 0 | 0 | 0 | 0 | 0 | 0 | 0 | 0 | 0 | 0 | 0 | 0 | 0 | 0 | 0 | 0 | 0 | 0 | 0 | 0 | 0 | 0 | 0 | 0 | 0 | 0 | 0 | 0 | 0 | 0 | 0 | 0 | 0 | 0 | 0 | 0 | 0 | 0 |  0 | 0 | 0 | 0 | 0 | 1 | 0 | 0 | 0 | 0 | 0 | 0 | 0 | 0 | 0 | 0 | 0 | 0 | 0 | 0 | 0 | 0 | 0 | 0 | 0 | 0 | 0 | 0 | 0 | 0 | 0 | 0 | 0 | 0 | 0 | 0 | 0 | 0 | 0 | 0 | 0 | 0 | 0 | 0 | 0 | 0 | 0 | 0 | 0 | 0 | 0 |
20 | Kaufman, Sheldon Eugene | NEW YORK UNIVERSITY. | 1971 | male | 3 | 3 | 1973 | 3 | 7 | 2005 | 0 | 0 | 0 | 0 | 0 | 3 | 1 | 2 | 0 | 0 | 0 | 0 | 0 | 0 | 0 | 0 | 0 | 0 | 0 | 0 | 0 | 0 | 0 | 0 | 0 | 0 | 0 | 0 | 0 | 0 | 0 | 0 | 0 | 0 | 0 | 0 | 0 | 0 | 0 | 0 | 0 | 0 | 0 | 0 | 0 | 0 | 0 | 0 | 0 | 0 | 0 |  0 | 0 | 0 | 0 | 0 | 3 | 1 | 2 | 0 | 0 | 0 | 0 | 0 | 0 | 1 | 0 | 0 | 0 | 0 | 0 | 0 | 2 | 0 | 0 | 0 | 0 | 0 | 0 | 0 | 0 | 0 | 0 | 0 | 0 | 0 | 0 | 0 | 0 | 0 | 1 | 0 | 0 | 0 | 0 | 0 | 0 | 0 | 0 | 0 | 0 | 0 |
21 | Lukas, George | BRANDEIS UNIVERSITY. | 1971 | male | 1 | 0 | 1971 | 1 | 0 | 1971 | 0 | 0 | 0 | 0 | 0 | 1 | 0 | 0 | 0 | 0 | 0 | 0 | 0 | 0 | 0 | 0 | 0 | 0 | 0 | 0 | 0 | 0 | 0 | 0 | 0 | 0 | 0 | 0 | 0 | 0 | 0 | 0 | 0 | 0 | 0 | 0 | 0 | 0 | 0 | 0 | 0 | 0 | 0 | 0 | 0 | 0 | 0 | 0 | 0 | 0 | 0 |  0 | 0 | 0 | 0 | 0 | 1 | 0 | 0 | 0 | 0 | 0 | 0 | 0 | 0 | 0 | 0 | 0 | 0 | 0 | 0 | 0 | 0 | 0 | 0 | 0 | 0 | 0 | 0 | 0 | 0 | 0 | 0 | 0 | 0 | 0 | 0 | 0 | 0 | 0 | 0 | 0 | 0 | 0 | 0 | 0 | 0 | 0 | 0 | 0 | 0 | 0 |
22 | Mallow, Jeffry Victor | NORTHWESTERN UNIVERSITY. | 1971 | male | 1 | 3 | 1999 | 1 | 3 | 1999 | 0 | 0 | 0 | 0 | 0 | 1 | 1 | 0 | 0 | 0 | 1 | 0 | 0 | 0 | 0 | 0 | 0 | 0 | 0 | 0 | 0 | 0 | 0 | 0 | 0 | 0 | 0 | 0 | 0 | 0 | 0 | 0 | 0 | 1 | 0 | 0 | 0 | 0 | 0 | 0 | 0 | 0 | 0 | 0 | 0 | 0 | 0 | 0 | 0 | 0 | 0 |  0 | 0 | 0 | 0 | 0 | 1 | 1 | 0 | 0 | 0 | 1 | 0 | 0 | 0 | 0 | 0 | 0 | 0 | 0 | 0 | 0 | 0 | 0 | 0 | 0 | 0 | 0 | 0 | 0 | 0 | 0 | 0 | 0 | 1 | 0 | 0 | 0 | 0 | 0 | 0 | 0 | 0 | 0 | 0 | 0 | 0 | 0 | 0 | 0 | 0 | 0 |
23 | Pelling, Ray Michael | UNIVERSITY OF CALIFORNIA, SAN DIEGO. | 1971 | male | 1 | 1 | 1987 | 4 | 21 | 2000 | 0 | 0 | 0 | 0 | 0 | 1 | 0 | 0 | 0 | 0 | 0 | 0 | 0 | 0 | 0 | 0 | 0 | 0 | 0 | 0 | 0 | 1 | 0 | 0 | 0 | 0 | 0 | 0 | 0 | 0 | 0 | 0 | 0 | 0 | 0 | 0 | 0 | 0 | 0 | 0 | 0 | 0 | 0 | 0 | 0 | 0 | 0 | 0 | 0 | 0 | 0 |  1 | 0 | 2 | 0 | 0 | 1 | 1 | 2 | 0 | 0 | 0 | 2 | 0 | 0 | 0 | 2 | 0 | 2 | 2 | 0 | 0 | 2 | 0 | 0 | 1 | 1 | 0 | 4 | 0 | 0 | 0 | 1 | 0 | 0 | 1 | 0 | 0 | 0 | 0 | 0 | 0 | 0 | 0 | 0 | 0 | 0 | 0 | 0 | 0 | 0 | 0 |
24 | Rutscheidt, Erich H. | GEORGETOWN UNIVERSITY. | 1971 | male | 1 | 0 | 1971 | 1 | 0 | 1971 | 0 | 0 | 0 | 0 | 0 | 1 | 0 | 0 | 0 | 0 | 0 | 0 | 0 | 0 | 0 | 0 | 0 | 0 | 0 | 0 | 0 | 0 | 0 | 0 | 0 | 0 | 0 | 0 | 0 | 0 | 0 | 0 | 0 | 0 | 0 | 0 | 0 | 0 | 0 | 0 | 0 | 0 | 0 | 0 | 0 | 0 | 0 | 0 | 0 | 0 | 0 |  0 | 0 | 0 | 0 | 0 | 1 | 0 | 0 | 0 | 0 | 0 | 0 | 0 | 0 | 0 | 0 | 0 | 0 | 0 | 0 | 0 | 0 | 0 | 0 | 0 | 0 | 0 | 0 | 0 | 0 | 0 | 0 | 0 | 0 | 0 | 0 | 0 | 0 | 0 | 0 | 0 | 0 | 0 | 0 | 0 | 0 | 0 | 0 | 0 | 0 | 0 |
25 | Schramm, David Norman | CALIFORNIA INSTITUTE OF TECHNOLOGY. | 1971 | male | 6 | 78 | 1998 | 8 | 297 | 1998 | 0 | 0 | 0 | 0 | 2 | 4 | 3 | 4 | 5 | 3 | 1 | 3 | 3 | 2 | 1 | 5 | 4 | 3 | 4 | 2 | 3 | 2 | 4 | 1 | 3 | 2 | 3 | 4 | 2 | 5 | 1 | 1 | 4 | 0 | 0 | 0 | 0 | 0 | 0 | 0 | 0 | 0 | 0 | 0 | 0 | 0 | 0 | 0 | 0 | 0 | 0 |  0 | 0 | 0 | 1 | 3 | 4 | 4 | 11 | 12 | 8 | 17 | 19 | 15 | 13 | 6 | 12 | 10 | 10 | 10 | 7 | 9 | 8 | 10 | 8 | 10 | 6 | 16 | 22 | 13 | 17 | 5 | 13 | 6 | 0 | 0 | 0 | 0 | 0 | 0 | 0 | 0 | 0 | 0 | 0 | 0 | 0 | 0 | 0 | 0 | 0 | 0 |
26 | Turner, Lawrence Edward, Jr. | MICHIGAN STATE UNIVERSITY. | 1971 | male | 1 | 6 | 1980 | 1 | 25 | 2012 | 0 | 0 | 0 | 0 | 0 | 1 | 0 | 0 | 0 | 0 | 2 | 0 | 2 | 1 | 1 | 0 | 0 | 0 | 0 | 0 | 0 | 0 | 0 | 0 | 0 | 0 | 0 | 0 | 0 | 0 | 0 | 0 | 0 | 0 | 0 | 0 | 0 | 0 | 0 | 0 | 0 | 0 | 0 | 0 | 0 | 0 | 0 | 0 | 0 | 0 | 0 |  0 | 0 | 0 | 0 | 0 | 1 | 0 | 0 | 0 | 0 | 2 | 0 | 2 | 1 | 1 | 0 | 0 | 0 | 0 | 0 | 0 | 0 | 1 | 0 | 0 | 0 | 0 | 0 | 0 | 0 | 0 | 0 | 0 | 0 | 0 | 0 | 0 | 0 | 0 | 0 | 1 | 1 | 0 | 1 | 4 | 6 | 5 | 0 | 0 | 0 | 0 |
27 | Pitts, David Eugene | THE UNIVERSITY OF OKLAHOMA. | 1971 | male | 1 | 2 | 1987 | 1 | 3 | 1987 | 0 | 0 | 0 | 0 | 0 | 1 | 0 | 0 | 0 | 0 | 0 | 1 | 0 | 0 | 0 | 0 | 0 | 0 | 0 | 0 | 0 | 1 | 0 | 0 | 0 | 0 | 0 | 0 | 0 | 0 | 0 | 0 | 0 | 0 | 0 | 0 | 0 | 0 | 0 | 0 | 0 | 0 | 0 | 0 | 0 | 0 | 0 | 0 | 0 | 0 | 0 |  0 | 0 | 0 | 0 | 0 | 1 | 0 | 0 | 0 | 0 | 0 | 1 | 0 | 0 | 0 | 0 | 0 | 0 | 0 | 0 | 1 | 1 | 0 | 0 | 0 | 0 | 0 | 0 | 0 | 0 | 0 | 0 | 0 | 0 | 0 | 0 | 0 | 0 | 0 | 0 | 0 | 0 | 0 | 0 | 0 | 0 | 0 | 0 | 0 | 0 | 0 |
28 | Valeo, Ernest John | PRINCETON UNIVERSITY. | 1971 | male | 1 | 0 | 1971 | 1 | 5 | 2015 | 0 | 0 | 0 | 0 | 0 | 1 | 0 | 0 | 0 | 0 | 0 | 0 | 0 | 0 | 0 | 0 | 0 | 0 | 0 | 0 | 0 | 0 | 0 | 0 | 0 | 0 | 0 | 0 | 0 | 0 | 0 | 0 | 0 | 0 | 0 | 0 | 0 | 0 | 0 | 0 | 0 | 0 | 0 | 0 | 0 | 0 | 0 | 0 | 0 | 0 | 0 |  0 | 0 | 0 | 0 | 0 | 1 | 0 | 0 | 0 | 0 | 0 | 1 | 0 | 1 | 0 | 0 | 0 | 0 | 0 | 0 | 0 | 0 | 0 | 0 | 0 | 0 | 0 | 1 | 0 | 0 | 0 | 0 | 0 | 0 | 0 | 0 | 0 | 0 | 0 | 0 | 0 | 0 | 0 | 0 | 0 | 1 | 0 | 0 | 0 | 1 | 0 |
29 | Woosley, Stanford Earl | RICE UNIVERSITY. | 1971 | male | 2 | 73 | 2017 | 5 | 274 | 2017 | 0 | 0 | 0 | 0 | 0 | 2 | 1 | 2 | 0 | 0 | 2 | 1 | 2 | 1 | 1 | 2 | 1 | 0 | 0 | 0 | 4 | 1 | 7 | 5 | 2 | 1 | 2 | 5 | 3 | 2 | 1 | 2 | 0 | 3 | 0 | 1 | 1 | 1 | 2 | 0 | 2 | 6 | 0 | 1 | 1 | 2 | 1 | 0 | 0 | 2 | 1 |  0 | 0 | 0 | 1 | 0 | 4 | 2 | 3 | 2 | 0 | 4 | 3 | 4 | 2 | 2 | 4 | 5 | 2 | 0 | 1 | 8 | 1 | 13 | 9 | 3 | 4 | 5 | 10 | 7 | 8 | 8 | 10 | 3 | 10 | 5 | 9 | 5 | 9 | 15 | 12 | 12 | 15 | 7 | 5 | 10 | 9 | 4 | 7 | 5 | 4 | 6 |
30 | Brucato, Robert Joseph | NORTHWESTERN UNIVERSITY. | 1971 | male | 4 | 4 | 1974 | 5 | 8 | 2003 | 0 | 0 | 1 | 0 | 0 | 3 | 2 | 1 | 1 | 0 | 0 | 0 | 0 | 0 | 0 | 0 | 0 | 0 | 0 | 0 | 0 | 0 | 0 | 0 | 0 | 0 | 0 | 0 | 0 | 0 | 0 | 0 | 0 | 0 | 0 | 0 | 0 | 0 | 0 | 0 | 0 | 0 | 0 | 0 | 0 | 0 | 0 | 0 | 0 | 0 | 0 |  0 | 0 | 1 | 0 | 0 | 4 | 3 | 1 | 1 | 0 | 0 | 0 | 0 | 1 | 0 | 0 | 0 | 0 | 0 | 0 | 0 | 0 | 0 | 0 | 0 | 1 | 0 | 0 | 0 | 0 | 0 | 0 | 0 | 0 | 0 | 0 | 0 | 1 | 0 | 0 | 0 | 0 | 0 | 0 | 0 | 0 | 0 | 0 | 0 | 0 | 0 |
31 | Chesters, Dennis | UNIVERSITY OF MARYLAND COLLEGE PARK. | 1971 | male | 1 | 0 | 1971 | 1 | 0 | 1971 | 0 | 0 | 0 | 0 | 0 | 1 | 0 | 0 | 0 | 0 | 0 | 0 | 0 | 0 | 0 | 0 | 0 | 0 | 0 | 0 | 0 | 0 | 0 | 0 | 0 | 0 | 0 | 0 | 0 | 0 | 0 | 0 | 0 | 0 | 0 | 0 | 0 | 0 | 0 | 0 | 0 | 0 | 0 | 0 | 0 | 0 | 0 | 0 | 0 | 0 | 0 |  0 | 0 | 0 | 0 | 0 | 1 | 0 | 0 | 0 | 0 | 0 | 0 | 0 | 0 | 0 | 0 | 0 | 0 | 0 | 0 | 0 | 0 | 0 | 0 | 0 | 0 | 0 | 0 | 0 | 0 | 0 | 0 | 0 | 0 | 0 | 0 | 0 | 0 | 0 | 0 | 0 | 0 | 0 | 0 | 0 | 0 | 0 | 0 | 0 | 0 | 0 |
32 | Greene, Arthur Edward | THE OHIO STATE UNIVERSITY. | 1971 | male | 2 | 1 | 1975 | 2 | 3 | 1978 | 0 | 0 | 0 | 0 | 0 | 2 | 0 | 0 | 0 | 1 | 0 | 0 | 0 | 0 | 0 | 0 | 0 | 0 | 0 | 0 | 0 | 0 | 0 | 0 | 0 | 0 | 0 | 0 | 0 | 0 | 0 | 0 | 0 | 0 | 0 | 0 | 0 | 0 | 0 | 0 | 0 | 0 | 0 | 0 | 0 | 0 | 0 | 0 | 0 | 0 | 0 |  0 | 0 | 0 | 0 | 0 | 2 | 1 | 0 | 0 | 1 | 0 | 0 | 1 | 0 | 0 | 0 | 0 | 0 | 0 | 0 | 0 | 0 | 0 | 0 | 0 | 0 | 0 | 0 | 0 | 0 | 0 | 0 | 0 | 0 | 0 | 0 | 0 | 0 | 0 | 0 | 0 | 0 | 0 | 0 | 0 | 0 | 0 | 0 | 0 | 0 | 0 |
33 | Hildner, Ernest Gotthold, III | UNIVERSITY OF COLORADO AT BOULDER. | 1971 | male | 1 | 8 | 2009 | 1 | 37 | 2009 | 0 | 0 | 0 | 0 | 0 | 1 | 0 | 0 | 1 | 3 | 1 | 0 | 0 | 0 | 0 | 0 | 0 | 0 | 0 | 0 | 1 | 0 | 0 | 0 | 0 | 0 | 1 | 0 | 0 | 0 | 0 | 0 | 0 | 0 | 0 | 0 | 0 | 0 | 0 | 0 | 0 | 0 | 0 | 1 | 0 | 0 | 0 | 0 | 0 | 0 | 0 |  0 | 0 | 0 | 0 | 0 | 1 | 0 | 0 | 3 | 5 | 4 | 2 | 2 | 1 | 1 | 2 | 1 | 1 | 2 | 1 | 2 | 0 | 0 | 1 | 1 | 0 | 3 | 0 | 0 | 0 | 0 | 0 | 0 | 0 | 1 | 0 | 1 | 0 | 0 | 2 | 0 | 0 | 0 | 1 | 0 | 0 | 0 | 0 | 0 | 0 | 0 |
34 | Price, Richard H. | California Institute of Technology | 1971 | male | 2 | 27 | 2016 | 7 | 103 | 2017 | 0 | 0 | 0 | 1 | 0 | 1 | 2 | 0 | 0 | 0 | 0 | 0 | 0 | 0 | 0 | 0 | 1 | 0 | 0 | 0 | 2 | 0 | 2 | 0 | 0 | 2 | 3 | 1 | 1 | 0 | 1 | 0 | 0 | 0 | 0 | 2 | 0 | 0 | 3 | 1 | 0 | 0 | 0 | 1 | 0 | 1 | 1 | 1 | 0 | 0 | 2 |  0 | 0 | 0 | 3 | 1 | 3 | 3 | 0 | 0 | 2 | 0 | 2 | 1 | 2 | 1 | 1 | 3 | 3 | 0 | 1 | 2 | 0 | 4 | 0 | 2 | 5 | 3 | 2 | 3 | 2 | 5 | 4 | 3 | 5 | 7 | 2 | 1 | 0 | 6 | 2 | 1 | 3 | 5 | 5 | 2 | 1 | 3 | 3 | 0 | 0 | 2 |
35 | Goldstein, Mark Parnes | CALIFORNIA INSTITUTE OF TECHNOLOGY. | 1971 | male | 1 | 0 | 1971 | 2 | 4 | 2016 | 0 | 0 | 0 | 0 | 0 | 1 | 0 | 0 | 0 | 0 | 0 | 0 | 0 | 0 | 0 | 0 | 0 | 0 | 0 | 0 | 0 | 0 | 0 | 0 | 0 | 0 | 0 | 0 | 0 | 0 | 0 | 0 | 0 | 0 | 0 | 0 | 0 | 0 | 0 | 0 | 0 | 0 | 0 | 0 | 0 | 0 | 0 | 0 | 0 | 0 | 0 |  0 | 0 | 0 | 0 | 1 | 1 | 0 | 1 | 0 | 0 | 0 | 0 | 0 | 0 | 0 | 0 | 0 | 0 | 0 | 0 | 0 | 0 | 0 | 0 | 0 | 0 | 0 | 0 | 0 | 0 | 0 | 0 | 0 | 0 | 0 | 0 | 0 | 0 | 0 | 0 | 0 | 0 | 0 | 0 | 1 | 0 | 1 | 0 | 0 | 0 | 1 |
36 | Hill, Stephen James | UNIVERSITY OF COLORADO AT BOULDER. | 1971 | male | 1 | 4 | 1979 | 3 | 11 | 2012 | 0 | 0 | 0 | 0 | 0 | 1 | 2 | 0 | 0 | 0 | 1 | 0 | 0 | 1 | 0 | 0 | 0 | 0 | 0 | 0 | 0 | 0 | 0 | 0 | 0 | 0 | 0 | 0 | 0 | 0 | 0 | 0 | 0 | 0 | 0 | 0 | 0 | 0 | 0 | 0 | 0 | 0 | 0 | 0 | 0 | 0 | 0 | 0 | 0 | 0 | 0 |  2 | 0 | 0 | 0 | 0 | 1 | 2 | 0 | 0 | 2 | 1 | 1 | 0 | 2 | 0 | 0 | 0 | 0 | 0 | 0 | 0 | 0 | 0 | 0 | 0 | 0 | 0 | 0 | 0 | 0 | 0 | 0 | 0 | 0 | 0 | 0 | 0 | 0 | 0 | 0 | 0 | 0 | 1 | 0 | 1 | 0 | 1 | 0 | 0 | 0 | 0 |
37 | Joseph, Robert David | WASHINGTON UNIVERSITY. | 1971 | male | 1 | 16 | 2016 | 2 | 83 | 2016 | 0 | 0 | 0 | 0 | 0 | 1 | 0 | 0 | 0 | 1 | 0 | 3 | 0 | 0 | 0 | 0 | 0 | 0 | 3 | 2 | 0 | 0 | 2 | 0 | 0 | 0 | 0 | 0 | 1 | 0 | 0 | 0 | 0 | 1 | 0 | 0 | 0 | 0 | 0 | 0 | 0 | 0 | 0 | 1 | 0 | 0 | 0 | 0 | 1 | 0 | 1 |  0 | 0 | 0 | 0 | 1 | 1 | 0 | 0 | 1 | 1 | 0 | 3 | 2 | 0 | 2 | 0 | 0 | 0 | 5 | 2 | 1 | 2 | 4 | 2 | 2 | 5 | 2 | 0 | 6 | 4 | 2 | 5 | 2 | 3 | 5 | 1 | 3 | 2 | 3 | 1 | 4 | 1 | 0 | 2 | 0 | 1 | 0 | 0 | 2 | 0 | 2 |
38 | Kelsall, Thomas | UNIVERSITY OF MARYLAND COLLEGE PARK. | 1971 | male | 3 | 1 | 1998 | 3 | 42 | 1998 | 1 | 1 | 0 | 0 | 0 | 1 | 0 | 0 | 0 | 0 | 0 | 0 | 0 | 0 | 0 | 0 | 0 | 0 | 0 | 0 | 0 | 0 | 0 | 0 | 0 | 0 | 0 | 0 | 0 | 0 | 0 | 0 | 1 | 0 | 0 | 0 | 0 | 0 | 0 | 0 | 0 | 0 | 0 | 0 | 0 | 0 | 0 | 0 | 0 | 0 | 0 |  1 | 1 | 0 | 0 | 0 | 1 | 0 | 0 | 0 | 0 | 0 | 0 | 0 | 0 | 1 | 0 | 0 | 1 | 2 | 0 | 0 | 0 | 0 | 0 | 2 | 8 | 6 | 2 | 8 | 4 | 0 | 3 | 5 | 0 | 0 | 0 | 0 | 0 | 0 | 0 | 0 | 0 | 0 | 0 | 0 | 0 | 0 | 0 | 0 | 0 | 0 |
39 | Leibacher, John William | HARVARD UNIVERSITY. | 1971 | male | 2 | 20 | 2017 | 3 | 88 | 2017 | 0 | 0 | 0 | 0 | 0 | 2 | 0 | 0 | 0 | 0 | 0 | 0 | 0 | 0 | 0 | 0 | 1 | 0 | 0 | 2 | 0 | 1 | 0 | 1 | 0 | 0 | 0 | 0 | 0 | 0 | 0 | 0 | 0 | 1 | 0 | 0 | 0 | 0 | 0 | 1 | 0 | 1 | 1 | 2 | 2 | 1 | 1 | 1 | 1 | 1 | 1 |  0 | 0 | 0 | 1 | 0 | 2 | 0 | 0 | 1 | 0 | 0 | 2 | 2 | 0 | 5 | 4 | 6 | 3 | 3 | 2 | 2 | 1 | 2 | 1 | 0 | 2 | 0 | 0 | 2 | 0 | 7 | 0 | 0 | 2 | 0 | 0 | 0 | 0 | 0 | 1 | 2 | 4 | 4 | 4 | 4 | 3 | 4 | 5 | 2 | 3 | 4 |
40 | McKenzie, David Leroy | UNIVERSITY OF CALIFORNIA, SAN DIEGO. | 1971 | male | 1 | 24 | 1994 | 3 | 72 | 2017 | 0 | 0 | 0 | 0 | 0 | 1 | 1 | 2 | 1 | 1 | 1 | 1 | 1 | 0 | 2 | 1 | 4 | 0 | 1 | 2 | 0 | 1 | 2 | 0 | 0 | 0 | 2 | 0 | 1 | 0 | 0 | 0 | 0 | 0 | 0 | 0 | 0 | 0 | 0 | 0 | 0 | 0 | 0 | 0 | 0 | 0 | 0 | 0 | 0 | 0 | 0 |  1 | 0 | 0 | 1 | 0 | 1 | 2 | 2 | 1 | 2 | 1 | 2 | 4 | 0 | 3 | 2 | 4 | 2 | 2 | 4 | 1 | 2 | 4 | 2 | 0 | 1 | 3 | 0 | 3 | 1 | 1 | 3 | 3 | 1 | 6 | 1 | 0 | 0 | 0 | 0 | 1 | 1 | 1 | 1 | 0 | 2 | 1 | 0 | 1 | 0 | 0 |
41 | Niell, Arthur Edwin | CORNELL UNIVERSITY. | 1971 | male | 1 | 4 | 2000 | 4 | 45 | 2013 | 0 | 0 | 0 | 0 | 0 | 1 | 0 | 0 | 0 | 1 | 0 | 0 | 0 | 0 | 0 | 1 | 0 | 0 | 0 | 1 | 0 | 0 | 0 | 0 | 0 | 0 | 0 | 0 | 0 | 0 | 0 | 0 | 0 | 0 | 1 | 0 | 0 | 0 | 0 | 0 | 0 | 0 | 0 | 0 | 0 | 0 | 0 | 0 | 0 | 0 | 0 |  0 | 0 | 0 | 1 | 1 | 2 | 1 | 2 | 3 | 3 | 4 | 2 | 1 | 1 | 1 | 3 | 0 | 2 | 3 | 2 | 4 | 0 | 1 | 5 | 1 | 0 | 0 | 0 | 0 | 1 | 1 | 0 | 0 | 0 | 1 | 0 | 0 | 0 | 0 | 0 | 1 | 0 | 1 | 0 | 0 | 0 | 0 | 1 | 0 | 0 | 0 |
42 | Osborn, Wayne Henry | Yale University. | 1971 | male | 8 | 31 | 2017 | 10 | 55 | 2017 | 1 | 2 | 1 | 1 | 1 | 2 | 1 | 3 | 2 | 1 | 1 | 1 | 0 | 0 | 0 | 0 | 0 | 0 | 0 | 0 | 0 | 1 | 0 | 0 | 1 | 0 | 0 | 0 | 0 | 0 | 0 | 2 | 1 | 1 | 2 | 0 | 2 | 1 | 0 | 2 | 0 | 0 | 0 | 0 | 0 | 2 | 4 | 1 | 0 | 0 | 1 |  1 | 2 | 1 | 2 | 1 | 3 | 1 | 3 | 3 | 1 | 3 | 1 | 0 | 0 | 1 | 0 | 0 | 0 | 2 | 2 | 0 | 2 | 0 | 0 | 1 | 0 | 0 | 0 | 0 | 1 | 2 | 4 | 1 | 1 | 2 | 0 | 2 | 1 | 1 | 3 | 1 | 0 | 0 | 1 | 2 | 3 | 5 | 1 | 0 | 1 | 2 |
43 | Avery, Rexford Warner | UNIVERSITY OF PENNSYLVANIA. | 1971 | male | 1 | 3 | 1975 | 1 | 8 | 1975 | 0 | 0 | 0 | 0 | 0 | 1 | 0 | 1 | 1 | 1 | 0 | 0 | 0 | 0 | 0 | 0 | 0 | 0 | 0 | 0 | 0 | 0 | 0 | 0 | 0 | 0 | 0 | 0 | 0 | 0 | 0 | 0 | 0 | 0 | 0 | 0 | 0 | 0 | 0 | 0 | 0 | 0 | 0 | 0 | 0 | 0 | 0 | 0 | 0 | 0 | 0 |  0 | 0 | 0 | 0 | 0 | 1 | 0 | 3 | 4 | 1 | 0 | 0 | 0 | 0 | 0 | 0 | 0 | 0 | 0 | 0 | 0 | 0 | 0 | 0 | 0 | 0 | 0 | 0 | 0 | 0 | 0 | 0 | 0 | 0 | 0 | 0 | 0 | 0 | 0 | 0 | 0 | 0 | 0 | 0 | 0 | 0 | 0 | 0 | 0 | 0 | 0 |
44 | Bailey, Wayne Lewis | THE UNIVERSITY OF ARIZONA. | 1971 | male | 1 | 1 | 1977 | 1 | 2 | 1990 | 0 | 0 | 0 | 0 | 0 | 1 | 0 | 0 | 0 | 0 | 0 | 1 | 0 | 0 | 0 | 0 | 0 | 0 | 0 | 0 | 0 | 0 | 0 | 0 | 0 | 0 | 0 | 0 | 0 | 0 | 0 | 0 | 0 | 0 | 0 | 0 | 0 | 0 | 0 | 0 | 0 | 0 | 0 | 0 | 0 | 0 | 0 | 0 | 0 | 0 | 0 |  0 | 0 | 0 | 0 | 0 | 1 | 0 | 0 | 0 | 0 | 0 | 1 | 0 | 0 | 0 | 0 | 0 | 0 | 0 | 0 | 0 | 0 | 0 | 0 | 1 | 0 | 0 | 0 | 0 | 0 | 0 | 0 | 0 | 0 | 0 | 0 | 0 | 0 | 0 | 0 | 0 | 0 | 0 | 0 | 0 | 0 | 0 | 0 | 0 | 0 | 0 |
45 | Coleman, Philip Lynn | THE UNIVERSITY OF WISCONSIN - MADISON. | 1971 | male | 2 | 3 | 2007 | 4 | 10 | 2013 | 0 | 0 | 0 | 0 | 0 | 2 | 0 | 2 | 0 | 0 | 0 | 0 | 0 | 0 | 0 | 0 | 0 | 0 | 0 | 0 | 0 | 0 | 0 | 0 | 0 | 0 | 0 | 0 | 0 | 0 | 0 | 0 | 0 | 0 | 0 | 0 | 0 | 0 | 0 | 0 | 0 | 1 | 0 | 0 | 0 | 0 | 0 | 0 | 0 | 0 | 0 |  0 | 0 | 0 | 0 | 0 | 4 | 2 | 3 | 0 | 1 | 0 | 0 | 0 | 0 | 0 | 0 | 0 | 0 | 0 | 0 | 0 | 0 | 0 | 0 | 0 | 0 | 0 | 0 | 0 | 0 | 0 | 0 | 0 | 0 | 0 | 0 | 0 | 0 | 0 | 0 | 0 | 1 | 1 | 0 | 1 | 0 | 0 | 1 | 0 | 0 | 0 |
46 | Dunham, David Waring | Yale University. | 1971 | male | 5 | 58 | 2016 | 5 | 99 | 2017 | 0 | 0 | 0 | 2 | 0 | 3 | 1 | 5 | 3 | 2 | 0 | 3 | 2 | 1 | 1 | 0 | 0 | 0 | 1 | 1 | 0 | 0 | 0 | 0 | 2 | 0 | 0 | 0 | 0 | 0 | 0 | 0 | 0 | 0 | 0 | 0 | 1 | 0 | 9 | 8 | 7 | 1 | 1 | 1 | 2 | 1 | 1 | 2 | 1 | 0 | 1 |  0 | 0 | 0 | 2 | 0 | 3 | 1 | 5 | 4 | 4 | 0 | 3 | 3 | 1 | 3 | 1 | 1 | 1 | 2 | 2 | 0 | 1 | 0 | 2 | 2 | 0 | 0 | 0 | 1 | 0 | 0 | 1 | 0 | 2 | 2 | 2 | 1 | 1 | 10 | 8 | 8 | 1 | 1 | 4 | 4 | 3 | 1 | 5 | 3 | 2 | 2 |
47 | Faintich, Marshall Barry | UNIVERSITY OF ILLINOIS AT URBANA-CHAMPAIGN. | 1971 | male | 1 | 2 | 1973 | 1 | 2 | 1973 | 0 | 0 | 0 | 0 | 0 | 1 | 1 | 1 | 0 | 0 | 0 | 0 | 0 | 0 | 0 | 0 | 0 | 0 | 0 | 0 | 0 | 0 | 0 | 0 | 0 | 0 | 0 | 0 | 0 | 0 | 0 | 0 | 0 | 0 | 0 | 0 | 0 | 0 | 0 | 0 | 0 | 0 | 0 | 0 | 0 | 0 | 0 | 0 | 0 | 0 | 0 |  0 | 0 | 0 | 0 | 0 | 1 | 1 | 1 | 0 | 0 | 0 | 0 | 0 | 0 | 0 | 0 | 0 | 0 | 0 | 0 | 0 | 0 | 0 | 0 | 0 | 0 | 0 | 0 | 0 | 0 | 0 | 0 | 0 | 0 | 0 | 0 | 0 | 0 | 0 | 0 | 0 | 0 | 0 | 0 | 0 | 0 | 0 | 0 | 0 | 0 | 0 |
48 | Gull, Theodore Raymond | CORNELL UNIVERSITY. | 1971 | male | 2 | 19 | 2016 | 2 | 190 | 2017 | 0 | 0 | 0 | 0 | 0 | 2 | 1 | 1 | 2 | 0 | 3 | 1 | 0 | 1 | 0 | 0 | 1 | 0 | 0 | 0 | 0 | 0 | 0 | 0 | 0 | 0 | 0 | 0 | 0 | 0 | 0 | 0 | 1 | 0 | 0 | 1 | 0 | 0 | 0 | 1 | 1 | 0 | 0 | 2 | 0 | 2 | 0 | 0 | 0 | 0 | 1 |  0 | 0 | 0 | 0 | 0 | 2 | 1 | 1 | 2 | 3 | 6 | 1 | 5 | 1 | 9 | 4 | 12 | 7 | 5 | 3 | 2 | 3 | 2 | 0 | 1 | 3 | 3 | 0 | 0 | 0 | 0 | 0 | 10 | 6 | 10 | 11 | 6 | 5 | 8 | 15 | 5 | 5 | 2 | 6 | 2 | 4 | 2 | 3 | 4 | 6 | 5 |
49 | Harper, Doyal Alexander, Jr. | RICE UNIVERSITY. | 1971 | male | 2 | 14 | 1999 | 2 | 87 | 2014 | 0 | 0 | 0 | 0 | 0 | 2 | 0 | 0 | 1 | 1 | 3 | 0 | 0 | 0 | 0 | 0 | 0 | 0 | 1 | 0 | 0 | 0 | 1 | 1 | 0 | 0 | 0 | 1 | 2 | 0 | 1 | 1 | 0 | 1 | 0 | 0 | 0 | 0 | 0 | 0 | 0 | 0 | 0 | 0 | 0 | 0 | 0 | 0 | 0 | 0 | 0 |  0 | 0 | 0 | 0 | 0 | 2 | 0 | 1 | 1 | 1 | 5 | 4 | 5 | 3 | 5 | 2 | 1 | 4 | 6 | 2 | 2 | 2 | 3 | 6 | 2 | 2 | 1 | 2 | 2 | 1 | 5 | 1 | 2 | 3 | 3 | 0 | 2 | 0 | 2 | 1 | 0 | 0 | 0 | 0 | 0 | 0 | 2 | 0 | 3 | 0 | 0 |
50 | Joss, Paul Christopher | CORNELL UNIVERSITY. | 1971 | male | 2 | 29 | 1999 | 2 | 91 | 2005 | 0 | 0 | 0 | 0 | 1 | 1 | 0 | 5 | 1 | 0 | 2 | 4 | 3 | 3 | 2 | 0 | 0 | 2 | 1 | 0 | 0 | 2 | 1 | 0 | 0 | 1 | 1 | 0 | 0 | 0 | 0 | 0 | 0 | 1 | 0 | 0 | 0 | 0 | 0 | 0 | 0 | 0 | 0 | 0 | 0 | 0 | 0 | 0 | 0 | 0 | 0 |  0 | 0 | 0 | 0 | 1 | 1 | 1 | 10 | 3 | 1 | 11 | 10 | 6 | 5 | 5 | 1 | 2 | 3 | 3 | 4 | 4 | 4 | 1 | 2 | 1 | 1 | 3 | 2 | 0 | 1 | 0 | 1 | 1 | 1 | 0 | 0 | 0 | 1 | 2 | 1 | 0 | 0 | 0 | 0 | 0 | 0 | 0 | 0 | 0 | 0 | 0 |
51 | Vorpahl, Joan Ann | UNIVERSITY OF CALIFORNIA, DAVIS. | 1971 | male | 2 | 13 | 1978 | 3 | 15 | 1981 | 0 | 0 | 0 | 0 | 1 | 1 | 2 | 2 | 2 | 1 | 2 | 2 | 2 | 0 | 0 | 0 | 0 | 0 | 0 | 0 | 0 | 0 | 0 | 0 | 0 | 0 | 0 | 0 | 0 | 0 | 0 | 0 | 0 | 0 | 0 | 0 | 0 | 0 | 0 | 0 | 0 | 0 | 0 | 0 | 0 | 0 | 0 | 0 | 0 | 0 | 0 |  0 | 0 | 0 | 0 | 1 | 2 | 2 | 2 | 2 | 1 | 2 | 3 | 2 | 0 | 0 | 1 | 0 | 0 | 0 | 0 | 0 | 0 | 0 | 0 | 0 | 0 | 0 | 0 | 0 | 0 | 0 | 0 | 0 | 0 | 0 | 0 | 0 | 0 | 0 | 0 | 0 | 0 | 0 | 0 | 0 | 0 | 0 | 0 | 0 | 0 | 0 |
52 | Wegner, Gary Alan | UNIVERSITY OF WASHINGTON. | 1971 | male | 3 | 85 | 2015 | 4 | 218 | 2017 | 0 | 0 | 0 | 0 | 0 | 3 | 4 | 2 | 2 | 2 | 6 | 2 | 2 | 8 | 3 | 7 | 2 | 6 | 4 | 3 | 1 | 3 | 1 | 2 | 4 | 3 | 1 | 3 | 1 | 0 | 2 | 0 | 0 | 1 | 0 | 1 | 1 | 2 | 0 | 0 | 0 | 0 | 1 | 0 | 0 | 2 | 1 | 0 | 0 | 2 | 0 |  0 | 0 | 0 | 0 | 1 | 3 | 5 | 2 | 2 | 2 | 6 | 3 | 3 | 10 | 5 | 9 | 2 | 7 | 6 | 5 | 2 | 9 | 6 | 12 | 5 | 5 | 3 | 6 | 5 | 5 | 7 | 11 | 11 | 6 | 9 | 7 | 5 | 5 | 3 | 4 | 1 | 1 | 4 | 2 | 2 | 4 | 3 | 0 | 2 | 3 | 1 |
53 | Zappala, Robert Richard | UNIVERSITY OF CALIFORNIA, SANTA CRUZ. | 1971 | male | 4 | 4 | 1974 | 7 | 5 | 1974 | 1 | 1 | 0 | 1 | 0 | 1 | 2 | 0 | 2 | 0 | 0 | 0 | 0 | 0 | 0 | 0 | 0 | 0 | 0 | 0 | 0 | 0 | 0 | 0 | 0 | 0 | 0 | 0 | 0 | 0 | 0 | 0 | 0 | 0 | 0 | 0 | 0 | 0 | 0 | 0 | 0 | 0 | 0 | 0 | 0 | 0 | 0 | 0 | 0 | 0 | 0 |  1 | 1 | 1 | 2 | 1 | 1 | 2 | 0 | 3 | 0 | 0 | 0 | 0 | 0 | 0 | 0 | 0 | 0 | 0 | 0 | 0 | 0 | 0 | 0 | 0 | 0 | 0 | 0 | 0 | 0 | 0 | 0 | 0 | 0 | 0 | 0 | 0 | 0 | 0 | 0 | 0 | 0 | 0 | 0 | 0 | 0 | 0 | 0 | 0 | 0 | 0 |
54 | Africk, Steven Allen | BROWN UNIVERSITY. | 1971 | male | 2 | 0 | 1971 | 3 | 0 | 1971 | 0 | 0 | 0 | 1 | 0 | 1 | 0 | 0 | 0 | 0 | 0 | 0 | 0 | 0 | 0 | 0 | 0 | 0 | 0 | 0 | 0 | 0 | 0 | 0 | 0 | 0 | 0 | 0 | 0 | 0 | 0 | 0 | 0 | 0 | 0 | 0 | 0 | 0 | 0 | 0 | 0 | 0 | 0 | 0 | 0 | 0 | 0 | 0 | 0 | 0 | 0 |  0 | 0 | 0 | 1 | 1 | 1 | 0 | 0 | 0 | 0 | 0 | 0 | 0 | 0 | 0 | 0 | 0 | 0 | 0 | 0 | 0 | 0 | 0 | 0 | 0 | 0 | 0 | 0 | 0 | 0 | 0 | 0 | 0 | 0 | 0 | 0 | 0 | 0 | 0 | 0 | 0 | 0 | 0 | 0 | 0 | 0 | 0 | 0 | 0 | 0 | 0 |
55 | Brownlee, Donald Eugene, II | UNIVERSITY OF WASHINGTON. | 1971 | male | 4 | 35 | 2017 | 5 | 189 | 2017 | 0 | 0 | 0 | 2 | 0 | 2 | 0 | 3 | 2 | 2 | 2 | 1 | 1 | 2 | 3 | 0 | 0 | 0 | 3 | 2 | 0 | 1 | 0 | 1 | 0 | 1 | 0 | 1 | 1 | 1 | 0 | 1 | 0 | 0 | 0 | 1 | 0 | 2 | 1 | 0 | 0 | 1 | 1 | 0 | 0 | 0 | 0 | 0 | 0 | 0 | 0 |  1 | 0 | 0 | 2 | 0 | 2 | 0 | 5 | 6 | 5 | 3 | 4 | 3 | 5 | 6 | 0 | 1 | 4 | 8 | 9 | 9 | 4 | 1 | 5 | 3 | 8 | 3 | 5 | 5 | 7 | 1 | 1 | 0 | 2 | 3 | 2 | 2 | 7 | 10 | 2 | 6 | 5 | 8 | 2 | 2 | 0 | 4 | 6 | 14 | 1 | 0 |
56 | Dinger, Ann St. Clair | NORTHWESTERN UNIVERSITY. | 1971 | female | 1 | 0 | 1971 | 1 | 2 | 1980 | 0 | 0 | 0 | 0 | 0 | 1 | 0 | 0 | 0 | 0 | 0 | 0 | 0 | 0 | 0 | 0 | 0 | 0 | 0 | 0 | 0 | 0 | 0 | 0 | 0 | 0 | 0 | 0 | 0 | 0 | 0 | 0 | 0 | 0 | 0 | 0 | 0 | 0 | 0 | 0 | 0 | 0 | 0 | 0 | 0 | 0 | 0 | 0 | 0 | 0 | 0 |  0 | 0 | 0 | 0 | 0 | 1 | 0 | 0 | 0 | 0 | 0 | 0 | 1 | 0 | 1 | 0 | 0 | 0 | 0 | 0 | 0 | 0 | 0 | 0 | 0 | 0 | 0 | 0 | 0 | 0 | 0 | 0 | 0 | 0 | 0 | 0 | 0 | 0 | 0 | 0 | 0 | 0 | 0 | 0 | 0 | 0 | 0 | 0 | 0 | 0 | 0 |
57 | Parrish, Alan Deschweinitz | CORNELL UNIVERSITY. | 1971 | male | 1 | 6 | 1987 | 2 | 17 | 2007 | 0 | 0 | 0 | 0 | 0 | 1 | 2 | 0 | 0 | 2 | 0 | 1 | 0 | 0 | 0 | 0 | 0 | 0 | 0 | 0 | 0 | 1 | 0 | 0 | 0 | 0 | 0 | 0 | 0 | 0 | 0 | 0 | 0 | 0 | 0 | 0 | 0 | 0 | 0 | 0 | 0 | 0 | 0 | 0 | 0 | 0 | 0 | 0 | 0 | 0 | 0 |  0 | 0 | 0 | 0 | 1 | 1 | 2 | 1 | 1 | 2 | 0 | 2 | 0 | 0 | 0 | 0 | 0 | 1 | 0 | 0 | 0 | 2 | 1 | 0 | 1 | 0 | 0 | 0 | 0 | 1 | 0 | 0 | 0 | 0 | 0 | 0 | 1 | 0 | 0 | 0 | 0 | 2 | 0 | 0 | 0 | 0 | 0 | 0 | 0 | 0 | 0 |
58 | Reynolds, Ronald Jay | THE UNIVERSITY OF WISCONSIN - MADISON. | 1971 | male | 1 | 51 | 2005 | 1 | 119 | 2013 | 0 | 0 | 0 | 0 | 0 | 1 | 0 | 3 | 1 | 0 | 2 | 3 | 3 | 1 | 1 | 0 | 1 | 1 | 1 | 4 | 2 | 3 | 2 | 2 | 3 | 1 | 2 | 0 | 0 | 2 | 0 | 2 | 2 | 2 | 0 | 3 | 1 | 0 | 2 | 1 | 0 | 0 | 0 | 0 | 0 | 0 | 0 | 0 | 0 | 0 | 0 |  0 | 0 | 0 | 0 | 0 | 1 | 0 | 3 | 1 | 1 | 2 | 3 | 4 | 2 | 3 | 0 | 1 | 1 | 1 | 9 | 2 | 4 | 2 | 3 | 4 | 4 | 3 | 3 | 0 | 2 | 1 | 3 | 4 | 6 | 4 | 9 | 5 | 2 | 4 | 4 | 5 | 2 | 5 | 2 | 4 | 0 | 0 | 1 | 0 | 0 | 0 |
59 | Schreur, Julian J. | THE UNIVERSITY OF ARIZONA. | 1971 | male | 2 | 1 | 1973 | 2 | 1 | 1973 | 0 | 0 | 0 | 0 | 1 | 1 | 0 | 1 | 0 | 0 | 0 | 0 | 0 | 0 | 0 | 0 | 0 | 0 | 0 | 0 | 0 | 0 | 0 | 0 | 0 | 0 | 0 | 0 | 0 | 0 | 0 | 0 | 0 | 0 | 0 | 0 | 0 | 0 | 0 | 0 | 0 | 0 | 0 | 0 | 0 | 0 | 0 | 0 | 0 | 0 | 0 |  0 | 0 | 0 | 0 | 1 | 1 | 0 | 1 | 0 | 0 | 0 | 0 | 0 | 0 | 0 | 0 | 0 | 0 | 0 | 0 | 0 | 0 | 0 | 0 | 0 | 0 | 0 | 0 | 0 | 0 | 0 | 0 | 0 | 0 | 0 | 0 | 0 | 0 | 0 | 0 | 0 | 0 | 0 | 0 | 0 | 0 | 0 | 0 | 0 | 0 | 0 |
60 | Tan, Muser L. Mu-Shen | WASHINGTON UNIVERSITY. | 1971 | male | 1 | 1 | 1972 | 1 | 4 | 2014 | 0 | 0 | 0 | 0 | 0 | 1 | 1 | 0 | 0 | 0 | 0 | 0 | 0 | 0 | 0 | 0 | 0 | 0 | 0 | 0 | 0 | 0 | 0 | 0 | 0 | 0 | 0 | 0 | 0 | 0 | 0 | 0 | 0 | 0 | 0 | 0 | 0 | 0 | 0 | 0 | 0 | 0 | 0 | 0 | 0 | 0 | 0 | 0 | 0 | 0 | 0 |  0 | 0 | 0 | 0 | 0 | 1 | 1 | 0 | 0 | 0 | 0 | 0 | 0 | 0 | 0 | 0 | 0 | 0 | 0 | 0 | 0 | 0 | 0 | 0 | 0 | 0 | 0 | 0 | 0 | 0 | 0 | 0 | 0 | 0 | 0 | 0 | 0 | 0 | 0 | 0 | 0 | 0 | 0 | 0 | 0 | 0 | 1 | 1 | 1 | 0 | 0 |
61 | Ungar, Stephen Gene | CITY UNIVERSITY OF NEW YORK. | 1971 | male | 1 | 2 | 1983 | 2 | 4 | 1987 | 0 | 0 | 0 | 0 | 0 | 1 | 0 | 0 | 0 | 0 | 0 | 0 | 0 | 0 | 0 | 1 | 0 | 1 | 0 | 0 | 0 | 0 | 0 | 0 | 0 | 0 | 0 | 0 | 0 | 0 | 0 | 0 | 0 | 0 | 0 | 0 | 0 | 0 | 0 | 0 | 0 | 0 | 0 | 0 | 0 | 0 | 0 | 0 | 0 | 0 | 0 |  0 | 0 | 0 | 1 | 0 | 1 | 0 | 0 | 0 | 0 | 0 | 0 | 0 | 0 | 0 | 1 | 0 | 1 | 0 | 0 | 0 | 2 | 0 | 0 | 0 | 0 | 0 | 0 | 0 | 0 | 0 | 0 | 0 | 0 | 0 | 0 | 0 | 0 | 0 | 0 | 0 | 0 | 0 | 0 | 0 | 0 | 0 | 0 | 0 | 0 | 0 |
62 | Valanejad, Esmail | PRINCETON UNIVERSITY. | 1971 | male | 1 | 0 | 1971 | 1 | 0 | 1971 | 0 | 0 | 0 | 0 | 0 | 1 | 0 | 0 | 0 | 0 | 0 | 0 | 0 | 0 | 0 | 0 | 0 | 0 | 0 | 0 | 0 | 0 | 0 | 0 | 0 | 0 | 0 | 0 | 0 | 0 | 0 | 0 | 0 | 0 | 0 | 0 | 0 | 0 | 0 | 0 | 0 | 0 | 0 | 0 | 0 | 0 | 0 | 0 | 0 | 0 | 0 |  0 | 0 | 0 | 0 | 0 | 1 | 0 | 0 | 0 | 0 | 0 | 0 | 0 | 0 | 0 | 0 | 0 | 0 | 0 | 0 | 0 | 0 | 0 | 0 | 0 | 0 | 0 | 0 | 0 | 0 | 0 | 0 | 0 | 0 | 0 | 0 | 0 | 0 | 0 | 0 | 0 | 0 | 0 | 0 | 0 | 0 | 0 | 0 | 0 | 0 | 0 |
63 | Wooden, William Hugh, II | CASE WESTERN RESERVE UNIVERSITY. | 1971 | male | 1 | 0 | 1971 | 1 | 1 | 2005 | 0 | 0 | 0 | 0 | 0 | 1 | 0 | 0 | 0 | 0 | 0 | 0 | 0 | 0 | 0 | 0 | 0 | 0 | 0 | 0 | 0 | 0 | 0 | 0 | 0 | 0 | 0 | 0 | 0 | 0 | 0 | 0 | 0 | 0 | 0 | 0 | 0 | 0 | 0 | 0 | 0 | 0 | 0 | 0 | 0 | 0 | 0 | 0 | 0 | 0 | 0 |  0 | 0 | 0 | 0 | 0 | 1 | 0 | 0 | 0 | 0 | 0 | 0 | 0 | 0 | 0 | 0 | 0 | 0 | 0 | 0 | 0 | 0 | 0 | 0 | 0 | 0 | 0 | 0 | 0 | 0 | 0 | 0 | 0 | 0 | 0 | 0 | 0 | 0 | 0 | 1 | 0 | 0 | 0 | 0 | 0 | 0 | 0 | 0 | 0 | 0 | 0 |
64 | Young, Warren Melvin | THE OHIO STATE UNIVERSITY. | 1971 | male | 1 | 1 | 1985 | 1 | 2 | 1989 | 0 | 0 | 0 | 0 | 0 | 1 | 0 | 0 | 0 | 0 | 0 | 0 | 0 | 0 | 0 | 0 | 0 | 0 | 0 | 1 | 0 | 0 | 0 | 0 | 0 | 0 | 0 | 0 | 0 | 0 | 0 | 0 | 0 | 0 | 0 | 0 | 0 | 0 | 0 | 0 | 0 | 0 | 0 | 0 | 0 | 0 | 0 | 0 | 0 | 0 | 0 |  0 | 0 | 0 | 0 | 0 | 1 | 0 | 0 | 0 | 0 | 0 | 0 | 0 | 0 | 0 | 0 | 0 | 0 | 0 | 1 | 0 | 0 | 0 | 1 | 0 | 0 | 0 | 0 | 0 | 0 | 0 | 0 | 0 | 0 | 0 | 0 | 0 | 0 | 0 | 0 | 0 | 0 | 0 | 0 | 0 | 0 | 0 | 0 | 0 | 0 | 0 |
65 | Zeissig, Gustave Alexander | CORNELL UNIVERSITY. | 1971 | male | 3 | 1 | 1972 | 6 | 1 | 1972 | 0 | 0 | 0 | 1 | 1 | 1 | 1 | 0 | 0 | 0 | 0 | 0 | 0 | 0 | 0 | 0 | 0 | 0 | 0 | 0 | 0 | 0 | 0 | 0 | 0 | 0 | 0 | 0 | 0 | 0 | 0 | 0 | 0 | 0 | 0 | 0 | 0 | 0 | 0 | 0 | 0 | 0 | 0 | 0 | 0 | 0 | 0 | 0 | 0 | 0 | 0 |  0 | 0 | 2 | 1 | 2 | 1 | 1 | 0 | 0 | 0 | 0 | 0 | 0 | 0 | 0 | 0 | 0 | 0 | 0 | 0 | 0 | 0 | 0 | 0 | 0 | 0 | 0 | 0 | 0 | 0 | 0 | 0 | 0 | 0 | 0 | 0 | 0 | 0 | 0 | 0 | 0 | 0 | 0 | 0 | 0 | 0 | 0 | 0 | 0 | 0 | 0 |
66 | Kubinec, William Richard | CASE WESTERN RESERVE UNIVERSITY. | 1971 | male | 1 | 0 | 1971 | 1 | 3 | 2003 | 0 | 0 | 0 | 0 | 0 | 1 | 0 | 0 | 0 | 0 | 0 | 0 | 0 | 0 | 0 | 0 | 0 | 0 | 0 | 0 | 0 | 0 | 0 | 0 | 0 | 0 | 0 | 0 | 0 | 0 | 0 | 0 | 0 | 0 | 0 | 0 | 0 | 0 | 0 | 0 | 0 | 0 | 0 | 0 | 0 | 0 | 0 | 0 | 0 | 0 | 0 |  0 | 0 | 0 | 0 | 0 | 1 | 0 | 0 | 0 | 0 | 0 | 0 | 0 | 2 | 0 | 0 | 0 | 0 | 0 | 0 | 0 | 0 | 0 | 0 | 0 | 0 | 0 | 0 | 0 | 0 | 0 | 0 | 0 | 0 | 0 | 0 | 0 | 1 | 0 | 0 | 0 | 0 | 0 | 0 | 0 | 0 | 0 | 0 | 0 | 0 | 0 |
67 | Lai, Shu Tim | BRANDEIS UNIVERSITY. | 1971 | male | 1 | 20 | 2008 | 1 | 40 | 2016 | 0 | 0 | 0 | 0 | 0 | 1 | 0 | 0 | 0 | 0 | 0 | 0 | 0 | 0 | 0 | 0 | 0 | 0 | 0 | 0 | 1 | 1 | 2 | 1 | 2 | 3 | 1 | 1 | 1 | 0 | 1 | 0 | 1 | 0 | 0 | 0 | 1 | 0 | 0 | 1 | 2 | 0 | 1 | 0 | 0 | 0 | 0 | 0 | 0 | 0 | 0 |  0 | 0 | 0 | 0 | 0 | 1 | 0 | 0 | 0 | 0 | 0 | 1 | 0 | 1 | 1 | 0 | 0 | 0 | 0 | 0 | 3 | 1 | 2 | 1 | 4 | 3 | 1 | 1 | 1 | 0 | 3 | 1 | 3 | 1 | 0 | 0 | 1 | 0 | 0 | 3 | 2 | 0 | 1 | 0 | 0 | 1 | 0 | 0 | 2 | 1 | 1 |
68 | Miller, Ellis Wilson | THE UNIVERSITY OF ARIZONA. | 1971 | male | 1 | 5 | 1998 | 1 | 18 | 2014 | 0 | 0 | 0 | 0 | 0 | 1 | 1 | 1 | 2 | 0 | 0 | 0 | 0 | 0 | 0 | 0 | 0 | 0 | 0 | 0 | 0 | 0 | 0 | 0 | 0 | 0 | 0 | 0 | 0 | 0 | 0 | 0 | 1 | 0 | 0 | 0 | 0 | 0 | 0 | 0 | 0 | 0 | 0 | 0 | 0 | 0 | 0 | 0 | 0 | 0 | 0 |  0 | 0 | 0 | 0 | 0 | 1 | 2 | 4 | 3 | 0 | 0 | 0 | 0 | 0 | 0 | 0 | 1 | 1 | 0 | 1 | 0 | 0 | 0 | 0 | 0 | 0 | 0 | 0 | 0 | 0 | 0 | 0 | 1 | 0 | 0 | 0 | 1 | 0 | 1 | 0 | 0 | 0 | 0 | 0 | 1 | 0 | 1 | 0 | 1 | 0 | 0 |
69 | Nha, Il-Seong | UNIVERSITY OF PENNSYLVANIA. | 1971 | male | 1 | 23 | 2017 | 1 | 37 | 2017 | 0 | 0 | 0 | 0 | 0 | 1 | 0 | 1 | 1 | 1 | 1 | 0 | 0 | 1 | 0 | 0 | 1 | 0 | 0 | 1 | 2 | 0 | 3 | 2 | 0 | 2 | 0 | 0 | 1 | 0 | 2 | 0 | 0 | 0 | 0 | 0 | 0 | 0 | 0 | 0 | 1 | 0 | 0 | 0 | 0 | 0 | 1 | 1 | 0 | 0 | 0 |  0 | 0 | 0 | 0 | 0 | 1 | 0 | 1 | 1 | 2 | 1 | 0 | 0 | 1 | 0 | 0 | 1 | 0 | 0 | 2 | 4 | 1 | 3 | 3 | 0 | 2 | 3 | 1 | 1 | 0 | 3 | 1 | 0 | 0 | 0 | 0 | 0 | 0 | 1 | 1 | 1 | 0 | 0 | 0 | 0 | 0 | 1 | 1 | 0 | 0 | 0 |
70 | Predmore, Clayton Read | RICE UNIVERSITY. | 1971 | male | 2 | 3 | 1985 | 2 | 28 | 2008 | 0 | 0 | 0 | 0 | 0 | 2 | 0 | 0 | 0 | 0 | 1 | 0 | 0 | 0 | 0 | 0 | 0 | 0 | 1 | 1 | 0 | 0 | 0 | 0 | 0 | 0 | 0 | 0 | 0 | 0 | 0 | 0 | 0 | 0 | 0 | 0 | 0 | 0 | 0 | 0 | 0 | 0 | 0 | 0 | 0 | 0 | 0 | 0 | 0 | 0 | 0 |  0 | 0 | 0 | 0 | 0 | 2 | 0 | 0 | 0 | 0 | 1 | 1 | 0 | 2 | 0 | 1 | 0 | 1 | 2 | 2 | 0 | 2 | 4 | 3 | 1 | 0 | 2 | 1 | 1 | 1 | 1 | 0 | 0 | 0 | 0 | 0 | 0 | 0 | 1 | 0 | 0 | 0 | 1 | 0 | 0 | 0 | 0 | 0 | 0 | 0 | 0 |
71 | Richer, Harvey Brian | THE UNIVERSITY OF ROCHESTER. | 1971 | male | 3 | 46 | 2013 | 4 | 157 | 2016 | 0 | 0 | 0 | 0 | 0 | 3 | 4 | 1 | 1 | 1 | 0 | 0 | 2 | 1 | 2 | 1 | 0 | 2 | 3 | 2 | 1 | 1 | 2 | 1 | 2 | 1 | 1 | 1 | 1 | 1 | 2 | 1 | 2 | 0 | 1 | 0 | 1 | 1 | 2 | 0 | 1 | 0 | 1 | 0 | 0 | 0 | 0 | 2 | 0 | 0 | 0 |  0 | 0 | 0 | 1 | 0 | 3 | 4 | 1 | 1 | 2 | 1 | 1 | 3 | 3 | 2 | 1 | 2 | 3 | 3 | 3 | 3 | 2 | 3 | 7 | 4 | 5 | 7 | 8 | 2 | 7 | 10 | 4 | 4 | 3 | 2 | 3 | 3 | 3 | 5 | 3 | 2 | 3 | 8 | 4 | 2 | 2 | 5 | 6 | 0 | 3 | 4 |
72 | Smith, Myron Arthur | THE UNIVERSITY OF ARIZONA. | 1971 | male | 6 | 104 | 2016 | 9 | 273 | 2017 | 0 | 0 | 1 | 1 | 1 | 3 | 6 | 2 | 3 | 1 | 6 | 1 | 6 | 5 | 7 | 3 | 3 | 6 | 2 | 4 | 3 | 6 | 1 | 2 | 2 | 1 | 0 | 2 | 1 | 1 | 1 | 2 | 2 | 3 | 0 | 3 | 1 | 1 | 1 | 2 | 4 | 2 | 0 | 0 | 2 | 0 | 3 | 0 | 1 | 0 | 2 |  1 | 0 | 1 | 2 | 2 | 3 | 6 | 2 | 4 | 1 | 6 | 2 | 7 | 7 | 11 | 3 | 5 | 8 | 2 | 6 | 7 | 8 | 1 | 4 | 4 | 3 | 2 | 5 | 1 | 2 | 2 | 3 | 5 | 5 | 3 | 3 | 5 | 3 | 12 | 11 | 10 | 6 | 7 | 4 | 10 | 10 | 11 | 5 | 13 | 13 | 13 |
73 | Thakur, Ratna Kumar | UNIVERSITY OF CALIFORNIA, SAN DIEGO. | 1971 | female | 1 | 23 | 1997 | 2 | 23 | 1997 | 0 | 0 | 0 | 0 | 0 | 1 | 0 | 0 | 1 | 1 | 2 | 1 | 1 | 4 | 2 | 1 | 4 | 1 | 0 | 0 | 0 | 1 | 0 | 0 | 0 | 0 | 1 | 1 | 0 | 1 | 0 | 1 | 0 | 0 | 0 | 0 | 0 | 0 | 0 | 0 | 0 | 0 | 0 | 0 | 0 | 0 | 0 | 0 | 0 | 0 | 0 |  0 | 0 | 0 | 0 | 1 | 1 | 0 | 0 | 1 | 1 | 2 | 1 | 1 | 4 | 2 | 1 | 4 | 1 | 0 | 0 | 0 | 1 | 0 | 0 | 0 | 0 | 1 | 1 | 0 | 1 | 0 | 1 | 0 | 0 | 0 | 0 | 0 | 0 | 0 | 0 | 0 | 0 | 0 | 0 | 0 | 0 | 0 | 0 | 0 | 0 | 0 |
74 | Cadez, Andrej | THE UNIVERSITY OF NORTH CAROLINA AT CHAPEL HILL. | 1971 | male | 1 | 5 | 1997 | 1 | 34 | 2016 | 0 | 0 | 0 | 0 | 0 | 1 | 0 | 0 | 1 | 1 | 0 | 0 | 0 | 0 | 0 | 0 | 0 | 0 | 0 | 0 | 0 | 0 | 0 | 0 | 0 | 0 | 0 | 0 | 0 | 0 | 2 | 1 | 0 | 0 | 0 | 0 | 0 | 0 | 0 | 0 | 0 | 0 | 0 | 0 | 0 | 0 | 0 | 0 | 0 | 0 | 0 |  0 | 0 | 0 | 0 | 0 | 1 | 0 | 0 | 2 | 1 | 1 | 0 | 0 | 0 | 0 | 1 | 0 | 0 | 0 | 1 | 0 | 0 | 0 | 0 | 0 | 0 | 0 | 0 | 0 | 0 | 2 | 2 | 1 | 0 | 3 | 4 | 0 | 3 | 1 | 4 | 1 | 0 | 1 | 1 | 0 | 2 | 1 | 0 | 1 | 0 | 1 |
75 | Miller, Daniel Williams | NORTH CAROLINA STATE UNIVERSITY. | 1971 | male | 1 | 1 | 1998 | 1 | 33 | 2016 | 0 | 0 | 0 | 0 | 0 | 1 | 0 | 0 | 0 | 0 | 0 | 0 | 0 | 0 | 0 | 0 | 0 | 0 | 0 | 0 | 0 | 0 | 0 | 0 | 0 | 0 | 0 | 0 | 0 | 0 | 0 | 0 | 1 | 0 | 0 | 0 | 0 | 0 | 0 | 0 | 0 | 0 | 0 | 0 | 0 | 0 | 0 | 0 | 0 | 0 | 0 |  0 | 0 | 0 | 0 | 0 | 1 | 0 | 0 | 0 | 0 | 0 | 0 | 0 | 0 | 0 | 0 | 0 | 0 | 0 | 1 | 0 | 0 | 0 | 0 | 0 | 0 | 0 | 0 | 1 | 2 | 0 | 0 | 2 | 0 | 0 | 0 | 1 | 0 | 0 | 2 | 2 | 2 | 2 | 2 | 1 | 1 | 1 | 4 | 4 | 2 | 3 |
76 | Phinney, Douglas Leroy | UNIVERSITY OF MINNESOTA. | 1971 | male | 1 | 5 | 1979 | 3 | 29 | 2001 | 0 | 0 | 0 | 0 | 0 | 1 | 1 | 2 | 0 | 1 | 0 | 0 | 0 | 1 | 0 | 0 | 0 | 0 | 0 | 0 | 0 | 0 | 0 | 0 | 0 | 0 | 0 | 0 | 0 | 0 | 0 | 0 | 0 | 0 | 0 | 0 | 0 | 0 | 0 | 0 | 0 | 0 | 0 | 0 | 0 | 0 | 0 | 0 | 0 | 0 | 0 |  0 | 0 | 0 | 0 | 2 | 1 | 1 | 9 | 1 | 4 | 0 | 1 | 1 | 2 | 1 | 0 | 1 | 0 | 0 | 0 | 0 | 0 | 0 | 0 | 0 | 0 | 0 | 0 | 2 | 2 | 1 | 0 | 2 | 0 | 0 | 1 | 0 | 0 | 0 | 0 | 0 | 0 | 0 | 0 | 0 | 0 | 0 | 0 | 0 | 0 | 0 |
77 | Warnock, William Wallace | UNIVERSITY OF ILLINOIS AT URBANA-CHAMPAIGN. | 1971 | male | 1 | 2 | 1974 | 2 | 5 | 1975 | 0 | 0 | 0 | 0 | 0 | 1 | 1 | 0 | 1 | 0 | 0 | 0 | 0 | 0 | 0 | 0 | 0 | 0 | 0 | 0 | 0 | 0 | 0 | 0 | 0 | 0 | 0 | 0 | 0 | 0 | 0 | 0 | 0 | 0 | 0 | 0 | 0 | 0 | 0 | 0 | 0 | 0 | 0 | 0 | 0 | 0 | 0 | 0 | 0 | 0 | 0 |  0 | 0 | 1 | 0 | 0 | 1 | 1 | 0 | 3 | 1 | 0 | 0 | 0 | 0 | 0 | 0 | 0 | 0 | 0 | 0 | 0 | 0 | 0 | 0 | 0 | 0 | 0 | 0 | 0 | 0 | 0 | 0 | 0 | 0 | 0 | 0 | 0 | 0 | 0 | 0 | 0 | 0 | 0 | 0 | 0 | 0 | 0 | 0 | 0 | 0 | 0 |
78 | Balick, Bruce | CORNELL UNIVERSITY. | 1971 | male | 1 | 47 | 2014 | 4 | 185 | 2016 | 0 | 0 | 0 | 0 | 0 | 1 | 2 | 1 | 4 | 1 | 6 | 0 | 1 | 2 | 2 | 1 | 2 | 1 | 0 | 1 | 0 | 4 | 0 | 1 | 0 | 0 | 1 | 2 | 2 | 0 | 2 | 1 | 1 | 0 | 0 | 1 | 1 | 0 | 3 | 0 | 0 | 0 | 0 | 0 | 0 | 0 | 1 | 2 | 1 | 0 | 0 |  0 | 0 | 0 | 2 | 1 | 1 | 8 | 4 | 10 | 4 | 6 | 3 | 2 | 5 | 5 | 2 | 8 | 6 | 4 | 2 | 2 | 4 | 1 | 3 | 3 | 1 | 4 | 3 | 5 | 2 | 4 | 5 | 5 | 2 | 3 | 4 | 6 | 2 | 7 | 1 | 0 | 3 | 4 | 3 | 7 | 11 | 7 | 4 | 4 | 4 | 2 |
79 | Tanenbaum, Andrew Stuart | UNIVERSITY OF CALIFORNIA, BERKELEY. | 1971 | male | 3 | 0 | 1971 | 5 | 0 | 1971 | 0 | 1 | 0 | 1 | 0 | 1 | 0 | 0 | 0 | 0 | 0 | 0 | 0 | 0 | 0 | 0 | 0 | 0 | 0 | 0 | 0 | 0 | 0 | 0 | 0 | 0 | 0 | 0 | 0 | 0 | 0 | 0 | 0 | 0 | 0 | 0 | 0 | 0 | 0 | 0 | 0 | 0 | 0 | 0 | 0 | 0 | 0 | 0 | 0 | 0 | 0 |  0 | 1 | 1 | 1 | 1 | 1 | 0 | 0 | 0 | 0 | 0 | 0 | 0 | 0 | 0 | 0 | 0 | 0 | 0 | 0 | 0 | 0 | 0 | 0 | 0 | 0 | 0 | 0 | 0 | 0 | 0 | 0 | 0 | 0 | 0 | 0 | 0 | 0 | 0 | 0 | 0 | 0 | 0 | 0 | 0 | 0 | 0 | 0 | 0 | 0 | 0 |
80 | Gehrz, Robert Douglas | UNIVERSITY OF MINNESOTA. | 1971 | male | 4 | 49 | 2015 | 5 | 227 | 2017 | 0 | 0 | 0 | 0 | 2 | 2 | 2 | 1 | 3 | 1 | 2 | 0 | 1 | 0 | 4 | 0 | 1 | 1 | 2 | 2 | 2 | 1 | 3 | 1 | 2 | 0 | 2 | 0 | 1 | 4 | 0 | 1 | 1 | 2 | 0 | 1 | 0 | 0 | 0 | 2 | 1 | 1 | 1 | 1 | 0 | 1 | 0 | 0 | 0 | 1 | 0 |  0 | 0 | 0 | 0 | 2 | 3 | 2 | 2 | 7 | 1 | 3 | 1 | 3 | 3 | 6 | 2 | 2 | 2 | 4 | 5 | 7 | 4 | 8 | 5 | 12 | 1 | 6 | 3 | 5 | 6 | 3 | 4 | 7 | 3 | 2 | 7 | 3 | 6 | 5 | 5 | 16 | 16 | 5 | 8 | 5 | 4 | 6 | 0 | 1 | 6 | 8 |
81 | Matteson, James Leland | UNIVERSITY OF CALIFORNIA, SAN DIEGO. | 1971 | male | 1 | 10 | 1999 | 3 | 88 | 2004 | 0 | 0 | 0 | 0 | 0 | 1 | 0 | 0 | 0 | 0 | 0 | 1 | 0 | 0 | 0 | 0 | 0 | 2 | 0 | 2 | 0 | 0 | 0 | 0 | 1 | 3 | 0 | 0 | 0 | 0 | 0 | 0 | 0 | 1 | 0 | 0 | 0 | 0 | 0 | 0 | 0 | 0 | 0 | 0 | 0 | 0 | 0 | 0 | 0 | 0 | 0 |  0 | 0 | 0 | 0 | 2 | 1 | 1 | 3 | 0 | 0 | 0 | 1 | 1 | 3 | 2 | 9 | 2 | 6 | 1 | 5 | 0 | 0 | 0 | 0 | 1 | 5 | 2 | 12 | 4 | 6 | 2 | 4 | 4 | 5 | 1 | 0 | 2 | 5 | 1 | 0 | 0 | 0 | 0 | 0 | 0 | 0 | 0 | 0 | 0 | 0 | 0 |
82 | Grindlay, Jonathan Ellis | HARVARD UNIVERSITY. | 1971 | male | 9 | 70 | 2010 | 10 | 349 | 2017 | 0 | 0 | 0 | 0 | 1 | 8 | 1 | 3 | 2 | 8 | 6 | 5 | 6 | 1 | 1 | 1 | 3 | 0 | 4 | 0 | 2 | 0 | 3 | 0 | 1 | 0 | 0 | 3 | 2 | 1 | 1 | 0 | 2 | 1 | 0 | 2 | 1 | 1 | 0 | 3 | 3 | 0 | 1 | 1 | 1 | 0 | 0 | 0 | 0 | 0 | 0 |  0 | 0 | 0 | 0 | 2 | 8 | 1 | 4 | 3 | 11 | 10 | 8 | 14 | 9 | 9 | 11 | 12 | 8 | 12 | 6 | 8 | 8 | 7 | 6 | 4 | 3 | 4 | 6 | 3 | 8 | 12 | 6 | 7 | 6 | 9 | 10 | 8 | 11 | 6 | 12 | 13 | 2 | 8 | 9 | 12 | 13 | 12 | 5 | 5 | 4 | 2 |
83 | Soter, Steven Laurence | CORNELL UNIVERSITY. | 1971 | male | 5 | 6 | 2007 | 16 | 12 | 2014 | 1 | 1 | 0 | 2 | 0 | 1 | 1 | 0 | 0 | 0 | 0 | 2 | 0 | 0 | 0 | 0 | 0 | 0 | 0 | 0 | 0 | 1 | 0 | 0 | 0 | 0 | 0 | 0 | 0 | 0 | 0 | 0 | 0 | 0 | 0 | 0 | 0 | 0 | 0 | 0 | 1 | 1 | 0 | 0 | 0 | 0 | 0 | 0 | 0 | 0 | 0 |  2 | 6 | 2 | 3 | 1 | 2 | 1 | 0 | 0 | 1 | 1 | 2 | 0 | 2 | 0 | 0 | 0 | 1 | 0 | 0 | 0 | 1 | 0 | 0 | 0 | 0 | 0 | 0 | 0 | 0 | 0 | 0 | 0 | 0 | 0 | 0 | 0 | 0 | 0 | 0 | 1 | 1 | 0 | 0 | 0 | 0 | 0 | 0 | 1 | 0 | 0 |
84 | Keath, Edwin Paul | UNIVERSITY OF NORTH TEXAS. | 1971 | male | 2 | 3 | 1989 | 5 | 44 | 2009 | 0 | 0 | 0 | 0 | 0 | 2 | 0 | 1 | 0 | 0 | 1 | 0 | 0 | 0 | 0 | 0 | 0 | 0 | 0 | 0 | 0 | 0 | 0 | 1 | 0 | 0 | 0 | 0 | 0 | 0 | 0 | 0 | 0 | 0 | 0 | 0 | 0 | 0 | 0 | 0 | 0 | 0 | 0 | 0 | 0 | 0 | 0 | 0 | 0 | 0 | 0 |  0 | 0 | 0 | 0 | 0 | 5 | 1 | 2 | 0 | 0 | 2 | 1 | 0 | 2 | 0 | 5 | 1 | 2 | 0 | 2 | 1 | 2 | 1 | 2 | 2 | 2 | 1 | 1 | 2 | 1 | 2 | 1 | 2 | 0 | 1 | 0 | 1 | 0 | 1 | 1 | 0 | 0 | 1 | 1 | 0 | 0 | 0 | 0 | 0 | 0 | 0 |
85 | Mack, John Edward, Jr. | THE CATHOLIC UNIVERSITY OF AMERICA. | 1971 | male | 4 | 7 | 1975 | 9 | 20 | 2017 | 0 | 0 | 0 | 0 | 1 | 3 | 3 | 2 | 1 | 1 | 0 | 0 | 0 | 0 | 0 | 0 | 0 | 0 | 0 | 0 | 0 | 0 | 0 | 0 | 0 | 0 | 0 | 0 | 0 | 0 | 0 | 0 | 0 | 0 | 0 | 0 | 0 | 0 | 0 | 0 | 0 | 0 | 0 | 0 | 0 | 0 | 0 | 0 | 0 | 0 | 0 |  0 | 0 | 2 | 0 | 3 | 4 | 4 | 2 | 1 | 2 | 0 | 0 | 0 | 0 | 0 | 0 | 0 | 0 | 0 | 0 | 0 | 0 | 0 | 0 | 0 | 0 | 0 | 0 | 0 | 0 | 0 | 1 | 1 | 0 | 0 | 0 | 0 | 0 | 0 | 2 | 1 | 1 | 3 | 0 | 0 | 0 | 0 | 0 | 0 | 0 | 1 |
86 | Burns, Jean Ellen | UNIVERSITY OF HAWAII. | 1971 | male | 2 | 1 | 1973 | 3 | 11 | 2011 | 0 | 0 | 0 | 0 | 1 | 1 | 0 | 1 | 0 | 0 | 0 | 0 | 0 | 0 | 0 | 0 | 0 | 0 | 0 | 0 | 0 | 0 | 0 | 0 | 0 | 0 | 0 | 0 | 0 | 0 | 0 | 0 | 0 | 0 | 0 | 0 | 0 | 0 | 0 | 0 | 0 | 0 | 0 | 0 | 0 | 0 | 0 | 0 | 0 | 0 | 0 |  0 | 0 | 0 | 0 | 2 | 1 | 1 | 1 | 0 | 0 | 0 | 0 | 0 | 0 | 0 | 0 | 0 | 0 | 1 | 0 | 0 | 0 | 0 | 0 | 1 | 0 | 1 | 1 | 1 | 0 | 1 | 0 | 2 | 0 | 0 | 0 | 0 | 0 | 0 | 0 | 0 | 0 | 0 | 0 | 0 | 1 | 0 | 0 | 0 | 0 | 0 |
87 | Sullivan, Woodruff Turner, III | UNIVERSITY OF MARYLAND COLLEGE PARK. | 1971 | None | 1 | 12 | 2014 | 3 | 17 | 2014 | 0 | 0 | 0 | 0 | 0 | 1 | 0 | 0 | 0 | 0 | 0 | 0 | 0 | 0 | 1 | 1 | 0 | 0 | 0 | 1 | 1 | 0 | 0 | 0 | 0 | 1 | 0 | 0 | 0 | 0 | 1 | 0 | 0 | 0 | 0 | 0 | 0 | 0 | 1 | 1 | 0 | 0 | 1 | 1 | 1 | 0 | 0 | 0 | 1 | 0 | 0 |  0 | 0 | 0 | 0 | 2 | 1 | 0 | 0 | 0 | 0 | 0 | 0 | 0 | 0 | 3 | 1 | 1 | 0 | 0 | 1 | 1 | 0 | 0 | 0 | 0 | 1 | 0 | 0 | 0 | 1 | 1 | 0 | 0 | 0 | 0 | 0 | 0 | 1 | 1 | 1 | 0 | 0 | 1 | 1 | 1 | 0 | 0 | 0 | 1 | 0 | 0 |
88 | Abraham, Zulema | MASSACHUSETTS INSTITUTE OF TECHNOLOGY. | 1971 | female | 3 | 19 | 2014 | 3 | 68 | 2016 | 0 | 0 | 0 | 0 | 1 | 2 | 0 | 0 | 0 | 0 | 0 | 0 | 0 | 1 | 1 | 0 | 1 | 0 | 1 | 0 | 1 | 0 | 0 | 0 | 0 | 0 | 1 | 1 | 1 | 0 | 1 | 0 | 1 | 1 | 1 | 0 | 0 | 0 | 0 | 3 | 0 | 2 | 0 | 0 | 1 | 0 | 0 | 0 | 1 | 0 | 0 |  0 | 0 | 0 | 0 | 1 | 2 | 0 | 0 | 0 | 0 | 0 | 0 | 0 | 1 | 1 | 0 | 1 | 1 | 2 | 1 | 2 | 1 | 2 | 0 | 0 | 1 | 1 | 3 | 1 | 0 | 1 | 0 | 1 | 1 | 5 | 0 | 0 | 2 | 6 | 5 | 6 | 4 | 1 | 4 | 3 | 3 | 2 | 2 | 3 | 0 | 1 |
89 | Kruger, Steven Toby | RICE UNIVERSITY. | 1971 | male | 2 | 0 | 1971 | 3 | 0 | 1971 | 0 | 0 | 1 | 0 | 0 | 1 | 0 | 0 | 0 | 0 | 0 | 0 | 0 | 0 | 0 | 0 | 0 | 0 | 0 | 0 | 0 | 0 | 0 | 0 | 0 | 0 | 0 | 0 | 0 | 0 | 0 | 0 | 0 | 0 | 0 | 0 | 0 | 0 | 0 | 0 | 0 | 0 | 0 | 0 | 0 | 0 | 0 | 0 | 0 | 0 | 0 |  1 | 0 | 1 | 0 | 0 | 1 | 0 | 0 | 0 | 0 | 0 | 0 | 0 | 0 | 0 | 0 | 0 | 0 | 0 | 0 | 0 | 0 | 0 | 0 | 0 | 0 | 0 | 0 | 0 | 0 | 0 | 0 | 0 | 0 | 0 | 0 | 0 | 0 | 0 | 0 | 0 | 0 | 0 | 0 | 0 | 0 | 0 | 0 | 0 | 0 | 0 |
90 | Matilsky, Terry Allen | PRINCETON UNIVERSITY. | 1971 | male | 1 | 9 | 1985 | 2 | 33 | 2003 | 0 | 0 | 0 | 0 | 0 | 1 | 1 | 1 | 0 | 1 | 1 | 1 | 1 | 1 | 0 | 0 | 1 | 0 | 0 | 1 | 0 | 0 | 0 | 0 | 0 | 0 | 0 | 0 | 0 | 0 | 0 | 0 | 0 | 0 | 0 | 0 | 0 | 0 | 0 | 0 | 0 | 0 | 0 | 0 | 0 | 0 | 0 | 0 | 0 | 0 | 0 |  0 | 0 | 0 | 1 | 0 | 1 | 3 | 1 | 3 | 1 | 7 | 2 | 1 | 3 | 4 | 1 | 1 | 0 | 1 | 1 | 1 | 0 | 0 | 1 | 0 | 0 | 0 | 1 | 0 | 0 | 0 | 0 | 0 | 0 | 0 | 0 | 0 | 1 | 0 | 0 | 0 | 0 | 0 | 0 | 0 | 0 | 0 | 0 | 0 | 0 | 0 |
91 | Stull, Mark Alan | THE UNIVERSITY OF MICHIGAN. | 1971 | male | 4 | 6 | 2007 | 5 | 9 | 2007 | 0 | 0 | 0 | 0 | 1 | 3 | 1 | 2 | 0 | 1 | 0 | 0 | 0 | 1 | 0 | 0 | 0 | 0 | 0 | 0 | 0 | 0 | 0 | 0 | 0 | 0 | 0 | 0 | 0 | 0 | 0 | 0 | 0 | 0 | 0 | 0 | 0 | 0 | 0 | 0 | 0 | 1 | 0 | 0 | 0 | 0 | 0 | 0 | 0 | 0 | 0 |  0 | 0 | 0 | 0 | 1 | 4 | 2 | 3 | 0 | 2 | 0 | 0 | 0 | 1 | 0 | 0 | 0 | 0 | 0 | 0 | 0 | 0 | 0 | 0 | 0 | 0 | 0 | 0 | 0 | 0 | 0 | 0 | 0 | 0 | 0 | 0 | 0 | 0 | 0 | 0 | 0 | 1 | 0 | 0 | 0 | 0 | 0 | 0 | 0 | 0 | 0 |
92 | McFee, Ronald William | THE UNIVERSITY OF NEBRASKA - LINCOLN. | 1971 | male | 3 | 0 | 1971 | 3 | 0 | 1971 | 0 | 0 | 0 | 0 | 0 | 3 | 0 | 0 | 0 | 0 | 0 | 0 | 0 | 0 | 0 | 0 | 0 | 0 | 0 | 0 | 0 | 0 | 0 | 0 | 0 | 0 | 0 | 0 | 0 | 0 | 0 | 0 | 0 | 0 | 0 | 0 | 0 | 0 | 0 | 0 | 0 | 0 | 0 | 0 | 0 | 0 | 0 | 0 | 0 | 0 | 0 |  0 | 0 | 0 | 0 | 0 | 3 | 0 | 0 | 0 | 0 | 0 | 0 | 0 | 0 | 0 | 0 | 0 | 0 | 0 | 0 | 0 | 0 | 0 | 0 | 0 | 0 | 0 | 0 | 0 | 0 | 0 | 0 | 0 | 0 | 0 | 0 | 0 | 0 | 0 | 0 | 0 | 0 | 0 | 0 | 0 | 0 | 0 | 0 | 0 | 0 | 0 |
93 | Hollingsworth, Anthony | MASSACHUSETTS INSTITUTE OF TECHNOLOGY. | 1971 | male | 2 | 3 | 2013 | 2 | 13 | 2013 | 0 | 0 | 0 | 0 | 0 | 2 | 0 | 0 | 0 | 1 | 0 | 0 | 0 | 0 | 0 | 0 | 0 | 0 | 0 | 0 | 0 | 0 | 0 | 0 | 0 | 0 | 0 | 0 | 1 | 0 | 0 | 0 | 0 | 0 | 0 | 0 | 0 | 0 | 0 | 0 | 0 | 0 | 0 | 0 | 0 | 0 | 0 | 1 | 0 | 0 | 0 |  0 | 0 | 0 | 0 | 0 | 2 | 0 | 0 | 0 | 1 | 0 | 0 | 0 | 0 | 0 | 0 | 0 | 0 | 0 | 0 | 0 | 0 | 0 | 0 | 0 | 0 | 0 | 0 | 1 | 0 | 1 | 0 | 0 | 0 | 0 | 0 | 1 | 0 | 0 | 0 | 0 | 0 | 0 | 0 | 1 | 2 | 4 | 2 | 0 | 0 | 0 |
94 | Glaspey, John Warren | THE UNIVERSITY OF ARIZONA. | 1971 | male | 3 | 15 | 1994 | 5 | 25 | 2015 | 0 | 0 | 0 | 0 | 0 | 3 | 1 | 1 | 0 | 0 | 2 | 0 | 0 | 1 | 0 | 1 | 2 | 0 | 1 | 1 | 1 | 1 | 1 | 1 | 0 | 0 | 0 | 0 | 1 | 0 | 0 | 0 | 0 | 0 | 0 | 0 | 0 | 0 | 0 | 0 | 0 | 0 | 0 | 0 | 0 | 0 | 0 | 0 | 0 | 0 | 0 |  0 | 0 | 0 | 0 | 1 | 4 | 1 | 3 | 1 | 0 | 2 | 1 | 2 | 2 | 0 | 1 | 2 | 0 | 1 | 1 | 1 | 1 | 1 | 1 | 0 | 1 | 0 | 1 | 1 | 0 | 0 | 0 | 0 | 0 | 0 | 0 | 0 | 0 | 0 | 0 | 0 | 0 | 0 | 0 | 0 | 0 | 0 | 0 | 0 | 1 | 0 |
95 | Heckathorn, Harry Mervin, III | NORTHWESTERN UNIVERSITY. | 1971 | male | 1 | 2 | 1981 | 1 | 9 | 1982 | 0 | 0 | 0 | 0 | 0 | 1 | 1 | 0 | 0 | 0 | 0 | 0 | 0 | 0 | 0 | 1 | 0 | 0 | 0 | 0 | 0 | 0 | 0 | 0 | 0 | 0 | 0 | 0 | 0 | 0 | 0 | 0 | 0 | 0 | 0 | 0 | 0 | 0 | 0 | 0 | 0 | 0 | 0 | 0 | 0 | 0 | 0 | 0 | 0 | 0 | 0 |  0 | 0 | 0 | 0 | 0 | 1 | 1 | 1 | 0 | 0 | 0 | 0 | 1 | 0 | 1 | 4 | 1 | 0 | 0 | 0 | 0 | 0 | 0 | 0 | 0 | 0 | 0 | 0 | 0 | 0 | 0 | 0 | 0 | 0 | 0 | 0 | 0 | 0 | 0 | 0 | 0 | 0 | 0 | 0 | 0 | 0 | 0 | 0 | 0 | 0 | 0 |
96 | Johnson, Herbert Eugene | UNIVERSITY OF CALIFORNIA, SAN DIEGO. | 1971 | male | 3 | 3 | 2011 | 5 | 3 | 2011 | 0 | 0 | 0 | 1 | 0 | 2 | 2 | 0 | 0 | 0 | 0 | 0 | 0 | 0 | 0 | 0 | 0 | 0 | 0 | 0 | 0 | 0 | 0 | 0 | 0 | 0 | 0 | 0 | 0 | 0 | 0 | 0 | 0 | 0 | 0 | 0 | 0 | 0 | 0 | 0 | 0 | 0 | 0 | 0 | 0 | 1 | 0 | 0 | 0 | 0 | 0 |  0 | 0 | 0 | 1 | 2 | 2 | 2 | 0 | 0 | 0 | 0 | 0 | 0 | 0 | 0 | 0 | 0 | 0 | 0 | 0 | 0 | 0 | 0 | 0 | 0 | 0 | 0 | 0 | 0 | 0 | 0 | 0 | 0 | 0 | 0 | 0 | 0 | 0 | 0 | 0 | 0 | 0 | 0 | 0 | 0 | 1 | 0 | 0 | 0 | 0 | 0 |
97 | Albats, Paul | CORNELL UNIVERSITY. | 1971 | male | 2 | 3 | 1974 | 8 | 10 | 1988 | 0 | 0 | 0 | 0 | 0 | 2 | 1 | 1 | 1 | 0 | 0 | 0 | 0 | 0 | 0 | 0 | 0 | 0 | 0 | 0 | 0 | 0 | 0 | 0 | 0 | 0 | 0 | 0 | 0 | 0 | 0 | 0 | 0 | 0 | 0 | 0 | 0 | 0 | 0 | 0 | 0 | 0 | 0 | 0 | 0 | 0 | 0 | 0 | 0 | 0 | 0 |  0 | 0 | 2 | 0 | 0 | 6 | 1 | 6 | 1 | 0 | 0 | 0 | 0 | 1 | 0 | 0 | 0 | 0 | 0 | 0 | 0 | 0 | 1 | 0 | 0 | 0 | 0 | 0 | 0 | 0 | 0 | 0 | 0 | 0 | 0 | 0 | 0 | 0 | 0 | 0 | 0 | 0 | 0 | 0 | 0 | 0 | 0 | 0 | 0 | 0 | 0 |
98 | Tarnstrom, Guy Lavern | UNIVERSITY OF ALASKA FAIRBANKS. | 1971 | male | 1 | 7 | 1978 | 1 | 9 | 1978 | 0 | 0 | 0 | 0 | 0 | 1 | 2 | 0 | 1 | 1 | 1 | 1 | 1 | 0 | 0 | 0 | 0 | 0 | 0 | 0 | 0 | 0 | 0 | 0 | 0 | 0 | 0 | 0 | 0 | 0 | 0 | 0 | 0 | 0 | 0 | 0 | 0 | 0 | 0 | 0 | 0 | 0 | 0 | 0 | 0 | 0 | 0 | 0 | 0 | 0 | 0 |  0 | 0 | 0 | 0 | 0 | 1 | 3 | 0 | 1 | 1 | 2 | 1 | 1 | 0 | 0 | 0 | 0 | 0 | 0 | 0 | 0 | 0 | 0 | 0 | 0 | 0 | 0 | 0 | 0 | 0 | 0 | 0 | 0 | 0 | 0 | 0 | 0 | 0 | 0 | 0 | 0 | 0 | 0 | 0 | 0 | 0 | 0 | 0 | 0 | 0 | 0 |
99 | Backer, Donald Charles | CORNELL UNIVERSITY. | 1971 | male | 6 | 38 | 2004 | 8 | 141 | 2011 | 0 | 0 | 0 | 0 | 5 | 1 | 1 | 2 | 2 | 2 | 3 | 1 | 1 | 0 | 1 | 0 | 2 | 3 | 2 | 1 | 1 | 1 | 1 | 0 | 2 | 0 | 1 | 4 | 0 | 1 | 0 | 2 | 1 | 1 | 1 | 0 | 0 | 0 | 1 | 0 | 0 | 0 | 0 | 0 | 0 | 0 | 0 | 0 | 0 | 0 | 0 |  0 | 0 | 0 | 1 | 6 | 1 | 2 | 2 | 3 | 3 | 3 | 1 | 2 | 0 | 1 | 1 | 2 | 5 | 3 | 3 | 1 | 2 | 8 | 2 | 5 | 2 | 3 | 9 | 3 | 4 | 0 | 4 | 5 | 8 | 4 | 6 | 5 | 2 | 13 | 3 | 7 | 1 | 1 | 4 | 5 | 3 | 0 | 0 | 0 | 0 | 0 |
100 | Culver, Roger Bruce | THE OHIO STATE UNIVERSITY. | 1971 | male | 3 | 17 | 2015 | 4 | 29 | 2015 | 0 | 1 | 0 | 0 | 0 | 2 | 1 | 1 | 0 | 1 | 1 | 3 | 2 | 2 | 1 | 1 | 0 | 0 | 0 | 0 | 0 | 0 | 1 | 0 | 0 | 0 | 0 | 0 | 0 | 0 | 0 | 0 | 0 | 0 | 0 | 0 | 0 | 0 | 0 | 0 | 0 | 0 | 0 | 0 | 0 | 0 | 0 | 0 | 2 | 1 | 0 |  1 | 1 | 0 | 0 | 0 | 2 | 1 | 1 | 0 | 1 | 2 | 3 | 3 | 3 | 1 | 1 | 0 | 0 | 0 | 2 | 1 | 1 | 1 | 0 | 0 | 0 | 0 | 0 | 0 | 1 | 0 | 0 | 0 | 0 | 0 | 0 | 0 | 0 | 0 | 0 | 1 | 1 | 1 | 0 | 0 | 0 | 0 | 0 | 2 | 2 | 0 |
101 | Dworetsky, Michael Moses | UNIVERSITY OF CALIFORNIA, LOS ANGELES. | 1971 | male | 5 | 29 | 2008 | 11 | 49 | 2008 | 0 | 1 | 0 | 2 | 0 | 2 | 3 | 2 | 2 | 2 | 0 | 1 | 0 | 0 | 3 | 0 | 6 | 2 | 1 | 0 | 1 | 0 | 0 | 0 | 0 | 0 | 0 | 0 | 0 | 0 | 0 | 0 | 3 | 0 | 1 | 0 | 0 | 0 | 0 | 0 | 0 | 0 | 2 | 0 | 0 | 0 | 0 | 0 | 0 | 0 | 0 |  0 | 2 | 1 | 2 | 2 | 4 | 3 | 4 | 2 | 3 | 0 | 2 | 2 | 0 | 5 | 0 | 7 | 2 | 2 | 1 | 1 | 0 | 0 | 0 | 0 | 0 | 0 | 2 | 0 | 2 | 0 | 0 | 6 | 1 | 1 | 0 | 1 | 0 | 0 | 0 | 0 | 0 | 2 | 0 | 0 | 0 | 0 | 0 | 0 | 0 | 0 |
102 | Leibowitz, Elia Menachem | HARVARD UNIVERSITY. | 1971 | male | 2 | 39 | 2017 | 2 | 128 | 2017 | 0 | 0 | 0 | 1 | 0 | 1 | 3 | 2 | 0 | 1 | 2 | 2 | 1 | 1 | 1 | 1 | 1 | 1 | 3 | 0 | 2 | 0 | 0 | 0 | 0 | 1 | 2 | 1 | 1 | 2 | 0 | 1 | 1 | 0 | 2 | 0 | 0 | 0 | 0 | 0 | 2 | 0 | 1 | 0 | 0 | 1 | 0 | 1 | 0 | 1 | 0 |  0 | 0 | 0 | 1 | 0 | 1 | 3 | 2 | 0 | 2 | 2 | 3 | 3 | 2 | 3 | 3 | 1 | 2 | 3 | 3 | 3 | 2 | 0 | 0 | 3 | 4 | 3 | 3 | 4 | 9 | 3 | 3 | 10 | 5 | 9 | 1 | 2 | 6 | 4 | 2 | 6 | 2 | 4 | 1 | 0 | 3 | 1 | 1 | 0 | 1 | 0 |
103 | Proctor, Deanne Dorothy | MICHIGAN STATE UNIVERSITY. | 1971 | female | 1 | 5 | 2016 | 4 | 8 | 2016 | 0 | 0 | 0 | 0 | 0 | 1 | 1 | 1 | 0 | 0 | 0 | 0 | 0 | 0 | 0 | 0 | 0 | 0 | 0 | 0 | 0 | 0 | 0 | 0 | 0 | 0 | 0 | 0 | 0 | 0 | 0 | 0 | 0 | 0 | 0 | 0 | 0 | 0 | 0 | 0 | 1 | 0 | 0 | 0 | 0 | 1 | 0 | 0 | 0 | 0 | 1 |  0 | 0 | 0 | 0 | 2 | 2 | 1 | 1 | 0 | 0 | 0 | 0 | 0 | 0 | 0 | 0 | 0 | 0 | 0 | 0 | 0 | 0 | 0 | 0 | 0 | 0 | 1 | 0 | 0 | 0 | 0 | 0 | 0 | 0 | 0 | 1 | 0 | 0 | 0 | 0 | 1 | 0 | 0 | 0 | 1 | 1 | 0 | 0 | 0 | 0 | 1 |
104 | Rizzi, Arthur William | STANFORD UNIVERSITY. | 1971 | male | 1 | 0 | 1971 | 2 | 20 | 2016 | 0 | 0 | 0 | 0 | 0 | 1 | 0 | 0 | 0 | 0 | 0 | 0 | 0 | 0 | 0 | 0 | 0 | 0 | 0 | 0 | 0 | 0 | 0 | 0 | 0 | 0 | 0 | 0 | 0 | 0 | 0 | 0 | 0 | 0 | 0 | 0 | 0 | 0 | 0 | 0 | 0 | 0 | 0 | 0 | 0 | 0 | 0 | 0 | 0 | 0 | 0 |  0 | 0 | 0 | 0 | 1 | 1 | 1 | 1 | 1 | 0 | 0 | 0 | 0 | 0 | 0 | 0 | 0 | 0 | 0 | 0 | 0 | 0 | 0 | 0 | 0 | 0 | 0 | 0 | 0 | 0 | 0 | 0 | 0 | 0 | 0 | 0 | 0 | 0 | 6 | 7 | 2 | 0 | 0 | 0 | 0 | 0 | 0 | 1 | 0 | 0 | 1 |
105 | Smith, Carl Ray | UNIVERSITY OF MARYLAND COLLEGE PARK. | 1971 | male | 2 | 2 | 2007 | 2 | 50 | 2017 | 0 | 0 | 1 | 0 | 0 | 1 | 0 | 0 | 0 | 0 | 0 | 0 | 0 | 0 | 0 | 0 | 0 | 0 | 0 | 0 | 0 | 0 | 0 | 0 | 0 | 0 | 0 | 1 | 0 | 0 | 0 | 0 | 0 | 0 | 0 | 0 | 0 | 0 | 0 | 0 | 0 | 1 | 0 | 0 | 0 | 0 | 0 | 0 | 0 | 0 | 0 |  0 | 0 | 1 | 0 | 0 | 1 | 0 | 0 | 0 | 0 | 0 | 0 | 0 | 0 | 0 | 1 | 0 | 0 | 0 | 0 | 0 | 0 | 1 | 0 | 13 | 2 | 3 | 1 | 0 | 0 | 0 | 0 | 1 | 1 | 0 | 1 | 0 | 1 | 0 | 1 | 0 | 2 | 2 | 3 | 2 | 1 | 1 | 2 | 3 | 4 | 3 |
106 | Travis, Larry Dean | THE PENNSYLVANIA STATE UNIVERSITY. | 1971 | male | 2 | 8 | 1984 | 3 | 44 | 2004 | 0 | 0 | 1 | 0 | 0 | 1 | 0 | 2 | 0 | 1 | 0 | 0 | 1 | 2 | 0 | 0 | 0 | 0 | 2 | 0 | 0 | 0 | 0 | 0 | 0 | 0 | 0 | 0 | 0 | 0 | 0 | 0 | 0 | 0 | 0 | 0 | 0 | 0 | 0 | 0 | 0 | 0 | 0 | 0 | 0 | 0 | 0 | 0 | 0 | 0 | 0 |  0 | 1 | 1 | 0 | 0 | 1 | 0 | 3 | 1 | 1 | 0 | 1 | 1 | 2 | 4 | 0 | 1 | 0 | 2 | 0 | 0 | 0 | 0 | 1 | 0 | 0 | 1 | 0 | 2 | 2 | 4 | 4 | 4 | 3 | 1 | 2 | 2 | 1 | 1 | 0 | 0 | 0 | 0 | 0 | 0 | 0 | 0 | 0 | 0 | 0 | 0 |
107 | Wdowiak, Thomas John | CASE WESTERN RESERVE UNIVERSITY. | 1971 | male | 1 | 16 | 2003 | 1 | 48 | 2009 | 0 | 0 | 0 | 0 | 0 | 1 | 0 | 0 | 0 | 1 | 0 | 1 | 0 | 0 | 1 | 1 | 0 | 0 | 1 | 2 | 0 | 1 | 1 | 1 | 0 | 0 | 0 | 0 | 0 | 2 | 1 | 0 | 0 | 0 | 0 | 2 | 0 | 1 | 0 | 0 | 0 | 0 | 0 | 0 | 0 | 0 | 0 | 0 | 0 | 0 | 0 |  0 | 0 | 0 | 0 | 0 | 1 | 1 | 2 | 0 | 1 | 0 | 1 | 0 | 0 | 2 | 1 | 0 | 0 | 1 | 2 | 0 | 1 | 1 | 1 | 1 | 1 | 0 | 2 | 1 | 3 | 1 | 3 | 0 | 1 | 1 | 3 | 1 | 2 | 6 | 2 | 5 | 0 | 0 | 1 | 0 | 0 | 0 | 0 | 0 | 0 | 0 |
108 | Garmany, Catharine D. | UNIVERSITY OF VIRGINIA. | 1971 | female | 1 | 22 | 2015 | 1 | 44 | 2015 | 0 | 0 | 0 | 0 | 0 | 1 | 1 | 1 | 0 | 0 | 0 | 1 | 0 | 0 | 1 | 2 | 1 | 0 | 3 | 2 | 1 | 2 | 1 | 0 | 0 | 2 | 1 | 0 | 2 | 0 | 0 | 0 | 0 | 0 | 0 | 0 | 0 | 0 | 0 | 0 | 0 | 0 | 0 | 0 | 0 | 0 | 0 | 0 | 0 | 1 | 0 |  0 | 0 | 0 | 0 | 0 | 1 | 1 | 1 | 0 | 0 | 0 | 2 | 1 | 0 | 2 | 2 | 1 | 2 | 4 | 2 | 4 | 2 | 1 | 5 | 1 | 3 | 3 | 2 | 2 | 1 | 1 | 0 | 0 | 0 | 0 | 0 | 0 | 0 | 0 | 0 | 0 | 0 | 0 | 0 | 0 | 0 | 0 | 0 | 0 | 1 | 0 |
109 | Hemenway, Mary Kathleen Meacham | UNIVERSITY OF VIRGINIA. | 1971 | female | 1 | 0 | 1971 | 1 | 0 | 1971 | 0 | 0 | 0 | 0 | 0 | 1 | 0 | 0 | 0 | 0 | 0 | 0 | 0 | 0 | 0 | 0 | 0 | 0 | 0 | 0 | 0 | 0 | 0 | 0 | 0 | 0 | 0 | 0 | 0 | 0 | 0 | 0 | 0 | 0 | 0 | 0 | 0 | 0 | 0 | 0 | 0 | 0 | 0 | 0 | 0 | 0 | 0 | 0 | 0 | 0 | 0 |  0 | 0 | 0 | 0 | 0 | 1 | 0 | 0 | 0 | 0 | 0 | 0 | 0 | 0 | 0 | 0 | 0 | 0 | 0 | 0 | 0 | 0 | 0 | 0 | 0 | 0 | 0 | 0 | 0 | 0 | 0 | 0 | 0 | 0 | 0 | 0 | 0 | 0 | 0 | 0 | 0 | 0 | 0 | 0 | 0 | 0 | 0 | 0 | 0 | 0 | 0 |
110 | Burke, John Robert | HARVARD UNIVERSITY. | 1971 | male | 2 | 3 | 1983 | 2 | 7 | 2014 | 0 | 0 | 0 | 1 | 0 | 1 | 0 | 0 | 1 | 0 | 1 | 0 | 0 | 0 | 0 | 0 | 0 | 1 | 0 | 0 | 0 | 0 | 0 | 0 | 0 | 0 | 0 | 0 | 0 | 0 | 0 | 0 | 0 | 0 | 0 | 0 | 0 | 0 | 0 | 0 | 0 | 0 | 0 | 0 | 0 | 0 | 0 | 0 | 0 | 0 | 0 |  0 | 0 | 0 | 1 | 0 | 1 | 1 | 0 | 2 | 0 | 1 | 0 | 0 | 0 | 0 | 0 | 0 | 1 | 0 | 0 | 0 | 0 | 0 | 0 | 0 | 0 | 0 | 0 | 0 | 0 | 0 | 0 | 0 | 0 | 0 | 0 | 0 | 0 | 0 | 0 | 0 | 0 | 0 | 0 | 0 | 0 | 0 | 0 | 2 | 0 | 0 |
111 | Clutton-Brock, Martin | UNIVERSITY OF WASHINGTON. | 1971 | male | 1 | 20 | 2005 | 1 | 23 | 2005 | 0 | 0 | 0 | 0 | 0 | 1 | 4 | 2 | 2 | 1 | 1 | 2 | 1 | 1 | 0 | 1 | 3 | 0 | 0 | 0 | 0 | 0 | 0 | 0 | 0 | 0 | 0 | 1 | 0 | 0 | 0 | 0 | 0 | 0 | 0 | 0 | 0 | 0 | 0 | 1 | 0 | 0 | 0 | 0 | 0 | 0 | 0 | 0 | 0 | 0 | 0 |  0 | 0 | 0 | 0 | 0 | 1 | 4 | 2 | 2 | 1 | 1 | 2 | 1 | 1 | 0 | 1 | 4 | 0 | 0 | 1 | 0 | 0 | 0 | 0 | 1 | 0 | 0 | 1 | 0 | 0 | 0 | 0 | 0 | 0 | 0 | 0 | 0 | 0 | 0 | 1 | 0 | 0 | 0 | 0 | 0 | 0 | 0 | 0 | 0 | 0 | 0 |
112 | Davis, Robert Wyatt | UNIVERSITY OF FLORIDA. | 1971 | male | 1 | 5 | 1991 | 3 | 35 | 2015 | 0 | 0 | 0 | 0 | 0 | 1 | 0 | 0 | 0 | 0 | 0 | 0 | 0 | 0 | 0 | 0 | 0 | 2 | 0 | 0 | 0 | 0 | 0 | 0 | 2 | 1 | 0 | 0 | 0 | 0 | 0 | 0 | 0 | 0 | 0 | 0 | 0 | 0 | 0 | 0 | 0 | 0 | 0 | 0 | 0 | 0 | 0 | 0 | 0 | 0 | 0 |  0 | 0 | 1 | 1 | 0 | 1 | 1 | 0 | 1 | 0 | 0 | 0 | 0 | 1 | 0 | 1 | 0 | 2 | 0 | 1 | 0 | 0 | 0 | 0 | 3 | 4 | 1 | 1 | 2 | 2 | 0 | 1 | 0 | 3 | 0 | 0 | 1 | 0 | 0 | 0 | 0 | 0 | 0 | 6 | 1 | 0 | 0 | 2 | 0 | 1 | 0 |
113 | Gottlieb, David Murray | UNIVERSITY OF MARYLAND COLLEGE PARK. | 1971 | male | 2 | 2 | 1978 | 3 | 3 | 1978 | 0 | 0 | 0 | 1 | 0 | 1 | 1 | 0 | 0 | 0 | 0 | 0 | 1 | 0 | 0 | 0 | 0 | 0 | 0 | 0 | 0 | 0 | 0 | 0 | 0 | 0 | 0 | 0 | 0 | 0 | 0 | 0 | 0 | 0 | 0 | 0 | 0 | 0 | 0 | 0 | 0 | 0 | 0 | 0 | 0 | 0 | 0 | 0 | 0 | 0 | 0 |  0 | 0 | 0 | 1 | 0 | 2 | 1 | 0 | 1 | 0 | 0 | 0 | 1 | 0 | 0 | 0 | 0 | 0 | 0 | 0 | 0 | 0 | 0 | 0 | 0 | 0 | 0 | 0 | 0 | 0 | 0 | 0 | 0 | 0 | 0 | 0 | 0 | 0 | 0 | 0 | 0 | 0 | 0 | 0 | 0 | 0 | 0 | 0 | 0 | 0 | 0 |
114 | Hankins, Timothy Hamilton | UNIVERSITY OF CALIFORNIA, SAN DIEGO. | 1971 | male | 2 | 23 | 2016 | 2 | 48 | 2016 | 0 | 0 | 0 | 0 | 0 | 2 | 1 | 1 | 1 | 1 | 0 | 0 | 1 | 0 | 1 | 3 | 0 | 0 | 0 | 0 | 2 | 4 | 0 | 0 | 0 | 1 | 0 | 1 | 0 | 0 | 1 | 0 | 0 | 0 | 0 | 0 | 0 | 1 | 0 | 0 | 0 | 1 | 0 | 0 | 1 | 0 | 0 | 0 | 0 | 1 | 1 |  0 | 0 | 0 | 0 | 0 | 2 | 1 | 1 | 1 | 2 | 0 | 1 | 1 | 1 | 1 | 3 | 2 | 0 | 0 | 0 | 3 | 4 | 0 | 0 | 2 | 3 | 1 | 2 | 0 | 1 | 2 | 0 | 0 | 3 | 1 | 1 | 0 | 1 | 1 | 1 | 0 | 2 | 0 | 0 | 2 | 1 | 0 | 0 | 0 | 1 | 2 |
115 | Pipher, Judith Lynn | CORNELL UNIVERSITY. | 1971 | female | 3 | 13 | 1994 | 5 | 124 | 2016 | 0 | 0 | 0 | 1 | 0 | 2 | 0 | 0 | 1 | 0 | 2 | 2 | 1 | 1 | 0 | 0 | 0 | 0 | 1 | 1 | 1 | 0 | 0 | 0 | 0 | 0 | 0 | 1 | 2 | 0 | 0 | 0 | 0 | 0 | 0 | 0 | 0 | 0 | 0 | 0 | 0 | 0 | 0 | 0 | 0 | 0 | 0 | 0 | 0 | 0 | 0 |  0 | 0 | 0 | 2 | 0 | 3 | 3 | 0 | 1 | 1 | 2 | 2 | 4 | 3 | 1 | 4 | 5 | 4 | 3 | 5 | 6 | 1 | 2 | 3 | 3 | 1 | 3 | 4 | 4 | 3 | 2 | 8 | 3 | 2 | 1 | 1 | 0 | 1 | 9 | 2 | 3 | 2 | 4 | 2 | 2 | 2 | 5 | 2 | 2 | 0 | 3 |
116 | Rigterink, Paul Vernon | UNIVERSITY OF PENNSYLVANIA. | 1971 | male | 1 | 3 | 1973 | 1 | 3 | 1973 | 0 | 0 | 0 | 0 | 0 | 1 | 2 | 1 | 0 | 0 | 0 | 0 | 0 | 0 | 0 | 0 | 0 | 0 | 0 | 0 | 0 | 0 | 0 | 0 | 0 | 0 | 0 | 0 | 0 | 0 | 0 | 0 | 0 | 0 | 0 | 0 | 0 | 0 | 0 | 0 | 0 | 0 | 0 | 0 | 0 | 0 | 0 | 0 | 0 | 0 | 0 |  0 | 0 | 0 | 0 | 0 | 1 | 2 | 1 | 0 | 0 | 0 | 0 | 0 | 0 | 0 | 0 | 0 | 0 | 0 | 0 | 0 | 0 | 0 | 0 | 0 | 0 | 0 | 0 | 0 | 0 | 0 | 0 | 0 | 0 | 0 | 0 | 0 | 0 | 0 | 0 | 0 | 0 | 0 | 0 | 0 | 0 | 0 | 0 | 0 | 0 | 0 |
117 | Sandford, Maxwell Tenbrook, II | INDIANA UNIVERSITY. | 1971 | male | 1 | 1 | 1976 | 1 | 6 | 2007 | 0 | 0 | 0 | 0 | 0 | 1 | 0 | 0 | 0 | 0 | 1 | 0 | 0 | 0 | 0 | 0 | 0 | 0 | 0 | 0 | 0 | 0 | 0 | 0 | 0 | 0 | 0 | 0 | 0 | 0 | 0 | 0 | 0 | 0 | 0 | 0 | 0 | 0 | 0 | 0 | 0 | 0 | 0 | 0 | 0 | 0 | 0 | 0 | 0 | 0 | 0 |  0 | 0 | 0 | 0 | 0 | 1 | 0 | 0 | 0 | 0 | 1 | 0 | 1 | 0 | 1 | 0 | 0 | 0 | 0 | 0 | 0 | 0 | 0 | 0 | 0 | 0 | 0 | 0 | 0 | 0 | 1 | 0 | 0 | 0 | 0 | 0 | 0 | 0 | 0 | 1 | 0 | 1 | 0 | 0 | 0 | 0 | 0 | 0 | 0 | 0 | 0 |
118 | Winge, Clarence Richard, Jr. | UNIVERSITY OF CALIFORNIA, LOS ANGELES. | 1971 | male | 1 | 1 | 1974 | 1 | 25 | 2017 | 0 | 0 | 0 | 0 | 0 | 1 | 0 | 0 | 1 | 0 | 0 | 0 | 0 | 0 | 0 | 0 | 0 | 0 | 0 | 0 | 0 | 0 | 0 | 0 | 0 | 0 | 0 | 0 | 0 | 0 | 0 | 0 | 0 | 0 | 0 | 0 | 0 | 0 | 0 | 0 | 0 | 0 | 0 | 0 | 0 | 0 | 0 | 0 | 0 | 0 | 0 |  0 | 0 | 0 | 0 | 0 | 1 | 0 | 0 | 1 | 0 | 1 | 1 | 0 | 0 | 0 | 0 | 0 | 0 | 0 | 0 | 0 | 0 | 0 | 0 | 0 | 0 | 0 | 0 | 3 | 2 | 0 | 2 | 0 | 1 | 0 | 0 | 0 | 0 | 0 | 0 | 0 | 0 | 0 | 1 | 0 | 1 | 0 | 5 | 3 | 2 | 0 |
119 | Leacock, Robert Jay | UNIVERSITY OF FLORIDA. | 1971 | male | 1 | 1 | 1976 | 2 | 32 | 1994 | 0 | 0 | 0 | 0 | 0 | 1 | 0 | 0 | 0 | 0 | 1 | 0 | 0 | 0 | 0 | 0 | 0 | 0 | 0 | 0 | 0 | 0 | 0 | 0 | 0 | 0 | 0 | 0 | 0 | 0 | 0 | 0 | 0 | 0 | 0 | 0 | 0 | 0 | 0 | 0 | 0 | 0 | 0 | 0 | 0 | 0 | 0 | 0 | 0 | 0 | 0 |  0 | 0 | 0 | 0 | 0 | 2 | 4 | 0 | 1 | 2 | 3 | 0 | 1 | 2 | 1 | 0 | 0 | 2 | 2 | 0 | 1 | 0 | 4 | 0 | 2 | 3 | 1 | 1 | 2 | 0 | 0 | 0 | 0 | 0 | 0 | 0 | 0 | 0 | 0 | 0 | 0 | 0 | 0 | 0 | 0 | 0 | 0 | 0 | 0 | 0 | 0 |
120 | Mills, David Michael | STANFORD UNIVERSITY. | 1971 | male | 2 | 1 | 1972 | 2 | 3 | 2010 | 0 | 0 | 0 | 0 | 1 | 1 | 1 | 0 | 0 | 0 | 0 | 0 | 0 | 0 | 0 | 0 | 0 | 0 | 0 | 0 | 0 | 0 | 0 | 0 | 0 | 0 | 0 | 0 | 0 | 0 | 0 | 0 | 0 | 0 | 0 | 0 | 0 | 0 | 0 | 0 | 0 | 0 | 0 | 0 | 0 | 0 | 0 | 0 | 0 | 0 | 0 |  0 | 0 | 0 | 0 | 1 | 1 | 1 | 0 | 0 | 0 | 0 | 0 | 0 | 0 | 0 | 0 | 0 | 0 | 0 | 0 | 0 | 0 | 0 | 0 | 0 | 0 | 0 | 0 | 0 | 0 | 0 | 0 | 0 | 0 | 0 | 0 | 0 | 0 | 0 | 0 | 1 | 0 | 0 | 0 | 1 | 0 | 0 | 0 | 0 | 0 | 0 |
121 | Minn, Young Key | RENSSELAER POLYTECHNIC INSTITUTE. | 1971 | male | 1 | 19 | 1997 | 1 | 24 | 2000 | 0 | 0 | 0 | 0 | 0 | 1 | 0 | 3 | 1 | 3 | 0 | 0 | 0 | 1 | 1 | 1 | 0 | 0 | 0 | 1 | 0 | 1 | 1 | 0 | 0 | 1 | 0 | 1 | 1 | 0 | 2 | 1 | 0 | 0 | 0 | 0 | 0 | 0 | 0 | 0 | 0 | 0 | 0 | 0 | 0 | 0 | 0 | 0 | 0 | 0 | 0 |  0 | 0 | 0 | 0 | 0 | 1 | 0 | 3 | 1 | 3 | 0 | 1 | 0 | 2 | 1 | 1 | 0 | 0 | 0 | 1 | 0 | 1 | 1 | 0 | 1 | 1 | 0 | 1 | 1 | 0 | 2 | 1 | 0 | 1 | 1 | 0 | 0 | 0 | 0 | 0 | 0 | 0 | 0 | 0 | 0 | 0 | 0 | 0 | 0 | 0 | 0 |
122 | Mewaldt, Richard Alvin | WASHINGTON UNIVERSITY. | 1971 | male | 2 | 85 | 2013 | 4 | 390 | 2017 | 0 | 0 | 0 | 0 | 1 | 1 | 0 | 1 | 0 | 8 | 3 | 4 | 1 | 5 | 3 | 6 | 1 | 5 | 2 | 2 | 1 | 1 | 0 | 1 | 0 | 0 | 0 | 2 | 1 | 5 | 3 | 0 | 0 | 4 | 1 | 3 | 2 | 2 | 0 | 5 | 2 | 2 | 3 | 1 | 2 | 0 | 1 | 2 | 0 | 0 | 0 |  0 | 0 | 0 | 0 | 1 | 3 | 0 | 6 | 1 | 9 | 3 | 6 | 2 | 5 | 3 | 9 | 2 | 9 | 2 | 3 | 2 | 6 | 0 | 1 | 0 | 12 | 2 | 17 | 3 | 27 | 10 | 20 | 10 | 14 | 5 | 40 | 5 | 21 | 3 | 30 | 11 | 13 | 24 | 11 | 10 | 2 | 9 | 7 | 4 | 0 | 9 |
123 | Buerger, Edith Guderley | THE OHIO STATE UNIVERSITY. | 1971 | female | 1 | 1 | 1973 | 2 | 3 | 1975 | 0 | 0 | 0 | 0 | 0 | 1 | 0 | 1 | 0 | 0 | 0 | 0 | 0 | 0 | 0 | 0 | 0 | 0 | 0 | 0 | 0 | 0 | 0 | 0 | 0 | 0 | 0 | 0 | 0 | 0 | 0 | 0 | 0 | 0 | 0 | 0 | 0 | 0 | 0 | 0 | 0 | 0 | 0 | 0 | 0 | 0 | 0 | 0 | 0 | 0 | 0 |  0 | 0 | 0 | 0 | 1 | 1 | 1 | 1 | 0 | 1 | 0 | 0 | 0 | 0 | 0 | 0 | 0 | 0 | 0 | 0 | 0 | 0 | 0 | 0 | 0 | 0 | 0 | 0 | 0 | 0 | 0 | 0 | 0 | 0 | 0 | 0 | 0 | 0 | 0 | 0 | 0 | 0 | 0 | 0 | 0 | 0 | 0 | 0 | 0 | 0 | 0 |
124 | Campbell, Donald Bruce | CORNELL UNIVERSITY. | 1971 | male | 4 | 29 | 2015 | 11 | 129 | 2017 | 0 | 0 | 0 | 1 | 2 | 1 | 1 | 0 | 0 | 0 | 2 | 1 | 1 | 1 | 1 | 0 | 0 | 1 | 1 | 0 | 0 | 0 | 0 | 2 | 2 | 1 | 3 | 0 | 0 | 0 | 0 | 0 | 0 | 1 | 0 | 0 | 0 | 2 | 0 | 0 | 2 | 1 | 1 | 2 | 1 | 0 | 0 | 0 | 1 | 1 | 0 |  0 | 2 | 2 | 1 | 4 | 2 | 2 | 1 | 3 | 1 | 4 | 2 | 3 | 4 | 6 | 1 | 3 | 2 | 2 | 2 | 2 | 4 | 1 | 3 | 6 | 9 | 6 | 2 | 0 | 2 | 1 | 2 | 1 | 5 | 4 | 2 | 4 | 2 | 6 | 2 | 5 | 5 | 3 | 3 | 3 | 2 | 1 | 0 | 3 | 1 | 1 |
125 | Durisen, Richard Henry | PRINCETON UNIVERSITY. | 1971 | male | 1 | 28 | 2008 | 1 | 107 | 2015 | 0 | 0 | 0 | 0 | 0 | 1 | 0 | 2 | 0 | 3 | 1 | 1 | 1 | 0 | 1 | 3 | 0 | 1 | 2 | 0 | 1 | 0 | 0 | 2 | 1 | 0 | 1 | 0 | 1 | 1 | 1 | 0 | 0 | 0 | 0 | 2 | 0 | 0 | 0 | 1 | 0 | 1 | 1 | 0 | 0 | 0 | 0 | 0 | 0 | 0 | 0 |  0 | 0 | 0 | 0 | 0 | 1 | 0 | 2 | 0 | 4 | 1 | 1 | 2 | 3 | 1 | 3 | 2 | 3 | 5 | 3 | 1 | 4 | 3 | 3 | 3 | 2 | 2 | 0 | 1 | 4 | 3 | 2 | 4 | 0 | 5 | 5 | 1 | 5 | 2 | 4 | 4 | 5 | 3 | 0 | 4 | 2 | 1 | 2 | 0 | 2 | 0 |
126 | Gudehus, Donald Henry | UNIVERSITY OF CALIFORNIA, LOS ANGELES. | 1971 | male | 2 | 16 | 1995 | 2 | 22 | 2017 | 0 | 0 | 0 | 0 | 1 | 1 | 1 | 2 | 0 | 3 | 1 | 0 | 1 | 0 | 0 | 0 | 0 | 0 | 0 | 2 | 0 | 0 | 0 | 2 | 0 | 2 | 0 | 0 | 0 | 2 | 0 | 0 | 0 | 0 | 0 | 0 | 0 | 0 | 0 | 0 | 0 | 0 | 0 | 0 | 0 | 0 | 0 | 0 | 0 | 0 | 0 |  0 | 0 | 0 | 0 | 1 | 1 | 1 | 2 | 0 | 3 | 1 | 0 | 1 | 0 | 0 | 0 | 0 | 0 | 0 | 2 | 0 | 0 | 0 | 2 | 0 | 2 | 1 | 0 | 0 | 2 | 0 | 0 | 0 | 1 | 0 | 0 | 0 | 0 | 0 | 0 | 1 | 0 | 0 | 0 | 0 | 0 | 0 | 0 | 0 | 1 | 0 |
127 | Hoffman, Jeffrey Alan | HARVARD UNIVERSITY. | 1971 | male | 1 | 13 | 1980 | 5 | 54 | 2016 | 0 | 0 | 0 | 0 | 0 | 1 | 0 | 1 | 1 | 0 | 2 | 4 | 3 | 1 | 1 | 0 | 0 | 0 | 0 | 0 | 0 | 0 | 0 | 0 | 0 | 0 | 0 | 0 | 0 | 0 | 0 | 0 | 0 | 0 | 0 | 0 | 0 | 0 | 0 | 0 | 0 | 0 | 0 | 0 | 0 | 0 | 0 | 0 | 0 | 0 | 0 |  0 | 0 | 0 | 0 | 2 | 3 | 0 | 4 | 1 | 2 | 5 | 7 | 6 | 5 | 2 | 1 | 0 | 1 | 1 | 0 | 0 | 0 | 0 | 0 | 0 | 0 | 0 | 0 | 0 | 0 | 1 | 0 | 0 | 0 | 0 | 0 | 0 | 0 | 0 | 0 | 1 | 1 | 2 | 1 | 1 | 2 | 0 | 1 | 4 | 2 | 3 |
128 | Murray, Stephen S. | California Institute of Technology | 1971 | male | 2 | 9 | 2010 | 5 | 281 | 2017 | 0 | 0 | 0 | 0 | 0 | 2 | 0 | 0 | 0 | 0 | 1 | 0 | 1 | 1 | 1 | 0 | 0 | 0 | 0 | 0 | 0 | 1 | 0 | 0 | 0 | 0 | 0 | 0 | 0 | 0 | 0 | 0 | 0 | 0 | 0 | 0 | 2 | 0 | 0 | 1 | 0 | 0 | 0 | 0 | 1 | 0 | 0 | 0 | 0 | 0 | 0 |  0 | 0 | 0 | 0 | 0 | 5 | 3 | 3 | 4 | 2 | 6 | 2 | 4 | 5 | 2 | 2 | 3 | 2 | 1 | 0 | 3 | 1 | 0 | 1 | 0 | 1 | 0 | 0 | 0 | 6 | 0 | 2 | 1 | 1 | 11 | 15 | 23 | 18 | 14 | 17 | 8 | 8 | 9 | 12 | 7 | 13 | 15 | 16 | 14 | 13 | 10 |
129 | Sullivan, Samuel | HOWARD UNIVERSITY. | 1971 | male | 2 | 0 | 1971 | 3 | 1 | 1972 | 0 | 0 | 0 | 0 | 0 | 2 | 0 | 0 | 0 | 0 | 0 | 0 | 0 | 0 | 0 | 0 | 0 | 0 | 0 | 0 | 0 | 0 | 0 | 0 | 0 | 0 | 0 | 0 | 0 | 0 | 0 | 0 | 0 | 0 | 0 | 0 | 0 | 0 | 0 | 0 | 0 | 0 | 0 | 0 | 0 | 0 | 0 | 0 | 0 | 0 | 0 |  0 | 0 | 0 | 0 | 1 | 2 | 1 | 0 | 0 | 0 | 0 | 0 | 0 | 0 | 0 | 0 | 0 | 0 | 0 | 0 | 0 | 0 | 0 | 0 | 0 | 0 | 0 | 0 | 0 | 0 | 0 | 0 | 0 | 0 | 0 | 0 | 0 | 0 | 0 | 0 | 0 | 0 | 0 | 0 | 0 | 0 | 0 | 0 | 0 | 0 | 0 |
130 | Weistrop, Donna Etta | California Institute of Technology | 1971 | female | 2 | 31 | 2012 | 2 | 73 | 2012 | 0 | 1 | 0 | 0 | 0 | 1 | 2 | 3 | 2 | 2 | 3 | 1 | 1 | 2 | 1 | 3 | 0 | 1 | 0 | 1 | 0 | 1 | 1 | 1 | 0 | 1 | 1 | 0 | 0 | 1 | 0 | 1 | 0 | 0 | 0 | 0 | 0 | 0 | 1 | 0 | 0 | 0 | 0 | 0 | 0 | 0 | 1 | 0 | 0 | 0 | 0 |  0 | 1 | 0 | 0 | 0 | 1 | 2 | 4 | 3 | 4 | 3 | 1 | 1 | 2 | 1 | 3 | 0 | 1 | 2 | 1 | 0 | 1 | 2 | 1 | 0 | 1 | 1 | 0 | 0 | 2 | 0 | 3 | 5 | 2 | 7 | 6 | 2 | 2 | 3 | 4 | 2 | 0 | 0 | 0 | 0 | 0 | 1 | 0 | 0 | 0 | 0 |
131 | Claflin, Edward Scott, III | UNIVERSITY OF CALIFORNIA, RIVERSIDE. | 1971 | male | 2 | 2 | 1974 | 2 | 14 | 2008 | 0 | 0 | 0 | 0 | 1 | 1 | 0 | 1 | 1 | 0 | 0 | 0 | 0 | 0 | 0 | 0 | 0 | 0 | 0 | 0 | 0 | 0 | 0 | 0 | 0 | 0 | 0 | 0 | 0 | 0 | 0 | 0 | 0 | 0 | 0 | 0 | 0 | 0 | 0 | 0 | 0 | 0 | 0 | 0 | 0 | 0 | 0 | 0 | 0 | 0 | 0 |  0 | 0 | 0 | 0 | 1 | 1 | 0 | 1 | 1 | 0 | 0 | 0 | 0 | 0 | 0 | 0 | 0 | 0 | 0 | 1 | 0 | 1 | 1 | 0 | 0 | 1 | 0 | 0 | 0 | 0 | 0 | 0 | 0 | 0 | 0 | 0 | 2 | 1 | 2 | 0 | 2 | 0 | 1 | 0 | 0 | 0 | 0 | 0 | 0 | 0 | 0 |
132 | Cohen, Judith Gamora | California Institute of Technology | 1971 | female | 9 | 106 | 2014 | 11 | 235 | 2017 | 0 | 0 | 4 | 1 | 3 | 1 | 2 | 3 | 4 | 3 | 3 | 3 | 3 | 2 | 3 | 3 | 3 | 3 | 3 | 2 | 2 | 1 | 2 | 1 | 0 | 2 | 2 | 0 | 1 | 3 | 2 | 2 | 2 | 5 | 2 | 3 | 5 | 5 | 4 | 5 | 2 | 2 | 2 | 3 | 3 | 2 | 1 | 1 | 1 | 0 | 0 |  1 | 1 | 4 | 1 | 3 | 1 | 4 | 5 | 5 | 4 | 3 | 4 | 5 | 3 | 7 | 5 | 5 | 6 | 4 | 3 | 2 | 1 | 2 | 4 | 1 | 3 | 3 | 1 | 2 | 10 | 4 | 7 | 7 | 9 | 10 | 8 | 9 | 9 | 5 | 6 | 3 | 3 | 2 | 10 | 8 | 7 | 8 | 9 | 7 | 4 | 3 |
133 | Catalano, Charles P. | THE UNIVERSITY OF IOWA. | 1971 | male | 2 | 1 | 1973 | 2 | 19 | 2015 | 0 | 0 | 0 | 0 | 0 | 2 | 0 | 1 | 0 | 0 | 0 | 0 | 0 | 0 | 0 | 0 | 0 | 0 | 0 | 0 | 0 | 0 | 0 | 0 | 0 | 0 | 0 | 0 | 0 | 0 | 0 | 0 | 0 | 0 | 0 | 0 | 0 | 0 | 0 | 0 | 0 | 0 | 0 | 0 | 0 | 0 | 0 | 0 | 0 | 0 | 0 |  0 | 0 | 0 | 0 | 0 | 2 | 1 | 1 | 0 | 0 | 0 | 0 | 0 | 0 | 0 | 0 | 0 | 0 | 0 | 0 | 0 | 0 | 0 | 0 | 0 | 0 | 0 | 0 | 0 | 0 | 0 | 0 | 0 | 0 | 0 | 0 | 0 | 0 | 0 | 0 | 0 | 0 | 0 | 0 | 0 | 0 | 0 | 0 | 0 | 17 | 0 |
134 | Shipman, Henry Longfellow | California Institute of Technology | 1971 | male | 4 | 31 | 2008 | 5 | 75 | 2014 | 0 | 0 | 0 | 0 | 1 | 3 | 1 | 0 | 0 | 1 | 2 | 3 | 0 | 2 | 2 | 1 | 0 | 1 | 2 | 4 | 4 | 3 | 0 | 0 | 0 | 0 | 0 | 0 | 0 | 2 | 0 | 1 | 0 | 0 | 0 | 0 | 0 | 0 | 1 | 0 | 0 | 0 | 1 | 0 | 0 | 0 | 0 | 0 | 0 | 0 | 0 |  0 | 0 | 0 | 0 | 1 | 4 | 1 | 1 | 0 | 1 | 2 | 5 | 0 | 2 | 3 | 1 | 0 | 2 | 5 | 7 | 9 | 4 | 1 | 0 | 0 | 1 | 0 | 0 | 1 | 3 | 1 | 3 | 2 | 0 | 3 | 0 | 2 | 1 | 1 | 1 | 1 | 1 | 3 | 1 | 1 | 1 | 1 | 2 | 1 | 0 | 0 |
135 | Axel, Leon | PRINCETON UNIVERSITY. | 1971 | male | 2 | 1 | 1972 | 2 | 1 | 1972 | 0 | 0 | 0 | 0 | 0 | 2 | 1 | 0 | 0 | 0 | 0 | 0 | 0 | 0 | 0 | 0 | 0 | 0 | 0 | 0 | 0 | 0 | 0 | 0 | 0 | 0 | 0 | 0 | 0 | 0 | 0 | 0 | 0 | 0 | 0 | 0 | 0 | 0 | 0 | 0 | 0 | 0 | 0 | 0 | 0 | 0 | 0 | 0 | 0 | 0 | 0 |  0 | 0 | 0 | 0 | 0 | 2 | 1 | 0 | 0 | 0 | 0 | 0 | 0 | 0 | 0 | 0 | 0 | 0 | 0 | 0 | 0 | 0 | 0 | 0 | 0 | 0 | 0 | 0 | 0 | 0 | 0 | 0 | 0 | 0 | 0 | 0 | 0 | 0 | 0 | 0 | 0 | 0 | 0 | 0 | 0 | 0 | 0 | 0 | 0 | 0 | 0 |
136 | Blumenthal, George Ray | UNIVERSITY OF CALIFORNIA, SAN DIEGO. | 1971 | male | 4 | 18 | 1994 | 5 | 45 | 2002 | 0 | 0 | 0 | 0 | 2 | 2 | 3 | 0 | 2 | 1 | 1 | 0 | 0 | 2 | 0 | 0 | 2 | 0 | 2 | 1 | 1 | 0 | 1 | 0 | 0 | 0 | 1 | 0 | 1 | 0 | 0 | 0 | 0 | 0 | 0 | 0 | 0 | 0 | 0 | 0 | 0 | 0 | 0 | 0 | 0 | 0 | 0 | 0 | 0 | 0 | 0 |  0 | 0 | 0 | 0 | 3 | 2 | 3 | 0 | 2 | 1 | 1 | 1 | 0 | 2 | 1 | 0 | 3 | 0 | 2 | 1 | 2 | 0 | 2 | 2 | 3 | 4 | 4 | 3 | 3 | 1 | 0 | 0 | 1 | 0 | 0 | 1 | 2 | 0 | 0 | 0 | 0 | 0 | 0 | 0 | 0 | 0 | 0 | 0 | 0 | 0 | 0 |
137 | Caldwell, John James | THE UNIVERSITY OF WISCONSIN - MADISON. | 1971 | male | 1 | 26 | 1993 | 1 | 125 | 2013 | 0 | 0 | 0 | 0 | 0 | 1 | 1 | 1 | 0 | 3 | 0 | 2 | 1 | 1 | 1 | 4 | 1 | 2 | 1 | 1 | 0 | 0 | 2 | 1 | 0 | 1 | 2 | 1 | 0 | 0 | 0 | 0 | 0 | 0 | 0 | 0 | 0 | 0 | 0 | 0 | 0 | 0 | 0 | 0 | 0 | 0 | 0 | 0 | 0 | 0 | 0 |  0 | 0 | 0 | 0 | 0 | 1 | 2 | 2 | 2 | 3 | 1 | 2 | 6 | 5 | 7 | 9 | 2 | 7 | 3 | 5 | 3 | 2 | 4 | 3 | 6 | 10 | 8 | 3 | 2 | 5 | 2 | 3 | 4 | 1 | 3 | 1 | 0 | 0 | 0 | 1 | 0 | 0 | 1 | 1 | 4 | 1 | 0 | 1 | 0 | 0 | 0 |
138 | Davidson, Joseph Henry | THE UNIVERSITY OF WISCONSIN - MADISON. | 1971 | male | 1 | 2 | 1990 | 1 | 4 | 2010 | 0 | 0 | 0 | 0 | 0 | 1 | 0 | 0 | 0 | 0 | 0 | 0 | 0 | 0 | 0 | 0 | 0 | 0 | 0 | 0 | 0 | 0 | 0 | 0 | 2 | 0 | 0 | 0 | 0 | 0 | 0 | 0 | 0 | 0 | 0 | 0 | 0 | 0 | 0 | 0 | 0 | 0 | 0 | 0 | 0 | 0 | 0 | 0 | 0 | 0 | 0 |  0 | 0 | 0 | 0 | 0 | 1 | 0 | 0 | 0 | 0 | 0 | 0 | 0 | 0 | 0 | 0 | 0 | 0 | 0 | 0 | 0 | 0 | 0 | 0 | 2 | 0 | 0 | 0 | 0 | 0 | 0 | 0 | 0 | 0 | 0 | 0 | 0 | 0 | 0 | 0 | 0 | 0 | 1 | 0 | 1 | 0 | 0 | 0 | 0 | 0 | 0 |
