n | name | university | phd_year | gender | fa_n_pubs_pre_phd | fa_n_pubs_prost_phd | fa_year_last | all_n_pubs_pre_phd | all_n_pubs_prost_phd | all_year_last |  fa_1982 | fa_1983 | fa_1984 | fa_1985 | fa_1986 | fa_1987 | fa_1988 | fa_1989 | fa_1990 | fa_1991 | fa_1992 | fa_1993 | fa_1994 | fa_1995 | fa_1996 | fa_1997 | fa_1998 | fa_1999 | fa_2000 | fa_2001 | fa_2002 | fa_2003 | fa_2004 | fa_2005 | fa_2006 | fa_2007 | fa_2008 | fa_2009 | fa_2010 | fa_2011 | fa_2012 | fa_2013 | fa_2014 | fa_2015 | fa_2016 |  all_1982 | all_1983 | all_1984 | all_1985 | all_1986 | all_1987 | all_1988 | all_1989 | all_1990 | all_1991 | all_1992 | all_1993 | all_1994 | all_1995 | all_1996 | all_1997 | all_1998 | all_1999 | all_2000 | all_2001 | all_2002 | all_2003 | all_2004 | all_2005 | all_2006 | all_2007 | all_2008 | all_2009 | all_2010 | all_2011 | all_2012 | all_2013 | all_2014 | all_2015 | all_2016 | foo
1 | Walker, Terrence Paul | INDIANA UNIVERSITY. | 1987 | male | 1 | 2 | 1998 | 5 | 18 | 2014 | 0 | 0 | 0 | 0 | 0 | 1 | 0 | 0 | 0 | 0 | 0 | 1 | 0 | 0 | 0 | 0 | 1 | 0 | 0 | 0 | 0 | 0 | 0 | 0 | 0 | 0 | 0 | 0 | 0 | 0 | 0 | 0 | 0 | 0 | 0 |  0 | 0 | 0 | 1 | 3 | 1 | 1 | 0 | 0 | 0 | 1 | 1 | 0 | 1 | 1 | 0 | 1 | 2 | 3 | 1 | 2 | 1 | 1 | 0 | 0 | 0 | 0 | 0 | 0 | 0 | 0 | 1 | 1 | 0 | 0 |
2 | Vaziri, Kamran | UTAH STATE UNIVERSITY. | 1987 | male | 1 | 0 | 1987 | 1 | 0 | 1987 | 0 | 0 | 0 | 0 | 0 | 1 | 0 | 0 | 0 | 0 | 0 | 0 | 0 | 0 | 0 | 0 | 0 | 0 | 0 | 0 | 0 | 0 | 0 | 0 | 0 | 0 | 0 | 0 | 0 | 0 | 0 | 0 | 0 | 0 | 0 |  0 | 0 | 0 | 0 | 0 | 1 | 0 | 0 | 0 | 0 | 0 | 0 | 0 | 0 | 0 | 0 | 0 | 0 | 0 | 0 | 0 | 0 | 0 | 0 | 0 | 0 | 0 | 0 | 0 | 0 | 0 | 0 | 0 | 0 | 0 |
3 | West, Steven Charles | THE UNIVERSITY OF ARIZONA. | 1987 | male | 2 | 4 | 2002 | 5 | 14 | 2012 | 0 | 0 | 0 | 0 | 0 | 2 | 1 | 1 | 0 | 0 | 1 | 0 | 0 | 0 | 0 | 0 | 0 | 0 | 0 | 0 | 1 | 0 | 0 | 0 | 0 | 0 | 0 | 0 | 0 | 0 | 0 | 0 | 0 | 0 | 0 |  0 | 0 | 0 | 1 | 1 | 3 | 1 | 1 | 1 | 0 | 3 | 1 | 0 | 0 | 0 | 1 | 0 | 1 | 1 | 0 | 1 | 1 | 0 | 0 | 0 | 0 | 1 | 0 | 0 | 0 | 1 | 0 | 0 | 0 | 0 |
4 | Pais, Martin Rabindra | UNIVERSITY OF KENTUCKY. | 1987 | male | 1 | 0 | 1987 | 1 | 0 | 1987 | 0 | 0 | 0 | 0 | 0 | 1 | 0 | 0 | 0 | 0 | 0 | 0 | 0 | 0 | 0 | 0 | 0 | 0 | 0 | 0 | 0 | 0 | 0 | 0 | 0 | 0 | 0 | 0 | 0 | 0 | 0 | 0 | 0 | 0 | 0 |  0 | 0 | 0 | 0 | 0 | 1 | 0 | 0 | 0 | 0 | 0 | 0 | 0 | 0 | 0 | 0 | 0 | 0 | 0 | 0 | 0 | 0 | 0 | 0 | 0 | 0 | 0 | 0 | 0 | 0 | 0 | 0 | 0 | 0 | 0 |
5 | Wilson, Gordon Ray | BRIGHAM YOUNG UNIVERSITY. | 1987 | male | 1 | 23 | 2007 | 1 | 134 | 2017 | 0 | 0 | 0 | 0 | 0 | 1 | 1 | 1 | 1 | 2 | 2 | 2 | 1 | 1 | 1 | 1 | 0 | 1 | 0 | 2 | 0 | 1 | 2 | 1 | 1 | 2 | 0 | 0 | 0 | 0 | 0 | 0 | 0 | 0 | 0 |  0 | 0 | 0 | 0 | 0 | 1 | 2 | 2 | 1 | 3 | 4 | 3 | 5 | 6 | 1 | 3 | 2 | 6 | 4 | 12 | 4 | 7 | 15 | 4 | 7 | 9 | 0 | 5 | 5 | 7 | 4 | 4 | 2 | 1 | 4 |
6 | Scott, John Franklin | Ohio State University, Columbus. | 1987 | male | 2 | 0 | 1987 | 3 | 116 | 2017 | 0 | 0 | 0 | 1 | 0 | 1 | 0 | 0 | 0 | 0 | 0 | 0 | 0 | 0 | 0 | 0 | 0 | 0 | 0 | 0 | 0 | 0 | 0 | 0 | 0 | 0 | 0 | 0 | 0 | 0 | 0 | 0 | 0 | 0 | 0 |  0 | 0 | 0 | 1 | 1 | 1 | 0 | 0 | 0 | 0 | 1 | 0 | 0 | 0 | 1 | 0 | 0 | 0 | 0 | 0 | 0 | 0 | 0 | 1 | 0 | 0 | 1 | 12 | 9 | 8 | 18 | 8 | 13 | 6 | 28 |
7 | Jhun, Jong-Ghap | THE UNIVERSITY OF WISCONSIN - MADISON. | 1987 | male | 2 | 0 | 1987 | 2 | 10 | 2010 | 0 | 0 | 0 | 0 | 0 | 2 | 0 | 0 | 0 | 0 | 0 | 0 | 0 | 0 | 0 | 0 | 0 | 0 | 0 | 0 | 0 | 0 | 0 | 0 | 0 | 0 | 0 | 0 | 0 | 0 | 0 | 0 | 0 | 0 | 0 |  0 | 0 | 0 | 0 | 0 | 2 | 0 | 0 | 0 | 0 | 0 | 0 | 0 | 0 | 0 | 0 | 0 | 0 | 0 | 1 | 0 | 0 | 2 | 1 | 3 | 1 | 1 | 0 | 1 | 0 | 0 | 0 | 0 | 0 | 0 |
8 | Wallace, David Bowen | THE UNIVERSITY OF TEXAS AT ARLINGTON. | 1987 | male | 1 | 0 | 1987 | 1 | 5 | 2014 | 0 | 0 | 0 | 0 | 0 | 1 | 0 | 0 | 0 | 0 | 0 | 0 | 0 | 0 | 0 | 0 | 0 | 0 | 0 | 0 | 0 | 0 | 0 | 0 | 0 | 0 | 0 | 0 | 0 | 0 | 0 | 0 | 0 | 0 | 0 |  0 | 0 | 0 | 0 | 0 | 1 | 0 | 0 | 0 | 0 | 0 | 0 | 0 | 0 | 0 | 0 | 0 | 0 | 0 | 0 | 0 | 0 | 0 | 2 | 0 | 1 | 0 | 0 | 0 | 1 | 0 | 0 | 1 | 0 | 0 |
9 | Danly, Laura | THE UNIVERSITY OF WISCONSIN - MADISON. | 1987 | female | 1 | 5 | 1993 | 1 | 13 | 1997 | 0 | 0 | 0 | 0 | 0 | 1 | 0 | 2 | 0 | 0 | 2 | 1 | 0 | 0 | 0 | 0 | 0 | 0 | 0 | 0 | 0 | 0 | 0 | 0 | 0 | 0 | 0 | 0 | 0 | 0 | 0 | 0 | 0 | 0 | 0 |  0 | 0 | 0 | 0 | 0 | 1 | 0 | 2 | 0 | 0 | 3 | 1 | 1 | 2 | 3 | 1 | 0 | 0 | 0 | 0 | 0 | 0 | 0 | 0 | 0 | 0 | 0 | 0 | 0 | 0 | 0 | 0 | 0 | 0 | 0 |
10 | Newberry, Michael Van | THE UNIVERSITY OF MICHIGAN. | 1987 | male | 1 | 5 | 1993 | 2 | 11 | 2000 | 0 | 0 | 0 | 0 | 0 | 1 | 1 | 0 | 1 | 1 | 0 | 2 | 0 | 0 | 0 | 0 | 0 | 0 | 0 | 0 | 0 | 0 | 0 | 0 | 0 | 0 | 0 | 0 | 0 | 0 | 0 | 0 | 0 | 0 | 0 |  0 | 0 | 0 | 0 | 0 | 2 | 1 | 1 | 1 | 2 | 0 | 2 | 0 | 1 | 0 | 0 | 0 | 0 | 3 | 0 | 0 | 0 | 0 | 0 | 0 | 0 | 0 | 0 | 0 | 0 | 0 | 0 | 0 | 0 | 0 |
11 | Williams, David Richard | UNIVERSITY OF CALIFORNIA, LOS ANGELES. | 1987 | male | 2 | 12 | 2013 | 7 | 217 | 2017 | 0 | 1 | 0 | 0 | 0 | 1 | 0 | 0 | 1 | 1 | 1 | 0 | 1 | 0 | 0 | 0 | 0 | 0 | 0 | 1 | 2 | 0 | 0 | 1 | 1 | 0 | 0 | 1 | 0 | 0 | 0 | 2 | 0 | 0 | 0 |  0 | 3 | 0 | 2 | 1 | 1 | 1 | 0 | 1 | 6 | 1 | 0 | 1 | 0 | 1 | 1 | 0 | 2 | 1 | 3 | 3 | 4 | 7 | 7 | 20 | 11 | 10 | 14 | 16 | 13 | 13 | 20 | 15 | 15 | 18 |
12 | Lum, Kenneth S. K. | COLUMBIA UNIVERSITY. | 1987 | male | 1 | 5 | 1997 | 2 | 7 | 1997 | 0 | 0 | 0 | 0 | 0 | 1 | 1 | 0 | 1 | 0 | 1 | 0 | 1 | 0 | 0 | 1 | 0 | 0 | 0 | 0 | 0 | 0 | 0 | 0 | 0 | 0 | 0 | 0 | 0 | 0 | 0 | 0 | 0 | 0 | 0 |  0 | 0 | 0 | 1 | 0 | 1 | 2 | 0 | 1 | 1 | 1 | 0 | 1 | 0 | 0 | 1 | 0 | 0 | 0 | 0 | 0 | 0 | 0 | 0 | 0 | 0 | 0 | 0 | 0 | 0 | 0 | 0 | 0 | 0 | 0 |
13 | Lummerzheim, Dirk | UNIVERSITY OF ALASKA FAIRBANKS. | 1987 | male | 1 | 7 | 2001 | 1 | 72 | 2017 | 0 | 0 | 0 | 0 | 0 | 1 | 0 | 1 | 1 | 1 | 0 | 0 | 1 | 0 | 0 | 1 | 0 | 0 | 0 | 2 | 0 | 0 | 0 | 0 | 0 | 0 | 0 | 0 | 0 | 0 | 0 | 0 | 0 | 0 | 0 |  0 | 0 | 0 | 0 | 0 | 1 | 1 | 3 | 1 | 2 | 0 | 2 | 4 | 1 | 0 | 4 | 3 | 2 | 2 | 10 | 4 | 4 | 6 | 3 | 3 | 3 | 3 | 2 | 3 | 3 | 1 | 1 | 0 | 0 | 0 |
14 | Lindblom, Peter Richard | UNIVERSITY OF PENNSYLVANIA. | 1987 | male | 3 | 0 | 1987 | 4 | 0 | 1987 | 0 | 0 | 0 | 1 | 1 | 1 | 0 | 0 | 0 | 0 | 0 | 0 | 0 | 0 | 0 | 0 | 0 | 0 | 0 | 0 | 0 | 0 | 0 | 0 | 0 | 0 | 0 | 0 | 0 | 0 | 0 | 0 | 0 | 0 | 0 |  1 | 0 | 0 | 1 | 1 | 1 | 0 | 0 | 0 | 0 | 0 | 0 | 0 | 0 | 0 | 0 | 0 | 0 | 0 | 0 | 0 | 0 | 0 | 0 | 0 | 0 | 0 | 0 | 0 | 0 | 0 | 0 | 0 | 0 | 0 |
15 | Baldwin, Mark Phillip | UNIVERSITY OF WASHINGTON. | 1987 | male | 1 | 12 | 2009 | 1 | 22 | 2014 | 0 | 0 | 0 | 0 | 0 | 1 | 1 | 1 | 0 | 1 | 0 | 0 | 2 | 0 | 0 | 0 | 2 | 0 | 0 | 1 | 0 | 1 | 0 | 2 | 0 | 0 | 0 | 1 | 0 | 0 | 0 | 0 | 0 | 0 | 0 |  0 | 0 | 0 | 0 | 0 | 1 | 2 | 1 | 0 | 2 | 1 | 0 | 2 | 0 | 0 | 0 | 3 | 0 | 0 | 2 | 0 | 1 | 0 | 3 | 0 | 0 | 1 | 2 | 0 | 1 | 0 | 0 | 1 | 0 | 0 |
16 | Brown, Benjamin Lathrop | BRANDEIS UNIVERSITY. | 1987 | male | 8 | 1 | 1998 | 8 | 7 | 2017 | 2 | 0 | 1 | 1 | 2 | 2 | 0 | 0 | 0 | 0 | 0 | 0 | 0 | 0 | 0 | 0 | 1 | 0 | 0 | 0 | 0 | 0 | 0 | 0 | 0 | 0 | 0 | 0 | 0 | 0 | 0 | 0 | 0 | 0 | 0 |  2 | 0 | 1 | 1 | 2 | 2 | 0 | 0 | 0 | 0 | 0 | 0 | 1 | 0 | 0 | 0 | 1 | 0 | 0 | 0 | 0 | 1 | 0 | 0 | 0 | 0 | 0 | 0 | 2 | 1 | 0 | 0 | 0 | 0 | 0 |
17 | Ho, Shu Kay | UNIVERSITY OF ILLINOIS AT URBANA-CHAMPAIGN. | 1987 | male | 1 | 0 | 1987 | 1 | 8 | 2015 | 0 | 0 | 0 | 0 | 0 | 1 | 0 | 0 | 0 | 0 | 0 | 0 | 0 | 0 | 0 | 0 | 0 | 0 | 0 | 0 | 0 | 0 | 0 | 0 | 0 | 0 | 0 | 0 | 0 | 0 | 0 | 0 | 0 | 0 | 0 |  0 | 0 | 0 | 0 | 0 | 1 | 0 | 0 | 0 | 0 | 0 | 0 | 0 | 0 | 0 | 0 | 0 | 0 | 0 | 0 | 0 | 1 | 0 | 0 | 0 | 0 | 0 | 0 | 0 | 0 | 2 | 1 | 3 | 1 | 0 |
18 | Sannan, Sigurd | UNIVERSITY OF CALIFORNIA, SANTA BARBARA. | 1987 | male | 3 | 1 | 1988 | 3 | 1 | 1988 | 0 | 0 | 0 | 0 | 2 | 1 | 1 | 0 | 0 | 0 | 0 | 0 | 0 | 0 | 0 | 0 | 0 | 0 | 0 | 0 | 0 | 0 | 0 | 0 | 0 | 0 | 0 | 0 | 0 | 0 | 0 | 0 | 0 | 0 | 0 |  0 | 0 | 0 | 0 | 2 | 1 | 1 | 0 | 0 | 0 | 0 | 0 | 0 | 0 | 0 | 0 | 0 | 0 | 0 | 0 | 0 | 0 | 0 | 0 | 0 | 0 | 0 | 0 | 0 | 0 | 0 | 0 | 0 | 0 | 0 |
19 | Khounsary, Ali M. | UNIVERSITY OF ILLINOIS AT CHICAGO. | 1987 | male | 1 | 0 | 1987 | 1 | 0 | 1987 | 0 | 0 | 0 | 0 | 0 | 1 | 0 | 0 | 0 | 0 | 0 | 0 | 0 | 0 | 0 | 0 | 0 | 0 | 0 | 0 | 0 | 0 | 0 | 0 | 0 | 0 | 0 | 0 | 0 | 0 | 0 | 0 | 0 | 0 | 0 |  0 | 0 | 0 | 0 | 0 | 1 | 0 | 0 | 0 | 0 | 0 | 0 | 0 | 0 | 0 | 0 | 0 | 0 | 0 | 0 | 0 | 0 | 0 | 0 | 0 | 0 | 0 | 0 | 0 | 0 | 0 | 0 | 0 | 0 | 0 |
20 | Fyfe, John Curtis | MCGILL UNIVERSITY (CANADA). | 1987 | male | 3 | 10 | 2013 | 3 | 31 | 2017 | 0 | 0 | 0 | 0 | 1 | 2 | 0 | 1 | 0 | 0 | 0 | 0 | 0 | 0 | 0 | 0 | 0 | 1 | 0 | 0 | 0 | 0 | 0 | 0 | 2 | 1 | 0 | 0 | 1 | 1 | 1 | 2 | 0 | 0 | 0 |  0 | 0 | 0 | 0 | 1 | 2 | 0 | 1 | 0 | 0 | 0 | 1 | 0 | 0 | 0 | 0 | 0 | 1 | 1 | 1 | 0 | 0 | 1 | 1 | 2 | 2 | 0 | 0 | 4 | 2 | 2 | 7 | 0 | 3 | 1 |
21 | Livas, Jeffrey Clark | MASSACHUSETTS INSTITUTE OF TECHNOLOGY. | 1987 | male | 1 | 1 | 2009 | 1 | 5 | 2011 | 0 | 0 | 0 | 0 | 0 | 1 | 0 | 0 | 0 | 0 | 0 | 0 | 0 | 0 | 0 | 0 | 0 | 0 | 0 | 0 | 0 | 0 | 0 | 0 | 0 | 0 | 0 | 1 | 0 | 0 | 0 | 0 | 0 | 0 | 0 |  0 | 0 | 0 | 0 | 0 | 1 | 0 | 0 | 0 | 0 | 0 | 0 | 0 | 0 | 0 | 0 | 0 | 0 | 0 | 0 | 0 | 0 | 0 | 0 | 0 | 1 | 0 | 1 | 0 | 3 | 0 | 0 | 0 | 0 | 0 |
22 | Sands, Mark Richard | MASSACHUSETTS INSTITUTE OF TECHNOLOGY. | 1987 | male | 1 | 1 | 1988 | 3 | 3 | 1990 | 0 | 0 | 0 | 0 | 0 | 1 | 1 | 0 | 0 | 0 | 0 | 0 | 0 | 0 | 0 | 0 | 0 | 0 | 0 | 0 | 0 | 0 | 0 | 0 | 0 | 0 | 0 | 0 | 0 | 0 | 0 | 0 | 0 | 0 | 0 |  0 | 0 | 0 | 0 | 1 | 2 | 1 | 0 | 2 | 0 | 0 | 0 | 0 | 0 | 0 | 0 | 0 | 0 | 0 | 0 | 0 | 0 | 0 | 0 | 0 | 0 | 0 | 0 | 0 | 0 | 0 | 0 | 0 | 0 | 0 |
23 | Sheehan, Daniel Peter | UNIVERSITY OF CALIFORNIA, IRVINE. | 1987 | male | 1 | 5 | 2007 | 2 | 7 | 2007 | 0 | 0 | 0 | 0 | 0 | 1 | 1 | 0 | 0 | 1 | 0 | 0 | 0 | 1 | 0 | 0 | 0 | 1 | 0 | 0 | 0 | 0 | 0 | 0 | 0 | 1 | 0 | 0 | 0 | 0 | 0 | 0 | 0 | 0 | 0 |  0 | 0 | 0 | 0 | 0 | 2 | 1 | 0 | 0 | 1 | 0 | 0 | 1 | 1 | 0 | 0 | 0 | 1 | 1 | 0 | 0 | 0 | 0 | 0 | 0 | 1 | 0 | 0 | 0 | 0 | 0 | 0 | 0 | 0 | 0 |
24 | Wurmser, Daniel | THE JOHNS HOPKINS UNIVERSITY. | 1987 | male | 2 | 0 | 1987 | 2 | 0 | 1987 | 0 | 0 | 0 | 0 | 0 | 2 | 0 | 0 | 0 | 0 | 0 | 0 | 0 | 0 | 0 | 0 | 0 | 0 | 0 | 0 | 0 | 0 | 0 | 0 | 0 | 0 | 0 | 0 | 0 | 0 | 0 | 0 | 0 | 0 | 0 |  0 | 0 | 0 | 0 | 0 | 2 | 0 | 0 | 0 | 0 | 0 | 0 | 0 | 0 | 0 | 0 | 0 | 0 | 0 | 0 | 0 | 0 | 0 | 0 | 0 | 0 | 0 | 0 | 0 | 0 | 0 | 0 | 0 | 0 | 0 |
25 | Schumacher, Paul Wayne, Jr. | VIRGINIA POLYTECHNIC INSTITUTE AND STATE UNIVERSITY. | 1987 | male | 1 | 0 | 1987 | 1 | 1 | 2014 | 0 | 0 | 0 | 0 | 0 | 1 | 0 | 0 | 0 | 0 | 0 | 0 | 0 | 0 | 0 | 0 | 0 | 0 | 0 | 0 | 0 | 0 | 0 | 0 | 0 | 0 | 0 | 0 | 0 | 0 | 0 | 0 | 0 | 0 | 0 |  0 | 0 | 0 | 0 | 0 | 1 | 0 | 0 | 0 | 0 | 0 | 0 | 0 | 0 | 0 | 0 | 0 | 0 | 0 | 0 | 0 | 0 | 0 | 0 | 0 | 0 | 0 | 0 | 0 | 0 | 0 | 0 | 1 | 0 | 0 |
26 | Bitran Carreno, Mauricio Ernesto | UNIVERSITY OF FLORIDA. | 1987 | male | 1 | 0 | 1987 | 1 | 0 | 1987 | 0 | 0 | 0 | 0 | 0 | 1 | 0 | 0 | 0 | 0 | 0 | 0 | 0 | 0 | 0 | 0 | 0 | 0 | 0 | 0 | 0 | 0 | 0 | 0 | 0 | 0 | 0 | 0 | 0 | 0 | 0 | 0 | 0 | 0 | 0 |  0 | 0 | 0 | 0 | 0 | 1 | 0 | 0 | 0 | 0 | 0 | 0 | 0 | 0 | 0 | 0 | 0 | 0 | 0 | 0 | 0 | 0 | 0 | 0 | 0 | 0 | 0 | 0 | 0 | 0 | 0 | 0 | 0 | 0 | 0 |
27 | Park, Chung Kyu | UNIVERSITY OF MISSOURI - COLUMBIA. | 1987 | male | 1 | 5 | 1999 | 2 | 31 | 2017 | 0 | 0 | 0 | 0 | 0 | 1 | 0 | 0 | 2 | 2 | 0 | 0 | 0 | 0 | 0 | 0 | 0 | 1 | 0 | 0 | 0 | 0 | 0 | 0 | 0 | 0 | 0 | 0 | 0 | 0 | 0 | 0 | 0 | 0 | 0 |  1 | 0 | 0 | 0 | 0 | 1 | 0 | 0 | 2 | 3 | 0 | 0 | 0 | 0 | 0 | 0 | 1 | 1 | 0 | 0 | 1 | 3 | 0 | 2 | 2 | 4 | 1 | 2 | 3 | 0 | 1 | 2 | 0 | 1 | 1 |
28 | Cecil, Gerald Neil | UNIVERSITY OF HAWAII. | 1987 | male | 5 | 16 | 2016 | 7 | 58 | 2017 | 0 | 2 | 1 | 1 | 0 | 1 | 2 | 0 | 1 | 1 | 1 | 0 | 0 | 2 | 0 | 0 | 0 | 0 | 1 | 1 | 2 | 0 | 0 | 0 | 1 | 3 | 0 | 0 | 0 | 0 | 0 | 0 | 0 | 0 | 1 |  0 | 3 | 1 | 1 | 0 | 2 | 2 | 0 | 1 | 4 | 2 | 3 | 2 | 3 | 4 | 3 | 2 | 2 | 1 | 2 | 3 | 1 | 1 | 1 | 1 | 5 | 0 | 0 | 0 | 2 | 1 | 0 | 0 | 5 | 4 |
29 | Mudgett, John Stuart | THE PENNSYLVANIA STATE UNIVERSITY. | 1987 | male | 1 | 0 | 1987 | 1 | 0 | 1987 | 0 | 0 | 0 | 0 | 0 | 1 | 0 | 0 | 0 | 0 | 0 | 0 | 0 | 0 | 0 | 0 | 0 | 0 | 0 | 0 | 0 | 0 | 0 | 0 | 0 | 0 | 0 | 0 | 0 | 0 | 0 | 0 | 0 | 0 | 0 |  0 | 0 | 0 | 0 | 0 | 1 | 0 | 0 | 0 | 0 | 0 | 0 | 0 | 0 | 0 | 0 | 0 | 0 | 0 | 0 | 0 | 0 | 0 | 0 | 0 | 0 | 0 | 0 | 0 | 0 | 0 | 0 | 0 | 0 | 0 |
30 | Ruiz-Altaba, Marti | UNIVERSITY OF FLORIDA. | 1987 | female | 2 | 0 | 1987 | 5 | 0 | 1987 | 0 | 0 | 0 | 0 | 1 | 1 | 0 | 0 | 0 | 0 | 0 | 0 | 0 | 0 | 0 | 0 | 0 | 0 | 0 | 0 | 0 | 0 | 0 | 0 | 0 | 0 | 0 | 0 | 0 | 0 | 0 | 0 | 0 | 0 | 0 |  0 | 0 | 0 | 2 | 2 | 1 | 0 | 0 | 0 | 0 | 0 | 0 | 0 | 0 | 0 | 0 | 0 | 0 | 0 | 0 | 0 | 0 | 0 | 0 | 0 | 0 | 0 | 0 | 0 | 0 | 0 | 0 | 0 | 0 | 0 |
31 | Killen, Rosemary Margaret | RICE UNIVERSITY. | 1987 | female | 4 | 30 | 2016 | 4 | 96 | 2017 | 1 | 0 | 1 | 0 | 0 | 2 | 3 | 1 | 1 | 2 | 0 | 2 | 1 | 0 | 1 | 1 | 0 | 3 | 0 | 1 | 1 | 1 | 2 | 1 | 1 | 1 | 0 | 2 | 2 | 0 | 1 | 0 | 0 | 1 | 1 |  1 | 0 | 1 | 0 | 0 | 2 | 5 | 1 | 1 | 2 | 0 | 2 | 1 | 0 | 1 | 2 | 2 | 4 | 3 | 4 | 4 | 2 | 2 | 4 | 5 | 5 | 6 | 5 | 9 | 5 | 6 | 3 | 2 | 3 | 4 |
32 | Rogers, Joseph Thomas | THE UNIVERSITY OF ROCHESTER. | 1987 | male | 1 | 1 | 1988 | 5 | 15 | 2011 | 0 | 0 | 0 | 0 | 0 | 1 | 1 | 0 | 0 | 0 | 0 | 0 | 0 | 0 | 0 | 0 | 0 | 0 | 0 | 0 | 0 | 0 | 0 | 0 | 0 | 0 | 0 | 0 | 0 | 0 | 0 | 0 | 0 | 0 | 0 |  1 | 0 | 1 | 0 | 1 | 2 | 1 | 1 | 0 | 0 | 0 | 0 | 0 | 0 | 1 | 2 | 1 | 0 | 2 | 0 | 0 | 2 | 1 | 2 | 0 | 0 | 1 | 0 | 0 | 1 | 0 | 0 | 0 | 0 | 0 |
33 | Stuckey, William Mark | UNIVERSITY OF CINCINNATI. | 1987 | male | 1 | 9 | 2016 | 1 | 9 | 2016 | 0 | 0 | 0 | 0 | 0 | 1 | 0 | 0 | 2 | 0 | 2 | 1 | 1 | 0 | 1 | 0 | 0 | 0 | 0 | 0 | 0 | 0 | 0 | 0 | 0 | 0 | 0 | 0 | 0 | 0 | 1 | 0 | 0 | 0 | 1 |  0 | 0 | 0 | 0 | 0 | 1 | 0 | 0 | 2 | 0 | 2 | 1 | 1 | 0 | 1 | 0 | 0 | 0 | 0 | 0 | 0 | 0 | 0 | 0 | 0 | 0 | 0 | 0 | 0 | 0 | 1 | 0 | 0 | 0 | 1 |
34 | Woosley, James K. | VANDERBILT UNIVERSITY. | 1987 | male | 1 | 0 | 1987 | 1 | 1 | 1990 | 0 | 0 | 0 | 0 | 0 | 1 | 0 | 0 | 0 | 0 | 0 | 0 | 0 | 0 | 0 | 0 | 0 | 0 | 0 | 0 | 0 | 0 | 0 | 0 | 0 | 0 | 0 | 0 | 0 | 0 | 0 | 0 | 0 | 0 | 0 |  0 | 0 | 0 | 0 | 0 | 1 | 0 | 0 | 1 | 0 | 0 | 0 | 0 | 0 | 0 | 0 | 0 | 0 | 0 | 0 | 0 | 0 | 0 | 0 | 0 | 0 | 0 | 0 | 0 | 0 | 0 | 0 | 0 | 0 | 0 |
35 | Burg, Richard Irv | MASSACHUSETTS INSTITUTE OF TECHNOLOGY. | 1987 | male | 1 | 3 | 1994 | 3 | 26 | 2000 | 0 | 0 | 0 | 0 | 0 | 1 | 0 | 0 | 0 | 0 | 1 | 1 | 1 | 0 | 0 | 0 | 0 | 0 | 0 | 0 | 0 | 0 | 0 | 0 | 0 | 0 | 0 | 0 | 0 | 0 | 0 | 0 | 0 | 0 | 0 |  0 | 0 | 0 | 0 | 2 | 1 | 0 | 0 | 1 | 2 | 3 | 2 | 5 | 3 | 1 | 1 | 3 | 3 | 2 | 0 | 0 | 0 | 0 | 0 | 0 | 0 | 0 | 0 | 0 | 0 | 0 | 0 | 0 | 0 | 0 |
36 | Morgan, Edward Harrington | MASSACHUSETTS INSTITUTE OF TECHNOLOGY. | 1987 | male | 1 | 2 | 1997 | 2 | 128 | 2017 | 0 | 0 | 0 | 0 | 0 | 1 | 1 | 0 | 0 | 0 | 0 | 0 | 0 | 0 | 0 | 1 | 0 | 0 | 0 | 0 | 0 | 0 | 0 | 0 | 0 | 0 | 0 | 0 | 0 | 0 | 0 | 0 | 0 | 0 | 0 |  1 | 0 | 0 | 0 | 0 | 1 | 1 | 0 | 0 | 1 | 0 | 1 | 0 | 1 | 7 | 3 | 5 | 8 | 4 | 6 | 3 | 4 | 4 | 6 | 2 | 3 | 3 | 3 | 1 | 1 | 4 | 8 | 8 | 22 | 15 |
37 | Battaglia, Alessandro | CITY UNIVERSITY OF NEW YORK. | 1987 | male | 1 | 2 | 2005 | 3 | 13 | 2016 | 0 | 0 | 0 | 0 | 0 | 1 | 0 | 0 | 0 | 0 | 0 | 0 | 0 | 0 | 0 | 0 | 0 | 1 | 0 | 0 | 0 | 0 | 0 | 1 | 0 | 0 | 0 | 0 | 0 | 0 | 0 | 0 | 0 | 0 | 0 |  0 | 0 | 0 | 2 | 0 | 1 | 1 | 0 | 0 | 0 | 0 | 0 | 0 | 0 | 0 | 0 | 0 | 1 | 0 | 0 | 0 | 0 | 0 | 1 | 0 | 0 | 0 | 1 | 0 | 0 | 0 | 4 | 1 | 2 | 2 |
38 | Meech, Karen Jean | MASSACHUSETTS INSTITUTE OF TECHNOLOGY. | 1987 | female | 6 | 25 | 2017 | 15 | 146 | 2017 | 1 | 1 | 0 | 0 | 1 | 3 | 0 | 0 | 1 | 0 | 0 | 1 | 0 | 1 | 1 | 3 | 0 | 0 | 0 | 0 | 1 | 1 | 2 | 2 | 1 | 1 | 1 | 1 | 1 | 2 | 1 | 2 | 0 | 0 | 1 |  1 | 2 | 1 | 3 | 2 | 6 | 3 | 1 | 3 | 0 | 0 | 1 | 2 | 3 | 1 | 4 | 1 | 1 | 1 | 4 | 6 | 8 | 5 | 13 | 4 | 21 | 3 | 4 | 3 | 9 | 9 | 17 | 8 | 3 | 7 |
39 | Mitteldorf, Joshua Jan | UNIVERSITY OF PENNSYLVANIA. | 1987 | male | 1 | 0 | 1987 | 2 | 0 | 1987 | 0 | 0 | 0 | 0 | 0 | 1 | 0 | 0 | 0 | 0 | 0 | 0 | 0 | 0 | 0 | 0 | 0 | 0 | 0 | 0 | 0 | 0 | 0 | 0 | 0 | 0 | 0 | 0 | 0 | 0 | 0 | 0 | 0 | 0 | 0 |  0 | 0 | 1 | 0 | 0 | 1 | 0 | 0 | 0 | 0 | 0 | 0 | 0 | 0 | 0 | 0 | 0 | 0 | 0 | 0 | 0 | 0 | 0 | 0 | 0 | 0 | 0 | 0 | 0 | 0 | 0 | 0 | 0 | 0 | 0 |
40 | Robl, Eugene Anthony | THE UNIVERSITY OF UTAH. | 1987 | male | 1 | 0 | 1987 | 1 | 0 | 1987 | 0 | 0 | 0 | 0 | 0 | 1 | 0 | 0 | 0 | 0 | 0 | 0 | 0 | 0 | 0 | 0 | 0 | 0 | 0 | 0 | 0 | 0 | 0 | 0 | 0 | 0 | 0 | 0 | 0 | 0 | 0 | 0 | 0 | 0 | 0 |  0 | 0 | 0 | 0 | 0 | 1 | 0 | 0 | 0 | 0 | 0 | 0 | 0 | 0 | 0 | 0 | 0 | 0 | 0 | 0 | 0 | 0 | 0 | 0 | 0 | 0 | 0 | 0 | 0 | 0 | 0 | 0 | 0 | 0 | 0 |
41 | Spencer, John Robert | THE UNIVERSITY OF ARIZONA. | 1987 | male | 4 | 37 | 2014 | 4 | 156 | 2017 | 0 | 0 | 1 | 0 | 0 | 3 | 0 | 1 | 5 | 0 | 2 | 0 | 2 | 2 | 3 | 4 | 1 | 1 | 2 | 0 | 1 | 1 | 0 | 2 | 2 | 2 | 0 | 2 | 1 | 0 | 0 | 2 | 1 | 0 | 0 |  0 | 0 | 1 | 0 | 0 | 3 | 0 | 2 | 6 | 0 | 2 | 0 | 2 | 5 | 9 | 7 | 4 | 4 | 4 | 3 | 4 | 4 | 5 | 5 | 8 | 11 | 6 | 5 | 5 | 3 | 6 | 7 | 4 | 10 | 15 |
42 | Pantziris, Anthony | BROWN UNIVERSITY. | 1987 | male | 2 | 0 | 1987 | 2 | 0 | 1987 | 0 | 0 | 0 | 0 | 1 | 1 | 0 | 0 | 0 | 0 | 0 | 0 | 0 | 0 | 0 | 0 | 0 | 0 | 0 | 0 | 0 | 0 | 0 | 0 | 0 | 0 | 0 | 0 | 0 | 0 | 0 | 0 | 0 | 0 | 0 |  0 | 0 | 0 | 0 | 1 | 1 | 0 | 0 | 0 | 0 | 0 | 0 | 0 | 0 | 0 | 0 | 0 | 0 | 0 | 0 | 0 | 0 | 0 | 0 | 0 | 0 | 0 | 0 | 0 | 0 | 0 | 0 | 0 | 0 | 0 |
43 | Hilton, Douglas Alan | THE UNIVERSITY OF ARIZONA. | 1987 | male | 1 | 1 | 1988 | 1 | 5 | 2009 | 0 | 0 | 0 | 0 | 0 | 1 | 1 | 0 | 0 | 0 | 0 | 0 | 0 | 0 | 0 | 0 | 0 | 0 | 0 | 0 | 0 | 0 | 0 | 0 | 0 | 0 | 0 | 0 | 0 | 0 | 0 | 0 | 0 | 0 | 0 |  0 | 0 | 0 | 0 | 0 | 1 | 1 | 0 | 0 | 0 | 0 | 0 | 0 | 0 | 0 | 0 | 0 | 0 | 0 | 0 | 0 | 0 | 0 | 2 | 0 | 0 | 1 | 1 | 0 | 0 | 0 | 0 | 0 | 0 | 0 |
44 | Brinkmann, Jonathan Val | THE UNIVERSITY OF WISCONSIN - MADISON. | 1987 | male | 1 | 1 | 1995 | 1 | 269 | 2017 | 0 | 0 | 0 | 0 | 0 | 1 | 0 | 0 | 0 | 0 | 0 | 0 | 0 | 1 | 0 | 0 | 0 | 0 | 0 | 0 | 0 | 0 | 0 | 0 | 0 | 0 | 0 | 0 | 0 | 0 | 0 | 0 | 0 | 0 | 0 |  0 | 0 | 0 | 0 | 0 | 1 | 0 | 0 | 0 | 0 | 0 | 0 | 0 | 2 | 0 | 0 | 0 | 3 | 9 | 14 | 27 | 32 | 44 | 29 | 43 | 13 | 4 | 2 | 3 | 5 | 8 | 10 | 11 | 6 | 0 |
45 | Wan, Der-Shen | THE UNIVERSITY OF ARIZONA. | 1987 | male | 2 | 1 | 2003 | 2 | 7 | 2008 | 0 | 0 | 0 | 0 | 0 | 2 | 0 | 0 | 0 | 0 | 0 | 0 | 0 | 0 | 0 | 0 | 0 | 0 | 0 | 0 | 0 | 1 | 0 | 0 | 0 | 0 | 0 | 0 | 0 | 0 | 0 | 0 | 0 | 0 | 0 |  0 | 0 | 0 | 0 | 0 | 2 | 0 | 0 | 0 | 0 | 0 | 0 | 0 | 0 | 0 | 1 | 0 | 0 | 0 | 0 | 0 | 2 | 1 | 1 | 1 | 0 | 1 | 0 | 0 | 0 | 0 | 0 | 0 | 0 | 0 |
46 | Phillips, John Lynch | UNIVERSITY OF CALIFORNIA, LOS ANGELES. | 1987 | male | 11 | 21 | 2001 | 22 | 124 | 2015 | 0 | 0 | 1 | 1 | 3 | 6 | 1 | 2 | 1 | 1 | 2 | 4 | 1 | 6 | 0 | 1 | 1 | 0 | 0 | 1 | 0 | 0 | 0 | 0 | 0 | 0 | 0 | 0 | 0 | 0 | 0 | 0 | 0 | 0 | 0 |  0 | 0 | 2 | 3 | 6 | 11 | 1 | 3 | 3 | 4 | 8 | 16 | 10 | 32 | 17 | 10 | 10 | 1 | 1 | 1 | 1 | 1 | 1 | 0 | 1 | 0 | 0 | 0 | 0 | 1 | 1 | 0 | 0 | 1 | 0 |
47 | Lee, Kimyeong | COLUMBIA UNIVERSITY. | 1987 | None | 3 | 46 | 2016 | 5 | 255 | 2017 | 0 | 0 | 0 | 0 | 1 | 2 | 1 | 0 | 0 | 1 | 4 | 1 | 2 | 0 | 2 | 2 | 0 | 1 | 0 | 0 | 0 | 2 | 1 | 3 | 4 | 0 | 6 | 3 | 1 | 4 | 3 | 3 | 1 | 0 | 1 |  0 | 1 | 1 | 0 | 1 | 2 | 3 | 1 | 3 | 2 | 6 | 1 | 4 | 0 | 5 | 3 | 0 | 3 | 3 | 2 | 0 | 3 | 10 | 10 | 8 | 1 | 18 | 18 | 6 | 14 | 18 | 17 | 18 | 18 | 45 |
48 | Kellogg, Stephen Edward | UNIVERSITY OF WASHINGTON. | 1987 | male | 3 | 1 | 1992 | 6 | 3 | 1992 | 0 | 0 | 0 | 1 | 1 | 1 | 0 | 0 | 0 | 0 | 1 | 0 | 0 | 0 | 0 | 0 | 0 | 0 | 0 | 0 | 0 | 0 | 0 | 0 | 0 | 0 | 0 | 0 | 0 | 0 | 0 | 0 | 0 | 0 | 0 |  0 | 0 | 1 | 2 | 2 | 1 | 0 | 0 | 1 | 1 | 1 | 0 | 0 | 0 | 0 | 0 | 0 | 0 | 0 | 0 | 0 | 0 | 0 | 0 | 0 | 0 | 0 | 0 | 0 | 0 | 0 | 0 | 0 | 0 | 0 |
49 | Mijic, Milan B. | CALIFORNIA INSTITUTE OF TECHNOLOGY. | 1987 | male | 1 | 0 | 1987 | 2 | 16 | 2007 | 0 | 0 | 0 | 0 | 0 | 1 | 0 | 0 | 0 | 0 | 0 | 0 | 0 | 0 | 0 | 0 | 0 | 0 | 0 | 0 | 0 | 0 | 0 | 0 | 0 | 0 | 0 | 0 | 0 | 0 | 0 | 0 | 0 | 0 | 0 |  0 | 0 | 0 | 0 | 1 | 1 | 2 | 2 | 3 | 4 | 0 | 0 | 1 | 0 | 0 | 2 | 1 | 0 | 0 | 0 | 0 | 0 | 0 | 0 | 0 | 1 | 0 | 0 | 0 | 0 | 0 | 0 | 0 | 0 | 0 |
50 | Chen, Shyh-Chin | UNIVERSITY OF ILLINOIS AT URBANA-CHAMPAIGN. | 1987 | male | 3 | 4 | 2002 | 5 | 46 | 2017 | 0 | 0 | 0 | 2 | 0 | 1 | 3 | 0 | 0 | 0 | 0 | 0 | 0 | 0 | 0 | 0 | 0 | 0 | 0 | 0 | 1 | 0 | 0 | 0 | 0 | 0 | 0 | 0 | 0 | 0 | 0 | 0 | 0 | 0 | 0 |  1 | 0 | 1 | 2 | 0 | 1 | 5 | 0 | 0 | 0 | 0 | 1 | 2 | 0 | 2 | 0 | 0 | 0 | 0 | 0 | 1 | 0 | 1 | 1 | 0 | 1 | 3 | 3 | 2 | 2 | 3 | 3 | 4 | 6 | 5 |
51 | Wu, Ching-Chi | PURDUE UNIVERSITY. | 1987 | female | 13 | 34 | 2016 | 25 | 118 | 2017 | 2 | 5 | 1 | 1 | 2 | 2 | 2 | 1 | 1 | 2 | 4 | 0 | 0 | 2 | 2 | 0 | 1 | 1 | 2 | 1 | 0 | 2 | 2 | 3 | 3 | 1 | 0 | 0 | 0 | 0 | 2 | 1 | 0 | 0 | 1 |  9 | 7 | 2 | 1 | 3 | 3 | 4 | 2 | 1 | 5 | 5 | 0 | 0 | 2 | 2 | 2 | 2 | 3 | 3 | 2 | 2 | 7 | 4 | 4 | 4 | 8 | 1 | 2 | 1 | 8 | 6 | 9 | 0 | 10 | 12 |
52 | Murphy, Philip Joseph | THE JOHNS HOPKINS UNIVERSITY. | 1987 | male | 1 | 3 | 1998 | 3 | 4 | 2010 | 0 | 0 | 0 | 0 | 0 | 1 | 1 | 0 | 0 | 0 | 0 | 0 | 0 | 1 | 0 | 0 | 1 | 0 | 0 | 0 | 0 | 0 | 0 | 0 | 0 | 0 | 0 | 0 | 0 | 0 | 0 | 0 | 0 | 0 | 0 |  0 | 0 | 0 | 1 | 1 | 1 | 1 | 0 | 0 | 0 | 0 | 0 | 0 | 1 | 0 | 0 | 1 | 0 | 0 | 0 | 0 | 0 | 0 | 0 | 0 | 0 | 0 | 0 | 1 | 0 | 0 | 0 | 0 | 0 | 0 |
53 | Hueter, Geoffrey James | UNIVERSITY OF CALIFORNIA, SAN DIEGO. | 1987 | male | 2 | 0 | 1987 | 3 | 2 | 1998 | 0 | 0 | 0 | 1 | 0 | 1 | 0 | 0 | 0 | 0 | 0 | 0 | 0 | 0 | 0 | 0 | 0 | 0 | 0 | 0 | 0 | 0 | 0 | 0 | 0 | 0 | 0 | 0 | 0 | 0 | 0 | 0 | 0 | 0 | 0 |  0 | 0 | 0 | 1 | 0 | 2 | 1 | 0 | 0 | 0 | 0 | 0 | 0 | 0 | 0 | 0 | 1 | 0 | 0 | 0 | 0 | 0 | 0 | 0 | 0 | 0 | 0 | 0 | 0 | 0 | 0 | 0 | 0 | 0 | 0 |
54 | Bastian, Timothy Stephen | UNIVERSITY OF COLORADO AT BOULDER. | 1987 | male | 4 | 29 | 2013 | 9 | 71 | 2017 | 0 | 0 | 0 | 0 | 1 | 3 | 3 | 0 | 2 | 1 | 2 | 2 | 2 | 1 | 2 | 3 | 1 | 0 | 2 | 2 | 1 | 1 | 1 | 0 | 0 | 2 | 0 | 0 | 0 | 0 | 0 | 1 | 0 | 0 | 0 |  0 | 2 | 0 | 0 | 3 | 4 | 4 | 1 | 2 | 1 | 6 | 5 | 8 | 3 | 4 | 6 | 1 | 0 | 5 | 3 | 2 | 1 | 1 | 0 | 2 | 2 | 2 | 0 | 0 | 1 | 1 | 4 | 1 | 2 | 1 |
55 | Yaghoubi-Shahir, Bijan | UNIVERSITY OF OREGON. | 1987 | male | 1 | 0 | 1987 | 1 | 0 | 1987 | 0 | 0 | 0 | 0 | 0 | 1 | 0 | 0 | 0 | 0 | 0 | 0 | 0 | 0 | 0 | 0 | 0 | 0 | 0 | 0 | 0 | 0 | 0 | 0 | 0 | 0 | 0 | 0 | 0 | 0 | 0 | 0 | 0 | 0 | 0 |  0 | 0 | 0 | 0 | 0 | 1 | 0 | 0 | 0 | 0 | 0 | 0 | 0 | 0 | 0 | 0 | 0 | 0 | 0 | 0 | 0 | 0 | 0 | 0 | 0 | 0 | 0 | 0 | 0 | 0 | 0 | 0 | 0 | 0 | 0 |
56 | Swade, Daryl Allen | Massachusetts Univ., Amherst. | 1987 | male | 1 | 5 | 1992 | 5 | 6 | 1992 | 0 | 0 | 0 | 0 | 0 | 1 | 1 | 3 | 0 | 0 | 1 | 0 | 0 | 0 | 0 | 0 | 0 | 0 | 0 | 0 | 0 | 0 | 0 | 0 | 0 | 0 | 0 | 0 | 0 | 0 | 0 | 0 | 0 | 0 | 0 |  0 | 0 | 2 | 0 | 1 | 2 | 1 | 4 | 0 | 0 | 1 | 0 | 0 | 0 | 0 | 0 | 0 | 0 | 0 | 0 | 0 | 0 | 0 | 0 | 0 | 0 | 0 | 0 | 0 | 0 | 0 | 0 | 0 | 0 | 0 |
57 | Storrs, Alexander David | UNIVERSITY OF HAWAII. | 1987 | male | 2 | 3 | 2005 | 3 | 15 | 2010 | 0 | 0 | 0 | 0 | 1 | 1 | 1 | 0 | 0 | 0 | 1 | 0 | 0 | 0 | 0 | 0 | 0 | 0 | 0 | 0 | 0 | 0 | 0 | 1 | 0 | 0 | 0 | 0 | 0 | 0 | 0 | 0 | 0 | 0 | 0 |  0 | 0 | 0 | 0 | 1 | 2 | 1 | 0 | 1 | 0 | 1 | 0 | 2 | 3 | 0 | 1 | 1 | 1 | 0 | 0 | 2 | 0 | 0 | 1 | 0 | 0 | 0 | 0 | 1 | 0 | 0 | 0 | 0 | 0 | 0 |
58 | Keto, Eric Ravinen | HARVARD UNIVERSITY. | 1987 | male | 4 | 40 | 2015 | 4 | 112 | 2017 | 0 | 0 | 0 | 0 | 1 | 3 | 1 | 3 | 2 | 3 | 4 | 1 | 1 | 1 | 0 | 2 | 0 | 1 | 1 | 0 | 2 | 1 | 1 | 3 | 2 | 1 | 3 | 0 | 3 | 0 | 1 | 0 | 2 | 1 | 0 |  0 | 0 | 0 | 0 | 1 | 3 | 1 | 4 | 2 | 3 | 5 | 2 | 3 | 3 | 3 | 4 | 1 | 1 | 1 | 0 | 2 | 1 | 5 | 6 | 6 | 5 | 8 | 5 | 10 | 10 | 3 | 1 | 8 | 5 | 3 |
59 | Lesyna, Lawrence | STANFORD UNIVERSITY. | 1987 | male | 1 | 0 | 1987 | 2 | 0 | 1987 | 0 | 0 | 0 | 0 | 0 | 1 | 0 | 0 | 0 | 0 | 0 | 0 | 0 | 0 | 0 | 0 | 0 | 0 | 0 | 0 | 0 | 0 | 0 | 0 | 0 | 0 | 0 | 0 | 0 | 0 | 0 | 0 | 0 | 0 | 0 |  0 | 1 | 0 | 0 | 0 | 1 | 0 | 0 | 0 | 0 | 0 | 0 | 0 | 0 | 0 | 0 | 0 | 0 | 0 | 0 | 0 | 0 | 0 | 0 | 0 | 0 | 0 | 0 | 0 | 0 | 0 | 0 | 0 | 0 | 0 |
60 | Garcia, Michael Rafael | HARVARD UNIVERSITY. | 1987 | male | 5 | 20 | 2013 | 8 | 139 | 2017 | 0 | 1 | 0 | 0 | 2 | 2 | 1 | 1 | 1 | 0 | 1 | 0 | 1 | 0 | 1 | 0 | 1 | 2 | 1 | 1 | 0 | 1 | 1 | 1 | 1 | 0 | 0 | 1 | 2 | 0 | 0 | 2 | 0 | 0 | 0 |  0 | 1 | 1 | 0 | 4 | 2 | 2 | 3 | 5 | 1 | 2 | 0 | 1 | 2 | 3 | 5 | 2 | 3 | 4 | 9 | 12 | 6 | 8 | 9 | 6 | 1 | 4 | 6 | 4 | 8 | 8 | 6 | 7 | 4 | 4 |
61 | Laguna-Castillo, Pablo | THE UNIVERSITY OF TEXAS AT AUSTIN. | 1987 | male | 5 | 0 | 1987 | 5 | 1 | 1988 | 0 | 0 | 0 | 0 | 1 | 4 | 0 | 0 | 0 | 0 | 0 | 0 | 0 | 0 | 0 | 0 | 0 | 0 | 0 | 0 | 0 | 0 | 0 | 0 | 0 | 0 | 0 | 0 | 0 | 0 | 0 | 0 | 0 | 0 | 0 |  0 | 0 | 0 | 0 | 1 | 4 | 1 | 0 | 0 | 0 | 0 | 0 | 0 | 0 | 0 | 0 | 0 | 0 | 0 | 0 | 0 | 0 | 0 | 0 | 0 | 0 | 0 | 0 | 0 | 0 | 0 | 0 | 0 | 0 | 0 |
62 | Mattox, John Richard | STANFORD UNIVERSITY. | 1987 | male | 2 | 16 | 2001 | 4 | 126 | 2006 | 0 | 0 | 0 | 0 | 0 | 2 | 2 | 1 | 1 | 1 | 1 | 1 | 0 | 0 | 3 | 2 | 1 | 1 | 0 | 2 | 0 | 0 | 0 | 0 | 0 | 0 | 0 | 0 | 0 | 0 | 0 | 0 | 0 | 0 | 0 |  0 | 0 | 0 | 0 | 1 | 3 | 2 | 1 | 1 | 2 | 9 | 23 | 11 | 11 | 22 | 8 | 2 | 5 | 7 | 6 | 4 | 3 | 8 | 0 | 1 | 0 | 0 | 0 | 0 | 0 | 0 | 0 | 0 | 0 | 0 |
63 | Oneill, Terrence John | California Univ., Riverside. | 1987 | male | 1 | 0 | 1987 | 2 | 0 | 1987 | 0 | 0 | 0 | 0 | 0 | 1 | 0 | 0 | 0 | 0 | 0 | 0 | 0 | 0 | 0 | 0 | 0 | 0 | 0 | 0 | 0 | 0 | 0 | 0 | 0 | 0 | 0 | 0 | 0 | 0 | 0 | 0 | 0 | 0 | 0 |  0 | 0 | 0 | 1 | 0 | 1 | 0 | 0 | 0 | 0 | 0 | 0 | 0 | 0 | 0 | 0 | 0 | 0 | 0 | 0 | 0 | 0 | 0 | 0 | 0 | 0 | 0 | 0 | 0 | 0 | 0 | 0 | 0 | 0 | 0 |
64 | Petersen, Philip Stephen | UNIVERSITY OF CALIFORNIA, SAN DIEGO. | 1987 | male | 1 | 0 | 1987 | 1 | 0 | 1987 | 0 | 0 | 0 | 0 | 0 | 1 | 0 | 0 | 0 | 0 | 0 | 0 | 0 | 0 | 0 | 0 | 0 | 0 | 0 | 0 | 0 | 0 | 0 | 0 | 0 | 0 | 0 | 0 | 0 | 0 | 0 | 0 | 0 | 0 | 0 |  0 | 0 | 0 | 0 | 0 | 1 | 0 | 0 | 0 | 0 | 0 | 0 | 0 | 0 | 0 | 0 | 0 | 0 | 0 | 0 | 0 | 0 | 0 | 0 | 0 | 0 | 0 | 0 | 0 | 0 | 0 | 0 | 0 | 0 | 0 |
65 | Hudnut, Karl D. | Denver Univ., CO. | 1987 | male | 1 | 0 | 1987 | 2 | 1 | 1997 | 0 | 0 | 0 | 0 | 0 | 1 | 0 | 0 | 0 | 0 | 0 | 0 | 0 | 0 | 0 | 0 | 0 | 0 | 0 | 0 | 0 | 0 | 0 | 0 | 0 | 0 | 0 | 0 | 0 | 0 | 0 | 0 | 0 | 0 | 0 |  0 | 0 | 0 | 0 | 1 | 1 | 0 | 0 | 0 | 0 | 0 | 0 | 0 | 0 | 0 | 1 | 0 | 0 | 0 | 0 | 0 | 0 | 0 | 0 | 0 | 0 | 0 | 0 | 0 | 0 | 0 | 0 | 0 | 0 | 0 |
66 | Lu, Mong-Ming | California Univ., Los Angeles. | 1987 | male | 1 | 0 | 1987 | 2 | 6 | 2015 | 0 | 0 | 0 | 0 | 0 | 1 | 0 | 0 | 0 | 0 | 0 | 0 | 0 | 0 | 0 | 0 | 0 | 0 | 0 | 0 | 0 | 0 | 0 | 0 | 0 | 0 | 0 | 0 | 0 | 0 | 0 | 0 | 0 | 0 | 0 |  0 | 1 | 0 | 0 | 0 | 1 | 0 | 0 | 0 | 0 | 0 | 0 | 0 | 0 | 0 | 0 | 0 | 0 | 0 | 0 | 0 | 0 | 1 | 0 | 0 | 0 | 0 | 0 | 1 | 1 | 1 | 1 | 0 | 1 | 0 |
67 | Yamanaka, Janet Midori | YALE UNIVERSITY. | 1987 | female | 1 | 0 | 1987 | 2 | 0 | 1987 | 0 | 0 | 0 | 0 | 0 | 1 | 0 | 0 | 0 | 0 | 0 | 0 | 0 | 0 | 0 | 0 | 0 | 0 | 0 | 0 | 0 | 0 | 0 | 0 | 0 | 0 | 0 | 0 | 0 | 0 | 0 | 0 | 0 | 0 | 0 |  0 | 1 | 0 | 0 | 0 | 1 | 0 | 0 | 0 | 0 | 0 | 0 | 0 | 0 | 0 | 0 | 0 | 0 | 0 | 0 | 0 | 0 | 0 | 0 | 0 | 0 | 0 | 0 | 0 | 0 | 0 | 0 | 0 | 0 | 0 |
68 | Zmuidzinas, Jonas | UNIVERSITY OF CALIFORNIA, BERKELEY. | 1987 | male | 3 | 7 | 2015 | 3 | 72 | 2016 | 0 | 0 | 0 | 0 | 2 | 1 | 1 | 0 | 0 | 0 | 0 | 0 | 0 | 2 | 0 | 0 | 0 | 0 | 0 | 0 | 0 | 2 | 1 | 0 | 0 | 0 | 0 | 0 | 0 | 0 | 0 | 0 | 0 | 1 | 0 |  0 | 0 | 0 | 0 | 2 | 1 | 2 | 1 | 2 | 0 | 0 | 0 | 1 | 2 | 0 | 1 | 0 | 0 | 1 | 2 | 5 | 5 | 1 | 0 | 2 | 0 | 1 | 2 | 20 | 8 | 5 | 2 | 2 | 2 | 5 |
69 | Bennett, Jeffrey Owen | UNIVERSITY OF COLORADO AT BOULDER. | 1987 | male | 2 | 4 | 1994 | 4 | 7 | 1995 | 0 | 0 | 0 | 0 | 1 | 1 | 1 | 0 | 0 | 1 | 0 | 0 | 2 | 0 | 0 | 0 | 0 | 0 | 0 | 0 | 0 | 0 | 0 | 0 | 0 | 0 | 0 | 0 | 0 | 0 | 0 | 0 | 0 | 0 | 0 |  0 | 0 | 0 | 0 | 1 | 3 | 1 | 0 | 1 | 1 | 0 | 0 | 3 | 1 | 0 | 0 | 0 | 0 | 0 | 0 | 0 | 0 | 0 | 0 | 0 | 0 | 0 | 0 | 0 | 0 | 0 | 0 | 0 | 0 | 0 |
70 | Castaneda, Hector Osvaldo | RICE UNIVERSITY. | 1987 | male | 2 | 3 | 1992 | 5 | 62 | 2015 | 0 | 0 | 0 | 0 | 0 | 2 | 1 | 0 | 1 | 0 | 1 | 0 | 0 | 0 | 0 | 0 | 0 | 0 | 0 | 0 | 0 | 0 | 0 | 0 | 0 | 0 | 0 | 0 | 0 | 0 | 0 | 0 | 0 | 0 | 0 |  0 | 0 | 1 | 0 | 0 | 4 | 1 | 3 | 3 | 0 | 1 | 1 | 4 | 2 | 6 | 0 | 3 | 1 | 5 | 2 | 2 | 0 | 1 | 0 | 0 | 2 | 1 | 4 | 10 | 3 | 2 | 4 | 0 | 1 | 0 |
71 | Daly, Ruth A. | BOSTON UNIVERSITY. | 1987 | female | 3 | 33 | 2016 | 3 | 51 | 2016 | 0 | 0 | 0 | 1 | 0 | 2 | 5 | 1 | 2 | 2 | 3 | 1 | 1 | 1 | 0 | 0 | 0 | 0 | 0 | 0 | 2 | 1 | 1 | 2 | 0 | 1 | 1 | 4 | 1 | 1 | 1 | 0 | 1 | 0 | 1 |  0 | 0 | 0 | 1 | 0 | 2 | 5 | 2 | 2 | 2 | 3 | 1 | 1 | 1 | 3 | 3 | 3 | 0 | 2 | 0 | 2 | 3 | 1 | 3 | 0 | 1 | 2 | 5 | 1 | 2 | 1 | 0 | 1 | 0 | 1 |
72 | Chou, Dean-Yi. | CALIFORNIA INSTITUTE OF TECHNOLOGY. | 1987 | male | 3 | 26 | 2012 | 3 | 58 | 2017 | 0 | 0 | 0 | 0 | 0 | 3 | 1 | 1 | 1 | 1 | 1 | 0 | 0 | 1 | 2 | 0 | 0 | 1 | 3 | 2 | 1 | 1 | 0 | 2 | 1 | 1 | 0 | 4 | 1 | 0 | 1 | 0 | 0 | 0 | 0 |  0 | 0 | 0 | 0 | 0 | 3 | 1 | 2 | 1 | 3 | 1 | 0 | 0 | 2 | 3 | 4 | 3 | 2 | 3 | 3 | 3 | 2 | 0 | 3 | 1 | 2 | 0 | 5 | 1 | 2 | 3 | 3 | 0 | 3 | 1 |
73 | Dobyns, York Henry | PRINCETON UNIVERSITY. | 1987 | male | 1 | 1 | 1988 | 1 | 2 | 2001 | 0 | 0 | 0 | 0 | 0 | 1 | 1 | 0 | 0 | 0 | 0 | 0 | 0 | 0 | 0 | 0 | 0 | 0 | 0 | 0 | 0 | 0 | 0 | 0 | 0 | 0 | 0 | 0 | 0 | 0 | 0 | 0 | 0 | 0 | 0 |  0 | 0 | 0 | 0 | 0 | 1 | 1 | 0 | 0 | 0 | 0 | 0 | 0 | 0 | 0 | 0 | 0 | 0 | 0 | 1 | 0 | 0 | 0 | 0 | 0 | 0 | 0 | 0 | 0 | 0 | 0 | 0 | 0 | 0 | 0 |
74 | Edelson, Richard Allen | CALIFORNIA INSTITUTE OF TECHNOLOGY. | 1987 | male | 7 | 13 | 2017 | 7 | 55 | 2017 | 0 | 0 | 0 | 0 | 2 | 5 | 2 | 0 | 1 | 1 | 0 | 0 | 0 | 1 | 1 | 0 | 1 | 1 | 0 | 0 | 0 | 0 | 0 | 0 | 0 | 0 | 0 | 0 | 0 | 0 | 1 | 1 | 1 | 1 | 0 |  0 | 0 | 0 | 0 | 2 | 5 | 2 | 0 | 2 | 2 | 0 | 1 | 1 | 6 | 5 | 1 | 2 | 3 | 3 | 7 | 1 | 5 | 3 | 0 | 0 | 0 | 0 | 0 | 0 | 1 | 1 | 1 | 1 | 2 | 2 |
75 | Friedson, Andrew James | CALIFORNIA INSTITUTE OF TECHNOLOGY. | 1987 | male | 3 | 9 | 2012 | 3 | 31 | 2015 | 0 | 1 | 1 | 0 | 0 | 1 | 0 | 0 | 0 | 0 | 0 | 0 | 1 | 1 | 0 | 0 | 1 | 2 | 0 | 0 | 1 | 0 | 0 | 1 | 0 | 0 | 0 | 1 | 0 | 0 | 1 | 0 | 0 | 0 | 0 |  0 | 1 | 1 | 0 | 0 | 1 | 0 | 0 | 0 | 3 | 1 | 0 | 2 | 2 | 1 | 1 | 3 | 2 | 0 | 0 | 1 | 1 | 1 | 2 | 0 | 1 | 2 | 1 | 0 | 1 | 2 | 1 | 1 | 2 | 0 |
76 | Griest, Kim Ellwood | California Univ., Santa Cruz. | 1987 | female | 2 | 26 | 2014 | 2 | 109 | 2014 | 0 | 0 | 0 | 0 | 0 | 2 | 3 | 3 | 5 | 3 | 2 | 1 | 0 | 0 | 0 | 0 | 1 | 0 | 1 | 1 | 1 | 0 | 0 | 1 | 0 | 0 | 0 | 0 | 1 | 1 | 0 | 1 | 1 | 0 | 0 |  0 | 0 | 0 | 0 | 0 | 2 | 3 | 4 | 5 | 4 | 3 | 3 | 1 | 7 | 10 | 11 | 7 | 7 | 11 | 12 | 4 | 2 | 2 | 3 | 2 | 1 | 0 | 0 | 2 | 1 | 0 | 2 | 2 | 0 | 0 |
77 | Hacking, Perry B. | CORNELL UNIVERSITY. | 1987 | male | 4 | 3 | 1995 | 6 | 20 | 2003 | 0 | 0 | 0 | 1 | 0 | 3 | 0 | 1 | 0 | 1 | 0 | 0 | 0 | 1 | 0 | 0 | 0 | 0 | 0 | 0 | 0 | 0 | 0 | 0 | 0 | 0 | 0 | 0 | 0 | 0 | 0 | 0 | 0 | 0 | 0 |  0 | 0 | 1 | 1 | 0 | 4 | 2 | 4 | 1 | 2 | 1 | 1 | 1 | 2 | 2 | 0 | 3 | 0 | 0 | 0 | 0 | 1 | 0 | 0 | 0 | 0 | 0 | 0 | 0 | 0 | 0 | 0 | 0 | 0 | 0 |
78 | Iyer, Sai Kothandaram | WASHINGTON UNIVERSITY. | 1987 | male | 3 | 2 | 1993 | 3 | 15 | 2008 | 0 | 0 | 0 | 0 | 0 | 3 | 0 | 1 | 0 | 0 | 0 | 1 | 0 | 0 | 0 | 0 | 0 | 0 | 0 | 0 | 0 | 0 | 0 | 0 | 0 | 0 | 0 | 0 | 0 | 0 | 0 | 0 | 0 | 0 | 0 |  0 | 0 | 0 | 0 | 0 | 3 | 0 | 1 | 1 | 0 | 0 | 1 | 0 | 1 | 1 | 3 | 1 | 0 | 1 | 0 | 1 | 1 | 0 | 1 | 1 | 0 | 1 | 0 | 0 | 0 | 0 | 0 | 0 | 0 | 0 |
79 | Jones, Rodney Vaughn | THE UNIVERSITY OF NORTH CAROLINA AT CHAPEL HILL. | 1987 | male | 3 | 5 | 1996 | 4 | 158 | 2017 | 0 | 0 | 0 | 0 | 0 | 3 | 3 | 0 | 0 | 0 | 1 | 0 | 0 | 0 | 1 | 0 | 0 | 0 | 0 | 0 | 0 | 0 | 0 | 0 | 0 | 0 | 0 | 0 | 0 | 0 | 0 | 0 | 0 | 0 | 0 |  0 | 1 | 0 | 0 | 0 | 3 | 3 | 0 | 0 | 0 | 3 | 0 | 0 | 0 | 1 | 0 | 0 | 0 | 1 | 0 | 0 | 2 | 2 | 2 | 2 | 9 | 14 | 17 | 8 | 8 | 19 | 7 | 14 | 6 | 28 |
80 | Mustafa, Errol | UNIVERSITY OF PENNSYLVANIA. | 1987 | male | 2 | 1 | 1992 | 4 | 1 | 1992 | 0 | 0 | 0 | 0 | 0 | 2 | 0 | 0 | 0 | 0 | 1 | 0 | 0 | 0 | 0 | 0 | 0 | 0 | 0 | 0 | 0 | 0 | 0 | 0 | 0 | 0 | 0 | 0 | 0 | 0 | 0 | 0 | 0 | 0 | 0 |  0 | 0 | 0 | 0 | 1 | 3 | 0 | 0 | 0 | 0 | 1 | 0 | 0 | 0 | 0 | 0 | 0 | 0 | 0 | 0 | 0 | 0 | 0 | 0 | 0 | 0 | 0 | 0 | 0 | 0 | 0 | 0 | 0 | 0 | 0 |
81 | Pollock, Craig James | New Hampshire Univ., Durham. | 1987 | male | 1 | 11 | 2016 | 4 | 106 | 2017 | 0 | 0 | 0 | 0 | 0 | 1 | 2 | 0 | 1 | 0 | 0 | 0 | 0 | 1 | 1 | 0 | 1 | 0 | 1 | 1 | 0 | 1 | 0 | 0 | 0 | 0 | 0 | 1 | 0 | 0 | 0 | 0 | 0 | 0 | 1 |  0 | 0 | 0 | 1 | 1 | 2 | 3 | 3 | 3 | 0 | 5 | 1 | 1 | 3 | 6 | 1 | 6 | 1 | 2 | 4 | 3 | 4 | 2 | 3 | 2 | 4 | 0 | 2 | 0 | 0 | 0 | 1 | 0 | 2 | 36 |
82 | Roby, Scott Wilson | THE UNIVERSITY OF TEXAS AT AUSTIN. | 1987 | male | 1 | 2 | 1999 | 3 | 5 | 1999 | 0 | 0 | 0 | 0 | 0 | 1 | 0 | 0 | 1 | 0 | 0 | 0 | 0 | 0 | 0 | 0 | 0 | 1 | 0 | 0 | 0 | 0 | 0 | 0 | 0 | 0 | 0 | 0 | 0 | 0 | 0 | 0 | 0 | 0 | 0 |  1 | 0 | 0 | 0 | 1 | 1 | 0 | 0 | 1 | 0 | 0 | 1 | 0 | 2 | 0 | 0 | 0 | 1 | 0 | 0 | 0 | 0 | 0 | 0 | 0 | 0 | 0 | 0 | 0 | 0 | 0 | 0 | 0 | 0 | 0 |
83 | Skrutskie, Michael F. | CORNELL UNIVERSITY. | 1987 | male | 4 | 7 | 2006 | 8 | 162 | 2017 | 0 | 0 | 1 | 1 | 0 | 2 | 0 | 1 | 1 | 1 | 0 | 2 | 0 | 0 | 1 | 0 | 0 | 0 | 0 | 0 | 0 | 0 | 0 | 0 | 1 | 0 | 0 | 0 | 0 | 0 | 0 | 0 | 0 | 0 | 0 |  0 | 1 | 2 | 1 | 1 | 3 | 1 | 5 | 3 | 1 | 0 | 5 | 1 | 2 | 5 | 3 | 3 | 3 | 8 | 6 | 5 | 8 | 2 | 3 | 11 | 4 | 4 | 8 | 3 | 10 | 8 | 12 | 16 | 16 | 4 |
84 | Klein, Laurence William | Catholic University of America, Washington, DC. | 1987 | female | 4 | 3 | 2003 | 16 | 13 | 2003 | 1 | 1 | 0 | 1 | 0 | 1 | 0 | 0 | 0 | 0 | 0 | 2 | 0 | 0 | 0 | 0 | 0 | 0 | 0 | 0 | 0 | 1 | 0 | 0 | 0 | 0 | 0 | 0 | 0 | 0 | 0 | 0 | 0 | 0 | 0 |  4 | 3 | 1 | 1 | 2 | 5 | 0 | 1 | 3 | 1 | 0 | 2 | 0 | 1 | 0 | 2 | 0 | 1 | 1 | 0 | 0 | 1 | 0 | 0 | 0 | 0 | 0 | 0 | 0 | 0 | 0 | 0 | 0 | 0 | 0 |
85 | Lind, Kevin Robert | CALIFORNIA INSTITUTE OF TECHNOLOGY. | 1987 | male | 2 | 10 | 2017 | 4 | 63 | 2017 | 0 | 0 | 0 | 1 | 0 | 1 | 0 | 1 | 0 | 0 | 0 | 0 | 0 | 0 | 0 | 0 | 0 | 0 | 0 | 0 | 0 | 0 | 0 | 0 | 0 | 0 | 1 | 2 | 0 | 2 | 1 | 1 | 0 | 1 | 0 |  0 | 2 | 0 | 1 | 0 | 1 | 0 | 1 | 2 | 1 | 0 | 0 | 0 | 0 | 0 | 1 | 0 | 0 | 0 | 0 | 0 | 0 | 0 | 0 | 0 | 0 | 1 | 2 | 1 | 4 | 4 | 4 | 15 | 13 | 8 |
86 | Miller, Guy Scott | CORNELL UNIVERSITY. | 1987 | male | 3 | 10 | 1998 | 3 | 24 | 2016 | 0 | 0 | 0 | 1 | 0 | 2 | 0 | 1 | 1 | 1 | 1 | 0 | 0 | 1 | 2 | 0 | 3 | 0 | 0 | 0 | 0 | 0 | 0 | 0 | 0 | 0 | 0 | 0 | 0 | 0 | 0 | 0 | 0 | 0 | 0 |  0 | 0 | 0 | 1 | 0 | 2 | 0 | 3 | 1 | 3 | 1 | 0 | 0 | 5 | 2 | 0 | 4 | 0 | 0 | 0 | 1 | 0 | 0 | 0 | 0 | 0 | 1 | 0 | 0 | 0 | 0 | 0 | 0 | 2 | 1 |
87 | Noah, Paul Vincent | THE UNIVERSITY OF TOLEDO. | 1987 | male | 2 | 1 | 1988 | 7 | 15 | 2006 | 0 | 0 | 0 | 0 | 0 | 2 | 1 | 0 | 0 | 0 | 0 | 0 | 0 | 0 | 0 | 0 | 0 | 0 | 0 | 0 | 0 | 0 | 0 | 0 | 0 | 0 | 0 | 0 | 0 | 0 | 0 | 0 | 0 | 0 | 0 |  1 | 2 | 1 | 1 | 0 | 2 | 1 | 0 | 0 | 0 | 0 | 1 | 0 | 0 | 0 | 0 | 0 | 0 | 0 | 0 | 1 | 1 | 10 | 0 | 1 | 0 | 0 | 0 | 0 | 0 | 0 | 0 | 0 | 0 | 0 |
88 | Oglesby, Paul Harvey | THE UNIVERSITY OF ARIZONA. | 1987 | male | 2 | 1 | 1988 | 2 | 1 | 1988 | 0 | 0 | 0 | 0 | 0 | 2 | 1 | 0 | 0 | 0 | 0 | 0 | 0 | 0 | 0 | 0 | 0 | 0 | 0 | 0 | 0 | 0 | 0 | 0 | 0 | 0 | 0 | 0 | 0 | 0 | 0 | 0 | 0 | 0 | 0 |  0 | 0 | 0 | 0 | 0 | 2 | 1 | 0 | 0 | 0 | 0 | 0 | 0 | 0 | 0 | 0 | 0 | 0 | 0 | 0 | 0 | 0 | 0 | 0 | 0 | 0 | 0 | 0 | 0 | 0 | 0 | 0 | 0 | 0 | 0 |
89 | Eplee, Robert Eugene, Jr. | THE UNIVERSITY OF ARIZONA. | 1987 | male | 4 | 0 | 1987 | 4 | 2 | 2004 | 0 | 0 | 1 | 1 | 0 | 2 | 0 | 0 | 0 | 0 | 0 | 0 | 0 | 0 | 0 | 0 | 0 | 0 | 0 | 0 | 0 | 0 | 0 | 0 | 0 | 0 | 0 | 0 | 0 | 0 | 0 | 0 | 0 | 0 | 0 |  0 | 0 | 1 | 1 | 0 | 2 | 0 | 0 | 0 | 0 | 0 | 0 | 0 | 0 | 0 | 0 | 0 | 0 | 0 | 1 | 0 | 0 | 1 | 0 | 0 | 0 | 0 | 0 | 0 | 0 | 0 | 0 | 0 | 0 | 0 |
90 | Stebbins, Albert Joseph, III | UNIVERSITY OF CALIFORNIA, BERKELEY. | 1987 | male | 4 | 7 | 2012 | 10 | 69 | 2016 | 0 | 0 | 0 | 0 | 2 | 2 | 1 | 1 | 0 | 0 | 0 | 1 | 0 | 2 | 0 | 0 | 0 | 0 | 0 | 0 | 0 | 0 | 0 | 0 | 1 | 0 | 0 | 0 | 0 | 0 | 1 | 0 | 0 | 0 | 0 |  0 | 1 | 1 | 1 | 3 | 4 | 2 | 1 | 4 | 1 | 5 | 2 | 3 | 4 | 3 | 3 | 1 | 1 | 2 | 1 | 7 | 3 | 4 | 2 | 2 | 2 | 2 | 3 | 1 | 3 | 1 | 0 | 1 | 1 | 4 |
91 | McKeegan, Kevin Daniel | WASHINGTON UNIVERSITY. | 1987 | male | 5 | 7 | 2012 | 17 | 80 | 2017 | 0 | 1 | 1 | 0 | 1 | 2 | 0 | 0 | 0 | 0 | 0 | 0 | 0 | 0 | 0 | 0 | 1 | 0 | 1 | 0 | 0 | 1 | 0 | 0 | 0 | 1 | 0 | 1 | 0 | 1 | 1 | 0 | 0 | 0 | 0 |  1 | 3 | 2 | 2 | 4 | 5 | 0 | 0 | 0 | 0 | 0 | 1 | 1 | 2 | 2 | 3 | 3 | 1 | 5 | 2 | 4 | 5 | 3 | 6 | 9 | 3 | 3 | 7 | 4 | 4 | 3 | 0 | 2 | 2 | 2 |
92 | Varsik, John Roger | UNIVERSITY OF HAWAII. | 1987 | male | 2 | 3 | 2002 | 3 | 11 | 2017 | 0 | 1 | 0 | 0 | 0 | 1 | 0 | 0 | 0 | 0 | 0 | 0 | 0 | 1 | 0 | 0 | 0 | 1 | 0 | 0 | 1 | 0 | 0 | 0 | 0 | 0 | 0 | 0 | 0 | 0 | 0 | 0 | 0 | 0 | 0 |  0 | 1 | 0 | 1 | 0 | 1 | 0 | 0 | 1 | 0 | 1 | 0 | 1 | 1 | 1 | 0 | 2 | 1 | 0 | 0 | 1 | 1 | 0 | 0 | 0 | 0 | 0 | 0 | 0 | 0 | 0 | 0 | 0 | 0 | 0 |
93 | Wehrle, Ann Elizabeth | UNIVERSITY OF CALIFORNIA, LOS ANGELES. | 1987 | female | 3 | 12 | 2016 | 12 | 74 | 2016 | 0 | 0 | 1 | 0 | 0 | 2 | 1 | 1 | 1 | 0 | 1 | 0 | 0 | 0 | 0 | 1 | 1 | 1 | 0 | 1 | 1 | 0 | 0 | 0 | 0 | 0 | 0 | 0 | 0 | 0 | 1 | 1 | 0 | 0 | 1 |  0 | 3 | 2 | 2 | 3 | 2 | 1 | 5 | 1 | 0 | 2 | 5 | 4 | 3 | 2 | 5 | 2 | 5 | 4 | 6 | 4 | 2 | 0 | 0 | 0 | 1 | 1 | 1 | 3 | 4 | 3 | 4 | 2 | 2 | 2 |
94 | Watson, Frederick Garnett | Solar Astronomy 264-33, California Institute of Technology | 1987 | male | 4 | 6 | 2010 | 7 | 59 | 2017 | 0 | 1 | 2 | 0 | 0 | 1 | 0 | 0 | 0 | 1 | 1 | 0 | 0 | 0 | 1 | 0 | 0 | 1 | 0 | 0 | 0 | 0 | 0 | 0 | 0 | 0 | 0 | 1 | 1 | 0 | 0 | 0 | 0 | 0 | 0 |  0 | 1 | 2 | 0 | 1 | 3 | 0 | 0 | 1 | 1 | 2 | 0 | 0 | 0 | 2 | 1 | 1 | 1 | 0 | 0 | 1 | 0 | 0 | 0 | 2 | 1 | 4 | 3 | 6 | 8 | 1 | 6 | 10 | 3 | 1 |
95 | Bao, Jinjun | UNIVERSITY OF ALABAMA IN HUNTSVILLE. | 1987 | male | 1 | 0 | 1987 | 2 | 6 | 2016 | 0 | 0 | 0 | 0 | 0 | 1 | 0 | 0 | 0 | 0 | 0 | 0 | 0 | 0 | 0 | 0 | 0 | 0 | 0 | 0 | 0 | 0 | 0 | 0 | 0 | 0 | 0 | 0 | 0 | 0 | 0 | 0 | 0 | 0 | 0 |  0 | 0 | 0 | 0 | 1 | 1 | 2 | 0 | 1 | 0 | 1 | 1 | 0 | 0 | 0 | 0 | 0 | 0 | 0 | 0 | 0 | 0 | 0 | 0 | 0 | 0 | 0 | 0 | 0 | 0 | 0 | 0 | 0 | 0 | 1 |
96 | Cheng, Ye. | CITY UNIVERSITY OF NEW YORK. | 1987 | male | 1 | 2 | 2013 | 1 | 25 | 2016 | 0 | 0 | 0 | 0 | 0 | 1 | 0 | 0 | 0 | 0 | 0 | 0 | 0 | 0 | 0 | 0 | 0 | 0 | 0 | 0 | 1 | 0 | 0 | 0 | 0 | 0 | 0 | 0 | 0 | 0 | 0 | 1 | 0 | 0 | 0 |  0 | 0 | 0 | 0 | 0 | 1 | 1 | 2 | 0 | 2 | 0 | 0 | 0 | 0 | 0 | 0 | 0 | 1 | 1 | 0 | 2 | 0 | 1 | 1 | 1 | 0 | 3 | 1 | 0 | 0 | 0 | 2 | 2 | 1 | 4 |
97 | Dobson-Hockey, Andrea Kay | NEW MEXICO STATE UNIVERSITY. | 1987 | female | 3 | 0 | 1987 | 3 | 0 | 1987 | 0 | 0 | 0 | 0 | 1 | 2 | 0 | 0 | 0 | 0 | 0 | 0 | 0 | 0 | 0 | 0 | 0 | 0 | 0 | 0 | 0 | 0 | 0 | 0 | 0 | 0 | 0 | 0 | 0 | 0 | 0 | 0 | 0 | 0 | 0 |  0 | 0 | 0 | 0 | 1 | 2 | 0 | 0 | 0 | 0 | 0 | 0 | 0 | 0 | 0 | 0 | 0 | 0 | 0 | 0 | 0 | 0 | 0 | 0 | 0 | 0 | 0 | 0 | 0 | 0 | 0 | 0 | 0 | 0 | 0 |
98 | Kistler, Lynn Marie | Maryland Univ., College Park. | 1987 | female | 1 | 16 | 2016 | 2 | 197 | 2017 | 0 | 0 | 0 | 0 | 0 | 1 | 0 | 2 | 1 | 0 | 1 | 1 | 1 | 0 | 0 | 0 | 1 | 1 | 1 | 0 | 1 | 0 | 0 | 1 | 1 | 0 | 0 | 0 | 2 | 0 | 0 | 0 | 0 | 0 | 2 |  0 | 0 | 0 | 0 | 0 | 2 | 2 | 3 | 6 | 0 | 1 | 2 | 1 | 0 | 1 | 1 | 16 | 8 | 5 | 12 | 10 | 12 | 19 | 8 | 7 | 5 | 8 | 8 | 11 | 5 | 5 | 5 | 15 | 9 | 10 |
99 | Anderson, Brian Jay | UNIVERSITY OF MINNESOTA. | 1987 | male | 2 | 37 | 2016 | 4 | 272 | 2017 | 0 | 1 | 0 | 0 | 0 | 1 | 0 | 1 | 2 | 1 | 2 | 4 | 3 | 3 | 4 | 2 | 1 | 0 | 1 | 0 | 1 | 0 | 1 | 1 | 0 | 2 | 1 | 0 | 1 | 2 | 1 | 0 | 2 | 0 | 1 |  1 | 2 | 0 | 0 | 0 | 1 | 0 | 2 | 7 | 5 | 5 | 9 | 14 | 10 | 10 | 6 | 6 | 5 | 2 | 5 | 6 | 0 | 6 | 7 | 3 | 4 | 6 | 17 | 15 | 14 | 17 | 18 | 18 | 20 | 29 |
100 | Barlow, Nadine Gail | THE UNIVERSITY OF ARIZONA. | 1987 | female | 1 | 15 | 2014 | 1 | 37 | 2016 | 0 | 0 | 0 | 0 | 0 | 1 | 1 | 0 | 2 | 1 | 0 | 0 | 1 | 1 | 0 | 0 | 0 | 1 | 1 | 1 | 0 | 1 | 1 | 0 | 2 | 0 | 0 | 0 | 0 | 0 | 0 | 1 | 1 | 0 | 0 |  0 | 0 | 0 | 0 | 0 | 1 | 1 | 0 | 2 | 1 | 0 | 0 | 1 | 1 | 0 | 0 | 0 | 1 | 1 | 2 | 1 | 2 | 2 | 1 | 4 | 1 | 2 | 1 | 3 | 1 | 1 | 1 | 4 | 2 | 1 |
101 | Neff, James Edward | UNIVERSITY OF COLORADO AT BOULDER. | 1987 | male | 4 | 10 | 2008 | 7 | 54 | 2017 | 0 | 0 | 0 | 0 | 1 | 3 | 1 | 1 | 0 | 1 | 1 | 0 | 0 | 2 | 1 | 0 | 0 | 0 | 0 | 0 | 0 | 0 | 2 | 0 | 0 | 0 | 1 | 0 | 0 | 0 | 0 | 0 | 0 | 0 | 0 |  0 | 0 | 1 | 0 | 1 | 5 | 1 | 4 | 0 | 1 | 5 | 1 | 4 | 3 | 6 | 4 | 3 | 2 | 1 | 4 | 1 | 2 | 5 | 0 | 0 | 0 | 1 | 0 | 0 | 0 | 0 | 0 | 0 | 4 | 1 |
102 | Oyedeji, Oyekale | HOWARD UNIVERSITY. | 1987 | male | 1 | 0 | 1987 | 1 | 0 | 1987 | 0 | 0 | 0 | 0 | 0 | 1 | 0 | 0 | 0 | 0 | 0 | 0 | 0 | 0 | 0 | 0 | 0 | 0 | 0 | 0 | 0 | 0 | 0 | 0 | 0 | 0 | 0 | 0 | 0 | 0 | 0 | 0 | 0 | 0 | 0 |  0 | 0 | 0 | 0 | 0 | 1 | 0 | 0 | 0 | 0 | 0 | 0 | 0 | 0 | 0 | 0 | 0 | 0 | 0 | 0 | 0 | 0 | 0 | 0 | 0 | 0 | 0 | 0 | 0 | 0 | 0 | 0 | 0 | 0 | 0 |
103 | Phillips, John Lynch | California Univ., Los Angeles. | 1987 | male | 11 | 21 | 2001 | 22 | 124 | 2015 | 0 | 0 | 1 | 1 | 3 | 6 | 1 | 2 | 1 | 1 | 2 | 4 | 1 | 6 | 0 | 1 | 1 | 0 | 0 | 1 | 0 | 0 | 0 | 0 | 0 | 0 | 0 | 0 | 0 | 0 | 0 | 0 | 0 | 0 | 0 |  0 | 0 | 2 | 3 | 6 | 11 | 1 | 3 | 3 | 4 | 8 | 16 | 10 | 32 | 17 | 10 | 10 | 1 | 1 | 1 | 1 | 1 | 1 | 0 | 1 | 0 | 0 | 0 | 0 | 1 | 1 | 0 | 0 | 1 | 0 |
104 | Ryden, Barbara Sue | PRINCETON UNIVERSITY. | 1987 | female | 4 | 26 | 2010 | 4 | 42 | 2012 | 0 | 0 | 1 | 0 | 1 | 2 | 4 | 1 | 2 | 3 | 2 | 2 | 2 | 1 | 3 | 0 | 0 | 1 | 0 | 1 | 0 | 0 | 2 | 0 | 1 | 0 | 0 | 0 | 1 | 0 | 0 | 0 | 0 | 0 | 0 |  0 | 0 | 1 | 0 | 1 | 2 | 4 | 2 | 3 | 4 | 2 | 2 | 3 | 1 | 4 | 1 | 4 | 1 | 0 | 2 | 1 | 0 | 2 | 2 | 1 | 0 | 1 | 0 | 1 | 0 | 1 | 0 | 0 | 0 | 0 |
105 | Schmelz, Joan T. | THE PENNSYLVANIA STATE UNIVERSITY. | 1987 | male | 7 | 52 | 2016 | 13 | 72 | 2016 | 0 | 0 | 1 | 0 | 2 | 4 | 2 | 0 | 0 | 2 | 2 | 2 | 1 | 1 | 1 | 3 | 0 | 1 | 0 | 1 | 3 | 3 | 0 | 2 | 2 | 3 | 1 | 3 | 2 | 3 | 3 | 4 | 2 | 3 | 2 |  1 | 0 | 1 | 3 | 2 | 6 | 2 | 1 | 2 | 4 | 3 | 2 | 1 | 2 | 1 | 3 | 0 | 3 | 0 | 1 | 4 | 3 | 0 | 3 | 3 | 4 | 1 | 3 | 4 | 4 | 4 | 5 | 2 | 4 | 3 |
106 | Bolte, Michael John | UNIVERSITY OF WASHINGTON. | 1987 | male | 6 | 12 | 1995 | 10 | 95 | 2016 | 0 | 0 | 1 | 0 | 2 | 3 | 1 | 4 | 1 | 1 | 2 | 1 | 1 | 1 | 0 | 0 | 0 | 0 | 0 | 0 | 0 | 0 | 0 | 0 | 0 | 0 | 0 | 0 | 0 | 0 | 0 | 0 | 0 | 0 | 0 |  0 | 0 | 1 | 1 | 3 | 5 | 1 | 5 | 3 | 3 | 3 | 1 | 7 | 4 | 7 | 5 | 5 | 5 | 1 | 4 | 7 | 4 | 8 | 1 | 2 | 3 | 2 | 3 | 3 | 2 | 1 | 2 | 0 | 2 | 1 |
107 | Chapman, Giles Nicholas Fenger | HARVARD UNIVERSITY. | 1987 | male | 3 | 1 | 1988 | 4 | 2 | 2003 | 0 | 0 | 0 | 1 | 0 | 2 | 1 | 0 | 0 | 0 | 0 | 0 | 0 | 0 | 0 | 0 | 0 | 0 | 0 | 0 | 0 | 0 | 0 | 0 | 0 | 0 | 0 | 0 | 0 | 0 | 0 | 0 | 0 | 0 | 0 |  0 | 0 | 0 | 2 | 0 | 2 | 1 | 0 | 0 | 0 | 0 | 0 | 0 | 0 | 0 | 0 | 0 | 0 | 0 | 0 | 0 | 1 | 0 | 0 | 0 | 0 | 0 | 0 | 0 | 0 | 0 | 0 | 0 | 0 | 0 |
108 | Sage, Leslie John | STATE UNIVERSITY OF NEW YORK AT STONY BROOK. | 1987 | female | 2 | 149 | 2016 | 2 | 172 | 2016 | 0 | 0 | 0 | 0 | 0 | 2 | 0 | 3 | 2 | 4 | 1 | 4 | 4 | 3 | 0 | 7 | 7 | 6 | 6 | 7 | 6 | 6 | 6 | 6 | 8 | 7 | 8 | 4 | 6 | 6 | 6 | 7 | 7 | 6 | 6 |  0 | 0 | 0 | 0 | 0 | 2 | 1 | 3 | 4 | 5 | 1 | 10 | 5 | 4 | 2 | 8 | 9 | 7 | 6 | 8 | 6 | 7 | 6 | 6 | 8 | 8 | 8 | 4 | 7 | 7 | 6 | 7 | 7 | 6 | 6 |
109 | Mateo, Mario Luis | UNIVERSITY OF WASHINGTON. | 1987 | male | 12 | 23 | 2008 | 23 | 200 | 2017 | 0 | 0 | 2 | 5 | 2 | 3 | 2 | 2 | 2 | 3 | 1 | 2 | 0 | 3 | 2 | 0 | 4 | 1 | 0 | 0 | 0 | 0 | 0 | 0 | 0 | 0 | 1 | 0 | 0 | 0 | 0 | 0 | 0 | 0 | 0 |  0 | 2 | 4 | 6 | 6 | 5 | 10 | 5 | 6 | 6 | 9 | 11 | 10 | 10 | 7 | 10 | 15 | 8 | 3 | 8 | 6 | 5 | 3 | 3 | 8 | 5 | 6 | 11 | 4 | 2 | 3 | 4 | 1 | 6 | 9 |
110 | Kessel, Ramona Louise | UNIVERSITY OF KANSAS. | 1987 | female | 3 | 13 | 2013 | 3 | 28 | 2013 | 0 | 0 | 0 | 1 | 0 | 2 | 1 | 1 | 0 | 2 | 0 | 0 | 1 | 0 | 1 | 1 | 0 | 1 | 0 | 0 | 0 | 0 | 1 | 2 | 0 | 0 | 1 | 0 | 0 | 0 | 0 | 1 | 0 | 0 | 0 |  0 | 0 | 0 | 1 | 0 | 2 | 2 | 1 | 1 | 3 | 1 | 1 | 1 | 0 | 1 | 2 | 1 | 2 | 1 | 0 | 0 | 0 | 1 | 3 | 0 | 1 | 2 | 1 | 1 | 0 | 0 | 2 | 0 | 0 | 0 |
111 | Lange, Andrew Evan | UNIVERSITY OF CALIFORNIA, BERKELEY. | 1987 | male | 2 | 4 | 2001 | 6 | 147 | 2012 | 0 | 0 | 0 | 0 | 0 | 2 | 0 | 0 | 0 | 0 | 0 | 0 | 1 | 2 | 0 | 0 | 0 | 0 | 0 | 1 | 0 | 0 | 0 | 0 | 0 | 0 | 0 | 0 | 0 | 0 | 0 | 0 | 0 | 0 | 0 |  1 | 0 | 0 | 1 | 0 | 4 | 1 | 0 | 2 | 0 | 4 | 8 | 9 | 7 | 5 | 5 | 1 | 2 | 9 | 3 | 11 | 15 | 4 | 6 | 10 | 9 | 3 | 10 | 17 | 5 | 1 | 0 | 0 | 0 | 0 |
112 | McIntosh, Gordon Campbell | UNIVERSITY OF MASSACHUSETTS. | 1987 | male | 1 | 22 | 2015 | 2 | 27 | 2015 | 0 | 0 | 0 | 0 | 0 | 1 | 0 | 1 | 0 | 0 | 0 | 1 | 1 | 0 | 1 | 0 | 0 | 1 | 1 | 0 | 1 | 0 | 0 | 0 | 4 | 3 | 1 | 1 | 3 | 0 | 0 | 2 | 0 | 1 | 0 |  0 | 0 | 0 | 0 | 0 | 2 | 0 | 1 | 0 | 0 | 0 | 1 | 1 | 0 | 1 | 0 | 0 | 1 | 1 | 0 | 1 | 0 | 1 | 1 | 5 | 3 | 1 | 1 | 3 | 1 | 0 | 2 | 1 | 1 | 0 |
113 | Noll, Keith Stephen | STATE UNIVERSITY OF NEW YORK AT STONY BROOK. | 1987 | male | 3 | 33 | 2008 | 4 | 99 | 2017 | 0 | 0 | 0 | 0 | 2 | 1 | 3 | 1 | 2 | 1 | 0 | 2 | 1 | 4 | 3 | 5 | 1 | 0 | 2 | 0 | 1 | 2 | 2 | 0 | 1 | 0 | 2 | 0 | 0 | 0 | 0 | 0 | 0 | 0 | 0 |  0 | 0 | 0 | 1 | 2 | 1 | 6 | 2 | 2 | 1 | 2 | 2 | 2 | 7 | 5 | 8 | 4 | 1 | 5 | 1 | 3 | 4 | 2 | 4 | 3 | 3 | 5 | 4 | 4 | 4 | 4 | 0 | 3 | 2 | 4 |
114 | Beardsley, Burt Jay | THE UNIVERSITY OF ARIZONA. | 1987 | male | 1 | 0 | 1987 | 1 | 0 | 1987 | 0 | 0 | 0 | 0 | 0 | 1 | 0 | 0 | 0 | 0 | 0 | 0 | 0 | 0 | 0 | 0 | 0 | 0 | 0 | 0 | 0 | 0 | 0 | 0 | 0 | 0 | 0 | 0 | 0 | 0 | 0 | 0 | 0 | 0 | 0 |  0 | 0 | 0 | 0 | 0 | 1 | 0 | 0 | 0 | 0 | 0 | 0 | 0 | 0 | 0 | 0 | 0 | 0 | 0 | 0 | 0 | 0 | 0 | 0 | 0 | 0 | 0 | 0 | 0 | 0 | 0 | 0 | 0 | 0 | 0 |
115 | Shinagawa, Hiroyuki | Michigan Univ., Ann Arbor. | 1987 | male | 3 | 21 | 2017 | 4 | 69 | 2017 | 0 | 0 | 0 | 0 | 0 | 3 | 1 | 2 | 0 | 2 | 1 | 2 | 0 | 0 | 2 | 0 | 2 | 1 | 1 | 0 | 0 | 1 | 2 | 0 | 1 | 1 | 0 | 0 | 0 | 0 | 0 | 1 | 0 | 0 | 0 |  0 | 0 | 1 | 0 | 0 | 3 | 1 | 2 | 2 | 3 | 1 | 2 | 0 | 0 | 2 | 0 | 3 | 2 | 1 | 2 | 1 | 3 | 4 | 3 | 1 | 1 | 2 | 4 | 3 | 4 | 6 | 3 | 6 | 2 | 1 |
116 | Wan, Der-Shen | Arizona Univ., Tucson. | 1987 | male | 2 | 1 | 2003 | 2 | 7 | 2008 | 0 | 0 | 0 | 0 | 0 | 2 | 0 | 0 | 0 | 0 | 0 | 0 | 0 | 0 | 0 | 0 | 0 | 0 | 0 | 0 | 0 | 1 | 0 | 0 | 0 | 0 | 0 | 0 | 0 | 0 | 0 | 0 | 0 | 0 | 0 |  0 | 0 | 0 | 0 | 0 | 2 | 0 | 0 | 0 | 0 | 0 | 0 | 0 | 0 | 0 | 1 | 0 | 0 | 0 | 0 | 0 | 2 | 1 | 1 | 1 | 0 | 1 | 0 | 0 | 0 | 0 | 0 | 0 | 0 | 0 |
117 | Cheung, Kwok-Wai | CALIFORNIA INSTITUTE OF TECHNOLOGY. | 1987 | male | 1 | 0 | 1987 | 4 | 0 | 1987 | 0 | 0 | 0 | 0 | 0 | 1 | 0 | 0 | 0 | 0 | 0 | 0 | 0 | 0 | 0 | 0 | 0 | 0 | 0 | 0 | 0 | 0 | 0 | 0 | 0 | 0 | 0 | 0 | 0 | 0 | 0 | 0 | 0 | 0 | 0 |  0 | 0 | 0 | 2 | 0 | 2 | 0 | 0 | 0 | 0 | 0 | 0 | 0 | 0 | 0 | 0 | 0 | 0 | 0 | 0 | 0 | 0 | 0 | 0 | 0 | 0 | 0 | 0 | 0 | 0 | 0 | 0 | 0 | 0 | 0 |
118 | Williams, Steven Hamilton | ARIZONA STATE UNIVERSITY | 1987 | male | 2 | 7 | 2009 | 5 | 25 | 2016 | 0 | 1 | 0 | 0 | 0 | 1 | 0 | 0 | 1 | 0 | 0 | 1 | 3 | 0 | 0 | 0 | 0 | 0 | 0 | 0 | 0 | 0 | 0 | 0 | 0 | 1 | 0 | 1 | 0 | 0 | 0 | 0 | 0 | 0 | 0 |  1 | 2 | 1 | 0 | 0 | 1 | 0 | 2 | 2 | 0 | 0 | 1 | 4 | 0 | 0 | 0 | 0 | 0 | 0 | 1 | 0 | 0 | 0 | 0 | 1 | 1 | 0 | 2 | 0 | 2 | 0 | 0 | 2 | 2 | 5 |
119 | Cota, Stephen Andrew | THE OHIO STATE UNIVERSITY. | 1987 | male | 1 | 1 | 1988 | 3 | 4 | 1991 | 0 | 0 | 0 | 0 | 0 | 1 | 1 | 0 | 0 | 0 | 0 | 0 | 0 | 0 | 0 | 0 | 0 | 0 | 0 | 0 | 0 | 0 | 0 | 0 | 0 | 0 | 0 | 0 | 0 | 0 | 0 | 0 | 0 | 0 | 0 |  0 | 0 | 0 | 0 | 0 | 3 | 2 | 0 | 1 | 1 | 0 | 0 | 0 | 0 | 0 | 0 | 0 | 0 | 0 | 0 | 0 | 0 | 0 | 0 | 0 | 0 | 0 | 0 | 0 | 0 | 0 | 0 | 0 | 0 | 0 |
120 | Baum, Stefi Alison | UNIVERSITY OF MARYLAND COLLEGE PARK. | 1987 | female | 2 | 19 | 2014 | 6 | 224 | 2017 | 0 | 0 | 0 | 0 | 1 | 1 | 2 | 2 | 2 | 1 | 2 | 1 | 0 | 1 | 1 | 1 | 1 | 0 | 1 | 0 | 0 | 0 | 0 | 1 | 0 | 0 | 0 | 0 | 2 | 0 | 0 | 0 | 1 | 0 | 0 |  0 | 0 | 0 | 0 | 2 | 4 | 2 | 3 | 5 | 4 | 4 | 3 | 6 | 9 | 14 | 10 | 18 | 13 | 10 | 7 | 11 | 8 | 4 | 7 | 12 | 3 | 7 | 6 | 15 | 4 | 10 | 3 | 8 | 5 | 9 |
121 | Murthy, Jayant Narasimha | THE JOHNS HOPKINS UNIVERSITY. | 1987 | male | 3 | 28 | 2016 | 6 | 85 | 2017 | 0 | 0 | 0 | 0 | 0 | 3 | 0 | 2 | 2 | 2 | 1 | 2 | 1 | 1 | 0 | 0 | 0 | 1 | 0 | 3 | 1 | 1 | 1 | 1 | 0 | 1 | 0 | 1 | 1 | 1 | 1 | 0 | 2 | 0 | 2 |  0 | 0 | 0 | 0 | 3 | 3 | 0 | 2 | 2 | 2 | 1 | 4 | 1 | 2 | 1 | 1 | 0 | 1 | 2 | 3 | 2 | 2 | 3 | 3 | 2 | 4 | 2 | 5 | 5 | 5 | 3 | 4 | 8 | 4 | 6 |
122 | Haber, Deborah Ann | UNIVERSITY OF COLORADO AT BOULDER. | 1987 | female | 1 | 7 | 2004 | 4 | 27 | 2013 | 0 | 0 | 0 | 0 | 0 | 1 | 0 | 0 | 0 | 3 | 0 | 0 | 0 | 0 | 0 | 0 | 0 | 1 | 1 | 0 | 1 | 0 | 1 | 0 | 0 | 0 | 0 | 0 | 0 | 0 | 0 | 0 | 0 | 0 | 0 |  1 | 1 | 0 | 1 | 0 | 1 | 0 | 0 | 0 | 3 | 0 | 0 | 0 | 0 | 2 | 0 | 1 | 1 | 2 | 0 | 2 | 0 | 3 | 0 | 4 | 2 | 0 | 1 | 1 | 2 | 1 | 2 | 0 | 0 | 0 |
123 | Kassim, Namir El Sheikh | UNIVERSITY OF MARYLAND COLLEGE PARK. | 1987 | male | 1 | 1 | 1988 | 1 | 16 | 2013 | 0 | 0 | 0 | 0 | 0 | 1 | 1 | 0 | 0 | 0 | 0 | 0 | 0 | 0 | 0 | 0 | 0 | 0 | 0 | 0 | 0 | 0 | 0 | 0 | 0 | 0 | 0 | 0 | 0 | 0 | 0 | 0 | 0 | 0 | 0 |  0 | 0 | 0 | 0 | 0 | 1 | 1 | 0 | 1 | 0 | 0 | 0 | 0 | 0 | 1 | 1 | 0 | 1 | 2 | 0 | 0 | 1 | 4 | 0 | 0 | 0 | 0 | 0 | 1 | 1 | 1 | 1 | 0 | 0 | 0 |
124 | Linker, Jon Andrew | UNIVERSITY OF CALIFORNIA, LOS ANGELES. | 1987 | male | 2 | 13 | 2013 | 2 | 124 | 2016 | 0 | 0 | 0 | 1 | 0 | 1 | 1 | 1 | 3 | 1 | 1 | 0 | 0 | 1 | 0 | 0 | 1 | 1 | 0 | 1 | 0 | 0 | 0 | 0 | 0 | 0 | 0 | 0 | 0 | 1 | 0 | 1 | 0 | 0 | 0 |  0 | 0 | 0 | 1 | 0 | 1 | 1 | 1 | 3 | 1 | 1 | 0 | 1 | 1 | 2 | 0 | 6 | 7 | 5 | 6 | 5 | 4 | 4 | 3 | 7 | 2 | 7 | 4 | 9 | 9 | 6 | 10 | 7 | 4 | 8 |
125 | Dobias, Jan Joseph | UNIVERSITY OF CALIFORNIA, LOS ANGELES. | 1987 | male | 5 | 2 | 2009 | 8 | 11 | 2011 | 0 | 0 | 0 | 2 | 0 | 3 | 0 | 1 | 0 | 0 | 0 | 0 | 0 | 0 | 0 | 0 | 0 | 0 | 0 | 0 | 0 | 0 | 0 | 0 | 0 | 0 | 0 | 1 | 0 | 0 | 0 | 0 | 0 | 0 | 0 |  0 | 1 | 0 | 2 | 0 | 5 | 0 | 1 | 0 | 0 | 0 | 0 | 1 | 0 | 1 | 1 | 1 | 0 | 0 | 1 | 0 | 1 | 1 | 0 | 0 | 0 | 1 | 1 | 0 | 1 | 0 | 0 | 0 | 0 | 0 |
126 | Ebstein, Steven Michael | HARVARD UNIVERSITY. | 1987 | male | 2 | 1 | 1989 | 3 | 3 | 1996 | 0 | 0 | 0 | 0 | 0 | 2 | 0 | 1 | 0 | 0 | 0 | 0 | 0 | 0 | 0 | 0 | 0 | 0 | 0 | 0 | 0 | 0 | 0 | 0 | 0 | 0 | 0 | 0 | 0 | 0 | 0 | 0 | 0 | 0 | 0 |  0 | 0 | 0 | 1 | 0 | 2 | 0 | 1 | 0 | 0 | 0 | 0 | 0 | 1 | 1 | 0 | 0 | 0 | 0 | 0 | 0 | 0 | 0 | 0 | 0 | 0 | 0 | 0 | 0 | 0 | 0 | 0 | 0 | 0 | 0 |
127 | Park, Seok Jae | Texas Univ., Austin. | 1987 | male | 2 | 27 | 2012 | 2 | 48 | 2016 | 0 | 0 | 0 | 0 | 0 | 2 | 1 | 2 | 5 | 1 | 1 | 1 | 2 | 2 | 2 | 2 | 1 | 1 | 1 | 0 | 0 | 0 | 2 | 0 | 0 | 0 | 0 | 1 | 0 | 0 | 2 | 0 | 0 | 0 | 0 |  0 | 0 | 0 | 0 | 0 | 2 | 1 | 3 | 5 | 1 | 1 | 1 | 2 | 2 | 2 | 2 | 1 | 2 | 1 | 0 | 0 | 0 | 3 | 1 | 1 | 1 | 3 | 5 | 0 | 0 | 3 | 2 | 2 | 2 | 1 |
128 | Killen, Rosemary Margaret | Rice Univ., Houston, TX. | 1987 | female | 4 | 30 | 2016 | 4 | 96 | 2017 | 1 | 0 | 1 | 0 | 0 | 2 | 3 | 1 | 1 | 2 | 0 | 2 | 1 | 0 | 1 | 1 | 0 | 3 | 0 | 1 | 1 | 1 | 2 | 1 | 1 | 1 | 0 | 2 | 2 | 0 | 1 | 0 | 0 | 1 | 1 |  1 | 0 | 1 | 0 | 0 | 2 | 5 | 1 | 1 | 2 | 0 | 2 | 1 | 0 | 1 | 2 | 2 | 4 | 3 | 4 | 4 | 2 | 2 | 4 | 5 | 5 | 6 | 5 | 9 | 5 | 6 | 3 | 2 | 3 | 4 |
129 | Levin, Steven Mark | UNIVERSITY OF CALIFORNIA, BERKELEY. | 1987 | male | 2 | 4 | 2001 | 2 | 58 | 2017 | 0 | 1 | 0 | 0 | 0 | 1 | 1 | 0 | 0 | 0 | 1 | 0 | 0 | 0 | 0 | 0 | 0 | 0 | 0 | 2 | 0 | 0 | 0 | 0 | 0 | 0 | 0 | 0 | 0 | 0 | 0 | 0 | 0 | 0 | 0 |  0 | 1 | 0 | 0 | 0 | 1 | 5 | 1 | 1 | 0 | 1 | 1 | 1 | 8 | 1 | 1 | 2 | 1 | 0 | 4 | 2 | 0 | 7 | 2 | 2 | 0 | 1 | 1 | 5 | 6 | 0 | 0 | 2 | 0 | 1 |
130 | Garwood, Robert Walter | UNIVERSITY OF MINNESOTA. | 1987 | male | 3 | 3 | 1989 | 4 | 10 | 2015 | 0 | 0 | 0 | 0 | 0 | 3 | 2 | 1 | 0 | 0 | 0 | 0 | 0 | 0 | 0 | 0 | 0 | 0 | 0 | 0 | 0 | 0 | 0 | 0 | 0 | 0 | 0 | 0 | 0 | 0 | 0 | 0 | 0 | 0 | 0 |  0 | 0 | 1 | 0 | 0 | 3 | 3 | 3 | 0 | 0 | 0 | 0 | 0 | 2 | 0 | 0 | 0 | 0 | 0 | 0 | 0 | 0 | 0 | 0 | 0 | 0 | 0 | 0 | 0 | 0 | 0 | 0 | 0 | 2 | 0 |
131 | Hirschi, Dean Carlyle | UNIVERSITY OF KANSAS. | 1987 | male | 2 | 0 | 1987 | 3 | 0 | 1987 | 0 | 0 | 0 | 0 | 0 | 2 | 0 | 0 | 0 | 0 | 0 | 0 | 0 | 0 | 0 | 0 | 0 | 0 | 0 | 0 | 0 | 0 | 0 | 0 | 0 | 0 | 0 | 0 | 0 | 0 | 0 | 0 | 0 | 0 | 0 |  1 | 0 | 0 | 0 | 0 | 2 | 0 | 0 | 0 | 0 | 0 | 0 | 0 | 0 | 0 | 0 | 0 | 0 | 0 | 0 | 0 | 0 | 0 | 0 | 0 | 0 | 0 | 0 | 0 | 0 | 0 | 0 | 0 | 0 | 0 |
132 | Kenney, Jeffrey Dickson | UNIVERSITY OF MASSACHUSETTS. | 1987 | male | 3 | 18 | 2015 | 7 | 81 | 2017 | 0 | 0 | 0 | 1 | 1 | 1 | 3 | 1 | 1 | 2 | 1 | 2 | 0 | 1 | 1 | 0 | 0 | 1 | 0 | 0 | 1 | 0 | 1 | 0 | 0 | 0 | 1 | 0 | 0 | 0 | 0 | 0 | 1 | 1 | 0 |  0 | 0 | 1 | 1 | 4 | 1 | 3 | 4 | 2 | 3 | 5 | 2 | 0 | 2 | 4 | 1 | 2 | 5 | 0 | 1 | 2 | 0 | 4 | 2 | 6 | 4 | 7 | 5 | 1 | 1 | 2 | 3 | 5 | 2 | 1 |
133 | Lodhi, Lily Manou | BAYLOR UNIVERSITY. | 1987 | female | 1 | 0 | 1987 | 2 | 0 | 1987 | 0 | 0 | 0 | 0 | 0 | 1 | 0 | 0 | 0 | 0 | 0 | 0 | 0 | 0 | 0 | 0 | 0 | 0 | 0 | 0 | 0 | 0 | 0 | 0 | 0 | 0 | 0 | 0 | 0 | 0 | 0 | 0 | 0 | 0 | 0 |  0 | 0 | 1 | 0 | 0 | 1 | 0 | 0 | 0 | 0 | 0 | 0 | 0 | 0 | 0 | 0 | 0 | 0 | 0 | 0 | 0 | 0 | 0 | 0 | 0 | 0 | 0 | 0 | 0 | 0 | 0 | 0 | 0 | 0 | 0 |
134 | McConnell, Mark Lewis | UNIVERSITY OF NEW HAMPSHIRE. | 1987 | male | 7 | 20 | 2017 | 10 | 127 | 2017 | 1 | 1 | 0 | 0 | 0 | 5 | 0 | 1 | 0 | 0 | 0 | 2 | 1 | 0 | 1 | 3 | 1 | 3 | 1 | 0 | 2 | 0 | 2 | 0 | 2 | 0 | 0 | 0 | 0 | 0 | 0 | 0 | 0 | 0 | 0 |  1 | 1 | 0 | 0 | 0 | 8 | 0 | 2 | 2 | 0 | 1 | 18 | 5 | 20 | 12 | 9 | 8 | 7 | 5 | 5 | 4 | 1 | 4 | 8 | 6 | 0 | 3 | 3 | 0 | 1 | 0 | 0 | 1 | 0 | 1 |
135 | Nelson, Matthew Jon | THE UNIVERSITY OF WISCONSIN - MADISON. | 1987 | male | 2 | 10 | 2008 | 2 | 57 | 2016 | 0 | 1 | 0 | 0 | 0 | 1 | 0 | 0 | 0 | 0 | 0 | 1 | 1 | 0 | 0 | 0 | 0 | 0 | 0 | 1 | 0 | 3 | 0 | 1 | 0 | 0 | 3 | 0 | 0 | 0 | 0 | 0 | 0 | 0 | 0 |  0 | 1 | 0 | 0 | 0 | 1 | 0 | 0 | 5 | 0 | 0 | 4 | 3 | 4 | 4 | 3 | 1 | 1 | 0 | 1 | 0 | 5 | 1 | 4 | 3 | 1 | 5 | 4 | 0 | 0 | 2 | 3 | 2 | 0 | 1 |
136 | Olinto, Angela Villela | MASSACHUSETTS INSTITUTE OF TECHNOLOGY. | 1987 | female | 2 | 13 | 2011 | 4 | 167 | 2017 | 0 | 0 | 0 | 0 | 0 | 2 | 1 | 0 | 0 | 1 | 0 | 0 | 0 | 0 | 0 | 0 | 1 | 1 | 1 | 2 | 1 | 0 | 1 | 0 | 0 | 1 | 1 | 0 | 0 | 2 | 0 | 0 | 0 | 0 | 0 |  0 | 0 | 0 | 0 | 2 | 2 | 2 | 3 | 1 | 1 | 0 | 2 | 2 | 1 | 3 | 4 | 2 | 4 | 6 | 5 | 2 | 6 | 7 | 4 | 3 | 9 | 10 | 5 | 7 | 11 | 12 | 5 | 12 | 25 | 9 |
137 | Hamann, Frederick William, III | STATE UNIVERSITY OF NEW YORK AT STONY BROOK. | 1987 | male | 3 | 8 | 2013 | 5 | 56 | 2017 | 0 | 0 | 0 | 0 | 1 | 2 | 2 | 1 | 0 | 0 | 0 | 0 | 0 | 0 | 0 | 0 | 0 | 0 | 1 | 1 | 0 | 0 | 0 | 0 | 0 | 0 | 1 | 0 | 0 | 1 | 0 | 1 | 0 | 0 | 0 |  0 | 0 | 0 | 2 | 1 | 2 | 2 | 1 | 1 | 0 | 0 | 1 | 0 | 0 | 1 | 0 | 0 | 1 | 3 | 3 | 2 | 8 | 3 | 2 | 2 | 0 | 2 | 1 | 0 | 2 | 3 | 4 | 5 | 1 | 5 |
138 | Jhun, Jong-Ghap | Wisconsin Univ., Madison. | 1987 | male | 2 | 0 | 1987 | 2 | 10 | 2010 | 0 | 0 | 0 | 0 | 0 | 2 | 0 | 0 | 0 | 0 | 0 | 0 | 0 | 0 | 0 | 0 | 0 | 0 | 0 | 0 | 0 | 0 | 0 | 0 | 0 | 0 | 0 | 0 | 0 | 0 | 0 | 0 | 0 | 0 | 0 |  0 | 0 | 0 | 0 | 0 | 2 | 0 | 0 | 0 | 0 | 0 | 0 | 0 | 0 | 0 | 0 | 0 | 0 | 0 | 1 | 0 | 0 | 2 | 1 | 3 | 1 | 1 | 0 | 1 | 0 | 0 | 0 | 0 | 0 | 0 |
139 | Konno, Ichishiro | ARIZONA STATE UNIVERSITY | 1987 | None | 1 | 4 | 1993 | 1 | 7 | 1995 | 0 | 0 | 0 | 0 | 0 | 1 | 1 | 2 | 0 | 0 | 0 | 1 | 0 | 0 | 0 | 0 | 0 | 0 | 0 | 0 | 0 | 0 | 0 | 0 | 0 | 0 | 0 | 0 | 0 | 0 | 0 | 0 | 0 | 0 | 0 |  0 | 0 | 0 | 0 | 0 | 1 | 1 | 3 | 1 | 0 | 0 | 1 | 0 | 1 | 0 | 0 | 0 | 0 | 0 | 0 | 0 | 0 | 0 | 0 | 0 | 0 | 0 | 0 | 0 | 0 | 0 | 0 | 0 | 0 | 0 |
140 | Finn, Lee Samuel | CALIFORNIA INSTITUTE OF TECHNOLOGY. | 1987 | male | 4 | 22 | 2013 | 4 | 159 | 2016 | 0 | 0 | 0 | 1 | 1 | 2 | 1 | 0 | 3 | 1 | 1 | 1 | 1 | 0 | 1 | 0 | 0 | 1 | 1 | 3 | 1 | 2 | 1 | 0 | 0 | 0 | 0 | 2 | 1 | 0 | 0 | 1 | 0 | 0 | 0 |  0 | 0 | 0 | 1 | 1 | 2 | 1 | 0 | 4 | 1 | 1 | 3 | 1 | 0 | 1 | 0 | 3 | 1 | 2 | 3 | 3 | 3 | 11 | 9 | 7 | 10 | 16 | 16 | 10 | 9 | 16 | 9 | 16 | 2 | 1 |
141 | Gibbs, Kenneth Gerard | THE UNIVERSITY OF ARIZONA. | 1987 | male | 2 | 3 | 2003 | 24 | 102 | 2014 | 0 | 0 | 0 | 0 | 0 | 2 | 1 | 0 | 0 | 1 | 0 | 0 | 0 | 0 | 0 | 0 | 0 | 0 | 0 | 0 | 0 | 1 | 0 | 0 | 0 | 0 | 0 | 0 | 0 | 0 | 0 | 0 | 0 | 0 | 0 |  0 | 9 | 1 | 7 | 2 | 5 | 2 | 3 | 2 | 11 | 2 | 10 | 2 | 12 | 2 | 2 | 0 | 0 | 2 | 3 | 3 | 20 | 6 | 3 | 1 | 0 | 4 | 7 | 3 | 1 | 0 | 0 | 1 | 0 | 0 |
142 | Hartigan, Patrick Michael | THE UNIVERSITY OF ARIZONA. | 1987 | male | 7 | 39 | 2016 | 10 | 91 | 2017 | 1 | 0 | 0 | 1 | 2 | 3 | 0 | 3 | 2 | 1 | 0 | 3 | 2 | 2 | 2 | 0 | 0 | 2 | 3 | 1 | 0 | 2 | 2 | 2 | 0 | 3 | 1 | 3 | 0 | 1 | 1 | 0 | 0 | 2 | 1 |  1 | 1 | 1 | 1 | 3 | 3 | 3 | 3 | 2 | 2 | 2 | 8 | 7 | 3 | 5 | 4 | 1 | 2 | 5 | 2 | 2 | 2 | 3 | 3 | 2 | 4 | 3 | 5 | 1 | 2 | 3 | 2 | 2 | 5 | 2 |
143 | West, Michael John | YALE UNIVERSITY. | 1987 | male | 2 | 30 | 2011 | 5 | 186 | 2017 | 0 | 0 | 0 | 0 | 0 | 2 | 2 | 6 | 2 | 4 | 0 | 2 | 1 | 3 | 1 | 1 | 0 | 1 | 1 | 0 | 0 | 1 | 2 | 0 | 0 | 0 | 1 | 0 | 0 | 2 | 0 | 0 | 0 | 0 | 0 |  0 | 0 | 2 | 1 | 0 | 2 | 2 | 7 | 4 | 5 | 2 | 7 | 2 | 5 | 3 | 2 | 5 | 2 | 2 | 2 | 3 | 4 | 6 | 5 | 10 | 10 | 5 | 5 | 16 | 13 | 24 | 10 | 15 | 6 | 3 |
144 | Poe, Clint Horton | THE UNIVERSITY OF WISCONSIN - MADISON. | 1987 | male | 3 | 2 | 1990 | 5 | 3 | 1990 | 0 | 0 | 0 | 1 | 1 | 1 | 0 | 1 | 1 | 0 | 0 | 0 | 0 | 0 | 0 | 0 | 0 | 0 | 0 | 0 | 0 | 0 | 0 | 0 | 0 | 0 | 0 | 0 | 0 | 0 | 0 | 0 | 0 | 0 | 0 |  0 | 0 | 2 | 1 | 1 | 1 | 1 | 1 | 1 | 0 | 0 | 0 | 0 | 0 | 0 | 0 | 0 | 0 | 0 | 0 | 0 | 0 | 0 | 0 | 0 | 0 | 0 | 0 | 0 | 0 | 0 | 0 | 0 | 0 | 0 |
145 | Rudy, Donald James | CALIFORNIA INSTITUTE OF TECHNOLOGY. | 1987 | male | 2 | 0 | 1987 | 5 | 5 | 2000 | 0 | 0 | 0 | 0 | 0 | 2 | 0 | 0 | 0 | 0 | 0 | 0 | 0 | 0 | 0 | 0 | 0 | 0 | 0 | 0 | 0 | 0 | 0 | 0 | 0 | 0 | 0 | 0 | 0 | 0 | 0 | 0 | 0 | 0 | 0 |  0 | 0 | 0 | 2 | 1 | 2 | 0 | 1 | 0 | 1 | 0 | 0 | 0 | 1 | 1 | 0 | 0 | 0 | 1 | 0 | 0 | 0 | 0 | 0 | 0 | 0 | 0 | 0 | 0 | 0 | 0 | 0 | 0 | 0 | 0 |
146 | Crocker, Deborah Ann | UNIVERSITY OF VIRGINIA. | 1987 | female | 3 | 3 | 1996 | 4 | 23 | 2001 | 0 | 1 | 0 | 0 | 1 | 1 | 2 | 0 | 0 | 0 | 0 | 0 | 0 | 0 | 1 | 0 | 0 | 0 | 0 | 0 | 0 | 0 | 0 | 0 | 0 | 0 | 0 | 0 | 0 | 0 | 0 | 0 | 0 | 0 | 0 |  1 | 1 | 0 | 0 | 1 | 1 | 3 | 0 | 1 | 2 | 2 | 2 | 1 | 2 | 2 | 0 | 1 | 3 | 2 | 2 | 0 | 0 | 0 | 0 | 0 | 0 | 0 | 0 | 0 | 0 | 0 | 0 | 0 | 0 | 0 |
147 | Sweeney, William Emmett, Jr. | UNIVERSITY OF CALIFORNIA, RIVERSIDE. | 1987 | male | 2 | 0 | 1987 | 6 | 22 | 2017 | 0 | 0 | 0 | 0 | 0 | 2 | 0 | 0 | 0 | 0 | 0 | 0 | 0 | 0 | 0 | 0 | 0 | 0 | 0 | 0 | 0 | 0 | 0 | 0 | 0 | 0 | 0 | 0 | 0 | 0 | 0 | 0 | 0 | 0 | 0 |  0 | 0 | 0 | 3 | 0 | 3 | 1 | 0 | 1 | 0 | 0 | 0 | 0 | 0 | 0 | 0 | 0 | 0 | 0 | 0 | 0 | 0 | 0 | 0 | 0 | 0 | 0 | 0 | 2 | 2 | 2 | 4 | 6 | 2 | 1 |
148 | Tetenbaum, David | Illinois Univ., Urbana-Champaign. | 1987 | male | 4 | 1 | 1990 | 5 | 7 | 1992 | 0 | 0 | 0 | 0 | 2 | 2 | 0 | 0 | 1 | 0 | 0 | 0 | 0 | 0 | 0 | 0 | 0 | 0 | 0 | 0 | 0 | 0 | 0 | 0 | 0 | 0 | 0 | 0 | 0 | 0 | 0 | 0 | 0 | 0 | 0 |  0 | 1 | 0 | 0 | 2 | 2 | 0 | 0 | 4 | 1 | 2 | 0 | 0 | 0 | 0 | 0 | 0 | 0 | 0 | 0 | 0 | 0 | 0 | 0 | 0 | 0 | 0 | 0 | 0 | 0 | 0 | 0 | 0 | 0 | 0 |
149 | Sun, Wei-Hsin | UNIVERSITY OF CALIFORNIA, LOS ANGELES. | 1987 | female | 6 | 24 | 2015 | 9 | 114 | 2017 | 0 | 0 | 1 | 3 | 0 | 2 | 1 | 1 | 0 | 2 | 0 | 1 | 0 | 0 | 1 | 0 | 1 | 1 | 2 | 0 | 3 | 2 | 1 | 1 | 1 | 0 | 2 | 0 | 0 | 1 | 1 | 0 | 1 | 1 | 0 |  0 | 1 | 1 | 5 | 0 | 2 | 2 | 1 | 0 | 4 | 3 | 2 | 1 | 3 | 6 | 3 | 3 | 2 | 4 | 4 | 8 | 7 | 4 | 6 | 5 | 5 | 7 | 2 | 3 | 4 | 6 | 3 | 7 | 4 | 2 |
150 | Bailyn, Charles David | HARVARD UNIVERSITY. | 1987 | male | 6 | 36 | 2001 | 7 | 162 | 2016 | 0 | 1 | 0 | 1 | 0 | 4 | 3 | 6 | 5 | 2 | 5 | 2 | 4 | 6 | 1 | 0 | 1 | 0 | 0 | 1 | 0 | 0 | 0 | 0 | 0 | 0 | 0 | 0 | 0 | 0 | 0 | 0 | 0 | 0 | 0 |  0 | 1 | 0 | 1 | 0 | 5 | 5 | 8 | 6 | 2 | 9 | 4 | 7 | 12 | 7 | 6 | 3 | 9 | 4 | 8 | 7 | 3 | 11 | 2 | 5 | 5 | 4 | 5 | 3 | 6 | 6 | 5 | 7 | 1 | 2 |
151 | Zheng, Yi. | IOWA STATE UNIVERSITY. | 1987 | male | 1 | 34 | 2017 | 4 | 125 | 2017 | 0 | 0 | 0 | 0 | 0 | 1 | 0 | 1 | 4 | 0 | 0 | 1 | 0 | 0 | 0 | 0 | 0 | 1 | 0 | 0 | 0 | 0 | 0 | 2 | 3 | 3 | 1 | 1 | 0 | 2 | 1 | 3 | 1 | 3 | 3 |  0 | 0 | 0 | 0 | 2 | 2 | 0 | 1 | 5 | 1 | 0 | 1 | 0 | 0 | 3 | 3 | 1 | 1 | 0 | 1 | 0 | 3 | 6 | 12 | 10 | 7 | 13 | 9 | 6 | 5 | 6 | 7 | 5 | 9 | 4 |
152 | Edmiston, James Pat | UNIVERSITY OF CALIFORNIA, LOS ANGELES. | 1987 | male | 4 | 0 | 1987 | 6 | 1 | 1988 | 1 | 0 | 1 | 0 | 1 | 1 | 0 | 0 | 0 | 0 | 0 | 0 | 0 | 0 | 0 | 0 | 0 | 0 | 0 | 0 | 0 | 0 | 0 | 0 | 0 | 0 | 0 | 0 | 0 | 0 | 0 | 0 | 0 | 0 | 0 |  1 | 0 | 2 | 1 | 1 | 1 | 1 | 0 | 0 | 0 | 0 | 0 | 0 | 0 | 0 | 0 | 0 | 0 | 0 | 0 | 0 | 0 | 0 | 0 | 0 | 0 | 0 | 0 | 0 | 0 | 0 | 0 | 0 | 0 | 0 |
153 | Becker, Peter Adam | UNIVERSITY OF COLORADO AT BOULDER. | 1987 | male | 3 | 23 | 2013 | 3 | 62 | 2017 | 0 | 0 | 0 | 0 | 2 | 1 | 1 | 0 | 1 | 0 | 1 | 0 | 1 | 1 | 0 | 0 | 1 | 0 | 0 | 4 | 0 | 2 | 0 | 4 | 1 | 1 | 2 | 0 | 0 | 1 | 1 | 1 | 0 | 0 | 0 |  0 | 0 | 0 | 0 | 2 | 1 | 1 | 0 | 1 | 0 | 1 | 1 | 3 | 2 | 1 | 0 | 1 | 1 | 0 | 6 | 0 | 3 | 3 | 7 | 2 | 2 | 3 | 2 | 0 | 2 | 2 | 2 | 3 | 2 | 6 |
154 | Cunningham, Cindy Carolyn | THE UNIVERSITY OF ARIZONA. | 1987 | female | 4 | 14 | 2012 | 6 | 24 | 2012 | 1 | 0 | 0 | 1 | 1 | 1 | 3 | 3 | 5 | 1 | 0 | 1 | 0 | 0 | 0 | 0 | 0 | 0 | 0 | 0 | 0 | 0 | 0 | 0 | 0 | 0 | 0 | 0 | 0 | 0 | 1 | 0 | 0 | 0 | 0 |  1 | 0 | 2 | 1 | 1 | 1 | 3 | 4 | 5 | 3 | 1 | 2 | 0 | 0 | 1 | 0 | 2 | 0 | 0 | 0 | 0 | 0 | 1 | 0 | 0 | 0 | 0 | 0 | 1 | 0 | 1 | 0 | 0 | 0 | 0 |
155 | Drach, Jaime | UNIVERSITY OF CALIFORNIA, BERKELEY. | 1987 | male | 4 | 0 | 1987 | 4 | 0 | 1987 | 0 | 0 | 0 | 2 | 0 | 2 | 0 | 0 | 0 | 0 | 0 | 0 | 0 | 0 | 0 | 0 | 0 | 0 | 0 | 0 | 0 | 0 | 0 | 0 | 0 | 0 | 0 | 0 | 0 | 0 | 0 | 0 | 0 | 0 | 0 |  0 | 0 | 0 | 2 | 0 | 2 | 0 | 0 | 0 | 0 | 0 | 0 | 0 | 0 | 0 | 0 | 0 | 0 | 0 | 0 | 0 | 0 | 0 | 0 | 0 | 0 | 0 | 0 | 0 | 0 | 0 | 0 | 0 | 0 | 0 |
156 | Eskridge, Paul Burdette | UNIVERSITY OF WASHINGTON. | 1987 | male | 2 | 21 | 2010 | 3 | 33 | 2010 | 0 | 0 | 0 | 0 | 0 | 2 | 6 | 0 | 0 | 1 | 0 | 0 | 0 | 4 | 1 | 2 | 0 | 1 | 1 | 1 | 1 | 1 | 0 | 0 | 0 | 0 | 1 | 0 | 1 | 0 | 0 | 0 | 0 | 0 | 0 |  0 | 0 | 0 | 0 | 0 | 3 | 6 | 0 | 1 | 3 | 0 | 1 | 0 | 4 | 1 | 2 | 0 | 2 | 2 | 2 | 5 | 1 | 0 | 0 | 0 | 0 | 1 | 0 | 2 | 0 | 0 | 0 | 0 | 0 | 0 |
157 | King, Christopher Roger | YALE UNIVERSITY. | 1987 | male | 3 | 0 | 1987 | 5 | 20 | 2011 | 0 | 0 | 0 | 2 | 0 | 1 | 0 | 0 | 0 | 0 | 0 | 0 | 0 | 0 | 0 | 0 | 0 | 0 | 0 | 0 | 0 | 0 | 0 | 0 | 0 | 0 | 0 | 0 | 0 | 0 | 0 | 0 | 0 | 0 | 0 |  1 | 0 | 0 | 2 | 0 | 2 | 0 | 1 | 0 | 0 | 0 | 0 | 0 | 0 | 0 | 1 | 0 | 0 | 0 | 0 | 0 | 0 | 6 | 7 | 3 | 0 | 0 | 0 | 1 | 1 | 0 | 0 | 0 | 0 | 0 |
158 | Leising, Mark D. | RICE UNIVERSITY. | 1987 | male | 3 | 17 | 2006 | 4 | 59 | 2017 | 0 | 0 | 0 | 1 | 0 | 2 | 2 | 0 | 1 | 1 | 0 | 2 | 3 | 1 | 0 | 1 | 0 | 1 | 0 | 1 | 1 | 0 | 0 | 1 | 2 | 0 | 0 | 0 | 0 | 0 | 0 | 0 | 0 | 0 | 0 |  0 | 0 | 0 | 1 | 0 | 3 | 3 | 0 | 3 | 4 | 2 | 8 | 7 | 3 | 3 | 2 | 1 | 4 | 0 | 2 | 2 | 2 | 0 | 1 | 6 | 0 | 0 | 0 | 1 | 0 | 2 | 0 | 0 | 1 | 1 |
159 | Magnani, Loris Alberto | UNIVERSITY OF MARYLAND COLLEGE PARK. | 1987 | male | 6 | 25 | 2010 | 9 | 46 | 2013 | 0 | 0 | 0 | 2 | 3 | 1 | 3 | 2 | 3 | 1 | 1 | 4 | 0 | 2 | 2 | 0 | 2 | 0 | 1 | 0 | 0 | 1 | 0 | 1 | 1 | 0 | 0 | 0 | 1 | 0 | 0 | 0 | 0 | 0 | 0 |  0 | 0 | 1 | 2 | 5 | 1 | 6 | 2 | 4 | 1 | 1 | 4 | 2 | 3 | 2 | 0 | 3 | 2 | 2 | 0 | 0 | 2 | 1 | 1 | 3 | 0 | 1 | 0 | 2 | 0 | 3 | 1 | 0 | 0 | 0 |
160 | Neufeld, David Anthony | HARVARD UNIVERSITY. | 1987 | male | 4 | 55 | 2017 | 4 | 212 | 2017 | 0 | 0 | 0 | 0 | 1 | 3 | 1 | 3 | 2 | 3 | 1 | 3 | 3 | 2 | 3 | 2 | 1 | 1 | 4 | 0 | 1 | 1 | 0 | 1 | 3 | 1 | 1 | 2 | 4 | 2 | 3 | 2 | 1 | 2 | 1 |  0 | 0 | 0 | 0 | 1 | 3 | 1 | 3 | 3 | 3 | 1 | 4 | 4 | 3 | 6 | 4 | 4 | 3 | 17 | 3 | 2 | 2 | 3 | 4 | 5 | 5 | 4 | 3 | 51 | 13 | 16 | 17 | 8 | 11 | 7 |
161 | Pendleton, Yvonne Jean | UNIVERSITY OF CALIFORNIA, SANTA CRUZ. | 1987 | female | 3 | 6 | 2002 | 3 | 40 | 2014 | 0 | 1 | 0 | 0 | 1 | 1 | 0 | 0 | 1 | 0 | 0 | 0 | 1 | 1 | 0 | 1 | 0 | 1 | 0 | 0 | 1 | 0 | 0 | 0 | 0 | 0 | 0 | 0 | 0 | 0 | 0 | 0 | 0 | 0 | 0 |  0 | 1 | 0 | 0 | 1 | 1 | 0 | 0 | 1 | 1 | 0 | 0 | 2 | 4 | 1 | 4 | 6 | 3 | 2 | 2 | 2 | 1 | 1 | 1 | 0 | 2 | 1 | 1 | 0 | 3 | 0 | 1 | 1 | 0 | 0 |
162 | Rosenzweig, Patricia | THE UNIVERSITY OF TOLEDO. | 1987 | female | 2 | 5 | 2000 | 2 | 23 | 2009 | 0 | 0 | 0 | 0 | 1 | 1 | 1 | 0 | 0 | 0 | 0 | 1 | 1 | 0 | 0 | 1 | 0 | 0 | 1 | 0 | 0 | 0 | 0 | 0 | 0 | 0 | 0 | 0 | 0 | 0 | 0 | 0 | 0 | 0 | 0 |  0 | 0 | 0 | 0 | 1 | 1 | 1 | 0 | 1 | 0 | 0 | 1 | 1 | 0 | 0 | 2 | 2 | 1 | 2 | 2 | 1 | 1 | 3 | 0 | 2 | 0 | 1 | 2 | 0 | 0 | 0 | 0 | 0 | 0 | 0 |
163 | Sopka, Robert Joseph | UNIVERSITY OF MARYLAND COLLEGE PARK. | 1987 | male | 3 | 2 | 1989 | 3 | 2 | 1989 | 1 | 0 | 0 | 1 | 0 | 1 | 1 | 1 | 0 | 0 | 0 | 0 | 0 | 0 | 0 | 0 | 0 | 0 | 0 | 0 | 0 | 0 | 0 | 0 | 0 | 0 | 0 | 0 | 0 | 0 | 0 | 0 | 0 | 0 | 0 |  1 | 0 | 0 | 1 | 0 | 1 | 1 | 1 | 0 | 0 | 0 | 0 | 0 | 0 | 0 | 0 | 0 | 0 | 0 | 0 | 0 | 0 | 0 | 0 | 0 | 0 | 0 | 0 | 0 | 0 | 0 | 0 | 0 | 0 | 0 |
164 | Maloney, Philip Richard | THE UNIVERSITY OF ARIZONA. | 1987 | male | 1 | 21 | 2005 | 4 | 81 | 2016 | 0 | 0 | 0 | 0 | 0 | 1 | 2 | 0 | 0 | 0 | 2 | 1 | 1 | 0 | 2 | 3 | 1 | 2 | 1 | 2 | 2 | 1 | 0 | 1 | 0 | 0 | 0 | 0 | 0 | 0 | 0 | 0 | 0 | 0 | 0 |  0 | 0 | 1 | 0 | 1 | 2 | 2 | 2 | 2 | 0 | 3 | 5 | 5 | 1 | 3 | 5 | 2 | 3 | 4 | 5 | 3 | 3 | 0 | 2 | 3 | 2 | 1 | 1 | 2 | 6 | 4 | 2 | 3 | 3 | 4 |
165 | Ritzwoller, Michael Herman | California Univ., San Diego. | 1987 | male | 3 | 6 | 2004 | 3 | 53 | 2015 | 1 | 0 | 0 | 0 | 1 | 1 | 1 | 0 | 0 | 1 | 0 | 0 | 1 | 2 | 0 | 0 | 0 | 0 | 0 | 0 | 0 | 0 | 1 | 0 | 0 | 0 | 0 | 0 | 0 | 0 | 0 | 0 | 0 | 0 | 0 |  1 | 0 | 0 | 0 | 1 | 1 | 1 | 0 | 0 | 1 | 1 | 3 | 4 | 4 | 0 | 1 | 0 | 3 | 0 | 3 | 1 | 0 | 4 | 3 | 2 | 5 | 4 | 2 | 1 | 4 | 3 | 1 | 0 | 2 | 0 |
166 | Savage, Blair D. | Wisconsin Univ., Madison. | 1987 | male | 6 | 34 | 2017 | 30 | 188 | 2017 | 0 | 1 | 1 | 2 | 0 | 2 | 0 | 1 | 2 | 2 | 1 | 3 | 2 | 1 | 2 | 1 | 1 | 0 | 2 | 2 | 1 | 1 | 1 | 2 | 1 | 1 | 0 | 1 | 1 | 2 | 1 | 0 | 1 | 0 | 0 |  6 | 7 | 8 | 5 | 2 | 2 | 1 | 2 | 4 | 9 | 4 | 13 | 15 | 12 | 9 | 5 | 7 | 9 | 15 | 11 | 9 | 7 | 8 | 5 | 7 | 3 | 3 | 4 | 4 | 4 | 5 | 4 | 2 | 2 | 2 |
167 | Milligan, Kerry Ian | University of Southern California | 1987 | female | 1 | 0 | 1987 | 1 | 0 | 1987 | 0 | 0 | 0 | 0 | 0 | 1 | 0 | 0 | 0 | 0 | 0 | 0 | 0 | 0 | 0 | 0 | 0 | 0 | 0 | 0 | 0 | 0 | 0 | 0 | 0 | 0 | 0 | 0 | 0 | 0 | 0 | 0 | 0 | 0 | 0 |  0 | 0 | 0 | 0 | 0 | 1 | 0 | 0 | 0 | 0 | 0 | 0 | 0 | 0 | 0 | 0 | 0 | 0 | 0 | 0 | 0 | 0 | 0 | 0 | 0 | 0 | 0 | 0 | 0 | 0 | 0 | 0 | 0 | 0 | 0 |
168 | Samec, Ronald George | CLEMSON UNIVERSITY. | 1987 | male | 4 | 74 | 2016 | 4 | 82 | 2017 | 0 | 0 | 0 | 0 | 0 | 4 | 0 | 5 | 2 | 2 | 1 | 1 | 0 | 2 | 2 | 4 | 5 | 2 | 0 | 2 | 2 | 1 | 5 | 2 | 3 | 1 | 4 | 1 | 3 | 3 | 6 | 3 | 2 | 5 | 5 |  0 | 0 | 0 | 0 | 0 | 4 | 0 | 5 | 2 | 2 | 1 | 1 | 0 | 2 | 4 | 5 | 5 | 2 | 0 | 4 | 2 | 2 | 5 | 3 | 3 | 1 | 4 | 1 | 3 | 3 | 6 | 3 | 2 | 5 | 5 |
169 | Tetenbaum, David | UNIVERSITY OF ILLINOIS AT URBANA-CHAMPAIGN. | 1987 | male | 4 | 1 | 1990 | 5 | 7 | 1992 | 0 | 0 | 0 | 0 | 2 | 2 | 0 | 0 | 1 | 0 | 0 | 0 | 0 | 0 | 0 | 0 | 0 | 0 | 0 | 0 | 0 | 0 | 0 | 0 | 0 | 0 | 0 | 0 | 0 | 0 | 0 | 0 | 0 | 0 | 0 |  0 | 1 | 0 | 0 | 2 | 2 | 0 | 0 | 4 | 1 | 2 | 0 | 0 | 0 | 0 | 0 | 0 | 0 | 0 | 0 | 0 | 0 | 0 | 0 | 0 | 0 | 0 | 0 | 0 | 0 | 0 | 0 | 0 | 0 | 0 |
170 | Linder, Eric V. | STANFORD UNIVERSITY. | 1987 | male | 2 | 70 | 2017 | 4 | 160 | 2017 | 0 | 0 | 0 | 0 | 1 | 1 | 8 | 0 | 2 | 0 | 0 | 0 | 0 | 0 | 0 | 3 | 1 | 0 | 0 | 0 | 0 | 6 | 4 | 5 | 5 | 5 | 8 | 4 | 3 | 3 | 0 | 3 | 2 | 3 | 2 |  0 | 0 | 0 | 0 | 3 | 1 | 8 | 0 | 2 | 1 | 1 | 1 | 1 | 0 | 0 | 3 | 1 | 0 | 0 | 0 | 0 | 9 | 7 | 8 | 6 | 9 | 12 | 10 | 13 | 11 | 11 | 12 | 10 | 16 | 4 |
171 | Depoy, Darren Lee | UNIVERSITY OF HAWAII. | 1987 | male | 3 | 9 | 1994 | 6 | 218 | 2017 | 0 | 0 | 0 | 0 | 1 | 2 | 2 | 0 | 2 | 1 | 1 | 1 | 2 | 0 | 0 | 0 | 0 | 0 | 0 | 0 | 0 | 0 | 0 | 0 | 0 | 0 | 0 | 0 | 0 | 0 | 0 | 0 | 0 | 0 | 0 |  0 | 0 | 1 | 0 | 3 | 2 | 4 | 1 | 2 | 5 | 7 | 1 | 6 | 9 | 5 | 3 | 1 | 3 | 4 | 6 | 5 | 4 | 8 | 4 | 4 | 7 | 8 | 8 | 9 | 7 | 14 | 14 | 10 | 24 | 24 |
172 | Brungardt, Christopher Linus | THE PENNSYLVANIA STATE UNIVERSITY. | 1987 | male | 1 | 0 | 1987 | 1 | 0 | 1987 | 0 | 0 | 0 | 0 | 0 | 1 | 0 | 0 | 0 | 0 | 0 | 0 | 0 | 0 | 0 | 0 | 0 | 0 | 0 | 0 | 0 | 0 | 0 | 0 | 0 | 0 | 0 | 0 | 0 | 0 | 0 | 0 | 0 | 0 | 0 |  0 | 0 | 0 | 0 | 0 | 1 | 0 | 0 | 0 | 0 | 0 | 0 | 0 | 0 | 0 | 0 | 0 | 0 | 0 | 0 | 0 | 0 | 0 | 0 | 0 | 0 | 0 | 0 | 0 | 0 | 0 | 0 | 0 | 0 | 0 |
173 | Cheng, Andrew Yuk Sun | THE UNIVERSITY OF ARIZONA. | 1987 | male | 3 | 8 | 2010 | 7 | 34 | 2017 | 0 | 0 | 0 | 1 | 1 | 1 | 0 | 0 | 0 | 0 | 0 | 0 | 0 | 0 | 0 | 0 | 0 | 0 | 0 | 0 | 0 | 0 | 0 | 0 | 0 | 0 | 0 | 0 | 8 | 0 | 0 | 0 | 0 | 0 | 0 |  0 | 0 | 0 | 2 | 4 | 1 | 0 | 0 | 0 | 0 | 0 | 0 | 0 | 3 | 1 | 2 | 0 | 3 | 1 | 2 | 5 | 0 | 1 | 0 | 0 | 0 | 1 | 0 | 8 | 1 | 1 | 1 | 0 | 0 | 3 |
174 | Simonelli, Damon Paul | CORNELL UNIVERSITY. | 1987 | male | 5 | 15 | 2004 | 5 | 42 | 2008 | 0 | 0 | 1 | 0 | 3 | 1 | 1 | 2 | 0 | 0 | 0 | 1 | 1 | 1 | 1 | 2 | 2 | 1 | 1 | 1 | 0 | 0 | 1 | 0 | 0 | 0 | 0 | 0 | 0 | 0 | 0 | 0 | 0 | 0 | 0 |  0 | 0 | 1 | 0 | 3 | 1 | 1 | 3 | 0 | 0 | 1 | 1 | 5 | 1 | 4 | 4 | 4 | 2 | 4 | 4 | 1 | 0 | 3 | 2 | 1 | 0 | 1 | 0 | 0 | 0 | 0 | 0 | 0 | 0 | 0 |
175 | Toffoletto, Frank Rocco | RICE UNIVERSITY. | 1987 | male | 1 | 7 | 2004 | 1 | 54 | 2016 | 0 | 0 | 0 | 0 | 0 | 1 | 0 | 1 | 1 | 0 | 0 | 1 | 1 | 0 | 0 | 0 | 0 | 0 | 1 | 0 | 0 | 1 | 1 | 0 | 0 | 0 | 0 | 0 | 0 | 0 | 0 | 0 | 0 | 0 | 0 |  0 | 0 | 0 | 0 | 0 | 1 | 0 | 1 | 2 | 2 | 0 | 1 | 2 | 1 | 0 | 0 | 2 | 0 | 1 | 1 | 0 | 3 | 4 | 2 | 4 | 2 | 2 | 4 | 3 | 4 | 5 | 1 | 4 | 1 | 2 |
176 | van Steenberg, Michael Earl | UNIVERSITY OF COLORADO AT BOULDER. | 1987 | male | 1 | 4 | 1989 | 8 | 5 | 1991 | 0 | 0 | 0 | 0 | 0 | 1 | 3 | 1 | 0 | 0 | 0 | 0 | 0 | 0 | 0 | 0 | 0 | 0 | 0 | 0 | 0 | 0 | 0 | 0 | 0 | 0 | 0 | 0 | 0 | 0 | 0 | 0 | 0 | 0 | 0 |  3 | 1 | 0 | 2 | 1 | 1 | 3 | 1 | 0 | 1 | 0 | 0 | 0 | 0 | 0 | 0 | 0 | 0 | 0 | 0 | 0 | 0 | 0 | 0 | 0 | 0 | 0 | 0 | 0 | 0 | 0 | 0 | 0 | 0 | 0 |
177 | Woodward, Charles Evert | THE UNIVERSITY OF ROCHESTER. | 1987 | male | 5 | 14 | 2015 | 6 | 178 | 2017 | 0 | 0 | 1 | 1 | 2 | 1 | 0 | 2 | 1 | 0 | 2 | 1 | 0 | 1 | 1 | 1 | 1 | 0 | 0 | 0 | 0 | 0 | 0 | 0 | 0 | 1 | 0 | 0 | 0 | 2 | 0 | 0 | 0 | 1 | 0 |  0 | 0 | 1 | 2 | 2 | 1 | 1 | 4 | 3 | 1 | 4 | 2 | 2 | 6 | 4 | 9 | 6 | 4 | 4 | 2 | 2 | 6 | 6 | 7 | 14 | 17 | 9 | 11 | 6 | 10 | 9 | 3 | 3 | 10 | 8 |
178 | Yang, Wei-Hong | STANFORD UNIVERSITY. | 1987 | male | 5 | 8 | 2015 | 6 | 33 | 2017 | 0 | 2 | 0 | 0 | 2 | 1 | 0 | 2 | 1 | 1 | 1 | 0 | 1 | 0 | 0 | 0 | 0 | 0 | 0 | 0 | 0 | 0 | 0 | 0 | 0 | 0 | 0 | 1 | 0 | 0 | 0 | 0 | 0 | 1 | 0 |  0 | 2 | 1 | 0 | 2 | 1 | 1 | 2 | 2 | 1 | 2 | 0 | 1 | 0 | 0 | 0 | 0 | 0 | 0 | 0 | 0 | 1 | 0 | 0 | 0 | 0 | 1 | 1 | 5 | 2 | 1 | 4 | 3 | 3 | 2 |
179 | Zachary, Andrew Lee | UNIVERSITY OF CALIFORNIA, BERKELEY. | 1987 | male | 2 | 2 | 1989 | 2 | 2 | 1989 | 0 | 0 | 0 | 0 | 1 | 1 | 1 | 1 | 0 | 0 | 0 | 0 | 0 | 0 | 0 | 0 | 0 | 0 | 0 | 0 | 0 | 0 | 0 | 0 | 0 | 0 | 0 | 0 | 0 | 0 | 0 | 0 | 0 | 0 | 0 |  0 | 0 | 0 | 0 | 1 | 1 | 1 | 1 | 0 | 0 | 0 | 0 | 0 | 0 | 0 | 0 | 0 | 0 | 0 | 0 | 0 | 0 | 0 | 0 | 0 | 0 | 0 | 0 | 0 | 0 | 0 | 0 | 0 | 0 | 0 |
180 | Lugten, John Butterfield | UNIVERSITY OF CALIFORNIA, BERKELEY. | 1987 | male | 3 | 0 | 1987 | 9 | 16 | 2011 | 0 | 0 | 0 | 0 | 2 | 1 | 0 | 0 | 0 | 0 | 0 | 0 | 0 | 0 | 0 | 0 | 0 | 0 | 0 | 0 | 0 | 0 | 0 | 0 | 0 | 0 | 0 | 0 | 0 | 0 | 0 | 0 | 0 | 0 | 0 |  0 | 0 | 0 | 1 | 3 | 5 | 2 | 3 | 1 | 1 | 0 | 0 | 0 | 0 | 2 | 0 | 0 | 0 | 0 | 0 | 1 | 0 | 1 | 0 | 0 | 0 | 0 | 1 | 3 | 1 | 0 | 0 | 0 | 0 | 0 |
181 | Boothroyd, Arnold Ian | CALIFORNIA INSTITUTE OF TECHNOLOGY. | 1987 | male | 1 | 15 | 2011 | 2 | 30 | 2015 | 0 | 0 | 0 | 0 | 0 | 1 | 4 | 0 | 0 | 2 | 1 | 1 | 1 | 1 | 0 | 1 | 0 | 1 | 0 | 0 | 0 | 2 | 0 | 0 | 0 | 0 | 0 | 0 | 0 | 1 | 0 | 0 | 0 | 0 | 0 |  0 | 0 | 0 | 0 | 0 | 2 | 5 | 0 | 1 | 4 | 2 | 3 | 1 | 2 | 0 | 1 | 0 | 2 | 0 | 0 | 0 | 3 | 0 | 0 | 2 | 2 | 0 | 0 | 0 | 1 | 0 | 0 | 0 | 1 | 0 |
182 | Cottingham, David A. | PRINCETON UNIVERSITY. | 1987 | male | 1 | 0 | 1987 | 1 | 23 | 2006 | 0 | 0 | 0 | 0 | 0 | 1 | 0 | 0 | 0 | 0 | 0 | 0 | 0 | 0 | 0 | 0 | 0 | 0 | 0 | 0 | 0 | 0 | 0 | 0 | 0 | 0 | 0 | 0 | 0 | 0 | 0 | 0 | 0 | 0 | 0 |  0 | 0 | 0 | 0 | 0 | 1 | 0 | 0 | 1 | 0 | 3 | 1 | 4 | 2 | 2 | 5 | 0 | 0 | 1 | 0 | 0 | 1 | 1 | 1 | 1 | 0 | 0 | 0 | 0 | 0 | 0 | 0 | 0 | 0 | 0 |
183 | Dones, Henry Cling, Jr. | UNIVERSITY OF CALIFORNIA, BERKELEY. | 1987 | male | 1 | 0 | 1987 | 1 | 0 | 1987 | 0 | 0 | 0 | 0 | 0 | 1 | 0 | 0 | 0 | 0 | 0 | 0 | 0 | 0 | 0 | 0 | 0 | 0 | 0 | 0 | 0 | 0 | 0 | 0 | 0 | 0 | 0 | 0 | 0 | 0 | 0 | 0 | 0 | 0 | 0 |  0 | 0 | 0 | 0 | 0 | 1 | 0 | 0 | 0 | 0 | 0 | 0 | 0 | 0 | 0 | 0 | 0 | 0 | 0 | 0 | 0 | 0 | 0 | 0 | 0 | 0 | 0 | 0 | 0 | 0 | 0 | 0 | 0 | 0 | 0 |
184 | Erickson, Lance Karl | UNIVERSITY OF FLORIDA. | 1987 | male | 2 | 4 | 1999 | 2 | 4 | 1999 | 0 | 0 | 0 | 0 | 0 | 2 | 0 | 0 | 1 | 0 | 0 | 0 | 1 | 0 | 0 | 0 | 1 | 1 | 0 | 0 | 0 | 0 | 0 | 0 | 0 | 0 | 0 | 0 | 0 | 0 | 0 | 0 | 0 | 0 | 0 |  0 | 0 | 0 | 0 | 0 | 2 | 0 | 0 | 1 | 0 | 0 | 0 | 1 | 0 | 0 | 0 | 1 | 1 | 0 | 0 | 0 | 0 | 0 | 0 | 0 | 0 | 0 | 0 | 0 | 0 | 0 | 0 | 0 | 0 | 0 |
185 | Romani, Roger William | CALIFORNIA INSTITUTE OF TECHNOLOGY. | 1987 | male | 7 | 34 | 2016 | 11 | 243 | 2017 | 0 | 1 | 0 | 1 | 1 | 4 | 1 | 0 | 3 | 2 | 2 | 0 | 0 | 1 | 1 | 1 | 1 | 1 | 0 | 2 | 0 | 1 | 1 | 2 | 1 | 0 | 0 | 0 | 2 | 2 | 2 | 0 | 3 | 3 | 2 |  0 | 1 | 1 | 1 | 2 | 6 | 3 | 1 | 6 | 3 | 5 | 1 | 1 | 3 | 2 | 4 | 2 | 5 | 3 | 5 | 5 | 4 | 6 | 8 | 5 | 5 | 10 | 29 | 41 | 24 | 15 | 12 | 9 | 13 | 10 |
186 | Saar, Steven Herbert | UNIVERSITY OF COLORADO AT BOULDER. | 1987 | male | 8 | 14 | 2002 | 12 | 98 | 2017 | 0 | 0 | 0 | 1 | 4 | 3 | 1 | 0 | 1 | 1 | 0 | 1 | 1 | 0 | 0 | 3 | 2 | 1 | 1 | 1 | 1 | 0 | 0 | 0 | 0 | 0 | 0 | 0 | 0 | 0 | 0 | 0 | 0 | 0 | 0 |  1 | 0 | 0 | 1 | 4 | 6 | 2 | 2 | 1 | 4 | 0 | 2 | 2 | 1 | 4 | 6 | 6 | 4 | 2 | 3 | 2 | 1 | 5 | 0 | 2 | 3 | 3 | 4 | 4 | 5 | 3 | 1 | 12 | 8 | 4 |
187 | Farrell, William Michael | THE UNIVERSITY OF IOWA. | 1987 | male | 3 | 73 | 2017 | 3 | 184 | 2017 | 0 | 0 | 0 | 1 | 1 | 1 | 1 | 3 | 6 | 1 | 2 | 5 | 2 | 0 | 2 | 1 | 2 | 4 | 1 | 2 | 4 | 2 | 4 | 3 | 4 | 2 | 4 | 2 | 2 | 1 | 2 | 2 | 1 | 3 | 2 |  0 | 0 | 0 | 1 | 1 | 1 | 1 | 4 | 6 | 4 | 5 | 10 | 4 | 3 | 6 | 1 | 2 | 5 | 4 | 4 | 7 | 3 | 10 | 7 | 12 | 12 | 8 | 7 | 5 | 11 | 11 | 7 | 5 | 8 | 8 |
188 | Lord, Steven Donald | UNIVERSITY OF MASSACHUSETTS. | 1987 | male | 1 | 4 | 1996 | 3 | 112 | 2017 | 0 | 0 | 0 | 0 | 0 | 1 | 0 | 0 | 1 | 1 | 0 | 0 | 0 | 0 | 2 | 0 | 0 | 0 | 0 | 0 | 0 | 0 | 0 | 0 | 0 | 0 | 0 | 0 | 0 | 0 | 0 | 0 | 0 | 0 | 0 |  0 | 0 | 1 | 0 | 1 | 1 | 1 | 0 | 2 | 2 | 0 | 0 | 4 | 1 | 6 | 3 | 4 | 4 | 3 | 2 | 2 | 0 | 0 | 1 | 2 | 2 | 1 | 3 | 41 | 2 | 5 | 7 | 6 | 3 | 2 |
189 | Caviness, Kenneth Edwin | Lowell Univ., MA. | 1987 | male | 1 | 0 | 1987 | 1 | 0 | 1987 | 0 | 0 | 0 | 0 | 0 | 1 | 0 | 0 | 0 | 0 | 0 | 0 | 0 | 0 | 0 | 0 | 0 | 0 | 0 | 0 | 0 | 0 | 0 | 0 | 0 | 0 | 0 | 0 | 0 | 0 | 0 | 0 | 0 | 0 | 0 |  0 | 0 | 0 | 0 | 0 | 1 | 0 | 0 | 0 | 0 | 0 | 0 | 0 | 0 | 0 | 0 | 0 | 0 | 0 | 0 | 0 | 0 | 0 | 0 | 0 | 0 | 0 | 0 | 0 | 0 | 0 | 0 | 0 | 0 | 0 |
190 | Fox, Richard Lyn | UNIVERSITY OF CALIFORNIA, SAN DIEGO. | 1987 | male | 1 | 0 | 1987 | 3 | 5 | 2008 | 0 | 0 | 0 | 0 | 0 | 1 | 0 | 0 | 0 | 0 | 0 | 0 | 0 | 0 | 0 | 0 | 0 | 0 | 0 | 0 | 0 | 0 | 0 | 0 | 0 | 0 | 0 | 0 | 0 | 0 | 0 | 0 | 0 | 0 | 0 |  0 | 1 | 0 | 1 | 0 | 1 | 0 | 0 | 1 | 0 | 0 | 0 | 0 | 0 | 0 | 0 | 0 | 0 | 0 | 0 | 0 | 0 | 0 | 1 | 0 | 0 | 3 | 0 | 0 | 0 | 0 | 0 | 0 | 0 | 0 |
191 | Baggett, Wayne Edward | NEW MEXICO STATE UNIVERSITY. | 1987 | male | 1 | 2 | 1998 | 7 | 4 | 2004 | 0 | 0 | 0 | 0 | 0 | 1 | 0 | 0 | 0 | 0 | 1 | 0 | 0 | 0 | 0 | 0 | 1 | 0 | 0 | 0 | 0 | 0 | 0 | 0 | 0 | 0 | 0 | 0 | 0 | 0 | 0 | 0 | 0 | 0 | 0 |  3 | 0 | 2 | 0 | 0 | 2 | 0 | 1 | 0 | 0 | 1 | 0 | 0 | 0 | 0 | 0 | 1 | 0 | 0 | 0 | 0 | 0 | 1 | 0 | 0 | 0 | 0 | 0 | 0 | 0 | 0 | 0 | 0 | 0 | 0 |
192 | Joutras, David William | THE UNIVERSITY OF WISCONSIN - MADISON. | 1987 | male | 1 | 2 | 1988 | 1 | 2 | 1988 | 0 | 0 | 0 | 0 | 0 | 1 | 2 | 0 | 0 | 0 | 0 | 0 | 0 | 0 | 0 | 0 | 0 | 0 | 0 | 0 | 0 | 0 | 0 | 0 | 0 | 0 | 0 | 0 | 0 | 0 | 0 | 0 | 0 | 0 | 0 |  0 | 0 | 0 | 0 | 0 | 1 | 2 | 0 | 0 | 0 | 0 | 0 | 0 | 0 | 0 | 0 | 0 | 0 | 0 | 0 | 0 | 0 | 0 | 0 | 0 | 0 | 0 | 0 | 0 | 0 | 0 | 0 | 0 | 0 | 0 |
193 | Nemiroff, Robert | University of Pennsylvania | 1987 | male | 3 | 38 | 2015 | 3 | 70 | 2015 | 0 | 0 | 0 | 1 | 1 | 1 | 2 | 2 | 3 | 3 | 0 | 3 | 7 | 2 | 0 | 2 | 3 | 2 | 1 | 1 | 0 | 1 | 0 | 1 | 0 | 0 | 1 | 0 | 0 | 0 | 2 | 0 | 0 | 2 | 0 |  0 | 0 | 0 | 1 | 1 | 1 | 2 | 2 | 4 | 4 | 0 | 5 | 8 | 5 | 2 | 5 | 3 | 4 | 2 | 1 | 1 | 1 | 1 | 4 | 2 | 0 | 2 | 2 | 2 | 1 | 2 | 1 | 1 | 3 | 0 |
194 | Mauche, Christopher Wayne | HARVARD UNIVERSITY. | 1987 | male | 6 | 26 | 2009 | 8 | 53 | 2016 | 0 | 0 | 0 | 1 | 2 | 3 | 1 | 1 | 0 | 3 | 0 | 0 | 1 | 2 | 1 | 2 | 1 | 1 | 1 | 2 | 3 | 1 | 2 | 0 | 2 | 0 | 0 | 2 | 0 | 0 | 0 | 0 | 0 | 0 | 0 |  0 | 1 | 0 | 1 | 3 | 3 | 1 | 1 | 1 | 3 | 0 | 1 | 1 | 5 | 4 | 2 | 1 | 2 | 3 | 6 | 5 | 3 | 3 | 1 | 3 | 0 | 1 | 2 | 1 | 0 | 0 | 0 | 0 | 2 | 1 |
195 | Carrigan, Brian John | WASHINGTON UNIVERSITY. | 1987 | male | 3 | 1 | 1992 | 3 | 13 | 1998 | 0 | 0 | 1 | 0 | 0 | 2 | 0 | 0 | 0 | 0 | 1 | 0 | 0 | 0 | 0 | 0 | 0 | 0 | 0 | 0 | 0 | 0 | 0 | 0 | 0 | 0 | 0 | 0 | 0 | 0 | 0 | 0 | 0 | 0 | 0 |  0 | 0 | 1 | 0 | 0 | 2 | 0 | 0 | 0 | 0 | 1 | 0 | 0 | 1 | 3 | 5 | 3 | 0 | 0 | 0 | 0 | 0 | 0 | 0 | 0 | 0 | 0 | 0 | 0 | 0 | 0 | 0 | 0 | 0 | 0 |
196 | Lou, Yu-Qing | HARVARD UNIVERSITY. | 1987 | male | 4 | 89 | 2017 | 4 | 153 | 2017 | 0 | 0 | 0 | 0 | 1 | 3 | 1 | 1 | 2 | 1 | 3 | 8 | 6 | 8 | 6 | 1 | 3 | 2 | 2 | 5 | 5 | 5 | 2 | 3 | 4 | 1 | 3 | 1 | 2 | 2 | 4 | 0 | 2 | 2 | 2 |  0 | 0 | 0 | 0 | 1 | 3 | 1 | 1 | 3 | 1 | 3 | 8 | 6 | 8 | 9 | 3 | 4 | 4 | 2 | 5 | 5 | 6 | 7 | 10 | 9 | 3 | 15 | 7 | 7 | 7 | 6 | 0 | 5 | 3 | 2 |
197 | Frahm, Rudy Allan | RICE UNIVERSITY. | 1987 | male | 1 | 8 | 2016 | 2 | 103 | 2016 | 0 | 0 | 0 | 0 | 0 | 1 | 0 | 0 | 0 | 0 | 0 | 0 | 0 | 0 | 0 | 0 | 0 | 0 | 0 | 0 | 0 | 1 | 0 | 0 | 2 | 0 | 1 | 0 | 1 | 0 | 0 | 2 | 0 | 0 | 1 |  0 | 0 | 1 | 0 | 0 | 1 | 0 | 1 | 0 | 0 | 0 | 1 | 0 | 2 | 2 | 0 | 4 | 2 | 0 | 0 | 1 | 2 | 2 | 1 | 28 | 5 | 17 | 4 | 6 | 5 | 2 | 5 | 4 | 6 | 3 |
198 | Stephens, Sally Anne | California Univ., Santa Cruz. | 1987 | female | 22 | 23 | 2005 | 45 | 109 | 2005 | 0 | 4 | 5 | 9 | 0 | 4 | 2 | 5 | 1 | 1 | 0 | 2 | 0 | 3 | 1 | 1 | 1 | 1 | 0 | 3 | 0 | 0 | 0 | 2 | 0 | 0 | 0 | 0 | 0 | 0 | 0 | 0 | 0 | 0 | 0 |  0 | 12 | 7 | 15 | 1 | 10 | 3 | 6 | 3 | 9 | 0 | 10 | 2 | 20 | 7 | 13 | 1 | 6 | 4 | 14 | 2 | 5 | 1 | 3 | 0 | 0 | 0 | 0 | 0 | 0 | 0 | 0 | 0 | 0 | 0 |
199 | Huss, Gary Robert | UNIVERSITY OF MINNESOTA. | 1987 | male | 5 | 34 | 2017 | 5 | 121 | 2017 | 0 | 0 | 0 | 1 | 1 | 3 | 2 | 1 | 3 | 2 | 1 | 2 | 4 | 2 | 1 | 1 | 0 | 0 | 1 | 3 | 0 | 3 | 1 | 0 | 1 | 1 | 2 | 1 | 0 | 0 | 1 | 0 | 0 | 0 | 0 |  0 | 0 | 0 | 1 | 1 | 3 | 3 | 1 | 3 | 3 | 2 | 2 | 8 | 2 | 3 | 1 | 2 | 2 | 6 | 5 | 0 | 8 | 2 | 3 | 5 | 2 | 4 | 8 | 6 | 3 | 10 | 4 | 7 | 4 | 6 |
200 | Neese, Carol Lynn | UNIVERSITY OF ILLINOIS AT URBANA-CHAMPAIGN. | 1987 | female | 3 | 31 | 2014 | 5 | 38 | 2014 | 0 | 0 | 0 | 1 | 1 | 1 | 1 | 0 | 0 | 0 | 0 | 0 | 0 | 0 | 0 | 0 | 0 | 0 | 1 | 0 | 1 | 1 | 7 | 1 | 5 | 2 | 2 | 2 | 3 | 2 | 1 | 1 | 1 | 0 | 0 |  0 | 0 | 0 | 1 | 1 | 3 | 1 | 1 | 0 | 0 | 0 | 0 | 0 | 1 | 0 | 0 | 0 | 0 | 1 | 0 | 1 | 2 | 7 | 3 | 5 | 2 | 2 | 3 | 4 | 2 | 1 | 1 | 1 | 0 | 0 |
201 | Margulis, Michael Scott | Arizona Univ., Tucson. | 1987 | male | 4 | 7 | 1990 | 5 | 14 | 1992 | 0 | 0 | 0 | 1 | 2 | 1 | 3 | 2 | 2 | 0 | 0 | 0 | 0 | 0 | 0 | 0 | 0 | 0 | 0 | 0 | 0 | 0 | 0 | 0 | 0 | 0 | 0 | 0 | 0 | 0 | 0 | 0 | 0 | 0 | 0 |  0 | 0 | 1 | 1 | 2 | 1 | 5 | 5 | 3 | 0 | 1 | 0 | 0 | 0 | 0 | 0 | 0 | 0 | 0 | 0 | 0 | 0 | 0 | 0 | 0 | 0 | 0 | 0 | 0 | 0 | 0 | 0 | 0 | 0 | 0 |
202 | O'Neill, Terrence John | UNIVERSITY OF CALIFORNIA, RIVERSIDE. | 1987 | male | 4 | 7 | 2003 | 8 | 27 | 2004 | 0 | 2 | 0 | 0 | 0 | 2 | 1 | 2 | 0 | 1 | 0 | 0 | 0 | 1 | 1 | 0 | 0 | 0 | 0 | 0 | 0 | 1 | 0 | 0 | 0 | 0 | 0 | 0 | 0 | 0 | 0 | 0 | 0 | 0 | 0 |  0 | 4 | 1 | 1 | 0 | 2 | 2 | 2 | 1 | 3 | 1 | 2 | 2 | 4 | 2 | 2 | 0 | 0 | 2 | 0 | 0 | 1 | 3 | 0 | 0 | 0 | 0 | 0 | 0 | 0 | 0 | 0 | 0 | 0 | 0 |
203 | Salzer, John Joseph | THE UNIVERSITY OF MICHIGAN. | 1987 | male | 2 | 19 | 2009 | 8 | 121 | 2017 | 0 | 0 | 0 | 1 | 0 | 1 | 4 | 3 | 1 | 1 | 1 | 0 | 1 | 1 | 0 | 0 | 0 | 0 | 1 | 1 | 2 | 0 | 0 | 2 | 0 | 0 | 0 | 1 | 0 | 0 | 0 | 0 | 0 | 0 | 0 |  1 | 1 | 2 | 3 | 0 | 1 | 4 | 4 | 1 | 2 | 2 | 3 | 4 | 3 | 4 | 8 | 8 | 5 | 5 | 3 | 5 | 1 | 6 | 5 | 1 | 1 | 4 | 2 | 2 | 2 | 2 | 7 | 7 | 13 | 5 |
204 | Bitrancarreno, Mauricio Ernesto | Florida Univ., Gainesville. | 1987 | male | 1 | 0 | 1987 | 1 | 0 | 1987 | 0 | 0 | 0 | 0 | 0 | 1 | 0 | 0 | 0 | 0 | 0 | 0 | 0 | 0 | 0 | 0 | 0 | 0 | 0 | 0 | 0 | 0 | 0 | 0 | 0 | 0 | 0 | 0 | 0 | 0 | 0 | 0 | 0 | 0 | 0 |  0 | 0 | 0 | 0 | 0 | 1 | 0 | 0 | 0 | 0 | 0 | 0 | 0 | 0 | 0 | 0 | 0 | 0 | 0 | 0 | 0 | 0 | 0 | 0 | 0 | 0 | 0 | 0 | 0 | 0 | 0 | 0 | 0 | 0 | 0 |
205 | Giz, Ahmet Togo | UNIVERSITY OF CALIFORNIA, BERKELEY. | 1987 | male | 1 | 1 | 1993 | 1 | 1 | 1993 | 0 | 0 | 0 | 0 | 0 | 1 | 0 | 0 | 0 | 0 | 0 | 1 | 0 | 0 | 0 | 0 | 0 | 0 | 0 | 0 | 0 | 0 | 0 | 0 | 0 | 0 | 0 | 0 | 0 | 0 | 0 | 0 | 0 | 0 | 0 |  0 | 0 | 0 | 0 | 0 | 1 | 0 | 0 | 0 | 0 | 0 | 1 | 0 | 0 | 0 | 0 | 0 | 0 | 0 | 0 | 0 | 0 | 0 | 0 | 0 | 0 | 0 | 0 | 0 | 0 | 0 | 0 | 0 | 0 | 0 |
206 | Haywood, James William | THE UNIVERSITY OF MICHIGAN. | 1987 | male | 1 | 1 | 1992 | 1 | 2 | 2014 | 0 | 0 | 0 | 0 | 0 | 1 | 0 | 0 | 0 | 0 | 1 | 0 | 0 | 0 | 0 | 0 | 0 | 0 | 0 | 0 | 0 | 0 | 0 | 0 | 0 | 0 | 0 | 0 | 0 | 0 | 0 | 0 | 0 | 0 | 0 |  0 | 0 | 0 | 0 | 0 | 1 | 0 | 0 | 0 | 0 | 1 | 0 | 0 | 0 | 0 | 0 | 0 | 0 | 0 | 0 | 0 | 0 | 0 | 0 | 0 | 0 | 0 | 0 | 0 | 0 | 0 | 0 | 1 | 0 | 0 |
207 | Bonnell, Jeremiah Tighe | UNIVERSITY OF MARYLAND COLLEGE PARK. | 1987 | male | 4 | 9 | 1999 | 4 | 89 | 2014 | 2 | 0 | 0 | 1 | 0 | 1 | 1 | 0 | 0 | 0 | 0 | 2 | 0 | 0 | 1 | 3 | 0 | 2 | 0 | 0 | 0 | 0 | 0 | 0 | 0 | 0 | 0 | 0 | 0 | 0 | 0 | 0 | 0 | 0 | 0 |  2 | 0 | 0 | 1 | 0 | 1 | 1 | 0 | 0 | 0 | 0 | 2 | 3 | 5 | 6 | 6 | 3 | 5 | 6 | 4 | 2 | 2 | 0 | 2 | 1 | 1 | 8 | 10 | 6 | 11 | 2 | 1 | 2 | 0 | 0 |
208 | Cook, Kem Holland | THE UNIVERSITY OF ARIZONA. | 1987 | male | 3 | 4 | 2006 | 7 | 162 | 2016 | 0 | 0 | 0 | 0 | 2 | 1 | 1 | 1 | 0 | 0 | 0 | 0 | 0 | 0 | 0 | 0 | 0 | 1 | 0 | 0 | 0 | 0 | 0 | 0 | 1 | 0 | 0 | 0 | 0 | 0 | 0 | 0 | 0 | 0 | 0 |  0 | 0 | 1 | 2 | 3 | 1 | 2 | 2 | 1 | 2 | 1 | 1 | 2 | 7 | 10 | 13 | 7 | 8 | 9 | 10 | 7 | 10 | 6 | 8 | 5 | 2 | 11 | 7 | 13 | 8 | 6 | 2 | 1 | 0 | 1 |
209 | Dowdy, James F., Jr. | UNIVERSITY OF ALABAMA IN HUNTSVILLE. | 1987 | male | 4 | 1 | 1993 | 4 | 4 | 1993 | 0 | 0 | 0 | 1 | 1 | 2 | 0 | 0 | 0 | 0 | 0 | 1 | 0 | 0 | 0 | 0 | 0 | 0 | 0 | 0 | 0 | 0 | 0 | 0 | 0 | 0 | 0 | 0 | 0 | 0 | 0 | 0 | 0 | 0 | 0 |  0 | 0 | 0 | 1 | 1 | 2 | 0 | 0 | 1 | 0 | 2 | 1 | 0 | 0 | 0 | 0 | 0 | 0 | 0 | 0 | 0 | 0 | 0 | 0 | 0 | 0 | 0 | 0 | 0 | 0 | 0 | 0 | 0 | 0 | 0 |
210 | Furlong, Randall Collins | THE ROCKEFELLER UNIVERSITY. | 1987 | male | 1 | 1 | 1988 | 1 | 1 | 1988 | 0 | 0 | 0 | 0 | 0 | 1 | 1 | 0 | 0 | 0 | 0 | 0 | 0 | 0 | 0 | 0 | 0 | 0 | 0 | 0 | 0 | 0 | 0 | 0 | 0 | 0 | 0 | 0 | 0 | 0 | 0 | 0 | 0 | 0 | 0 |  0 | 0 | 0 | 0 | 0 | 1 | 1 | 0 | 0 | 0 | 0 | 0 | 0 | 0 | 0 | 0 | 0 | 0 | 0 | 0 | 0 | 0 | 0 | 0 | 0 | 0 | 0 | 0 | 0 | 0 | 0 | 0 | 0 | 0 | 0 |
211 | Guo, Hong | UNIVERSITY OF PITTSBURGH. | 1987 | female | 3 | 16 | 2016 | 7 | 144 | 2017 | 2 | 0 | 0 | 0 | 0 | 1 | 0 | 0 | 0 | 0 | 0 | 0 | 0 | 0 | 0 | 0 | 0 | 0 | 0 | 0 | 0 | 0 | 0 | 0 | 0 | 0 | 0 | 3 | 1 | 2 | 1 | 1 | 2 | 4 | 2 |  2 | 2 | 1 | 1 | 0 | 1 | 0 | 1 | 1 | 0 | 0 | 0 | 1 | 0 | 1 | 6 | 0 | 3 | 6 | 15 | 3 | 13 | 1 | 15 | 6 | 3 | 8 | 5 | 3 | 8 | 6 | 7 | 7 | 11 | 11 |
212 | McQuaide, Benjamin Homer | VANDERBILT UNIVERSITY. | 1987 | male | 1 | 0 | 1987 | 1 | 0 | 1987 | 0 | 0 | 0 | 0 | 0 | 1 | 0 | 0 | 0 | 0 | 0 | 0 | 0 | 0 | 0 | 0 | 0 | 0 | 0 | 0 | 0 | 0 | 0 | 0 | 0 | 0 | 0 | 0 | 0 | 0 | 0 | 0 | 0 | 0 | 0 |  0 | 0 | 0 | 0 | 0 | 1 | 0 | 0 | 0 | 0 | 0 | 0 | 0 | 0 | 0 | 0 | 0 | 0 | 0 | 0 | 0 | 0 | 0 | 0 | 0 | 0 | 0 | 0 | 0 | 0 | 0 | 0 | 0 | 0 | 0 |
213 | Kertzman, Mary Poferl | UNIVERSITY OF MINNESOTA. | 1987 | female | 2 | 3 | 2008 | 8 | 145 | 2017 | 0 | 0 | 0 | 1 | 0 | 1 | 0 | 0 | 0 | 1 | 0 | 0 | 1 | 0 | 0 | 0 | 0 | 0 | 0 | 0 | 0 | 0 | 0 | 0 | 0 | 0 | 1 | 0 | 0 | 0 | 0 | 0 | 0 | 0 | 0 |  0 | 0 | 0 | 4 | 0 | 4 | 2 | 1 | 3 | 3 | 0 | 0 | 2 | 2 | 0 | 1 | 1 | 0 | 0 | 1 | 4 | 19 | 5 | 4 | 3 | 4 | 6 | 12 | 8 | 13 | 7 | 7 | 12 | 9 | 11 |
214 | Manning, James Ora | UNIVERSITY OF KENTUCKY. | 1987 | male | 2 | 1 | 2009 | 2 | 2 | 2009 | 0 | 0 | 0 | 0 | 0 | 2 | 0 | 0 | 0 | 0 | 0 | 0 | 0 | 0 | 0 | 0 | 0 | 0 | 0 | 0 | 0 | 0 | 0 | 0 | 0 | 0 | 0 | 1 | 0 | 0 | 0 | 0 | 0 | 0 | 0 |  0 | 0 | 0 | 0 | 0 | 2 | 0 | 0 | 0 | 0 | 0 | 0 | 0 | 0 | 0 | 1 | 0 | 0 | 0 | 0 | 0 | 0 | 0 | 0 | 0 | 0 | 0 | 1 | 0 | 0 | 0 | 0 | 0 | 0 | 0 |
215 | Bednarz, Bernard Francis | UNIVERSITY OF WASHINGTON. | 1987 | male | 1 | 0 | 1987 | 2 | 0 | 1987 | 0 | 0 | 0 | 0 | 0 | 1 | 0 | 0 | 0 | 0 | 0 | 0 | 0 | 0 | 0 | 0 | 0 | 0 | 0 | 0 | 0 | 0 | 0 | 0 | 0 | 0 | 0 | 0 | 0 | 0 | 0 | 0 | 0 | 0 | 0 |  0 | 0 | 0 | 0 | 1 | 1 | 0 | 0 | 0 | 0 | 0 | 0 | 0 | 0 | 0 | 0 | 0 | 0 | 0 | 0 | 0 | 0 | 0 | 0 | 0 | 0 | 0 | 0 | 0 | 0 | 0 | 0 | 0 | 0 | 0 |
216 | Sur, Bhaskar | THE OHIO STATE UNIVERSITY. | 1987 | male | 2 | 2 | 1990 | 2 | 17 | 2007 | 0 | 0 | 0 | 1 | 0 | 1 | 0 | 1 | 1 | 0 | 0 | 0 | 0 | 0 | 0 | 0 | 0 | 0 | 0 | 0 | 0 | 0 | 0 | 0 | 0 | 0 | 0 | 0 | 0 | 0 | 0 | 0 | 0 | 0 | 0 |  0 | 0 | 0 | 1 | 0 | 1 | 0 | 2 | 3 | 1 | 0 | 2 | 1 | 1 | 0 | 1 | 1 | 0 | 1 | 1 | 2 | 0 | 0 | 0 | 0 | 1 | 0 | 0 | 0 | 0 | 0 | 0 | 0 | 0 | 0 |
217 | Shinagawa, Hiroyuki | THE UNIVERSITY OF MICHIGAN. | 1987 | male | 3 | 21 | 2017 | 4 | 69 | 2017 | 0 | 0 | 0 | 0 | 0 | 3 | 1 | 2 | 0 | 2 | 1 | 2 | 0 | 0 | 2 | 0 | 2 | 1 | 1 | 0 | 0 | 1 | 2 | 0 | 1 | 1 | 0 | 0 | 0 | 0 | 0 | 1 | 0 | 0 | 0 |  0 | 0 | 1 | 0 | 0 | 3 | 1 | 2 | 2 | 3 | 1 | 2 | 0 | 0 | 2 | 0 | 3 | 2 | 1 | 2 | 1 | 3 | 4 | 3 | 1 | 1 | 2 | 4 | 3 | 4 | 6 | 3 | 6 | 2 | 1 |
218 | Holm, Christian Lothar | GEORGIA INSTITUTE OF TECHNOLOGY. | 1987 | male | 1 | 3 | 1996 | 4 | 4 | 1999 | 0 | 0 | 0 | 0 | 0 | 1 | 1 | 0 | 0 | 0 | 0 | 0 | 0 | 0 | 2 | 0 | 0 | 0 | 0 | 0 | 0 | 0 | 0 | 0 | 0 | 0 | 0 | 0 | 0 | 0 | 0 | 0 | 0 | 0 | 0 |  0 | 0 | 0 | 0 | 0 | 4 | 1 | 0 | 0 | 0 | 0 | 0 | 0 | 0 | 2 | 0 | 0 | 1 | 0 | 0 | 0 | 0 | 0 | 0 | 0 | 0 | 0 | 0 | 0 | 0 | 0 | 0 | 0 | 0 | 0 |
