n | name | university | phd_year | gender | fa_n_pubs_pre_phd | fa_n_pubs_prost_phd | fa_year_last | all_n_pubs_pre_phd | all_n_pubs_prost_phd | all_year_last |  fa_1968 | fa_1969 | fa_1970 | fa_1971 | fa_1972 | fa_1973 | fa_1974 | fa_1975 | fa_1976 | fa_1977 | fa_1978 | fa_1979 | fa_1980 | fa_1981 | fa_1982 | fa_1983 | fa_1984 | fa_1985 | fa_1986 | fa_1987 | fa_1988 | fa_1989 | fa_1990 | fa_1991 | fa_1992 | fa_1993 | fa_1994 | fa_1995 | fa_1996 | fa_1997 | fa_1998 | fa_1999 | fa_2000 | fa_2001 | fa_2002 | fa_2003 | fa_2004 | fa_2005 | fa_2006 | fa_2007 | fa_2008 | fa_2009 | fa_2010 | fa_2011 | fa_2012 | fa_2013 | fa_2014 | fa_2015 | fa_2016 |  all_1968 | all_1969 | all_1970 | all_1971 | all_1972 | all_1973 | all_1974 | all_1975 | all_1976 | all_1977 | all_1978 | all_1979 | all_1980 | all_1981 | all_1982 | all_1983 | all_1984 | all_1985 | all_1986 | all_1987 | all_1988 | all_1989 | all_1990 | all_1991 | all_1992 | all_1993 | all_1994 | all_1995 | all_1996 | all_1997 | all_1998 | all_1999 | all_2000 | all_2001 | all_2002 | all_2003 | all_2004 | all_2005 | all_2006 | all_2007 | all_2008 | all_2009 | all_2010 | all_2011 | all_2012 | all_2013 | all_2014 | all_2015 | all_2016 | foo
1 | Taff, Laurence Gordon | THE UNIVERSITY OF ROCHESTER. | 1973 | female | 7 | 38 | 1997 | 8 | 56 | 1998 | 0 | 0 | 0 | 1 | 2 | 4 | 2 | 3 | 1 | 2 | 0 | 0 | 1 | 1 | 3 | 0 | 2 | 2 | 1 | 1 | 4 | 2 | 5 | 1 | 3 | 0 | 1 | 1 | 0 | 2 | 0 | 0 | 0 | 0 | 0 | 0 | 0 | 0 | 0 | 0 | 0 | 0 | 0 | 0 | 0 | 0 | 0 | 0 | 0 |  0 | 0 | 0 | 1 | 3 | 4 | 2 | 3 | 1 | 2 | 0 | 0 | 1 | 1 | 3 | 1 | 2 | 2 | 2 | 1 | 4 | 2 | 5 | 1 | 5 | 2 | 4 | 4 | 4 | 2 | 2 | 0 | 0 | 0 | 0 | 0 | 0 | 0 | 0 | 0 | 0 | 0 | 0 | 0 | 0 | 0 | 0 | 0 | 0 |
2 | Upson, Walter Lyman, II | UNIVERSITY OF MARYLAND COLLEGE PARK. | 1973 | male | 1 | 1 | 1980 | 1 | 3 | 1982 | 0 | 0 | 0 | 0 | 0 | 1 | 0 | 0 | 0 | 0 | 0 | 0 | 1 | 0 | 0 | 0 | 0 | 0 | 0 | 0 | 0 | 0 | 0 | 0 | 0 | 0 | 0 | 0 | 0 | 0 | 0 | 0 | 0 | 0 | 0 | 0 | 0 | 0 | 0 | 0 | 0 | 0 | 0 | 0 | 0 | 0 | 0 | 0 | 0 |  0 | 0 | 0 | 0 | 0 | 1 | 0 | 0 | 0 | 1 | 0 | 0 | 1 | 0 | 1 | 0 | 0 | 0 | 0 | 0 | 0 | 0 | 0 | 0 | 0 | 0 | 0 | 0 | 0 | 0 | 0 | 0 | 0 | 0 | 0 | 0 | 0 | 0 | 0 | 0 | 0 | 0 | 0 | 0 | 0 | 0 | 0 | 0 | 0 |
3 | Johnson, Wiley Neil, III | RICE UNIVERSITY. | 1973 | male | 1 | 8 | 1997 | 1 | 233 | 2015 | 0 | 0 | 0 | 0 | 0 | 1 | 0 | 0 | 1 | 0 | 0 | 0 | 1 | 0 | 0 | 1 | 0 | 0 | 0 | 0 | 0 | 0 | 0 | 0 | 0 | 2 | 0 | 2 | 0 | 1 | 0 | 0 | 0 | 0 | 0 | 0 | 0 | 0 | 0 | 0 | 0 | 0 | 0 | 0 | 0 | 0 | 0 | 0 | 0 |  0 | 0 | 0 | 0 | 0 | 1 | 0 | 0 | 1 | 0 | 1 | 4 | 4 | 2 | 2 | 2 | 0 | 0 | 0 | 0 | 0 | 1 | 0 | 2 | 2 | 7 | 7 | 20 | 18 | 10 | 7 | 2 | 2 | 4 | 4 | 2 | 2 | 2 | 4 | 0 | 1 | 35 | 55 | 12 | 4 | 5 | 5 | 4 | 0 |
4 | Yoder, Charles Finney | UNIVERSITY OF CALIFORNIA, SANTA BARBARA. | 1973 | male | 1 | 17 | 2003 | 1 | 33 | 2011 | 0 | 0 | 0 | 0 | 0 | 1 | 0 | 1 | 0 | 0 | 0 | 4 | 1 | 4 | 1 | 2 | 0 | 0 | 0 | 0 | 0 | 1 | 0 | 0 | 0 | 0 | 0 | 1 | 0 | 1 | 0 | 0 | 0 | 0 | 0 | 1 | 0 | 0 | 0 | 0 | 0 | 0 | 0 | 0 | 0 | 0 | 0 | 0 | 0 |  0 | 0 | 0 | 0 | 0 | 1 | 0 | 1 | 0 | 0 | 1 | 4 | 2 | 4 | 1 | 2 | 0 | 0 | 0 | 0 | 1 | 3 | 1 | 0 | 1 | 1 | 1 | 1 | 1 | 3 | 0 | 0 | 1 | 1 | 0 | 1 | 0 | 0 | 1 | 0 | 0 | 0 | 0 | 1 | 0 | 0 | 0 | 0 | 0 |
5 | Zissell, Ronald Everett | UNIVERSITY OF VIRGINIA. | 1973 | male | 2 | 13 | 2008 | 2 | 19 | 2008 | 1 | 0 | 0 | 0 | 0 | 1 | 0 | 0 | 0 | 0 | 0 | 0 | 0 | 0 | 0 | 0 | 0 | 0 | 1 | 0 | 0 | 0 | 0 | 1 | 0 | 0 | 0 | 0 | 2 | 1 | 1 | 0 | 1 | 1 | 0 | 1 | 0 | 0 | 2 | 1 | 1 | 0 | 0 | 0 | 0 | 0 | 0 | 0 | 0 |  1 | 0 | 0 | 0 | 0 | 1 | 0 | 0 | 0 | 0 | 0 | 1 | 0 | 0 | 0 | 0 | 0 | 0 | 1 | 0 | 0 | 0 | 0 | 1 | 0 | 0 | 0 | 0 | 2 | 1 | 1 | 1 | 1 | 1 | 1 | 2 | 1 | 0 | 3 | 1 | 1 | 0 | 0 | 0 | 0 | 0 | 0 | 0 | 0 |
6 | Trauger, John Terry | THE UNIVERSITY OF WISCONSIN - MADISON. | 1973 | male | 4 | 14 | 2016 | 4 | 110 | 2016 | 0 | 0 | 0 | 1 | 1 | 2 | 0 | 0 | 2 | 0 | 2 | 0 | 1 | 0 | 0 | 2 | 2 | 0 | 0 | 0 | 0 | 0 | 0 | 0 | 0 | 0 | 1 | 0 | 0 | 0 | 2 | 0 | 0 | 0 | 0 | 0 | 0 | 0 | 0 | 1 | 0 | 0 | 0 | 0 | 0 | 0 | 0 | 0 | 1 |  0 | 0 | 0 | 1 | 1 | 2 | 0 | 1 | 2 | 2 | 2 | 0 | 2 | 0 | 0 | 2 | 2 | 0 | 0 | 0 | 0 | 2 | 0 | 1 | 0 | 0 | 3 | 11 | 12 | 7 | 15 | 11 | 4 | 0 | 3 | 0 | 1 | 0 | 1 | 2 | 0 | 2 | 6 | 8 | 4 | 1 | 0 | 0 | 3 |
7 | Ulich, Bobby Lee | THE UNIVERSITY OF TEXAS AT AUSTIN. | 1973 | male | 3 | 14 | 1985 | 3 | 31 | 1989 | 0 | 0 | 0 | 0 | 1 | 2 | 3 | 0 | 2 | 2 | 2 | 0 | 1 | 2 | 0 | 0 | 1 | 1 | 0 | 0 | 0 | 0 | 0 | 0 | 0 | 0 | 0 | 0 | 0 | 0 | 0 | 0 | 0 | 0 | 0 | 0 | 0 | 0 | 0 | 0 | 0 | 0 | 0 | 0 | 0 | 0 | 0 | 0 | 0 |  0 | 0 | 0 | 0 | 1 | 2 | 4 | 1 | 4 | 3 | 5 | 0 | 3 | 4 | 1 | 0 | 1 | 1 | 2 | 0 | 0 | 2 | 0 | 0 | 0 | 0 | 0 | 0 | 0 | 0 | 0 | 0 | 0 | 0 | 0 | 0 | 0 | 0 | 0 | 0 | 0 | 0 | 0 | 0 | 0 | 0 | 0 | 0 | 0 |
8 | Kawabata, Kiyoshi | THE PENNSYLVANIA STATE UNIVERSITY. | 1973 | male | 4 | 26 | 2016 | 9 | 108 | 2016 | 0 | 1 | 0 | 0 | 1 | 2 | 1 | 1 | 0 | 0 | 1 | 0 | 3 | 1 | 0 | 0 | 0 | 2 | 0 | 0 | 2 | 0 | 0 | 1 | 1 | 1 | 1 | 0 | 0 | 1 | 0 | 0 | 0 | 1 | 1 | 1 | 0 | 0 | 0 | 1 | 0 | 0 | 1 | 1 | 0 | 1 | 1 | 1 | 1 |  1 | 1 | 1 | 0 | 4 | 2 | 1 | 1 | 1 | 1 | 1 | 3 | 3 | 1 | 0 | 2 | 0 | 2 | 3 | 2 | 3 | 2 | 0 | 1 | 2 | 3 | 3 | 2 | 1 | 1 | 0 | 1 | 2 | 2 | 2 | 2 | 2 | 2 | 6 | 6 | 5 | 5 | 7 | 2 | 3 | 4 | 2 | 7 | 9 |
9 | Nordsieck, Kenneth Hugh | UNIVERSITY OF CALIFORNIA, SAN DIEGO. | 1973 | male | 6 | 2 | 1976 | 6 | 57 | 2017 | 0 | 0 | 0 | 2 | 1 | 3 | 1 | 0 | 1 | 0 | 0 | 0 | 0 | 0 | 0 | 0 | 0 | 0 | 0 | 0 | 0 | 0 | 0 | 0 | 0 | 0 | 0 | 0 | 0 | 0 | 0 | 0 | 0 | 0 | 0 | 0 | 0 | 0 | 0 | 0 | 0 | 0 | 0 | 0 | 0 | 0 | 0 | 0 | 0 |  0 | 0 | 0 | 2 | 1 | 3 | 1 | 0 | 1 | 2 | 0 | 0 | 2 | 1 | 0 | 0 | 1 | 0 | 0 | 1 | 1 | 0 | 2 | 4 | 4 | 3 | 1 | 1 | 2 | 5 | 2 | 3 | 0 | 0 | 1 | 3 | 2 | 0 | 2 | 3 | 2 | 1 | 1 | 0 | 1 | 2 | 1 | 0 | 0 |
10 | Jambor, Bruno Jean | UNIVERSITY OF ILLINOIS AT URBANA-CHAMPAIGN. | 1973 | male | 2 | 0 | 1973 | 2 | 0 | 1973 | 0 | 0 | 0 | 0 | 0 | 2 | 0 | 0 | 0 | 0 | 0 | 0 | 0 | 0 | 0 | 0 | 0 | 0 | 0 | 0 | 0 | 0 | 0 | 0 | 0 | 0 | 0 | 0 | 0 | 0 | 0 | 0 | 0 | 0 | 0 | 0 | 0 | 0 | 0 | 0 | 0 | 0 | 0 | 0 | 0 | 0 | 0 | 0 | 0 |  0 | 0 | 0 | 0 | 0 | 2 | 0 | 0 | 0 | 0 | 0 | 0 | 0 | 0 | 0 | 0 | 0 | 0 | 0 | 0 | 0 | 0 | 0 | 0 | 0 | 0 | 0 | 0 | 0 | 0 | 0 | 0 | 0 | 0 | 0 | 0 | 0 | 0 | 0 | 0 | 0 | 0 | 0 | 0 | 0 | 0 | 0 | 0 | 0 |
11 | Madhyastha, Visweswara Laxminarayana | NEW YORK UNIVERSITY. | 1973 | male | 2 | 1 | 1974 | 2 | 1 | 1974 | 0 | 0 | 0 | 0 | 0 | 2 | 1 | 0 | 0 | 0 | 0 | 0 | 0 | 0 | 0 | 0 | 0 | 0 | 0 | 0 | 0 | 0 | 0 | 0 | 0 | 0 | 0 | 0 | 0 | 0 | 0 | 0 | 0 | 0 | 0 | 0 | 0 | 0 | 0 | 0 | 0 | 0 | 0 | 0 | 0 | 0 | 0 | 0 | 0 |  0 | 0 | 0 | 0 | 0 | 2 | 1 | 0 | 0 | 0 | 0 | 0 | 0 | 0 | 0 | 0 | 0 | 0 | 0 | 0 | 0 | 0 | 0 | 0 | 0 | 0 | 0 | 0 | 0 | 0 | 0 | 0 | 0 | 0 | 0 | 0 | 0 | 0 | 0 | 0 | 0 | 0 | 0 | 0 | 0 | 0 | 0 | 0 | 0 |
12 | Cummings, Alan Coffman | California Institute of Technology | 1973 | male | 5 | 44 | 2016 | 5 | 231 | 2016 | 0 | 0 | 0 | 0 | 0 | 5 | 0 | 0 | 0 | 0 | 0 | 0 | 0 | 0 | 0 | 2 | 1 | 1 | 2 | 5 | 0 | 0 | 0 | 1 | 0 | 6 | 1 | 6 | 1 | 2 | 1 | 3 | 0 | 2 | 2 | 2 | 0 | 1 | 0 | 1 | 1 | 1 | 0 | 1 | 0 | 0 | 0 | 0 | 1 |  0 | 0 | 0 | 0 | 0 | 5 | 0 | 0 | 0 | 0 | 1 | 3 | 0 | 1 | 1 | 4 | 1 | 6 | 4 | 6 | 1 | 1 | 1 | 3 | 1 | 14 | 1 | 13 | 6 | 9 | 5 | 9 | 2 | 36 | 5 | 19 | 1 | 19 | 5 | 10 | 18 | 5 | 6 | 2 | 2 | 4 | 0 | 4 | 2 |
13 | Sneden, Christopher Alan | THE UNIVERSITY OF TEXAS AT AUSTIN. | 1973 | male | 2 | 47 | 2016 | 3 | 252 | 2017 | 0 | 0 | 0 | 0 | 0 | 2 | 2 | 1 | 2 | 0 | 2 | 1 | 0 | 1 | 1 | 3 | 1 | 1 | 2 | 0 | 1 | 0 | 0 | 3 | 1 | 0 | 2 | 1 | 1 | 1 | 1 | 1 | 3 | 1 | 2 | 5 | 2 | 0 | 1 | 0 | 1 | 1 | 0 | 0 | 0 | 0 | 1 | 0 | 1 |  0 | 0 | 0 | 0 | 0 | 3 | 6 | 2 | 3 | 1 | 3 | 2 | 1 | 1 | 3 | 5 | 6 | 3 | 5 | 2 | 5 | 2 | 4 | 5 | 3 | 5 | 5 | 8 | 5 | 5 | 5 | 8 | 11 | 10 | 7 | 11 | 11 | 6 | 13 | 3 | 9 | 4 | 8 | 14 | 6 | 6 | 13 | 8 | 5 |
14 | Press, William H. | California Institute of Technology | 1973 | male | 10 | 39 | 1998 | 12 | 76 | 1998 | 0 | 0 | 0 | 1 | 3 | 6 | 2 | 2 | 4 | 2 | 2 | 2 | 4 | 3 | 1 | 1 | 0 | 1 | 1 | 1 | 1 | 3 | 1 | 0 | 2 | 4 | 0 | 1 | 0 | 0 | 1 | 0 | 0 | 0 | 0 | 0 | 0 | 0 | 0 | 0 | 0 | 0 | 0 | 0 | 0 | 0 | 0 | 0 | 0 |  0 | 0 | 0 | 2 | 4 | 6 | 3 | 3 | 6 | 3 | 5 | 3 | 5 | 3 | 1 | 3 | 0 | 3 | 3 | 3 | 2 | 6 | 4 | 4 | 4 | 4 | 0 | 4 | 2 | 0 | 2 | 0 | 0 | 0 | 0 | 0 | 0 | 0 | 0 | 0 | 0 | 0 | 0 | 0 | 0 | 0 | 0 | 0 | 0 |
15 | Hoxit, Lee Ray | COLORADO STATE UNIVERSITY. | 1973 | male | 1 | 2 | 1975 | 1 | 2 | 1975 | 0 | 0 | 0 | 0 | 0 | 1 | 1 | 1 | 0 | 0 | 0 | 0 | 0 | 0 | 0 | 0 | 0 | 0 | 0 | 0 | 0 | 0 | 0 | 0 | 0 | 0 | 0 | 0 | 0 | 0 | 0 | 0 | 0 | 0 | 0 | 0 | 0 | 0 | 0 | 0 | 0 | 0 | 0 | 0 | 0 | 0 | 0 | 0 | 0 |  0 | 0 | 0 | 0 | 0 | 1 | 1 | 1 | 0 | 0 | 0 | 0 | 0 | 0 | 0 | 0 | 0 | 0 | 0 | 0 | 0 | 0 | 0 | 0 | 0 | 0 | 0 | 0 | 0 | 0 | 0 | 0 | 0 | 0 | 0 | 0 | 0 | 0 | 0 | 0 | 0 | 0 | 0 | 0 | 0 | 0 | 0 | 0 | 0 |
16 | Lee, John Denis | THE FLORIDA STATE UNIVERSITY. | 1973 | male | 1 | 6 | 2012 | 1 | 126 | 2017 | 0 | 0 | 0 | 0 | 0 | 1 | 0 | 0 | 0 | 0 | 0 | 0 | 0 | 0 | 0 | 0 | 0 | 0 | 0 | 0 | 0 | 0 | 0 | 0 | 0 | 1 | 0 | 0 | 0 | 0 | 0 | 0 | 2 | 0 | 0 | 0 | 0 | 0 | 0 | 1 | 1 | 0 | 0 | 0 | 1 | 0 | 0 | 0 | 0 |  0 | 0 | 0 | 0 | 0 | 1 | 0 | 0 | 0 | 0 | 0 | 0 | 0 | 0 | 0 | 0 | 0 | 0 | 0 | 0 | 0 | 0 | 0 | 0 | 1 | 2 | 0 | 1 | 0 | 0 | 0 | 2 | 3 | 4 | 2 | 0 | 2 | 6 | 3 | 11 | 10 | 6 | 9 | 2 | 5 | 10 | 17 | 22 | 6 |
17 | Smith, Robert Alan | UNIVERSITY OF MARYLAND COLLEGE PARK. | 1973 | male | 4 | 46 | 2015 | 6 | 159 | 2017 | 0 | 0 | 1 | 0 | 1 | 2 | 3 | 0 | 3 | 1 | 1 | 2 | 0 | 0 | 1 | 0 | 0 | 1 | 3 | 2 | 1 | 0 | 1 | 0 | 0 | 0 | 0 | 0 | 0 | 0 | 1 | 0 | 0 | 0 | 0 | 0 | 0 | 0 | 0 | 2 | 3 | 2 | 4 | 4 | 4 | 5 | 0 | 2 | 0 |  0 | 0 | 1 | 0 | 1 | 4 | 4 | 1 | 4 | 1 | 3 | 3 | 3 | 0 | 3 | 1 | 1 | 3 | 5 | 2 | 3 | 2 | 3 | 4 | 0 | 2 | 0 | 1 | 1 | 0 | 4 | 3 | 1 | 2 | 2 | 2 | 4 | 5 | 2 | 5 | 5 | 6 | 7 | 13 | 9 | 13 | 4 | 9 | 10 |
18 | Shields, Gregory Alan | California Institute of Technology | 1973 | male | 2 | 44 | 2013 | 3 | 111 | 2015 | 0 | 0 | 0 | 0 | 1 | 1 | 2 | 3 | 3 | 1 | 8 | 1 | 1 | 1 | 1 | 3 | 0 | 0 | 3 | 0 | 0 | 1 | 1 | 2 | 0 | 0 | 0 | 0 | 1 | 0 | 1 | 1 | 1 | 0 | 0 | 1 | 0 | 0 | 2 | 0 | 1 | 2 | 1 | 0 | 1 | 1 | 0 | 0 | 0 |  0 | 0 | 0 | 0 | 2 | 1 | 3 | 4 | 5 | 3 | 10 | 3 | 2 | 4 | 3 | 6 | 2 | 1 | 5 | 2 | 2 | 2 | 3 | 3 | 0 | 0 | 0 | 2 | 2 | 2 | 1 | 2 | 1 | 2 | 0 | 1 | 0 | 1 | 5 | 3 | 4 | 6 | 3 | 2 | 4 | 5 | 0 | 2 | 0 |
19 | Kim, Jeong-Woo | UNIVERSITY OF CALIFORNIA, LOS ANGELES. | 1973 | male | 1 | 17 | 2011 | 1 | 139 | 2017 | 0 | 0 | 0 | 0 | 0 | 1 | 0 | 0 | 0 | 0 | 0 | 0 | 0 | 0 | 0 | 0 | 0 | 0 | 0 | 0 | 0 | 1 | 1 | 0 | 0 | 1 | 0 | 1 | 0 | 0 | 0 | 0 | 0 | 0 | 1 | 0 | 1 | 1 | 3 | 1 | 2 | 0 | 2 | 2 | 0 | 0 | 0 | 0 | 0 |  0 | 0 | 0 | 0 | 0 | 1 | 0 | 0 | 0 | 0 | 0 | 0 | 0 | 1 | 0 | 0 | 0 | 0 | 0 | 0 | 0 | 1 | 3 | 4 | 1 | 2 | 1 | 2 | 0 | 1 | 1 | 5 | 1 | 6 | 6 | 7 | 3 | 3 | 8 | 5 | 11 | 3 | 3 | 7 | 6 | 3 | 2 | 3 | 31 |
20 | Wright, William Edwin | California Institute of Technology | 1973 | male | 1 | 1 | 2001 | 1 | 3 | 2013 | 0 | 0 | 0 | 0 | 0 | 1 | 0 | 0 | 0 | 0 | 0 | 0 | 0 | 0 | 0 | 0 | 0 | 0 | 0 | 0 | 0 | 0 | 0 | 0 | 0 | 0 | 0 | 0 | 0 | 0 | 0 | 0 | 0 | 1 | 0 | 0 | 0 | 0 | 0 | 0 | 0 | 0 | 0 | 0 | 0 | 0 | 0 | 0 | 0 |  0 | 0 | 0 | 0 | 0 | 1 | 0 | 0 | 0 | 0 | 0 | 0 | 0 | 0 | 0 | 0 | 0 | 0 | 0 | 0 | 0 | 0 | 0 | 0 | 0 | 0 | 0 | 0 | 0 | 0 | 0 | 0 | 0 | 1 | 0 | 0 | 0 | 0 | 0 | 0 | 0 | 1 | 0 | 0 | 0 | 1 | 0 | 0 | 0 |
21 | Hoyt, Howard Phillips, Jr. | WASHINGTON UNIVERSITY. | 1973 | male | 2 | 0 | 1973 | 4 | 0 | 1973 | 0 | 0 | 0 | 0 | 0 | 2 | 0 | 0 | 0 | 0 | 0 | 0 | 0 | 0 | 0 | 0 | 0 | 0 | 0 | 0 | 0 | 0 | 0 | 0 | 0 | 0 | 0 | 0 | 0 | 0 | 0 | 0 | 0 | 0 | 0 | 0 | 0 | 0 | 0 | 0 | 0 | 0 | 0 | 0 | 0 | 0 | 0 | 0 | 0 |  0 | 0 | 2 | 0 | 0 | 2 | 0 | 0 | 0 | 0 | 0 | 0 | 0 | 0 | 0 | 0 | 0 | 0 | 0 | 0 | 0 | 0 | 0 | 0 | 0 | 0 | 0 | 0 | 0 | 0 | 0 | 0 | 0 | 0 | 0 | 0 | 0 | 0 | 0 | 0 | 0 | 0 | 0 | 0 | 0 | 0 | 0 | 0 | 0 |
22 | Greisen, Eric Winslow | California Institute of Technology | 1973 | male | 3 | 10 | 2009 | 4 | 28 | 2009 | 0 | 0 | 0 | 0 | 0 | 3 | 0 | 0 | 2 | 0 | 0 | 1 | 0 | 1 | 0 | 0 | 0 | 0 | 1 | 0 | 0 | 0 | 0 | 0 | 0 | 0 | 0 | 0 | 0 | 0 | 0 | 0 | 0 | 0 | 1 | 2 | 0 | 0 | 1 | 0 | 0 | 1 | 0 | 0 | 0 | 0 | 0 | 0 | 0 |  0 | 1 | 0 | 0 | 0 | 3 | 0 | 0 | 2 | 0 | 1 | 3 | 0 | 2 | 1 | 0 | 2 | 0 | 1 | 0 | 2 | 0 | 0 | 1 | 0 | 1 | 0 | 0 | 0 | 0 | 1 | 0 | 0 | 1 | 2 | 2 | 0 | 1 | 1 | 2 | 0 | 2 | 0 | 0 | 0 | 0 | 0 | 0 | 0 |
23 | Mallett, Ronald Lawrence | THE PENNSYLVANIA STATE UNIVERSITY. | 1973 | male | 1 | 8 | 1995 | 1 | 18 | 2001 | 0 | 0 | 0 | 0 | 0 | 1 | 1 | 0 | 0 | 0 | 0 | 0 | 0 | 0 | 0 | 0 | 1 | 1 | 3 | 0 | 1 | 0 | 0 | 0 | 0 | 0 | 0 | 1 | 0 | 0 | 0 | 0 | 0 | 0 | 0 | 0 | 0 | 0 | 0 | 0 | 0 | 0 | 0 | 0 | 0 | 0 | 0 | 0 | 0 |  0 | 0 | 0 | 0 | 0 | 1 | 1 | 0 | 0 | 0 | 0 | 0 | 1 | 1 | 0 | 0 | 1 | 1 | 4 | 0 | 1 | 0 | 0 | 1 | 0 | 1 | 2 | 2 | 0 | 0 | 0 | 0 | 0 | 2 | 0 | 0 | 0 | 0 | 0 | 0 | 0 | 0 | 0 | 0 | 0 | 0 | 0 | 0 | 0 |
24 | McDonough, Thomas Redmond | CORNELL UNIVERSITY. | 1973 | male | 4 | 6 | 1991 | 6 | 10 | 1991 | 0 | 0 | 0 | 1 | 0 | 3 | 2 | 1 | 1 | 0 | 0 | 0 | 0 | 0 | 0 | 0 | 0 | 0 | 0 | 0 | 0 | 0 | 0 | 2 | 0 | 0 | 0 | 0 | 0 | 0 | 0 | 0 | 0 | 0 | 0 | 0 | 0 | 0 | 0 | 0 | 0 | 0 | 0 | 0 | 0 | 0 | 0 | 0 | 0 |  0 | 1 | 0 | 1 | 0 | 4 | 2 | 2 | 1 | 0 | 0 | 1 | 2 | 0 | 0 | 0 | 0 | 0 | 0 | 0 | 0 | 0 | 0 | 2 | 0 | 0 | 0 | 0 | 0 | 0 | 0 | 0 | 0 | 0 | 0 | 0 | 0 | 0 | 0 | 0 | 0 | 0 | 0 | 0 | 0 | 0 | 0 | 0 | 0 |
25 | Chou, Chih Kang | NEW YORK UNIVERSITY. | 1973 | male | 2 | 9 | 1999 | 6 | 30 | 2014 | 0 | 0 | 0 | 1 | 0 | 1 | 0 | 0 | 0 | 0 | 0 | 0 | 1 | 0 | 0 | 0 | 0 | 1 | 1 | 0 | 0 | 0 | 1 | 1 | 0 | 0 | 2 | 0 | 0 | 1 | 0 | 1 | 0 | 0 | 0 | 0 | 0 | 0 | 0 | 0 | 0 | 0 | 0 | 0 | 0 | 0 | 0 | 0 | 0 |  0 | 0 | 3 | 2 | 0 | 1 | 1 | 0 | 0 | 0 | 1 | 1 | 1 | 0 | 0 | 0 | 0 | 1 | 2 | 0 | 0 | 0 | 1 | 1 | 0 | 0 | 2 | 0 | 2 | 2 | 0 | 1 | 0 | 1 | 1 | 3 | 2 | 1 | 1 | 0 | 0 | 0 | 0 | 3 | 1 | 0 | 1 | 0 | 0 |
26 | Sarris, Emmanuel T. | THE UNIVERSITY OF IOWA. | 1973 | male | 2 | 31 | 2003 | 2 | 156 | 2016 | 0 | 0 | 0 | 0 | 0 | 2 | 1 | 4 | 3 | 2 | 2 | 2 | 0 | 3 | 2 | 1 | 1 | 3 | 0 | 1 | 1 | 3 | 0 | 0 | 1 | 0 | 0 | 0 | 0 | 0 | 0 | 0 | 0 | 0 | 0 | 1 | 0 | 0 | 0 | 0 | 0 | 0 | 0 | 0 | 0 | 0 | 0 | 0 | 0 |  0 | 0 | 0 | 0 | 0 | 2 | 1 | 7 | 3 | 5 | 3 | 2 | 1 | 11 | 2 | 4 | 2 | 7 | 2 | 4 | 3 | 5 | 4 | 6 | 7 | 6 | 6 | 7 | 4 | 10 | 7 | 4 | 4 | 4 | 4 | 5 | 3 | 4 | 0 | 0 | 1 | 3 | 0 | 0 | 1 | 1 | 0 | 2 | 1 |
27 | Smith, Charles Ditto | UNIVERSITY OF VIRGINIA. | 1973 | male | 2 | 4 | 2007 | 3 | 54 | 2017 | 0 | 0 | 0 | 0 | 0 | 2 | 0 | 0 | 0 | 0 | 0 | 0 | 0 | 0 | 0 | 0 | 0 | 0 | 0 | 0 | 0 | 0 | 0 | 0 | 0 | 1 | 0 | 0 | 0 | 0 | 0 | 2 | 0 | 0 | 0 | 0 | 0 | 0 | 0 | 1 | 0 | 0 | 0 | 0 | 0 | 0 | 0 | 0 | 0 |  0 | 0 | 0 | 0 | 1 | 2 | 0 | 0 | 0 | 0 | 0 | 0 | 0 | 1 | 1 | 0 | 0 | 0 | 0 | 0 | 1 | 0 | 13 | 2 | 3 | 1 | 0 | 0 | 0 | 0 | 1 | 3 | 0 | 1 | 0 | 1 | 1 | 1 | 0 | 2 | 2 | 3 | 2 | 1 | 1 | 2 | 3 | 4 | 3 |
28 | Sharrock, Michael Peter | UNIVERSITY OF ILLINOIS AT URBANA-CHAMPAIGN. | 1973 | male | 1 | 0 | 1973 | 1 | 0 | 1973 | 0 | 0 | 0 | 0 | 0 | 1 | 0 | 0 | 0 | 0 | 0 | 0 | 0 | 0 | 0 | 0 | 0 | 0 | 0 | 0 | 0 | 0 | 0 | 0 | 0 | 0 | 0 | 0 | 0 | 0 | 0 | 0 | 0 | 0 | 0 | 0 | 0 | 0 | 0 | 0 | 0 | 0 | 0 | 0 | 0 | 0 | 0 | 0 | 0 |  0 | 0 | 0 | 0 | 0 | 1 | 0 | 0 | 0 | 0 | 0 | 0 | 0 | 0 | 0 | 0 | 0 | 0 | 0 | 0 | 0 | 0 | 0 | 0 | 0 | 0 | 0 | 0 | 0 | 0 | 0 | 0 | 0 | 0 | 0 | 0 | 0 | 0 | 0 | 0 | 0 | 0 | 0 | 0 | 0 | 0 | 0 | 0 | 0 |
29 | Rajan, Sundar Ramakrishnan | UNIVERSITY OF CALIFORNIA, BERKELEY. | 1973 | male | 1 | 1 | 1983 | 1 | 7 | 2016 | 0 | 0 | 0 | 0 | 0 | 1 | 0 | 0 | 0 | 0 | 0 | 0 | 0 | 0 | 0 | 1 | 0 | 0 | 0 | 0 | 0 | 0 | 0 | 0 | 0 | 0 | 0 | 0 | 0 | 0 | 0 | 0 | 0 | 0 | 0 | 0 | 0 | 0 | 0 | 0 | 0 | 0 | 0 | 0 | 0 | 0 | 0 | 0 | 0 |  0 | 0 | 0 | 0 | 0 | 1 | 0 | 0 | 0 | 0 | 1 | 0 | 1 | 0 | 0 | 1 | 0 | 0 | 0 | 0 | 0 | 0 | 1 | 1 | 0 | 0 | 0 | 0 | 0 | 0 | 0 | 0 | 0 | 0 | 0 | 0 | 0 | 0 | 0 | 0 | 0 | 1 | 0 | 0 | 0 | 0 | 0 | 0 | 1 |
30 | Shine, Richard Alan | UNIVERSITY OF COLORADO AT BOULDER. | 1973 | male | 3 | 12 | 2000 | 5 | 139 | 2013 | 0 | 0 | 0 | 0 | 1 | 2 | 2 | 4 | 1 | 0 | 1 | 0 | 0 | 0 | 0 | 1 | 0 | 0 | 0 | 1 | 0 | 0 | 0 | 0 | 0 | 0 | 1 | 0 | 0 | 0 | 0 | 0 | 1 | 0 | 0 | 0 | 0 | 0 | 0 | 0 | 0 | 0 | 0 | 0 | 0 | 0 | 0 | 0 | 0 |  0 | 0 | 0 | 0 | 1 | 4 | 4 | 9 | 5 | 2 | 2 | 0 | 2 | 5 | 10 | 5 | 0 | 3 | 2 | 3 | 5 | 2 | 0 | 2 | 1 | 1 | 2 | 2 | 1 | 3 | 5 | 5 | 2 | 1 | 1 | 3 | 1 | 1 | 1 | 26 | 13 | 2 | 2 | 1 | 3 | 1 | 0 | 0 | 0 |
31 | Cunningham, Christopher Thomas | UNIVERSITY OF WASHINGTON. | 1973 | male | 4 | 25 | 2012 | 4 | 52 | 2012 | 0 | 0 | 1 | 0 | 1 | 2 | 0 | 2 | 1 | 1 | 1 | 1 | 2 | 1 | 1 | 0 | 2 | 1 | 1 | 0 | 1 | 3 | 5 | 0 | 1 | 0 | 0 | 0 | 0 | 0 | 0 | 0 | 0 | 0 | 0 | 0 | 0 | 0 | 0 | 0 | 0 | 0 | 0 | 0 | 1 | 0 | 0 | 0 | 0 |  0 | 0 | 1 | 0 | 1 | 2 | 0 | 2 | 1 | 1 | 1 | 1 | 2 | 1 | 2 | 0 | 7 | 3 | 2 | 1 | 3 | 3 | 5 | 2 | 3 | 2 | 2 | 1 | 0 | 0 | 2 | 0 | 0 | 1 | 0 | 1 | 1 | 0 | 0 | 0 | 0 | 0 | 1 | 0 | 1 | 0 | 0 | 0 | 0 |
32 | Degregoria, Anthony Joseph | COLUMBIA UNIVERSITY. | 1973 | male | 3 | 3 | 1980 | 3 | 3 | 1980 | 0 | 0 | 0 | 0 | 0 | 3 | 1 | 0 | 0 | 1 | 0 | 0 | 1 | 0 | 0 | 0 | 0 | 0 | 0 | 0 | 0 | 0 | 0 | 0 | 0 | 0 | 0 | 0 | 0 | 0 | 0 | 0 | 0 | 0 | 0 | 0 | 0 | 0 | 0 | 0 | 0 | 0 | 0 | 0 | 0 | 0 | 0 | 0 | 0 |  0 | 0 | 0 | 0 | 0 | 3 | 1 | 0 | 0 | 1 | 0 | 0 | 1 | 0 | 0 | 0 | 0 | 0 | 0 | 0 | 0 | 0 | 0 | 0 | 0 | 0 | 0 | 0 | 0 | 0 | 0 | 0 | 0 | 0 | 0 | 0 | 0 | 0 | 0 | 0 | 0 | 0 | 0 | 0 | 0 | 0 | 0 | 0 | 0 |
33 | Schwartz, Richard Dean | UNIVERSITY OF WASHINGTON. | 1973 | male | 6 | 35 | 2005 | 8 | 91 | 2013 | 0 | 0 | 1 | 1 | 2 | 2 | 1 | 2 | 1 | 2 | 4 | 0 | 2 | 3 | 0 | 3 | 2 | 1 | 1 | 1 | 2 | 0 | 1 | 1 | 1 | 1 | 0 | 2 | 0 | 1 | 0 | 1 | 0 | 0 | 0 | 1 | 0 | 1 | 0 | 0 | 0 | 0 | 0 | 0 | 0 | 0 | 0 | 0 | 0 |  0 | 0 | 1 | 1 | 3 | 3 | 2 | 4 | 5 | 3 | 4 | 1 | 3 | 5 | 2 | 4 | 7 | 3 | 4 | 4 | 3 | 0 | 2 | 1 | 2 | 2 | 1 | 4 | 1 | 2 | 0 | 1 | 0 | 0 | 4 | 2 | 2 | 1 | 0 | 0 | 2 | 2 | 1 | 2 | 3 | 2 | 0 | 0 | 0 |
34 | Scharlemann, Ernst Theodor | CORNELL UNIVERSITY. | 1973 | male | 3 | 7 | 1983 | 5 | 11 | 1983 | 0 | 0 | 0 | 0 | 1 | 2 | 1 | 0 | 0 | 0 | 2 | 0 | 0 | 2 | 1 | 1 | 0 | 0 | 0 | 0 | 0 | 0 | 0 | 0 | 0 | 0 | 0 | 0 | 0 | 0 | 0 | 0 | 0 | 0 | 0 | 0 | 0 | 0 | 0 | 0 | 0 | 0 | 0 | 0 | 0 | 0 | 0 | 0 | 0 |  0 | 0 | 2 | 0 | 1 | 2 | 1 | 1 | 1 | 1 | 2 | 1 | 0 | 2 | 1 | 1 | 0 | 0 | 0 | 0 | 0 | 0 | 0 | 0 | 0 | 0 | 0 | 0 | 0 | 0 | 0 | 0 | 0 | 0 | 0 | 0 | 0 | 0 | 0 | 0 | 0 | 0 | 0 | 0 | 0 | 0 | 0 | 0 | 0 |
35 | Spear, Gordon G. | UNIVERSITY OF PENNSYLVANIA. | 1973 | male | 1 | 6 | 1981 | 1 | 15 | 2004 | 0 | 0 | 0 | 0 | 0 | 1 | 1 | 0 | 0 | 2 | 0 | 2 | 0 | 1 | 0 | 0 | 0 | 0 | 0 | 0 | 0 | 0 | 0 | 0 | 0 | 0 | 0 | 0 | 0 | 0 | 0 | 0 | 0 | 0 | 0 | 0 | 0 | 0 | 0 | 0 | 0 | 0 | 0 | 0 | 0 | 0 | 0 | 0 | 0 |  0 | 0 | 0 | 0 | 0 | 1 | 1 | 1 | 0 | 2 | 0 | 7 | 0 | 1 | 0 | 0 | 0 | 0 | 0 | 0 | 0 | 1 | 0 | 0 | 0 | 0 | 0 | 0 | 0 | 0 | 0 | 0 | 0 | 0 | 1 | 0 | 1 | 0 | 0 | 0 | 0 | 0 | 0 | 0 | 0 | 0 | 0 | 0 | 0 |
36 | Vlieks, Arnold Evald | THE OHIO STATE UNIVERSITY. | 1973 | male | 1 | 1 | 1978 | 1 | 7 | 1994 | 0 | 0 | 0 | 0 | 0 | 1 | 0 | 0 | 0 | 0 | 1 | 0 | 0 | 0 | 0 | 0 | 0 | 0 | 0 | 0 | 0 | 0 | 0 | 0 | 0 | 0 | 0 | 0 | 0 | 0 | 0 | 0 | 0 | 0 | 0 | 0 | 0 | 0 | 0 | 0 | 0 | 0 | 0 | 0 | 0 | 0 | 0 | 0 | 0 |  0 | 0 | 0 | 0 | 0 | 1 | 0 | 0 | 0 | 0 | 1 | 0 | 0 | 0 | 2 | 2 | 0 | 0 | 1 | 0 | 0 | 0 | 0 | 0 | 0 | 0 | 1 | 0 | 0 | 0 | 0 | 0 | 0 | 0 | 0 | 0 | 0 | 0 | 0 | 0 | 0 | 0 | 0 | 0 | 0 | 0 | 0 | 0 | 0 |
37 | Rich, Frederick Joseph | RICE UNIVERSITY. | 1973 | male | 2 | 14 | 2007 | 3 | 155 | 2014 | 0 | 0 | 0 | 0 | 0 | 2 | 1 | 0 | 0 | 0 | 0 | 1 | 1 | 1 | 0 | 1 | 0 | 0 | 0 | 2 | 0 | 1 | 1 | 1 | 1 | 0 | 1 | 0 | 0 | 0 | 0 | 0 | 0 | 0 | 0 | 1 | 0 | 0 | 0 | 1 | 0 | 0 | 0 | 0 | 0 | 0 | 0 | 0 | 0 |  0 | 0 | 0 | 0 | 0 | 3 | 1 | 0 | 0 | 1 | 0 | 3 | 3 | 7 | 3 | 1 | 4 | 4 | 5 | 5 | 3 | 5 | 2 | 4 | 2 | 5 | 10 | 4 | 4 | 3 | 7 | 3 | 3 | 10 | 6 | 6 | 5 | 7 | 3 | 10 | 6 | 1 | 5 | 3 | 0 | 0 | 1 | 0 | 0 |
38 | Steinberger, Richard Lee | PRINCETON UNIVERSITY. | 1973 | male | 1 | 0 | 1973 | 1 | 0 | 1973 | 0 | 0 | 0 | 0 | 0 | 1 | 0 | 0 | 0 | 0 | 0 | 0 | 0 | 0 | 0 | 0 | 0 | 0 | 0 | 0 | 0 | 0 | 0 | 0 | 0 | 0 | 0 | 0 | 0 | 0 | 0 | 0 | 0 | 0 | 0 | 0 | 0 | 0 | 0 | 0 | 0 | 0 | 0 | 0 | 0 | 0 | 0 | 0 | 0 |  0 | 0 | 0 | 0 | 0 | 1 | 0 | 0 | 0 | 0 | 0 | 0 | 0 | 0 | 0 | 0 | 0 | 0 | 0 | 0 | 0 | 0 | 0 | 0 | 0 | 0 | 0 | 0 | 0 | 0 | 0 | 0 | 0 | 0 | 0 | 0 | 0 | 0 | 0 | 0 | 0 | 0 | 0 | 0 | 0 | 0 | 0 | 0 | 0 |
39 | Meegan, Charles A. | UNIVERSITY OF MARYLAND COLLEGE PARK. | 1973 | male | 3 | 11 | 2009 | 3 | 222 | 2017 | 0 | 0 | 0 | 0 | 0 | 3 | 0 | 1 | 0 | 1 | 0 | 2 | 0 | 0 | 0 | 0 | 0 | 1 | 0 | 0 | 0 | 0 | 0 | 0 | 1 | 0 | 0 | 1 | 1 | 0 | 2 | 0 | 0 | 0 | 0 | 0 | 0 | 0 | 0 | 0 | 0 | 1 | 0 | 0 | 0 | 0 | 0 | 0 | 0 |  0 | 0 | 0 | 0 | 0 | 3 | 0 | 4 | 2 | 1 | 1 | 3 | 0 | 1 | 0 | 4 | 0 | 7 | 1 | 2 | 1 | 0 | 1 | 0 | 4 | 18 | 20 | 30 | 17 | 13 | 6 | 15 | 2 | 2 | 0 | 2 | 3 | 2 | 2 | 0 | 0 | 5 | 8 | 13 | 11 | 5 | 7 | 1 | 6 |
40 | Vigdor, Steven Elliot | THE UNIVERSITY OF WISCONSIN - MADISON. | 1973 | male | 1 | 1 | 1975 | 1 | 3 | 1979 | 0 | 0 | 0 | 0 | 0 | 1 | 0 | 1 | 0 | 0 | 0 | 0 | 0 | 0 | 0 | 0 | 0 | 0 | 0 | 0 | 0 | 0 | 0 | 0 | 0 | 0 | 0 | 0 | 0 | 0 | 0 | 0 | 0 | 0 | 0 | 0 | 0 | 0 | 0 | 0 | 0 | 0 | 0 | 0 | 0 | 0 | 0 | 0 | 0 |  0 | 0 | 0 | 0 | 0 | 1 | 0 | 1 | 1 | 0 | 0 | 1 | 0 | 0 | 0 | 0 | 0 | 0 | 0 | 0 | 0 | 0 | 0 | 0 | 0 | 0 | 0 | 0 | 0 | 0 | 0 | 0 | 0 | 0 | 0 | 0 | 0 | 0 | 0 | 0 | 0 | 0 | 0 | 0 | 0 | 0 | 0 | 0 | 0 |
41 | Strecker, Donald Walter | UNIVERSITY OF MINNESOTA. | 1973 | male | 2 | 5 | 1979 | 8 | 22 | 1981 | 0 | 0 | 0 | 0 | 0 | 2 | 2 | 1 | 0 | 0 | 1 | 1 | 0 | 0 | 0 | 0 | 0 | 0 | 0 | 0 | 0 | 0 | 0 | 0 | 0 | 0 | 0 | 0 | 0 | 0 | 0 | 0 | 0 | 0 | 0 | 0 | 0 | 0 | 0 | 0 | 0 | 0 | 0 | 0 | 0 | 0 | 0 | 0 | 0 |  0 | 0 | 1 | 2 | 1 | 4 | 2 | 2 | 2 | 4 | 7 | 2 | 2 | 1 | 0 | 0 | 0 | 0 | 0 | 0 | 0 | 0 | 0 | 0 | 0 | 0 | 0 | 0 | 0 | 0 | 0 | 0 | 0 | 0 | 0 | 0 | 0 | 0 | 0 | 0 | 0 | 0 | 0 | 0 | 0 | 0 | 0 | 0 | 0 |
42 | Beaver, Edward Alexander | UNIVERSITY OF CALIFORNIA, SAN DIEGO. | 1973 | male | 3 | 3 | 1991 | 3 | 42 | 2004 | 0 | 0 | 0 | 1 | 1 | 1 | 1 | 0 | 1 | 0 | 0 | 0 | 0 | 0 | 0 | 0 | 0 | 0 | 0 | 0 | 0 | 0 | 0 | 1 | 0 | 0 | 0 | 0 | 0 | 0 | 0 | 0 | 0 | 0 | 0 | 0 | 0 | 0 | 0 | 0 | 0 | 0 | 0 | 0 | 0 | 0 | 0 | 0 | 0 |  0 | 0 | 0 | 1 | 1 | 1 | 2 | 1 | 3 | 3 | 4 | 2 | 1 | 0 | 1 | 1 | 0 | 0 | 0 | 0 | 0 | 0 | 0 | 2 | 0 | 1 | 2 | 5 | 3 | 3 | 2 | 2 | 0 | 3 | 0 | 0 | 1 | 0 | 0 | 0 | 0 | 0 | 0 | 0 | 0 | 0 | 0 | 0 | 0 |
43 | Smith, Robert Alan | UNIVERSITY OF MARYLAND COLLEGE PARK. | 1973 | male | 4 | 46 | 2015 | 6 | 159 | 2017 | 0 | 0 | 1 | 0 | 1 | 2 | 3 | 0 | 3 | 1 | 1 | 2 | 0 | 0 | 1 | 0 | 0 | 1 | 3 | 2 | 1 | 0 | 1 | 0 | 0 | 0 | 0 | 0 | 0 | 0 | 1 | 0 | 0 | 0 | 0 | 0 | 0 | 0 | 0 | 2 | 3 | 2 | 4 | 4 | 4 | 5 | 0 | 2 | 0 |  0 | 0 | 1 | 0 | 1 | 4 | 4 | 1 | 4 | 1 | 3 | 3 | 3 | 0 | 3 | 1 | 1 | 3 | 5 | 2 | 3 | 2 | 3 | 4 | 0 | 2 | 0 | 1 | 1 | 0 | 4 | 3 | 1 | 2 | 2 | 2 | 4 | 5 | 2 | 5 | 5 | 6 | 7 | 13 | 9 | 13 | 4 | 9 | 10 |
44 | Epstein, Richard Ira | STANFORD UNIVERSITY. | 1973 | male | 3 | 32 | 1992 | 3 | 88 | 2016 | 0 | 0 | 0 | 0 | 0 | 3 | 1 | 3 | 2 | 3 | 2 | 4 | 1 | 3 | 0 | 2 | 1 | 2 | 2 | 0 | 5 | 0 | 0 | 0 | 1 | 0 | 0 | 0 | 0 | 0 | 0 | 0 | 0 | 0 | 0 | 0 | 0 | 0 | 0 | 0 | 0 | 0 | 0 | 0 | 0 | 0 | 0 | 0 | 0 |  0 | 0 | 0 | 0 | 0 | 3 | 1 | 3 | 3 | 3 | 2 | 4 | 3 | 3 | 2 | 3 | 3 | 4 | 2 | 1 | 6 | 6 | 2 | 3 | 5 | 6 | 0 | 1 | 5 | 2 | 1 | 1 | 3 | 2 | 0 | 0 | 0 | 2 | 2 | 1 | 1 | 0 | 0 | 0 | 1 | 0 | 0 | 0 | 1 |
45 | Hackney, Karen Robinson Hunt | UNIVERSITY OF FLORIDA. | 1973 | female | 1 | 0 | 1973 | 1 | 4 | 1988 | 0 | 0 | 0 | 0 | 0 | 1 | 0 | 0 | 0 | 0 | 0 | 0 | 0 | 0 | 0 | 0 | 0 | 0 | 0 | 0 | 0 | 0 | 0 | 0 | 0 | 0 | 0 | 0 | 0 | 0 | 0 | 0 | 0 | 0 | 0 | 0 | 0 | 0 | 0 | 0 | 0 | 0 | 0 | 0 | 0 | 0 | 0 | 0 | 0 |  0 | 0 | 0 | 0 | 0 | 1 | 0 | 0 | 0 | 0 | 0 | 0 | 0 | 1 | 1 | 0 | 1 | 0 | 0 | 0 | 1 | 0 | 0 | 0 | 0 | 0 | 0 | 0 | 0 | 0 | 0 | 0 | 0 | 0 | 0 | 0 | 0 | 0 | 0 | 0 | 0 | 0 | 0 | 0 | 0 | 0 | 0 | 0 | 0 |
46 | Treffers, Richard Rowe | UNIVERSITY OF CALIFORNIA, BERKELEY. | 1973 | male | 1 | 15 | 1989 | 2 | 53 | 2014 | 0 | 0 | 0 | 0 | 0 | 1 | 1 | 3 | 3 | 1 | 1 | 1 | 0 | 1 | 2 | 0 | 0 | 1 | 0 | 0 | 0 | 1 | 0 | 0 | 0 | 0 | 0 | 0 | 0 | 0 | 0 | 0 | 0 | 0 | 0 | 0 | 0 | 0 | 0 | 0 | 0 | 0 | 0 | 0 | 0 | 0 | 0 | 0 | 0 |  0 | 0 | 0 | 0 | 1 | 1 | 1 | 4 | 6 | 2 | 3 | 1 | 0 | 3 | 4 | 2 | 0 | 1 | 0 | 0 | 1 | 2 | 1 | 0 | 1 | 2 | 1 | 1 | 2 | 0 | 1 | 3 | 1 | 7 | 1 | 0 | 0 | 1 | 0 | 0 | 0 | 0 | 0 | 0 | 0 | 0 | 1 | 0 | 0 |
47 | Purcell, George H. | California Institute of Technology | 1973 | male | 1 | 2 | 2015 | 2 | 24 | 2015 | 0 | 0 | 0 | 0 | 0 | 1 | 0 | 0 | 0 | 0 | 0 | 0 | 0 | 0 | 0 | 0 | 0 | 0 | 0 | 0 | 0 | 0 | 0 | 0 | 0 | 0 | 0 | 0 | 0 | 0 | 1 | 0 | 0 | 0 | 0 | 0 | 0 | 0 | 0 | 0 | 0 | 0 | 0 | 0 | 0 | 0 | 0 | 1 | 0 |  0 | 0 | 0 | 1 | 0 | 1 | 0 | 1 | 2 | 4 | 0 | 1 | 0 | 0 | 1 | 1 | 2 | 0 | 3 | 0 | 0 | 0 | 2 | 0 | 1 | 0 | 0 | 0 | 0 | 1 | 2 | 0 | 0 | 0 | 1 | 0 | 0 | 0 | 0 | 0 | 0 | 0 | 1 | 0 | 0 | 0 | 0 | 1 | 0 |
48 | Heasley, James Norton, Jr. | Yale University. | 1973 | male | 2 | 27 | 2000 | 4 | 77 | 2014 | 0 | 0 | 0 | 0 | 1 | 1 | 1 | 2 | 4 | 3 | 2 | 0 | 1 | 2 | 1 | 2 | 2 | 0 | 2 | 0 | 1 | 1 | 0 | 1 | 0 | 0 | 0 | 0 | 1 | 0 | 0 | 0 | 1 | 0 | 0 | 0 | 0 | 0 | 0 | 0 | 0 | 0 | 0 | 0 | 0 | 0 | 0 | 0 | 0 |  0 | 0 | 0 | 1 | 1 | 2 | 1 | 2 | 6 | 5 | 3 | 1 | 1 | 3 | 1 | 3 | 3 | 4 | 8 | 3 | 7 | 2 | 0 | 3 | 0 | 1 | 0 | 0 | 1 | 0 | 0 | 0 | 1 | 0 | 0 | 0 | 1 | 1 | 2 | 2 | 1 | 0 | 3 | 0 | 5 | 2 | 1 | 0 | 0 |
49 | Sastri, Vemuri K. | THE UNIVERSITY OF NEBRASKA - LINCOLN. | 1973 | male | 2 | 1 | 1974 | 3 | 2 | 1978 | 0 | 0 | 0 | 0 | 0 | 2 | 1 | 0 | 0 | 0 | 0 | 0 | 0 | 0 | 0 | 0 | 0 | 0 | 0 | 0 | 0 | 0 | 0 | 0 | 0 | 0 | 0 | 0 | 0 | 0 | 0 | 0 | 0 | 0 | 0 | 0 | 0 | 0 | 0 | 0 | 0 | 0 | 0 | 0 | 0 | 0 | 0 | 0 | 0 |  0 | 0 | 0 | 0 | 1 | 2 | 1 | 0 | 0 | 0 | 1 | 0 | 0 | 0 | 0 | 0 | 0 | 0 | 0 | 0 | 0 | 0 | 0 | 0 | 0 | 0 | 0 | 0 | 0 | 0 | 0 | 0 | 0 | 0 | 0 | 0 | 0 | 0 | 0 | 0 | 0 | 0 | 0 | 0 | 0 | 0 | 0 | 0 | 0 |
50 | Woodward, Paul Ralph | UNIVERSITY OF CALIFORNIA, BERKELEY. | 1973 | male | 1 | 4 | 2015 | 1 | 26 | 2017 | 0 | 0 | 0 | 0 | 0 | 1 | 0 | 1 | 1 | 0 | 1 | 0 | 0 | 0 | 0 | 0 | 0 | 0 | 0 | 0 | 0 | 0 | 0 | 0 | 0 | 0 | 0 | 0 | 0 | 0 | 0 | 0 | 0 | 0 | 0 | 0 | 0 | 0 | 0 | 0 | 0 | 0 | 0 | 0 | 0 | 0 | 0 | 1 | 0 |  0 | 0 | 0 | 0 | 0 | 1 | 1 | 1 | 1 | 0 | 1 | 0 | 0 | 0 | 0 | 0 | 1 | 0 | 0 | 0 | 1 | 0 | 2 | 0 | 1 | 0 | 5 | 4 | 0 | 0 | 2 | 1 | 1 | 0 | 0 | 0 | 0 | 0 | 0 | 0 | 0 | 0 | 0 | 1 | 0 | 0 | 1 | 1 | 0 |
51 | Roberts, William Joseph | THE UNIVERSITY OF TENNESSEE. | 1973 | male | 1 | 3 | 1995 | 1 | 16 | 2013 | 0 | 0 | 0 | 0 | 0 | 1 | 1 | 0 | 0 | 0 | 0 | 1 | 0 | 0 | 0 | 0 | 0 | 0 | 0 | 0 | 0 | 0 | 0 | 0 | 0 | 0 | 0 | 1 | 0 | 0 | 0 | 0 | 0 | 0 | 0 | 0 | 0 | 0 | 0 | 0 | 0 | 0 | 0 | 0 | 0 | 0 | 0 | 0 | 0 |  0 | 0 | 0 | 0 | 0 | 1 | 1 | 1 | 0 | 0 | 0 | 3 | 1 | 0 | 0 | 0 | 0 | 1 | 2 | 0 | 0 | 0 | 1 | 0 | 0 | 1 | 0 | 2 | 1 | 0 | 0 | 0 | 0 | 1 | 0 | 0 | 0 | 0 | 0 | 0 | 0 | 0 | 0 | 0 | 0 | 1 | 0 | 0 | 0 |
52 | Cohen, Ronald Herbert | MASSACHUSETTS INSTITUTE OF TECHNOLOGY. | 1973 | male | 5 | 3 | 1975 | 7 | 15 | 2015 | 0 | 0 | 1 | 0 | 1 | 3 | 2 | 1 | 0 | 0 | 0 | 0 | 0 | 0 | 0 | 0 | 0 | 0 | 0 | 0 | 0 | 0 | 0 | 0 | 0 | 0 | 0 | 0 | 0 | 0 | 0 | 0 | 0 | 0 | 0 | 0 | 0 | 0 | 0 | 0 | 0 | 0 | 0 | 0 | 0 | 0 | 0 | 0 | 0 |  0 | 0 | 1 | 0 | 2 | 4 | 2 | 1 | 0 | 0 | 0 | 1 | 0 | 0 | 0 | 0 | 0 | 0 | 2 | 0 | 0 | 0 | 0 | 0 | 0 | 0 | 0 | 0 | 0 | 0 | 0 | 0 | 0 | 0 | 0 | 1 | 0 | 0 | 1 | 0 | 1 | 1 | 0 | 0 | 0 | 2 | 2 | 1 | 0 |
53 | Feinberg, Edward Barry | NEW YORK UNIVERSITY, SCHOOL OF ENGINEERING AND SCIENCE. | 1973 | male | 1 | 0 | 1973 | 1 | 1 | 1975 | 0 | 0 | 0 | 0 | 0 | 1 | 0 | 0 | 0 | 0 | 0 | 0 | 0 | 0 | 0 | 0 | 0 | 0 | 0 | 0 | 0 | 0 | 0 | 0 | 0 | 0 | 0 | 0 | 0 | 0 | 0 | 0 | 0 | 0 | 0 | 0 | 0 | 0 | 0 | 0 | 0 | 0 | 0 | 0 | 0 | 0 | 0 | 0 | 0 |  0 | 0 | 0 | 0 | 0 | 1 | 0 | 1 | 0 | 0 | 0 | 0 | 0 | 0 | 0 | 0 | 0 | 0 | 0 | 0 | 0 | 0 | 0 | 0 | 0 | 0 | 0 | 0 | 0 | 0 | 0 | 0 | 0 | 0 | 0 | 0 | 0 | 0 | 0 | 0 | 0 | 0 | 0 | 0 | 0 | 0 | 0 | 0 | 0 |
54 | Klumpar, David Michael | UNIVERSITY OF NEW HAMPSHIRE. | 1973 | male | 2 | 10 | 2001 | 3 | 73 | 2016 | 0 | 0 | 0 | 0 | 0 | 2 | 0 | 0 | 1 | 0 | 0 | 2 | 0 | 0 | 2 | 0 | 1 | 1 | 0 | 0 | 1 | 0 | 1 | 0 | 0 | 0 | 0 | 0 | 0 | 0 | 0 | 0 | 0 | 1 | 0 | 0 | 0 | 0 | 0 | 0 | 0 | 0 | 0 | 0 | 0 | 0 | 0 | 0 | 0 |  0 | 0 | 1 | 0 | 0 | 2 | 0 | 1 | 1 | 1 | 1 | 3 | 3 | 0 | 2 | 1 | 1 | 2 | 0 | 0 | 6 | 3 | 2 | 3 | 4 | 5 | 0 | 3 | 0 | 0 | 18 | 5 | 1 | 2 | 2 | 1 | 0 | 0 | 0 | 1 | 0 | 0 | 0 | 0 | 0 | 0 | 0 | 0 | 1 |
55 | Lindeman, Robert Allen | RICE UNIVERSITY. | 1973 | male | 2 | 1 | 1974 | 4 | 2 | 1974 | 0 | 0 | 0 | 0 | 0 | 2 | 1 | 0 | 0 | 0 | 0 | 0 | 0 | 0 | 0 | 0 | 0 | 0 | 0 | 0 | 0 | 0 | 0 | 0 | 0 | 0 | 0 | 0 | 0 | 0 | 0 | 0 | 0 | 0 | 0 | 0 | 0 | 0 | 0 | 0 | 0 | 0 | 0 | 0 | 0 | 0 | 0 | 0 | 0 |  0 | 0 | 0 | 0 | 1 | 3 | 2 | 0 | 0 | 0 | 0 | 0 | 0 | 0 | 0 | 0 | 0 | 0 | 0 | 0 | 0 | 0 | 0 | 0 | 0 | 0 | 0 | 0 | 0 | 0 | 0 | 0 | 0 | 0 | 0 | 0 | 0 | 0 | 0 | 0 | 0 | 0 | 0 | 0 | 0 | 0 | 0 | 0 | 0 |
56 | Phillips, Perry Gust | CORNELL UNIVERSITY. | 1973 | male | 1 | 1 | 1974 | 1 | 3 | 1997 | 0 | 0 | 0 | 0 | 0 | 1 | 1 | 0 | 0 | 0 | 0 | 0 | 0 | 0 | 0 | 0 | 0 | 0 | 0 | 0 | 0 | 0 | 0 | 0 | 0 | 0 | 0 | 0 | 0 | 0 | 0 | 0 | 0 | 0 | 0 | 0 | 0 | 0 | 0 | 0 | 0 | 0 | 0 | 0 | 0 | 0 | 0 | 0 | 0 |  0 | 0 | 0 | 0 | 0 | 1 | 1 | 0 | 0 | 0 | 0 | 1 | 0 | 0 | 0 | 0 | 0 | 0 | 0 | 0 | 0 | 0 | 0 | 0 | 0 | 0 | 0 | 0 | 0 | 1 | 0 | 0 | 0 | 0 | 0 | 0 | 0 | 0 | 0 | 0 | 0 | 0 | 0 | 0 | 0 | 0 | 0 | 0 | 0 |
57 | Kilston, Steven David | UNIVERSITY OF CALIFORNIA, LOS ANGELES. | 1973 | male | 1 | 2 | 1983 | 2 | 4 | 2007 | 0 | 0 | 0 | 0 | 0 | 1 | 0 | 1 | 0 | 0 | 0 | 0 | 0 | 0 | 0 | 1 | 0 | 0 | 0 | 0 | 0 | 0 | 0 | 0 | 0 | 0 | 0 | 0 | 0 | 0 | 0 | 0 | 0 | 0 | 0 | 0 | 0 | 0 | 0 | 0 | 0 | 0 | 0 | 0 | 0 | 0 | 0 | 0 | 0 |  0 | 0 | 1 | 0 | 0 | 1 | 0 | 1 | 0 | 0 | 0 | 0 | 0 | 0 | 0 | 1 | 0 | 0 | 0 | 0 | 0 | 0 | 0 | 0 | 0 | 0 | 0 | 0 | 0 | 0 | 0 | 0 | 0 | 0 | 0 | 0 | 1 | 0 | 0 | 1 | 0 | 0 | 0 | 0 | 0 | 0 | 0 | 0 | 0 |
58 | Bendito, Jose Luis | STANFORD UNIVERSITY. | 1973 | male | 1 | 0 | 1973 | 2 | 0 | 1973 | 0 | 0 | 0 | 0 | 0 | 1 | 0 | 0 | 0 | 0 | 0 | 0 | 0 | 0 | 0 | 0 | 0 | 0 | 0 | 0 | 0 | 0 | 0 | 0 | 0 | 0 | 0 | 0 | 0 | 0 | 0 | 0 | 0 | 0 | 0 | 0 | 0 | 0 | 0 | 0 | 0 | 0 | 0 | 0 | 0 | 0 | 0 | 0 | 0 |  0 | 0 | 0 | 0 | 0 | 2 | 0 | 0 | 0 | 0 | 0 | 0 | 0 | 0 | 0 | 0 | 0 | 0 | 0 | 0 | 0 | 0 | 0 | 0 | 0 | 0 | 0 | 0 | 0 | 0 | 0 | 0 | 0 | 0 | 0 | 0 | 0 | 0 | 0 | 0 | 0 | 0 | 0 | 0 | 0 | 0 | 0 | 0 | 0 |
59 | Clark, Frank Oliver | UNIVERSITY OF VIRGINIA. | 1973 | male | 1 | 31 | 1995 | 2 | 59 | 2017 | 0 | 0 | 0 | 0 | 0 | 1 | 2 | 1 | 1 | 2 | 2 | 3 | 0 | 2 | 3 | 0 | 2 | 1 | 3 | 2 | 1 | 0 | 0 | 3 | 0 | 1 | 0 | 2 | 0 | 0 | 0 | 0 | 0 | 0 | 0 | 0 | 0 | 0 | 0 | 0 | 0 | 0 | 0 | 0 | 0 | 0 | 0 | 0 | 0 |  0 | 0 | 0 | 0 | 0 | 2 | 3 | 4 | 1 | 2 | 2 | 4 | 0 | 3 | 3 | 0 | 4 | 1 | 3 | 2 | 4 | 2 | 0 | 5 | 1 | 1 | 1 | 3 | 2 | 2 | 2 | 0 | 0 | 0 | 0 | 0 | 0 | 0 | 0 | 0 | 0 | 0 | 0 | 0 | 0 | 1 | 0 | 2 | 0 |
60 | Degioanni, Joseph Jean Charles | UNIVERSITY OF ILLINOIS AT URBANA-CHAMPAIGN. | 1973 | male | 1 | 1 | 1974 | 1 | 1 | 1974 | 0 | 0 | 0 | 0 | 0 | 1 | 1 | 0 | 0 | 0 | 0 | 0 | 0 | 0 | 0 | 0 | 0 | 0 | 0 | 0 | 0 | 0 | 0 | 0 | 0 | 0 | 0 | 0 | 0 | 0 | 0 | 0 | 0 | 0 | 0 | 0 | 0 | 0 | 0 | 0 | 0 | 0 | 0 | 0 | 0 | 0 | 0 | 0 | 0 |  0 | 0 | 0 | 0 | 0 | 1 | 1 | 0 | 0 | 0 | 0 | 0 | 0 | 0 | 0 | 0 | 0 | 0 | 0 | 0 | 0 | 0 | 0 | 0 | 0 | 0 | 0 | 0 | 0 | 0 | 0 | 0 | 0 | 0 | 0 | 0 | 0 | 0 | 0 | 0 | 0 | 0 | 0 | 0 | 0 | 0 | 0 | 0 | 0 |
61 | Hill, Thomas Westfall | RICE UNIVERSITY. | 1973 | male | 3 | 57 | 2012 | 5 | 202 | 2017 | 0 | 0 | 0 | 1 | 0 | 2 | 3 | 3 | 5 | 2 | 1 | 2 | 4 | 1 | 1 | 2 | 1 | 2 | 1 | 1 | 0 | 1 | 2 | 1 | 1 | 0 | 2 | 3 | 0 | 0 | 2 | 0 | 0 | 1 | 2 | 0 | 2 | 2 | 2 | 0 | 1 | 1 | 1 | 1 | 3 | 0 | 0 | 0 | 0 |  0 | 0 | 1 | 2 | 0 | 2 | 4 | 4 | 6 | 6 | 4 | 3 | 5 | 3 | 2 | 4 | 1 | 3 | 4 | 1 | 1 | 4 | 7 | 3 | 2 | 1 | 7 | 3 | 0 | 0 | 5 | 0 | 2 | 2 | 2 | 1 | 4 | 7 | 8 | 5 | 5 | 7 | 9 | 6 | 12 | 17 | 10 | 15 | 6 |
62 | Stefanik, Robert Phillip | HARVARD UNIVERSITY. | 1973 | male | 1 | 6 | 2011 | 1 | 104 | 2016 | 0 | 0 | 0 | 0 | 0 | 1 | 0 | 0 | 0 | 0 | 0 | 0 | 0 | 0 | 0 | 0 | 1 | 0 | 0 | 0 | 0 | 0 | 0 | 1 | 0 | 0 | 0 | 0 | 0 | 1 | 0 | 0 | 0 | 0 | 0 | 0 | 0 | 0 | 1 | 0 | 0 | 0 | 1 | 1 | 0 | 0 | 0 | 0 | 0 |  0 | 0 | 0 | 0 | 0 | 1 | 0 | 0 | 0 | 0 | 0 | 0 | 0 | 0 | 0 | 1 | 1 | 0 | 0 | 0 | 1 | 1 | 0 | 2 | 1 | 2 | 1 | 2 | 2 | 8 | 1 | 5 | 3 | 2 | 3 | 4 | 2 | 1 | 5 | 9 | 5 | 7 | 6 | 12 | 10 | 2 | 3 | 0 | 2 |
63 | Robinson, Edward Lewis, Jr. | THE UNIVERSITY OF TEXAS AT AUSTIN. | 1973 | male | 7 | 43 | 2017 | 12 | 231 | 2017 | 0 | 0 | 0 | 0 | 2 | 5 | 3 | 2 | 5 | 1 | 3 | 1 | 2 | 1 | 2 | 2 | 2 | 0 | 1 | 3 | 1 | 1 | 1 | 2 | 0 | 1 | 0 | 2 | 0 | 1 | 0 | 1 | 1 | 1 | 1 | 0 | 0 | 0 | 0 | 0 | 1 | 0 | 0 | 0 | 0 | 0 | 0 | 0 | 0 |  0 | 0 | 0 | 3 | 4 | 5 | 4 | 3 | 6 | 5 | 6 | 2 | 6 | 3 | 4 | 6 | 5 | 2 | 3 | 5 | 1 | 3 | 3 | 4 | 2 | 7 | 7 | 12 | 1 | 2 | 0 | 3 | 10 | 4 | 1 | 1 | 4 | 1 | 5 | 9 | 17 | 16 | 13 | 10 | 21 | 5 | 1 | 3 | 3 |
64 | Shapiro, Stuart Louis | PRINCETON UNIVERSITY. | 1973 | male | 5 | 63 | 2016 | 7 | 309 | 2016 | 0 | 0 | 0 | 1 | 1 | 3 | 2 | 1 | 7 | 2 | 1 | 1 | 3 | 1 | 1 | 2 | 0 | 4 | 1 | 1 | 3 | 3 | 1 | 4 | 4 | 3 | 1 | 1 | 2 | 0 | 4 | 0 | 1 | 0 | 1 | 0 | 3 | 1 | 0 | 0 | 0 | 0 | 1 | 0 | 0 | 1 | 1 | 0 | 1 |  0 | 0 | 0 | 2 | 2 | 3 | 3 | 4 | 8 | 4 | 7 | 5 | 5 | 4 | 7 | 8 | 4 | 6 | 8 | 5 | 7 | 10 | 7 | 11 | 11 | 8 | 12 | 11 | 8 | 4 | 16 | 10 | 8 | 11 | 7 | 8 | 13 | 4 | 9 | 5 | 5 | 8 | 5 | 6 | 8 | 5 | 7 | 4 | 3 |
65 | Wolfe, Robert Howard, Jr. | UNIVERSITY OF HOUSTON. | 1973 | male | 1 | 0 | 1973 | 1 | 0 | 1973 | 0 | 0 | 0 | 0 | 0 | 1 | 0 | 0 | 0 | 0 | 0 | 0 | 0 | 0 | 0 | 0 | 0 | 0 | 0 | 0 | 0 | 0 | 0 | 0 | 0 | 0 | 0 | 0 | 0 | 0 | 0 | 0 | 0 | 0 | 0 | 0 | 0 | 0 | 0 | 0 | 0 | 0 | 0 | 0 | 0 | 0 | 0 | 0 | 0 |  0 | 0 | 0 | 0 | 0 | 1 | 0 | 0 | 0 | 0 | 0 | 0 | 0 | 0 | 0 | 0 | 0 | 0 | 0 | 0 | 0 | 0 | 0 | 0 | 0 | 0 | 0 | 0 | 0 | 0 | 0 | 0 | 0 | 0 | 0 | 0 | 0 | 0 | 0 | 0 | 0 | 0 | 0 | 0 | 0 | 0 | 0 | 0 | 0 |
66 | Wasserman, Lawrence Harvey | CORNELL UNIVERSITY. | 1973 | male | 4 | 13 | 1995 | 6 | 118 | 2016 | 0 | 0 | 0 | 0 | 1 | 3 | 1 | 0 | 1 | 1 | 0 | 1 | 0 | 1 | 0 | 1 | 0 | 2 | 0 | 1 | 0 | 0 | 2 | 0 | 1 | 0 | 0 | 1 | 0 | 0 | 0 | 0 | 0 | 0 | 0 | 0 | 0 | 0 | 0 | 0 | 0 | 0 | 0 | 0 | 0 | 0 | 0 | 0 | 0 |  0 | 0 | 0 | 0 | 3 | 3 | 8 | 1 | 1 | 2 | 2 | 2 | 0 | 2 | 0 | 3 | 4 | 4 | 0 | 4 | 0 | 3 | 4 | 2 | 3 | 1 | 2 | 2 | 2 | 3 | 3 | 5 | 5 | 3 | 4 | 6 | 1 | 3 | 2 | 0 | 1 | 1 | 1 | 8 | 6 | 6 | 2 | 3 | 3 |
67 | Benz, Arnold Otto | CORNELL UNIVERSITY. | 1973 | male | 3 | 87 | 2017 | 3 | 272 | 2017 | 0 | 0 | 0 | 1 | 0 | 2 | 0 | 0 | 2 | 3 | 1 | 2 | 3 | 2 | 2 | 3 | 2 | 2 | 5 | 5 | 1 | 1 | 2 | 2 | 3 | 0 | 5 | 4 | 3 | 3 | 5 | 1 | 0 | 3 | 4 | 3 | 0 | 3 | 1 | 2 | 1 | 2 | 2 | 1 | 0 | 1 | 0 | 0 | 1 |  0 | 0 | 0 | 1 | 0 | 2 | 0 | 0 | 2 | 4 | 3 | 2 | 3 | 5 | 7 | 4 | 6 | 4 | 8 | 6 | 4 | 4 | 10 | 5 | 4 | 5 | 18 | 12 | 4 | 7 | 10 | 6 | 7 | 7 | 9 | 8 | 2 | 10 | 4 | 6 | 4 | 13 | 32 | 7 | 5 | 6 | 3 | 3 | 2 |
68 | Frederick, Edwin Ellsworth | OHIO UNIVERSITY. | 1973 | male | 1 | 0 | 1973 | 1 | 4 | 2011 | 0 | 0 | 0 | 0 | 0 | 1 | 0 | 0 | 0 | 0 | 0 | 0 | 0 | 0 | 0 | 0 | 0 | 0 | 0 | 0 | 0 | 0 | 0 | 0 | 0 | 0 | 0 | 0 | 0 | 0 | 0 | 0 | 0 | 0 | 0 | 0 | 0 | 0 | 0 | 0 | 0 | 0 | 0 | 0 | 0 | 0 | 0 | 0 | 0 |  0 | 0 | 0 | 0 | 0 | 1 | 0 | 0 | 1 | 0 | 0 | 0 | 0 | 0 | 0 | 0 | 0 | 0 | 0 | 0 | 0 | 0 | 0 | 0 | 0 | 0 | 0 | 0 | 0 | 0 | 0 | 0 | 0 | 0 | 0 | 0 | 1 | 0 | 1 | 0 | 0 | 0 | 0 | 1 | 0 | 0 | 0 | 0 | 0 |
69 | Laros, John George | UNIVERSITY OF CALIFORNIA, SAN DIEGO. | 1973 | male | 3 | 17 | 1998 | 3 | 99 | 2000 | 0 | 0 | 0 | 0 | 0 | 3 | 0 | 0 | 1 | 1 | 0 | 0 | 1 | 1 | 1 | 1 | 1 | 4 | 1 | 1 | 1 | 0 | 0 | 0 | 0 | 0 | 0 | 0 | 1 | 1 | 1 | 0 | 0 | 0 | 0 | 0 | 0 | 0 | 0 | 0 | 0 | 0 | 0 | 0 | 0 | 0 | 0 | 0 | 0 |  0 | 0 | 0 | 0 | 0 | 3 | 0 | 0 | 1 | 1 | 0 | 3 | 7 | 10 | 6 | 4 | 7 | 9 | 4 | 10 | 6 | 2 | 2 | 0 | 3 | 5 | 2 | 3 | 3 | 6 | 2 | 2 | 1 | 0 | 0 | 0 | 0 | 0 | 0 | 0 | 0 | 0 | 0 | 0 | 0 | 0 | 0 | 0 | 0 |
70 | Irvine, Nelson James | CASE WESTERN RESERVE UNIVERSITY. | 1973 | male | 3 | 9 | 1990 | 3 | 9 | 1990 | 0 | 0 | 0 | 0 | 1 | 2 | 2 | 2 | 0 | 1 | 0 | 1 | 0 | 0 | 1 | 0 | 0 | 0 | 0 | 0 | 0 | 1 | 1 | 0 | 0 | 0 | 0 | 0 | 0 | 0 | 0 | 0 | 0 | 0 | 0 | 0 | 0 | 0 | 0 | 0 | 0 | 0 | 0 | 0 | 0 | 0 | 0 | 0 | 0 |  0 | 0 | 0 | 0 | 1 | 2 | 2 | 2 | 0 | 1 | 0 | 1 | 0 | 0 | 1 | 0 | 0 | 0 | 0 | 0 | 0 | 1 | 1 | 0 | 0 | 0 | 0 | 0 | 0 | 0 | 0 | 0 | 0 | 0 | 0 | 0 | 0 | 0 | 0 | 0 | 0 | 0 | 0 | 0 | 0 | 0 | 0 | 0 | 0 |
71 | Davis, Marc | PRINCETON UNIVERSITY. | 1973 | male | 9 | 46 | 2014 | 17 | 269 | 2015 | 1 | 0 | 1 | 3 | 2 | 2 | 1 | 1 | 1 | 2 | 2 | 0 | 4 | 1 | 4 | 2 | 2 | 4 | 0 | 1 | 2 | 0 | 1 | 1 | 2 | 0 | 0 | 0 | 2 | 1 | 1 | 1 | 2 | 1 | 0 | 0 | 0 | 0 | 1 | 1 | 1 | 0 | 0 | 2 | 1 | 0 | 1 | 0 | 0 |  3 | 1 | 1 | 4 | 5 | 3 | 2 | 2 | 2 | 2 | 6 | 6 | 7 | 6 | 9 | 10 | 5 | 10 | 4 | 6 | 10 | 2 | 4 | 6 | 7 | 4 | 8 | 5 | 5 | 6 | 6 | 8 | 11 | 8 | 7 | 3 | 4 | 7 | 11 | 17 | 4 | 11 | 6 | 9 | 11 | 8 | 2 | 2 | 0 |
72 | Hart, Richard Cullen | BOSTON UNIVERSITY GRADUATE SCHOOL. | 1973 | male | 3 | 3 | 1987 | 5 | 14 | 2011 | 0 | 0 | 0 | 2 | 0 | 1 | 0 | 0 | 0 | 0 | 1 | 0 | 0 | 0 | 0 | 1 | 0 | 0 | 0 | 1 | 0 | 0 | 0 | 0 | 0 | 0 | 0 | 0 | 0 | 0 | 0 | 0 | 0 | 0 | 0 | 0 | 0 | 0 | 0 | 0 | 0 | 0 | 0 | 0 | 0 | 0 | 0 | 0 | 0 |  0 | 0 | 0 | 2 | 0 | 3 | 0 | 0 | 0 | 1 | 3 | 0 | 0 | 0 | 0 | 1 | 0 | 1 | 0 | 1 | 0 | 0 | 0 | 0 | 0 | 0 | 0 | 1 | 0 | 0 | 0 | 1 | 0 | 0 | 0 | 0 | 0 | 0 | 0 | 0 | 0 | 0 | 1 | 4 | 0 | 0 | 0 | 0 | 0 |
73 | Miller, Alvin Curtis | UNIVERSITY OF VIRGINIA. | 1973 | male | 1 | 4 | 2008 | 1 | 45 | 2017 | 0 | 0 | 0 | 0 | 0 | 1 | 0 | 0 | 0 | 0 | 0 | 0 | 0 | 0 | 0 | 0 | 1 | 0 | 0 | 0 | 0 | 0 | 0 | 0 | 0 | 0 | 0 | 0 | 0 | 0 | 1 | 0 | 0 | 0 | 1 | 0 | 0 | 0 | 0 | 0 | 1 | 0 | 0 | 0 | 0 | 0 | 0 | 0 | 0 |  0 | 0 | 0 | 0 | 0 | 1 | 0 | 0 | 0 | 0 | 0 | 0 | 0 | 0 | 0 | 0 | 2 | 0 | 0 | 0 | 0 | 0 | 0 | 1 | 0 | 0 | 0 | 1 | 0 | 1 | 1 | 1 | 1 | 0 | 1 | 1 | 0 | 0 | 0 | 0 | 1 | 2 | 1 | 1 | 1 | 0 | 2 | 6 | 12 |
74 | Rahn, Larry Arthur | KANSAS STATE UNIVERSITY. | 1973 | male | 1 | 0 | 1973 | 1 | 1 | 1985 | 0 | 0 | 0 | 0 | 0 | 1 | 0 | 0 | 0 | 0 | 0 | 0 | 0 | 0 | 0 | 0 | 0 | 0 | 0 | 0 | 0 | 0 | 0 | 0 | 0 | 0 | 0 | 0 | 0 | 0 | 0 | 0 | 0 | 0 | 0 | 0 | 0 | 0 | 0 | 0 | 0 | 0 | 0 | 0 | 0 | 0 | 0 | 0 | 0 |  0 | 0 | 0 | 0 | 0 | 1 | 0 | 0 | 0 | 0 | 0 | 0 | 0 | 0 | 0 | 0 | 0 | 1 | 0 | 0 | 0 | 0 | 0 | 0 | 0 | 0 | 0 | 0 | 0 | 0 | 0 | 0 | 0 | 0 | 0 | 0 | 0 | 0 | 0 | 0 | 0 | 0 | 0 | 0 | 0 | 0 | 0 | 0 | 0 |
75 | Seeley, Daniel Henry | BOSTON UNIVERSITY GRADUATE SCHOOL. | 1973 | male | 3 | 0 | 1973 | 4 | 4 | 2007 | 0 | 0 | 0 | 0 | 2 | 1 | 0 | 0 | 0 | 0 | 0 | 0 | 0 | 0 | 0 | 0 | 0 | 0 | 0 | 0 | 0 | 0 | 0 | 0 | 0 | 0 | 0 | 0 | 0 | 0 | 0 | 0 | 0 | 0 | 0 | 0 | 0 | 0 | 0 | 0 | 0 | 0 | 0 | 0 | 0 | 0 | 0 | 0 | 0 |  0 | 0 | 0 | 0 | 2 | 2 | 0 | 0 | 0 | 1 | 2 | 0 | 0 | 0 | 0 | 0 | 0 | 0 | 0 | 0 | 0 | 0 | 0 | 0 | 0 | 0 | 0 | 0 | 0 | 0 | 0 | 0 | 0 | 0 | 0 | 0 | 0 | 0 | 0 | 1 | 0 | 0 | 0 | 0 | 0 | 0 | 0 | 0 | 0 |
76 | Chen, Hsing-Hen | COLUMBIA UNIVERSITY. | 1973 | male | 4 | 28 | 2016 | 7 | 94 | 2016 | 0 | 0 | 0 | 2 | 0 | 2 | 2 | 0 | 0 | 0 | 0 | 0 | 0 | 0 | 0 | 0 | 0 | 0 | 0 | 0 | 1 | 0 | 0 | 1 | 2 | 4 | 1 | 2 | 1 | 2 | 0 | 0 | 0 | 0 | 1 | 0 | 1 | 1 | 2 | 1 | 0 | 0 | 0 | 1 | 2 | 1 | 0 | 1 | 1 |  0 | 0 | 0 | 3 | 0 | 4 | 2 | 0 | 0 | 0 | 0 | 0 | 0 | 0 | 0 | 0 | 2 | 0 | 1 | 1 | 3 | 1 | 0 | 2 | 4 | 7 | 2 | 2 | 1 | 3 | 1 | 1 | 3 | 3 | 7 | 1 | 2 | 4 | 6 | 6 | 2 | 5 | 0 | 2 | 3 | 2 | 4 | 5 | 6 |
77 | Rao, Prasad Akkapeddi Durga | UNIVERSITY OF SOUTHERN CALIFORNIA. | 1973 | male | 1 | 0 | 1973 | 1 | 3 | 2004 | 0 | 0 | 0 | 0 | 0 | 1 | 0 | 0 | 0 | 0 | 0 | 0 | 0 | 0 | 0 | 0 | 0 | 0 | 0 | 0 | 0 | 0 | 0 | 0 | 0 | 0 | 0 | 0 | 0 | 0 | 0 | 0 | 0 | 0 | 0 | 0 | 0 | 0 | 0 | 0 | 0 | 0 | 0 | 0 | 0 | 0 | 0 | 0 | 0 |  0 | 0 | 0 | 0 | 0 | 1 | 0 | 0 | 0 | 0 | 0 | 0 | 0 | 0 | 0 | 0 | 0 | 0 | 0 | 0 | 0 | 0 | 0 | 0 | 1 | 0 | 0 | 0 | 0 | 0 | 0 | 0 | 0 | 0 | 0 | 0 | 2 | 0 | 0 | 0 | 0 | 0 | 0 | 0 | 0 | 0 | 0 | 0 | 0 |
78 | Spencer, John Howard | MASSACHUSETTS INSTITUTE OF TECHNOLOGY. | 1973 | male | 3 | 36 | 2013 | 5 | 112 | 2015 | 0 | 0 | 0 | 0 | 1 | 2 | 1 | 2 | 0 | 1 | 1 | 2 | 3 | 2 | 0 | 1 | 0 | 4 | 1 | 1 | 6 | 2 | 0 | 1 | 1 | 0 | 1 | 0 | 0 | 0 | 1 | 0 | 0 | 0 | 0 | 1 | 0 | 1 | 0 | 1 | 0 | 1 | 0 | 0 | 0 | 1 | 0 | 0 | 0 |  0 | 0 | 0 | 0 | 3 | 2 | 1 | 3 | 0 | 7 | 4 | 4 | 7 | 6 | 3 | 4 | 3 | 7 | 3 | 11 | 11 | 5 | 2 | 2 | 3 | 0 | 1 | 2 | 3 | 0 | 1 | 0 | 0 | 1 | 1 | 3 | 2 | 1 | 0 | 3 | 2 | 2 | 0 | 0 | 2 | 1 | 0 | 1 | 0 |
79 | Wenstrand, David Carter | KANSAS STATE UNIVERSITY. | 1973 | male | 1 | 0 | 1973 | 1 | 0 | 1973 | 0 | 0 | 0 | 0 | 0 | 1 | 0 | 0 | 0 | 0 | 0 | 0 | 0 | 0 | 0 | 0 | 0 | 0 | 0 | 0 | 0 | 0 | 0 | 0 | 0 | 0 | 0 | 0 | 0 | 0 | 0 | 0 | 0 | 0 | 0 | 0 | 0 | 0 | 0 | 0 | 0 | 0 | 0 | 0 | 0 | 0 | 0 | 0 | 0 |  0 | 0 | 0 | 0 | 0 | 1 | 0 | 0 | 0 | 0 | 0 | 0 | 0 | 0 | 0 | 0 | 0 | 0 | 0 | 0 | 0 | 0 | 0 | 0 | 0 | 0 | 0 | 0 | 0 | 0 | 0 | 0 | 0 | 0 | 0 | 0 | 0 | 0 | 0 | 0 | 0 | 0 | 0 | 0 | 0 | 0 | 0 | 0 | 0 |
80 | Boriakoff, Valentin | CORNELL UNIVERSITY. | 1973 | male | 2 | 5 | 1983 | 3 | 33 | 1999 | 0 | 0 | 0 | 0 | 0 | 2 | 1 | 0 | 1 | 0 | 0 | 0 | 0 | 0 | 1 | 2 | 0 | 0 | 0 | 0 | 0 | 0 | 0 | 0 | 0 | 0 | 0 | 0 | 0 | 0 | 0 | 0 | 0 | 0 | 0 | 0 | 0 | 0 | 0 | 0 | 0 | 0 | 0 | 0 | 0 | 0 | 0 | 0 | 0 |  0 | 0 | 0 | 0 | 0 | 3 | 1 | 0 | 1 | 0 | 1 | 2 | 2 | 4 | 1 | 5 | 3 | 1 | 1 | 3 | 0 | 0 | 0 | 0 | 0 | 1 | 1 | 0 | 1 | 2 | 2 | 1 | 0 | 0 | 0 | 0 | 0 | 0 | 0 | 0 | 0 | 0 | 0 | 0 | 0 | 0 | 0 | 0 | 0 |
81 | Craine, Eric Richard | THE OHIO STATE UNIVERSITY. | 1973 | male | 2 | 32 | 2016 | 3 | 52 | 2016 | 0 | 0 | 0 | 0 | 0 | 2 | 1 | 3 | 3 | 2 | 2 | 0 | 1 | 1 | 1 | 1 | 0 | 1 | 1 | 1 | 0 | 0 | 0 | 0 | 2 | 0 | 0 | 0 | 0 | 0 | 0 | 0 | 0 | 0 | 0 | 0 | 0 | 0 | 1 | 1 | 0 | 0 | 0 | 1 | 1 | 3 | 2 | 2 | 1 |  0 | 0 | 0 | 0 | 0 | 3 | 1 | 5 | 4 | 3 | 3 | 0 | 5 | 1 | 3 | 2 | 0 | 1 | 1 | 1 | 0 | 0 | 0 | 0 | 3 | 0 | 0 | 1 | 2 | 0 | 0 | 0 | 0 | 0 | 0 | 0 | 0 | 0 | 1 | 2 | 0 | 0 | 0 | 2 | 1 | 4 | 2 | 2 | 2 |
82 | Kamper, Karl Walter, Jr. | UNIVERSITY OF PITTSBURGH. | 1973 | male | 1 | 22 | 1998 | 1 | 37 | 1998 | 0 | 0 | 0 | 0 | 0 | 1 | 0 | 0 | 4 | 0 | 2 | 1 | 2 | 1 | 0 | 0 | 1 | 1 | 1 | 2 | 0 | 1 | 1 | 1 | 1 | 0 | 0 | 0 | 1 | 1 | 1 | 0 | 0 | 0 | 0 | 0 | 0 | 0 | 0 | 0 | 0 | 0 | 0 | 0 | 0 | 0 | 0 | 0 | 0 |  0 | 0 | 0 | 0 | 0 | 1 | 1 | 0 | 4 | 1 | 2 | 2 | 2 | 2 | 2 | 1 | 2 | 2 | 1 | 2 | 0 | 1 | 2 | 2 | 1 | 3 | 1 | 0 | 1 | 1 | 1 | 0 | 0 | 0 | 0 | 0 | 0 | 0 | 0 | 0 | 0 | 0 | 0 | 0 | 0 | 0 | 0 | 0 | 0 |
83 | Gerassimenko, Michel | MASSACHUSETTS INSTITUTE OF TECHNOLOGY. | 1973 | male | 1 | 3 | 1978 | 4 | 18 | 1980 | 0 | 0 | 0 | 0 | 0 | 1 | 0 | 0 | 1 | 0 | 2 | 0 | 0 | 0 | 0 | 0 | 0 | 0 | 0 | 0 | 0 | 0 | 0 | 0 | 0 | 0 | 0 | 0 | 0 | 0 | 0 | 0 | 0 | 0 | 0 | 0 | 0 | 0 | 0 | 0 | 0 | 0 | 0 | 0 | 0 | 0 | 0 | 0 | 0 |  0 | 1 | 0 | 0 | 0 | 3 | 0 | 1 | 2 | 3 | 5 | 5 | 2 | 0 | 0 | 0 | 0 | 0 | 0 | 0 | 0 | 0 | 0 | 0 | 0 | 0 | 0 | 0 | 0 | 0 | 0 | 0 | 0 | 0 | 0 | 0 | 0 | 0 | 0 | 0 | 0 | 0 | 0 | 0 | 0 | 0 | 0 | 0 | 0 |
84 | Katz, Jonathan Isaac | CORNELL UNIVERSITY. | 1973 | male | 3 | 99 | 2017 | 4 | 150 | 2017 | 0 | 0 | 0 | 0 | 1 | 2 | 4 | 6 | 2 | 3 | 3 | 1 | 6 | 6 | 7 | 3 | 3 | 3 | 4 | 2 | 4 | 4 | 2 | 5 | 1 | 1 | 6 | 0 | 2 | 4 | 3 | 3 | 1 | 1 | 0 | 0 | 0 | 0 | 0 | 0 | 0 | 0 | 0 | 0 | 0 | 0 | 3 | 0 | 3 |  0 | 0 | 0 | 0 | 1 | 3 | 5 | 8 | 3 | 4 | 7 | 3 | 9 | 10 | 8 | 5 | 4 | 5 | 6 | 4 | 6 | 5 | 3 | 7 | 3 | 4 | 8 | 4 | 2 | 5 | 3 | 4 | 2 | 1 | 0 | 0 | 0 | 0 | 0 | 0 | 0 | 0 | 0 | 0 | 1 | 0 | 4 | 0 | 3 |
85 | Cohen, Samuel Alan | MASSACHUSETTS INSTITUTE OF TECHNOLOGY. | 1973 | male | 2 | 1 | 1976 | 2 | 84 | 2014 | 0 | 1 | 0 | 0 | 0 | 1 | 0 | 0 | 1 | 0 | 0 | 0 | 0 | 0 | 0 | 0 | 0 | 0 | 0 | 0 | 0 | 0 | 0 | 0 | 0 | 0 | 0 | 0 | 0 | 0 | 0 | 0 | 0 | 0 | 0 | 0 | 0 | 0 | 0 | 0 | 0 | 0 | 0 | 0 | 0 | 0 | 0 | 0 | 0 |  0 | 1 | 0 | 0 | 0 | 1 | 0 | 2 | 1 | 0 | 0 | 0 | 1 | 0 | 1 | 0 | 1 | 0 | 1 | 0 | 1 | 0 | 0 | 0 | 0 | 0 | 0 | 0 | 0 | 0 | 0 | 1 | 0 | 0 | 0 | 0 | 0 | 0 | 0 | 0 | 0 | 7 | 12 | 13 | 12 | 21 | 10 | 0 | 0 |
86 | Vitello, Anthony P. | CLARKSON UNIVERSITY. | 1973 | male | 1 | 0 | 1973 | 1 | 1 | 1974 | 0 | 0 | 0 | 0 | 0 | 1 | 0 | 0 | 0 | 0 | 0 | 0 | 0 | 0 | 0 | 0 | 0 | 0 | 0 | 0 | 0 | 0 | 0 | 0 | 0 | 0 | 0 | 0 | 0 | 0 | 0 | 0 | 0 | 0 | 0 | 0 | 0 | 0 | 0 | 0 | 0 | 0 | 0 | 0 | 0 | 0 | 0 | 0 | 0 |  0 | 0 | 0 | 0 | 0 | 1 | 1 | 0 | 0 | 0 | 0 | 0 | 0 | 0 | 0 | 0 | 0 | 0 | 0 | 0 | 0 | 0 | 0 | 0 | 0 | 0 | 0 | 0 | 0 | 0 | 0 | 0 | 0 | 0 | 0 | 0 | 0 | 0 | 0 | 0 | 0 | 0 | 0 | 0 | 0 | 0 | 0 | 0 | 0 |
87 | Willson, Lee Anne Mordy | THE UNIVERSITY OF MICHIGAN. | 1973 | male | 1 | 1 | 1975 | 1 | 1 | 1975 | 0 | 0 | 0 | 0 | 0 | 1 | 0 | 1 | 0 | 0 | 0 | 0 | 0 | 0 | 0 | 0 | 0 | 0 | 0 | 0 | 0 | 0 | 0 | 0 | 0 | 0 | 0 | 0 | 0 | 0 | 0 | 0 | 0 | 0 | 0 | 0 | 0 | 0 | 0 | 0 | 0 | 0 | 0 | 0 | 0 | 0 | 0 | 0 | 0 |  0 | 0 | 0 | 0 | 0 | 1 | 0 | 1 | 0 | 0 | 0 | 0 | 0 | 0 | 0 | 0 | 0 | 0 | 0 | 0 | 0 | 0 | 0 | 0 | 0 | 0 | 0 | 0 | 0 | 0 | 0 | 0 | 0 | 0 | 0 | 0 | 0 | 0 | 0 | 0 | 0 | 0 | 0 | 0 | 0 | 0 | 0 | 0 | 0 |
88 | Krienke, Ora Karl, Jr. | UNIVERSITY OF WASHINGTON. | 1973 | female | 2 | 3 | 2013 | 2 | 6 | 2013 | 0 | 0 | 1 | 0 | 0 | 1 | 0 | 0 | 0 | 0 | 0 | 0 | 0 | 0 | 0 | 0 | 0 | 0 | 0 | 0 | 0 | 0 | 0 | 0 | 0 | 0 | 0 | 0 | 0 | 0 | 0 | 0 | 0 | 0 | 0 | 0 | 0 | 0 | 0 | 1 | 1 | 0 | 0 | 0 | 0 | 1 | 0 | 0 | 0 |  0 | 0 | 1 | 0 | 0 | 1 | 0 | 0 | 0 | 0 | 0 | 0 | 0 | 0 | 0 | 0 | 0 | 0 | 0 | 0 | 0 | 0 | 0 | 0 | 0 | 0 | 0 | 0 | 0 | 0 | 0 | 0 | 0 | 0 | 0 | 0 | 0 | 0 | 0 | 1 | 1 | 1 | 1 | 1 | 0 | 1 | 0 | 0 | 0 |
89 | Illing, Rainer Milton Ernest | COLUMBIA UNIVERSITY. | 1973 | male | 2 | 12 | 1986 | 5 | 31 | 1987 | 0 | 0 | 0 | 0 | 1 | 1 | 2 | 2 | 0 | 0 | 1 | 0 | 0 | 1 | 1 | 1 | 1 | 1 | 2 | 0 | 0 | 0 | 0 | 0 | 0 | 0 | 0 | 0 | 0 | 0 | 0 | 0 | 0 | 0 | 0 | 0 | 0 | 0 | 0 | 0 | 0 | 0 | 0 | 0 | 0 | 0 | 0 | 0 | 0 |  0 | 0 | 0 | 0 | 4 | 1 | 3 | 4 | 1 | 2 | 3 | 0 | 0 | 1 | 3 | 3 | 4 | 3 | 3 | 1 | 0 | 0 | 0 | 0 | 0 | 0 | 0 | 0 | 0 | 0 | 0 | 0 | 0 | 0 | 0 | 0 | 0 | 0 | 0 | 0 | 0 | 0 | 0 | 0 | 0 | 0 | 0 | 0 | 0 |
90 | Kurucz, Robert Louis | HARVARD UNIVERSITY. | 1973 | male | 2 | 12 | 2011 | 4 | 72 | 2017 | 0 | 1 | 0 | 0 | 0 | 1 | 2 | 0 | 0 | 1 | 0 | 1 | 0 | 0 | 0 | 0 | 0 | 0 | 0 | 1 | 0 | 1 | 0 | 0 | 1 | 1 | 1 | 1 | 0 | 0 | 0 | 0 | 0 | 0 | 1 | 0 | 0 | 0 | 0 | 0 | 0 | 0 | 0 | 1 | 0 | 0 | 0 | 0 | 0 |  2 | 1 | 0 | 0 | 0 | 1 | 2 | 0 | 1 | 3 | 2 | 2 | 0 | 1 | 2 | 0 | 2 | 2 | 3 | 4 | 1 | 1 | 1 | 1 | 3 | 6 | 3 | 2 | 0 | 4 | 1 | 2 | 0 | 1 | 4 | 0 | 2 | 2 | 2 | 0 | 0 | 2 | 3 | 2 | 1 | 0 | 0 | 2 | 1 |
91 | Theys, John Cornelius | COLUMBIA UNIVERSITY. | 1973 | male | 2 | 2 | 1977 | 3 | 5 | 1981 | 0 | 0 | 0 | 0 | 1 | 1 | 0 | 0 | 1 | 1 | 0 | 0 | 0 | 0 | 0 | 0 | 0 | 0 | 0 | 0 | 0 | 0 | 0 | 0 | 0 | 0 | 0 | 0 | 0 | 0 | 0 | 0 | 0 | 0 | 0 | 0 | 0 | 0 | 0 | 0 | 0 | 0 | 0 | 0 | 0 | 0 | 0 | 0 | 0 |  0 | 1 | 0 | 0 | 1 | 1 | 0 | 1 | 1 | 1 | 1 | 0 | 0 | 1 | 0 | 0 | 0 | 0 | 0 | 0 | 0 | 0 | 0 | 0 | 0 | 0 | 0 | 0 | 0 | 0 | 0 | 0 | 0 | 0 | 0 | 0 | 0 | 0 | 0 | 0 | 0 | 0 | 0 | 0 | 0 | 0 | 0 | 0 | 0 |
92 | Velusamy, Thangasamy | UNIVERSITY OF MARYLAND COLLEGE PARK. | 1973 | male | 2 | 43 | 2017 | 8 | 110 | 2017 | 0 | 0 | 0 | 0 | 0 | 2 | 3 | 3 | 3 | 1 | 2 | 0 | 0 | 1 | 0 | 1 | 2 | 2 | 1 | 2 | 1 | 2 | 0 | 3 | 1 | 0 | 0 | 2 | 0 | 0 | 1 | 0 | 0 | 0 | 1 | 0 | 0 | 0 | 0 | 1 | 3 | 0 | 1 | 1 | 1 | 0 | 2 | 1 | 0 |  2 | 1 | 0 | 2 | 1 | 2 | 7 | 3 | 3 | 2 | 2 | 0 | 2 | 3 | 3 | 2 | 3 | 3 | 1 | 4 | 5 | 3 | 2 | 3 | 1 | 0 | 0 | 7 | 2 | 2 | 4 | 1 | 1 | 3 | 1 | 2 | 2 | 3 | 4 | 2 | 4 | 0 | 6 | 2 | 2 | 1 | 4 | 2 | 0 |
93 | Anderson, Charles E., Jr. | RENSSELAER POLYTECHNIC INSTITUTE. | 1973 | male | 1 | 12 | 2013 | 1 | 22 | 2015 | 0 | 0 | 0 | 0 | 0 | 1 | 0 | 0 | 0 | 0 | 0 | 0 | 0 | 0 | 1 | 0 | 0 | 0 | 0 | 0 | 0 | 0 | 2 | 1 | 1 | 1 | 0 | 0 | 0 | 0 | 0 | 0 | 0 | 0 | 0 | 0 | 0 | 0 | 0 | 0 | 1 | 0 | 0 | 1 | 3 | 1 | 0 | 0 | 0 |  0 | 0 | 0 | 0 | 0 | 1 | 0 | 0 | 0 | 0 | 0 | 0 | 0 | 0 | 1 | 0 | 0 | 0 | 0 | 0 | 0 | 0 | 3 | 1 | 1 | 1 | 0 | 0 | 0 | 0 | 0 | 0 | 0 | 0 | 0 | 0 | 0 | 0 | 1 | 1 | 2 | 1 | 3 | 2 | 3 | 1 | 0 | 1 | 0 |
94 | Sorvari, John Mattias | THE UNIVERSITY OF ROCHESTER. | 1973 | male | 1 | 1 | 1974 | 1 | 2 | 1982 | 0 | 0 | 0 | 0 | 0 | 1 | 1 | 0 | 0 | 0 | 0 | 0 | 0 | 0 | 0 | 0 | 0 | 0 | 0 | 0 | 0 | 0 | 0 | 0 | 0 | 0 | 0 | 0 | 0 | 0 | 0 | 0 | 0 | 0 | 0 | 0 | 0 | 0 | 0 | 0 | 0 | 0 | 0 | 0 | 0 | 0 | 0 | 0 | 0 |  0 | 0 | 0 | 0 | 0 | 1 | 1 | 0 | 0 | 0 | 0 | 0 | 0 | 0 | 1 | 0 | 0 | 0 | 0 | 0 | 0 | 0 | 0 | 0 | 0 | 0 | 0 | 0 | 0 | 0 | 0 | 0 | 0 | 0 | 0 | 0 | 0 | 0 | 0 | 0 | 0 | 0 | 0 | 0 | 0 | 0 | 0 | 0 | 0 |
95 | Bouw, Gerardus Dingeman | CASE WESTERN RESERVE UNIVERSITY. | 1973 | male | 1 | 1 | 1981 | 2 | 1 | 1981 | 0 | 0 | 0 | 0 | 0 | 1 | 0 | 0 | 0 | 0 | 0 | 0 | 0 | 1 | 0 | 0 | 0 | 0 | 0 | 0 | 0 | 0 | 0 | 0 | 0 | 0 | 0 | 0 | 0 | 0 | 0 | 0 | 0 | 0 | 0 | 0 | 0 | 0 | 0 | 0 | 0 | 0 | 0 | 0 | 0 | 0 | 0 | 0 | 0 |  0 | 0 | 0 | 1 | 0 | 1 | 0 | 0 | 0 | 0 | 0 | 0 | 0 | 1 | 0 | 0 | 0 | 0 | 0 | 0 | 0 | 0 | 0 | 0 | 0 | 0 | 0 | 0 | 0 | 0 | 0 | 0 | 0 | 0 | 0 | 0 | 0 | 0 | 0 | 0 | 0 | 0 | 0 | 0 | 0 | 0 | 0 | 0 | 0 |
96 | Carrasco-Bazua, Luis | UNIVERSITY OF CALIFORNIA, BERKELEY. | 1973 | male | 1 | 0 | 1973 | 1 | 0 | 1973 | 0 | 0 | 0 | 0 | 0 | 1 | 0 | 0 | 0 | 0 | 0 | 0 | 0 | 0 | 0 | 0 | 0 | 0 | 0 | 0 | 0 | 0 | 0 | 0 | 0 | 0 | 0 | 0 | 0 | 0 | 0 | 0 | 0 | 0 | 0 | 0 | 0 | 0 | 0 | 0 | 0 | 0 | 0 | 0 | 0 | 0 | 0 | 0 | 0 |  0 | 0 | 0 | 0 | 0 | 1 | 0 | 0 | 0 | 0 | 0 | 0 | 0 | 0 | 0 | 0 | 0 | 0 | 0 | 0 | 0 | 0 | 0 | 0 | 0 | 0 | 0 | 0 | 0 | 0 | 0 | 0 | 0 | 0 | 0 | 0 | 0 | 0 | 0 | 0 | 0 | 0 | 0 | 0 | 0 | 0 | 0 | 0 | 0 |
97 | Domanus, Henry Michael | UNIVERSITY OF ILLINOIS AT CHICAGO. | 1973 | male | 1 | 1 | 1974 | 2 | 1 | 1974 | 0 | 0 | 0 | 0 | 0 | 1 | 1 | 0 | 0 | 0 | 0 | 0 | 0 | 0 | 0 | 0 | 0 | 0 | 0 | 0 | 0 | 0 | 0 | 0 | 0 | 0 | 0 | 0 | 0 | 0 | 0 | 0 | 0 | 0 | 0 | 0 | 0 | 0 | 0 | 0 | 0 | 0 | 0 | 0 | 0 | 0 | 0 | 0 | 0 |  0 | 0 | 0 | 0 | 1 | 1 | 1 | 0 | 0 | 0 | 0 | 0 | 0 | 0 | 0 | 0 | 0 | 0 | 0 | 0 | 0 | 0 | 0 | 0 | 0 | 0 | 0 | 0 | 0 | 0 | 0 | 0 | 0 | 0 | 0 | 0 | 0 | 0 | 0 | 0 | 0 | 0 | 0 | 0 | 0 | 0 | 0 | 0 | 0 |
98 | Frantz, David Joseph | THE OHIO STATE UNIVERSITY. | 1973 | male | 1 | 0 | 1973 | 2 | 0 | 1973 | 0 | 0 | 0 | 0 | 0 | 1 | 0 | 0 | 0 | 0 | 0 | 0 | 0 | 0 | 0 | 0 | 0 | 0 | 0 | 0 | 0 | 0 | 0 | 0 | 0 | 0 | 0 | 0 | 0 | 0 | 0 | 0 | 0 | 0 | 0 | 0 | 0 | 0 | 0 | 0 | 0 | 0 | 0 | 0 | 0 | 0 | 0 | 0 | 0 |  0 | 0 | 0 | 0 | 1 | 1 | 0 | 0 | 0 | 0 | 0 | 0 | 0 | 0 | 0 | 0 | 0 | 0 | 0 | 0 | 0 | 0 | 0 | 0 | 0 | 0 | 0 | 0 | 0 | 0 | 0 | 0 | 0 | 0 | 0 | 0 | 0 | 0 | 0 | 0 | 0 | 0 | 0 | 0 | 0 | 0 | 0 | 0 | 0 |
99 | Wood, Kent Sebastian | MASSACHUSETTS INSTITUTE OF TECHNOLOGY. | 1973 | male | 1 | 17 | 2006 | 2 | 349 | 2017 | 0 | 0 | 0 | 0 | 0 | 1 | 0 | 0 | 0 | 0 | 0 | 0 | 0 | 1 | 0 | 0 | 1 | 0 | 0 | 2 | 2 | 0 | 0 | 2 | 1 | 1 | 3 | 0 | 0 | 0 | 0 | 1 | 1 | 1 | 0 | 0 | 0 | 0 | 1 | 0 | 0 | 0 | 0 | 0 | 0 | 0 | 0 | 0 | 0 |  0 | 0 | 0 | 1 | 0 | 1 | 0 | 0 | 0 | 0 | 1 | 6 | 7 | 3 | 2 | 3 | 8 | 1 | 4 | 3 | 3 | 4 | 4 | 5 | 4 | 3 | 8 | 1 | 1 | 2 | 0 | 3 | 3 | 5 | 6 | 5 | 1 | 3 | 5 | 6 | 1 | 40 | 54 | 34 | 30 | 20 | 14 | 19 | 21 |
100 | Bloomer, Raymond Howard, Jr. | UNIVERSITY OF FLORIDA. | 1973 | male | 1 | 6 | 2011 | 1 | 8 | 2011 | 0 | 0 | 0 | 0 | 0 | 1 | 0 | 0 | 0 | 0 | 0 | 1 | 1 | 0 | 0 | 1 | 0 | 0 | 0 | 0 | 0 | 0 | 0 | 0 | 0 | 0 | 0 | 0 | 0 | 0 | 1 | 0 | 0 | 1 | 0 | 0 | 0 | 0 | 0 | 0 | 0 | 0 | 0 | 1 | 0 | 0 | 0 | 0 | 0 |  0 | 0 | 0 | 0 | 0 | 1 | 0 | 0 | 0 | 0 | 0 | 1 | 1 | 0 | 0 | 1 | 0 | 0 | 0 | 0 | 0 | 0 | 0 | 0 | 0 | 0 | 0 | 0 | 0 | 0 | 1 | 0 | 0 | 1 | 0 | 0 | 1 | 0 | 1 | 0 | 0 | 0 | 0 | 1 | 0 | 0 | 0 | 0 | 0 |
101 | Carter, William Eugene | THE UNIVERSITY OF ARIZONA. | 1973 | male | 4 | 17 | 2010 | 4 | 37 | 2013 | 0 | 0 | 0 | 0 | 3 | 1 | 0 | 0 | 0 | 1 | 1 | 0 | 1 | 1 | 3 | 0 | 1 | 2 | 4 | 0 | 0 | 1 | 0 | 0 | 0 | 1 | 0 | 0 | 0 | 0 | 0 | 0 | 0 | 0 | 0 | 0 | 0 | 0 | 0 | 0 | 0 | 0 | 1 | 0 | 0 | 0 | 0 | 0 | 0 |  0 | 0 | 0 | 0 | 3 | 1 | 0 | 0 | 2 | 1 | 1 | 0 | 1 | 1 | 3 | 1 | 2 | 4 | 8 | 1 | 0 | 1 | 1 | 1 | 0 | 2 | 2 | 1 | 0 | 0 | 0 | 0 | 0 | 0 | 0 | 0 | 0 | 0 | 0 | 1 | 0 | 0 | 1 | 1 | 0 | 1 | 0 | 0 | 0 |
102 | De, Bibhas Ranjan | UNIVERSITY OF CALIFORNIA, SAN DIEGO. | 1973 | male | 1 | 6 | 1979 | 3 | 18 | 2001 | 0 | 0 | 0 | 0 | 0 | 1 | 0 | 2 | 2 | 1 | 0 | 1 | 0 | 0 | 0 | 0 | 0 | 0 | 0 | 0 | 0 | 0 | 0 | 0 | 0 | 0 | 0 | 0 | 0 | 0 | 0 | 0 | 0 | 0 | 0 | 0 | 0 | 0 | 0 | 0 | 0 | 0 | 0 | 0 | 0 | 0 | 0 | 0 | 0 |  0 | 0 | 0 | 0 | 0 | 3 | 0 | 2 | 2 | 5 | 1 | 5 | 0 | 0 | 0 | 0 | 0 | 0 | 0 | 0 | 1 | 0 | 0 | 0 | 0 | 0 | 0 | 0 | 1 | 0 | 0 | 0 | 0 | 1 | 0 | 0 | 0 | 0 | 0 | 0 | 0 | 0 | 0 | 0 | 0 | 0 | 0 | 0 | 0 |
103 | Harris, Bernadette Londak | UNIVERSITY OF VIRGINIA. | 1973 | female | 1 | 0 | 1973 | 10 | 9 | 2015 | 0 | 0 | 0 | 0 | 0 | 1 | 0 | 0 | 0 | 0 | 0 | 0 | 0 | 0 | 0 | 0 | 0 | 0 | 0 | 0 | 0 | 0 | 0 | 0 | 0 | 0 | 0 | 0 | 0 | 0 | 0 | 0 | 0 | 0 | 0 | 0 | 0 | 0 | 0 | 0 | 0 | 0 | 0 | 0 | 0 | 0 | 0 | 0 | 0 |  0 | 0 | 0 | 2 | 3 | 5 | 0 | 0 | 1 | 1 | 0 | 0 | 2 | 0 | 0 | 0 | 0 | 0 | 0 | 0 | 0 | 0 | 0 | 0 | 0 | 0 | 0 | 0 | 0 | 0 | 0 | 0 | 0 | 0 | 0 | 0 | 0 | 0 | 0 | 0 | 0 | 2 | 0 | 1 | 1 | 0 | 0 | 1 | 0 |
104 | Kuo, Fu-Shong | CASE WESTERN RESERVE UNIVERSITY. | 1973 | male | 3 | 8 | 1998 | 3 | 13 | 2002 | 0 | 0 | 0 | 0 | 0 | 3 | 0 | 0 | 1 | 0 | 0 | 2 | 1 | 0 | 0 | 0 | 0 | 0 | 0 | 0 | 0 | 0 | 0 | 0 | 1 | 0 | 1 | 0 | 0 | 0 | 2 | 0 | 0 | 0 | 0 | 0 | 0 | 0 | 0 | 0 | 0 | 0 | 0 | 0 | 0 | 0 | 0 | 0 | 0 |  0 | 0 | 0 | 0 | 0 | 3 | 0 | 0 | 1 | 0 | 0 | 2 | 1 | 0 | 0 | 0 | 0 | 0 | 0 | 0 | 0 | 0 | 0 | 0 | 3 | 0 | 1 | 0 | 1 | 0 | 3 | 0 | 0 | 0 | 1 | 0 | 0 | 0 | 0 | 0 | 0 | 0 | 0 | 0 | 0 | 0 | 0 | 0 | 0 |
105 | Forman, William Richard | HARVARD UNIVERSITY. | 1973 | male | 7 | 22 | 2010 | 9 | 348 | 2017 | 0 | 0 | 1 | 1 | 2 | 3 | 1 | 0 | 4 | 0 | 2 | 1 | 0 | 1 | 2 | 0 | 1 | 1 | 1 | 0 | 0 | 0 | 1 | 0 | 0 | 1 | 1 | 0 | 0 | 0 | 1 | 0 | 0 | 0 | 0 | 0 | 0 | 1 | 0 | 2 | 0 | 0 | 1 | 0 | 0 | 0 | 0 | 0 | 0 |  0 | 0 | 1 | 1 | 2 | 5 | 2 | 1 | 7 | 1 | 7 | 6 | 2 | 1 | 3 | 1 | 4 | 2 | 2 | 1 | 2 | 0 | 5 | 7 | 4 | 4 | 6 | 12 | 2 | 5 | 9 | 10 | 8 | 10 | 7 | 10 | 11 | 15 | 9 | 11 | 14 | 20 | 18 | 20 | 17 | 17 | 13 | 18 | 14 |
106 | Lange, James Joseph | THE UNIVERSITY OF WISCONSIN - MADISON. | 1973 | male | 2 | 1 | 2013 | 2 | 40 | 2017 | 0 | 0 | 1 | 0 | 0 | 1 | 0 | 0 | 0 | 0 | 0 | 0 | 0 | 0 | 0 | 0 | 0 | 0 | 0 | 0 | 0 | 0 | 0 | 0 | 0 | 0 | 0 | 0 | 0 | 0 | 0 | 0 | 0 | 0 | 0 | 0 | 0 | 0 | 0 | 0 | 0 | 0 | 0 | 0 | 0 | 1 | 0 | 0 | 0 |  0 | 0 | 1 | 0 | 0 | 1 | 1 | 0 | 0 | 0 | 0 | 0 | 0 | 0 | 0 | 0 | 0 | 1 | 0 | 0 | 0 | 0 | 0 | 0 | 0 | 0 | 0 | 0 | 0 | 0 | 0 | 0 | 0 | 0 | 0 | 0 | 0 | 0 | 0 | 0 | 0 | 0 | 0 | 0 | 0 | 2 | 0 | 0 | 25 |
107 | Margon, Bruce Henry | UNIVERSITY OF CALIFORNIA, BERKELEY. | 1973 | male | 12 | 70 | 2016 | 18 | 221 | 2016 | 0 | 0 | 0 | 2 | 5 | 5 | 4 | 3 | 7 | 4 | 8 | 3 | 3 | 8 | 2 | 5 | 4 | 2 | 1 | 3 | 2 | 2 | 1 | 1 | 1 | 0 | 0 | 0 | 0 | 1 | 1 | 2 | 0 | 0 | 1 | 0 | 0 | 0 | 0 | 0 | 0 | 0 | 0 | 0 | 0 | 0 | 0 | 0 | 1 |  0 | 0 | 0 | 3 | 7 | 8 | 6 | 6 | 12 | 10 | 14 | 10 | 9 | 15 | 8 | 9 | 7 | 4 | 2 | 6 | 2 | 3 | 3 | 3 | 3 | 6 | 5 | 1 | 8 | 2 | 5 | 5 | 5 | 5 | 9 | 9 | 4 | 8 | 4 | 3 | 2 | 3 | 0 | 1 | 0 | 0 | 2 | 0 | 2 |
108 | Ward, William Roger | CALIFORNIA INSTITUTE OF TECHNOLOGY. | 1973 | male | 4 | 41 | 2017 | 7 | 67 | 2017 | 0 | 0 | 1 | 0 | 0 | 3 | 3 | 3 | 1 | 0 | 0 | 3 | 0 | 3 | 1 | 0 | 0 | 1 | 1 | 0 | 1 | 3 | 0 | 1 | 0 | 2 | 1 | 1 | 0 | 2 | 2 | 0 | 2 | 0 | 0 | 2 | 1 | 0 | 3 | 0 | 0 | 0 | 1 | 0 | 1 | 0 | 1 | 0 | 0 |  0 | 0 | 1 | 0 | 1 | 5 | 3 | 3 | 1 | 0 | 0 | 4 | 2 | 3 | 2 | 0 | 1 | 1 | 1 | 0 | 1 | 3 | 0 | 1 | 0 | 2 | 1 | 2 | 0 | 4 | 2 | 1 | 2 | 1 | 4 | 3 | 3 | 0 | 5 | 1 | 1 | 0 | 2 | 0 | 2 | 0 | 1 | 1 | 1 |
109 | Parker, Gary Douglas | UNIVERSITY OF DENVER. | 1973 | male | 5 | 16 | 2009 | 5 | 20 | 2014 | 0 | 1 | 0 | 0 | 0 | 4 | 0 | 0 | 3 | 1 | 1 | 0 | 2 | 0 | 2 | 0 | 0 | 1 | 2 | 2 | 0 | 0 | 0 | 0 | 0 | 0 | 0 | 0 | 0 | 0 | 0 | 0 | 0 | 0 | 0 | 0 | 0 | 1 | 0 | 0 | 0 | 1 | 0 | 0 | 0 | 0 | 0 | 0 | 0 |  0 | 1 | 0 | 0 | 0 | 4 | 0 | 0 | 3 | 1 | 1 | 0 | 2 | 0 | 2 | 0 | 0 | 1 | 2 | 2 | 0 | 0 | 0 | 0 | 0 | 0 | 1 | 0 | 0 | 0 | 0 | 0 | 0 | 0 | 0 | 0 | 0 | 1 | 1 | 0 | 0 | 1 | 0 | 0 | 0 | 1 | 1 | 0 | 0 |
110 | Roberts, David Hall | STANFORD UNIVERSITY. | 1973 | male | 4 | 25 | 2015 | 4 | 93 | 2016 | 0 | 0 | 0 | 0 | 2 | 2 | 0 | 0 | 3 | 1 | 1 | 3 | 0 | 1 | 2 | 0 | 1 | 1 | 0 | 2 | 0 | 0 | 1 | 1 | 0 | 0 | 1 | 1 | 0 | 0 | 0 | 0 | 0 | 0 | 0 | 0 | 0 | 0 | 0 | 0 | 1 | 0 | 1 | 0 | 1 | 1 | 0 | 2 | 0 |  0 | 0 | 0 | 0 | 2 | 2 | 1 | 1 | 7 | 3 | 2 | 3 | 2 | 1 | 2 | 0 | 2 | 3 | 4 | 2 | 0 | 7 | 3 | 2 | 3 | 4 | 5 | 4 | 2 | 2 | 2 | 4 | 0 | 1 | 2 | 1 | 1 | 0 | 2 | 0 | 4 | 0 | 1 | 3 | 2 | 1 | 0 | 3 | 1 |
111 | Stockman, Hervey Studdiford, Jr. | COLUMBIA UNIVERSITY. | 1973 | male | 1 | 14 | 1996 | 1 | 60 | 2006 | 0 | 0 | 0 | 0 | 0 | 1 | 0 | 0 | 0 | 2 | 1 | 2 | 0 | 1 | 0 | 1 | 1 | 0 | 0 | 1 | 1 | 0 | 1 | 0 | 1 | 0 | 1 | 0 | 1 | 0 | 0 | 0 | 0 | 0 | 0 | 0 | 0 | 0 | 0 | 0 | 0 | 0 | 0 | 0 | 0 | 0 | 0 | 0 | 0 |  0 | 0 | 0 | 0 | 0 | 1 | 0 | 0 | 1 | 5 | 7 | 4 | 5 | 4 | 3 | 5 | 5 | 2 | 3 | 1 | 1 | 0 | 2 | 1 | 2 | 0 | 2 | 2 | 1 | 0 | 0 | 0 | 1 | 2 | 0 | 0 | 0 | 0 | 1 | 0 | 0 | 0 | 0 | 0 | 0 | 0 | 0 | 0 | 0 |
112 | Matthesen, James Peter | UNIVERSITY OF OREGON. | 1973 | male | 1 | 0 | 1973 | 1 | 0 | 1973 | 0 | 0 | 0 | 0 | 0 | 1 | 0 | 0 | 0 | 0 | 0 | 0 | 0 | 0 | 0 | 0 | 0 | 0 | 0 | 0 | 0 | 0 | 0 | 0 | 0 | 0 | 0 | 0 | 0 | 0 | 0 | 0 | 0 | 0 | 0 | 0 | 0 | 0 | 0 | 0 | 0 | 0 | 0 | 0 | 0 | 0 | 0 | 0 | 0 |  0 | 0 | 0 | 0 | 0 | 1 | 0 | 0 | 0 | 0 | 0 | 0 | 0 | 0 | 0 | 0 | 0 | 0 | 0 | 0 | 0 | 0 | 0 | 0 | 0 | 0 | 0 | 0 | 0 | 0 | 0 | 0 | 0 | 0 | 0 | 0 | 0 | 0 | 0 | 0 | 0 | 0 | 0 | 0 | 0 | 0 | 0 | 0 | 0 |
113 | Kuan, Pui | UNIVERSITY OF CALIFORNIA, BERKELEY. | 1973 | female | 1 | 6 | 1976 | 1 | 6 | 1976 | 0 | 0 | 0 | 0 | 0 | 1 | 0 | 4 | 2 | 0 | 0 | 0 | 0 | 0 | 0 | 0 | 0 | 0 | 0 | 0 | 0 | 0 | 0 | 0 | 0 | 0 | 0 | 0 | 0 | 0 | 0 | 0 | 0 | 0 | 0 | 0 | 0 | 0 | 0 | 0 | 0 | 0 | 0 | 0 | 0 | 0 | 0 | 0 | 0 |  0 | 0 | 0 | 0 | 0 | 1 | 0 | 4 | 2 | 0 | 0 | 0 | 0 | 0 | 0 | 0 | 0 | 0 | 0 | 0 | 0 | 0 | 0 | 0 | 0 | 0 | 0 | 0 | 0 | 0 | 0 | 0 | 0 | 0 | 0 | 0 | 0 | 0 | 0 | 0 | 0 | 0 | 0 | 0 | 0 | 0 | 0 | 0 | 0 |
114 | Ross, Hazel E. | CASE WESTERN RESERVE UNIVERSITY. | 1973 | female | 1 | 0 | 1973 | 2 | 0 | 1973 | 0 | 0 | 0 | 0 | 0 | 1 | 0 | 0 | 0 | 0 | 0 | 0 | 0 | 0 | 0 | 0 | 0 | 0 | 0 | 0 | 0 | 0 | 0 | 0 | 0 | 0 | 0 | 0 | 0 | 0 | 0 | 0 | 0 | 0 | 0 | 0 | 0 | 0 | 0 | 0 | 0 | 0 | 0 | 0 | 0 | 0 | 0 | 0 | 0 |  0 | 0 | 1 | 0 | 0 | 1 | 0 | 0 | 0 | 0 | 0 | 0 | 0 | 0 | 0 | 0 | 0 | 0 | 0 | 0 | 0 | 0 | 0 | 0 | 0 | 0 | 0 | 0 | 0 | 0 | 0 | 0 | 0 | 0 | 0 | 0 | 0 | 0 | 0 | 0 | 0 | 0 | 0 | 0 | 0 | 0 | 0 | 0 | 0 |
115 | Viner, Melvyn Roger | UNIVERSITY OF MARYLAND COLLEGE PARK. | 1973 | male | 1 | 8 | 1979 | 3 | 28 | 1984 | 0 | 0 | 0 | 0 | 0 | 1 | 0 | 3 | 1 | 0 | 0 | 4 | 0 | 0 | 0 | 0 | 0 | 0 | 0 | 0 | 0 | 0 | 0 | 0 | 0 | 0 | 0 | 0 | 0 | 0 | 0 | 0 | 0 | 0 | 0 | 0 | 0 | 0 | 0 | 0 | 0 | 0 | 0 | 0 | 0 | 0 | 0 | 0 | 0 |  0 | 0 | 0 | 0 | 1 | 2 | 1 | 6 | 2 | 4 | 3 | 7 | 0 | 0 | 3 | 1 | 1 | 0 | 0 | 0 | 0 | 0 | 0 | 0 | 0 | 0 | 0 | 0 | 0 | 0 | 0 | 0 | 0 | 0 | 0 | 0 | 0 | 0 | 0 | 0 | 0 | 0 | 0 | 0 | 0 | 0 | 0 | 0 | 0 |
116 | Kantor, Frederick William | COLUMBIA UNIVERSITY. | 1973 | male | 1 | 0 | 1973 | 1 | 0 | 1973 | 0 | 0 | 0 | 0 | 0 | 1 | 0 | 0 | 0 | 0 | 0 | 0 | 0 | 0 | 0 | 0 | 0 | 0 | 0 | 0 | 0 | 0 | 0 | 0 | 0 | 0 | 0 | 0 | 0 | 0 | 0 | 0 | 0 | 0 | 0 | 0 | 0 | 0 | 0 | 0 | 0 | 0 | 0 | 0 | 0 | 0 | 0 | 0 | 0 |  0 | 0 | 0 | 0 | 0 | 1 | 0 | 0 | 0 | 0 | 0 | 0 | 0 | 0 | 0 | 0 | 0 | 0 | 0 | 0 | 0 | 0 | 0 | 0 | 0 | 0 | 0 | 0 | 0 | 0 | 0 | 0 | 0 | 0 | 0 | 0 | 0 | 0 | 0 | 0 | 0 | 0 | 0 | 0 | 0 | 0 | 0 | 0 | 0 |
117 | Flower, David James | COLUMBIA UNIVERSITY. | 1973 | male | 1 | 2 | 2010 | 1 | 7 | 2012 | 0 | 0 | 0 | 0 | 0 | 1 | 0 | 0 | 0 | 0 | 0 | 0 | 0 | 0 | 0 | 0 | 0 | 0 | 0 | 0 | 0 | 0 | 0 | 1 | 0 | 0 | 0 | 0 | 0 | 0 | 0 | 0 | 0 | 0 | 0 | 0 | 0 | 0 | 0 | 0 | 0 | 0 | 1 | 0 | 0 | 0 | 0 | 0 | 0 |  0 | 0 | 0 | 0 | 0 | 1 | 0 | 0 | 0 | 0 | 0 | 0 | 0 | 0 | 0 | 0 | 0 | 0 | 0 | 0 | 0 | 0 | 0 | 1 | 0 | 0 | 0 | 0 | 0 | 1 | 1 | 0 | 0 | 0 | 0 | 0 | 0 | 0 | 0 | 0 | 1 | 0 | 2 | 0 | 1 | 0 | 0 | 0 | 0 |
118 | Capone, Louis Anthony | UNIVERSITY OF FLORIDA. | 1973 | male | 2 | 8 | 2001 | 3 | 14 | 2001 | 0 | 0 | 0 | 0 | 0 | 2 | 0 | 0 | 1 | 1 | 0 | 1 | 1 | 1 | 0 | 2 | 0 | 0 | 0 | 0 | 0 | 0 | 0 | 0 | 0 | 0 | 0 | 0 | 0 | 0 | 0 | 0 | 0 | 1 | 0 | 0 | 0 | 0 | 0 | 0 | 0 | 0 | 0 | 0 | 0 | 0 | 0 | 0 | 0 |  0 | 0 | 0 | 1 | 0 | 2 | 0 | 1 | 3 | 2 | 0 | 1 | 1 | 1 | 1 | 2 | 0 | 0 | 0 | 1 | 0 | 0 | 0 | 0 | 0 | 0 | 0 | 0 | 0 | 0 | 0 | 0 | 0 | 1 | 0 | 0 | 0 | 0 | 0 | 0 | 0 | 0 | 0 | 0 | 0 | 0 | 0 | 0 | 0 |
119 | Meekins, John Fred | THE CATHOLIC UNIVERSITY OF AMERICA. | 1973 | male | 6 | 7 | 1989 | 28 | 25 | 1989 | 1 | 1 | 2 | 1 | 0 | 1 | 0 | 0 | 0 | 0 | 0 | 0 | 0 | 0 | 0 | 0 | 1 | 2 | 1 | 1 | 0 | 2 | 0 | 0 | 0 | 0 | 0 | 0 | 0 | 0 | 0 | 0 | 0 | 0 | 0 | 0 | 0 | 0 | 0 | 0 | 0 | 0 | 0 | 0 | 0 | 0 | 0 | 0 | 0 |  3 | 5 | 5 | 9 | 3 | 3 | 0 | 1 | 0 | 0 | 0 | 4 | 7 | 2 | 2 | 1 | 2 | 2 | 1 | 1 | 0 | 2 | 0 | 0 | 0 | 0 | 0 | 0 | 0 | 0 | 0 | 0 | 0 | 0 | 0 | 0 | 0 | 0 | 0 | 0 | 0 | 0 | 0 | 0 | 0 | 0 | 0 | 0 | 0 |
120 | Wefer, Frederick Lewellyn | THE PENNSYLVANIA STATE UNIVERSITY. | 1973 | male | 1 | 0 | 1973 | 1 | 0 | 1973 | 0 | 0 | 0 | 0 | 0 | 1 | 0 | 0 | 0 | 0 | 0 | 0 | 0 | 0 | 0 | 0 | 0 | 0 | 0 | 0 | 0 | 0 | 0 | 0 | 0 | 0 | 0 | 0 | 0 | 0 | 0 | 0 | 0 | 0 | 0 | 0 | 0 | 0 | 0 | 0 | 0 | 0 | 0 | 0 | 0 | 0 | 0 | 0 | 0 |  0 | 0 | 0 | 0 | 0 | 1 | 0 | 0 | 0 | 0 | 0 | 0 | 0 | 0 | 0 | 0 | 0 | 0 | 0 | 0 | 0 | 0 | 0 | 0 | 0 | 0 | 0 | 0 | 0 | 0 | 0 | 0 | 0 | 0 | 0 | 0 | 0 | 0 | 0 | 0 | 0 | 0 | 0 | 0 | 0 | 0 | 0 | 0 | 0 |
121 | Atreya, Sushil Kumar | THE UNIVERSITY OF MICHIGAN. | 1973 | male | 1 | 47 | 2013 | 2 | 223 | 2017 | 0 | 0 | 0 | 0 | 0 | 1 | 1 | 3 | 1 | 2 | 1 | 3 | 1 | 7 | 4 | 1 | 1 | 0 | 1 | 1 | 0 | 0 | 2 | 0 | 1 | 0 | 2 | 3 | 0 | 1 | 0 | 1 | 0 | 0 | 0 | 1 | 0 | 2 | 2 | 1 | 0 | 0 | 2 | 1 | 0 | 1 | 0 | 0 | 0 |  0 | 0 | 0 | 1 | 0 | 1 | 1 | 4 | 2 | 5 | 1 | 9 | 3 | 12 | 7 | 2 | 1 | 1 | 6 | 4 | 1 | 8 | 5 | 1 | 4 | 4 | 2 | 7 | 2 | 1 | 7 | 6 | 4 | 2 | 3 | 8 | 9 | 9 | 11 | 1 | 5 | 7 | 7 | 3 | 3 | 16 | 10 | 6 | 10 |
122 | Snow, Theodore Peck, Jr. | UNIVERSITY OF WASHINGTON. | 1973 | male | 1 | 52 | 2010 | 2 | 165 | 2017 | 0 | 0 | 0 | 0 | 0 | 1 | 0 | 0 | 0 | 0 | 0 | 1 | 3 | 3 | 2 | 2 | 1 | 1 | 1 | 1 | 2 | 3 | 1 | 1 | 2 | 2 | 2 | 3 | 3 | 0 | 3 | 0 | 2 | 1 | 4 | 0 | 1 | 0 | 1 | 1 | 3 | 1 | 1 | 0 | 0 | 0 | 0 | 0 | 0 |  0 | 0 | 0 | 0 | 0 | 2 | 0 | 2 | 1 | 1 | 2 | 2 | 6 | 7 | 4 | 5 | 2 | 3 | 2 | 3 | 4 | 8 | 3 | 3 | 7 | 3 | 2 | 4 | 3 | 2 | 3 | 4 | 8 | 6 | 8 | 4 | 3 | 2 | 4 | 7 | 7 | 8 | 7 | 3 | 4 | 3 | 2 | 2 | 0 |
123 | Kwan, John Ying-Kuen | CALIFORNIA INSTITUTE OF TECHNOLOGY. | 1973 | male | 1 | 32 | 2017 | 1 | 65 | 2017 | 0 | 0 | 0 | 0 | 0 | 1 | 3 | 1 | 2 | 1 | 1 | 2 | 0 | 1 | 2 | 1 | 2 | 0 | 2 | 1 | 3 | 0 | 1 | 0 | 2 | 1 | 0 | 2 | 0 | 1 | 0 | 0 | 0 | 0 | 0 | 0 | 0 | 0 | 0 | 1 | 0 | 0 | 0 | 1 | 0 | 0 | 0 | 0 | 0 |  0 | 0 | 0 | 0 | 0 | 1 | 7 | 2 | 3 | 1 | 2 | 4 | 0 | 1 | 3 | 2 | 2 | 1 | 2 | 1 | 3 | 2 | 4 | 0 | 2 | 1 | 2 | 2 | 1 | 1 | 1 | 0 | 1 | 1 | 0 | 1 | 0 | 0 | 2 | 1 | 1 | 0 | 0 | 2 | 0 | 1 | 0 | 0 | 3 |
124 | Lefande, Robert Allen | UNIVERSITY OF MARYLAND COLLEGE PARK. | 1973 | male | 1 | 0 | 1973 | 1 | 0 | 1973 | 0 | 0 | 0 | 0 | 0 | 1 | 0 | 0 | 0 | 0 | 0 | 0 | 0 | 0 | 0 | 0 | 0 | 0 | 0 | 0 | 0 | 0 | 0 | 0 | 0 | 0 | 0 | 0 | 0 | 0 | 0 | 0 | 0 | 0 | 0 | 0 | 0 | 0 | 0 | 0 | 0 | 0 | 0 | 0 | 0 | 0 | 0 | 0 | 0 |  0 | 0 | 0 | 0 | 0 | 1 | 0 | 0 | 0 | 0 | 0 | 0 | 0 | 0 | 0 | 0 | 0 | 0 | 0 | 0 | 0 | 0 | 0 | 0 | 0 | 0 | 0 | 0 | 0 | 0 | 0 | 0 | 0 | 0 | 0 | 0 | 0 | 0 | 0 | 0 | 0 | 0 | 0 | 0 | 0 | 0 | 0 | 0 | 0 |
125 | Berthelsdorf, Richard Friederich | COLUMBIA UNIVERSITY. | 1973 | male | 2 | 2 | 1979 | 4 | 6 | 1982 | 0 | 0 | 0 | 0 | 0 | 2 | 0 | 0 | 1 | 0 | 0 | 1 | 0 | 0 | 0 | 0 | 0 | 0 | 0 | 0 | 0 | 0 | 0 | 0 | 0 | 0 | 0 | 0 | 0 | 0 | 0 | 0 | 0 | 0 | 0 | 0 | 0 | 0 | 0 | 0 | 0 | 0 | 0 | 0 | 0 | 0 | 0 | 0 | 0 |  0 | 0 | 0 | 0 | 2 | 2 | 0 | 0 | 1 | 0 | 0 | 2 | 0 | 2 | 1 | 0 | 0 | 0 | 0 | 0 | 0 | 0 | 0 | 0 | 0 | 0 | 0 | 0 | 0 | 0 | 0 | 0 | 0 | 0 | 0 | 0 | 0 | 0 | 0 | 0 | 0 | 0 | 0 | 0 | 0 | 0 | 0 | 0 | 0 |
126 | Chromey, Frederick Rao | HARVARD UNIVERSITY. | 1973 | male | 3 | 8 | 1998 | 4 | 26 | 2008 | 0 | 1 | 0 | 0 | 0 | 2 | 2 | 0 | 0 | 0 | 1 | 1 | 1 | 0 | 0 | 0 | 0 | 0 | 0 | 0 | 0 | 1 | 0 | 0 | 0 | 0 | 0 | 0 | 1 | 0 | 1 | 0 | 0 | 0 | 0 | 0 | 0 | 0 | 0 | 0 | 0 | 0 | 0 | 0 | 0 | 0 | 0 | 0 | 0 |  0 | 1 | 0 | 0 | 1 | 2 | 2 | 0 | 0 | 0 | 1 | 1 | 1 | 0 | 0 | 0 | 0 | 1 | 0 | 1 | 0 | 1 | 1 | 0 | 0 | 0 | 1 | 2 | 4 | 1 | 4 | 2 | 1 | 0 | 1 | 0 | 0 | 0 | 0 | 0 | 1 | 0 | 0 | 0 | 0 | 0 | 0 | 0 | 0 |
127 | Daugherty, Joseph Kenneth | UNIVERSITY OF MARYLAND COLLEGE PARK. | 1973 | male | 3 | 14 | 1996 | 3 | 25 | 2007 | 0 | 0 | 0 | 0 | 0 | 3 | 0 | 2 | 1 | 2 | 1 | 0 | 1 | 0 | 1 | 1 | 0 | 0 | 1 | 0 | 0 | 1 | 0 | 0 | 0 | 0 | 1 | 0 | 2 | 0 | 0 | 0 | 0 | 0 | 0 | 0 | 0 | 0 | 0 | 0 | 0 | 0 | 0 | 0 | 0 | 0 | 0 | 0 | 0 |  0 | 0 | 0 | 0 | 0 | 3 | 0 | 5 | 1 | 4 | 1 | 0 | 1 | 0 | 1 | 1 | 0 | 0 | 1 | 0 | 0 | 2 | 0 | 1 | 0 | 0 | 1 | 0 | 3 | 0 | 1 | 1 | 0 | 0 | 0 | 0 | 0 | 0 | 0 | 1 | 0 | 0 | 0 | 0 | 0 | 0 | 0 | 0 | 0 |
128 | Milton, Robert Lester | UNIVERSITY OF CALIFORNIA, SANTA CRUZ. | 1973 | male | 2 | 1 | 1974 | 2 | 3 | 1988 | 1 | 0 | 0 | 0 | 0 | 1 | 1 | 0 | 0 | 0 | 0 | 0 | 0 | 0 | 0 | 0 | 0 | 0 | 0 | 0 | 0 | 0 | 0 | 0 | 0 | 0 | 0 | 0 | 0 | 0 | 0 | 0 | 0 | 0 | 0 | 0 | 0 | 0 | 0 | 0 | 0 | 0 | 0 | 0 | 0 | 0 | 0 | 0 | 0 |  1 | 0 | 0 | 0 | 0 | 1 | 1 | 0 | 0 | 0 | 0 | 0 | 0 | 0 | 0 | 0 | 0 | 0 | 1 | 0 | 1 | 0 | 0 | 0 | 0 | 0 | 0 | 0 | 0 | 0 | 0 | 0 | 0 | 0 | 0 | 0 | 0 | 0 | 0 | 0 | 0 | 0 | 0 | 0 | 0 | 0 | 0 | 0 | 0 |
129 | Pinsky, Lawrence Steven | THE UNIVERSITY OF ROCHESTER. | 1973 | male | 2 | 5 | 1975 | 4 | 45 | 2015 | 0 | 0 | 0 | 1 | 0 | 1 | 1 | 4 | 0 | 0 | 0 | 0 | 0 | 0 | 0 | 0 | 0 | 0 | 0 | 0 | 0 | 0 | 0 | 0 | 0 | 0 | 0 | 0 | 0 | 0 | 0 | 0 | 0 | 0 | 0 | 0 | 0 | 0 | 0 | 0 | 0 | 0 | 0 | 0 | 0 | 0 | 0 | 0 | 0 |  0 | 0 | 0 | 2 | 0 | 2 | 1 | 9 | 0 | 1 | 1 | 1 | 1 | 0 | 0 | 0 | 0 | 0 | 0 | 0 | 1 | 2 | 0 | 1 | 1 | 2 | 1 | 1 | 0 | 0 | 2 | 2 | 0 | 0 | 0 | 3 | 3 | 4 | 1 | 2 | 0 | 0 | 1 | 2 | 0 | 1 | 0 | 1 | 0 |
130 | Ramakrishna, Chunchanakatte Melukote | THE OHIO STATE UNIVERSITY. | 1973 | None | 1 | 0 | 1973 | 1 | 1 | 1974 | 0 | 0 | 0 | 0 | 0 | 1 | 0 | 0 | 0 | 0 | 0 | 0 | 0 | 0 | 0 | 0 | 0 | 0 | 0 | 0 | 0 | 0 | 0 | 0 | 0 | 0 | 0 | 0 | 0 | 0 | 0 | 0 | 0 | 0 | 0 | 0 | 0 | 0 | 0 | 0 | 0 | 0 | 0 | 0 | 0 | 0 | 0 | 0 | 0 |  0 | 0 | 0 | 0 | 0 | 1 | 1 | 0 | 0 | 0 | 0 | 0 | 0 | 0 | 0 | 0 | 0 | 0 | 0 | 0 | 0 | 0 | 0 | 0 | 0 | 0 | 0 | 0 | 0 | 0 | 0 | 0 | 0 | 0 | 0 | 0 | 0 | 0 | 0 | 0 | 0 | 0 | 0 | 0 | 0 | 0 | 0 | 0 | 0 |
131 | Wells, Donald Carson, III | THE UNIVERSITY OF TEXAS AT AUSTIN. | 1973 | male | 2 | 2 | 2000 | 7 | 23 | 2009 | 0 | 0 | 0 | 0 | 1 | 1 | 0 | 0 | 0 | 0 | 0 | 0 | 0 | 1 | 0 | 0 | 0 | 0 | 0 | 0 | 0 | 0 | 0 | 0 | 0 | 0 | 0 | 0 | 0 | 0 | 0 | 0 | 1 | 0 | 0 | 0 | 0 | 0 | 0 | 0 | 0 | 0 | 0 | 0 | 0 | 0 | 0 | 0 | 0 |  0 | 0 | 0 | 0 | 3 | 4 | 1 | 0 | 0 | 1 | 3 | 2 | 1 | 2 | 4 | 2 | 0 | 1 | 0 | 0 | 2 | 0 | 0 | 0 | 0 | 0 | 1 | 0 | 0 | 0 | 0 | 0 | 1 | 0 | 0 | 0 | 0 | 1 | 0 | 0 | 0 | 1 | 0 | 0 | 0 | 0 | 0 | 0 | 0 |
132 | Bohannan, Bruce Edward | UNIVERSITY OF CALIFORNIA, LOS ANGELES. | 1973 | male | 2 | 12 | 2001 | 2 | 19 | 2001 | 0 | 0 | 0 | 0 | 0 | 2 | 1 | 1 | 1 | 0 | 1 | 0 | 0 | 0 | 0 | 0 | 0 | 1 | 1 | 0 | 0 | 1 | 1 | 0 | 0 | 1 | 0 | 0 | 0 | 0 | 0 | 1 | 0 | 2 | 0 | 0 | 0 | 0 | 0 | 0 | 0 | 0 | 0 | 0 | 0 | 0 | 0 | 0 | 0 |  0 | 0 | 0 | 0 | 0 | 2 | 1 | 1 | 1 | 0 | 1 | 0 | 0 | 0 | 0 | 0 | 0 | 1 | 1 | 0 | 1 | 2 | 1 | 0 | 1 | 2 | 1 | 0 | 0 | 1 | 0 | 2 | 0 | 2 | 0 | 0 | 0 | 0 | 0 | 0 | 0 | 0 | 0 | 0 | 0 | 0 | 0 | 0 | 0 |
133 | Taam, Ronald Everett | COLUMBIA UNIVERSITY. | 1973 | male | 1 | 47 | 2012 | 1 | 183 | 2017 | 0 | 0 | 0 | 0 | 0 | 1 | 0 | 1 | 2 | 1 | 2 | 3 | 4 | 2 | 1 | 2 | 2 | 3 | 1 | 3 | 2 | 3 | 0 | 2 | 1 | 1 | 1 | 0 | 1 | 1 | 0 | 1 | 2 | 1 | 0 | 1 | 0 | 0 | 0 | 0 | 1 | 0 | 1 | 0 | 1 | 0 | 0 | 0 | 0 |  0 | 0 | 0 | 0 | 0 | 1 | 1 | 1 | 3 | 1 | 2 | 3 | 6 | 3 | 2 | 2 | 5 | 4 | 4 | 7 | 4 | 5 | 6 | 3 | 3 | 4 | 6 | 7 | 6 | 5 | 3 | 2 | 4 | 5 | 2 | 4 | 5 | 1 | 6 | 7 | 8 | 4 | 9 | 4 | 8 | 7 | 2 | 5 | 2 |
134 | Hinata, Satoshi | UNIVERSITY OF ILLINOIS AT URBANA-CHAMPAIGN. | 1973 | male | 2 | 25 | 1990 | 2 | 27 | 1991 | 0 | 0 | 0 | 0 | 0 | 2 | 1 | 0 | 3 | 2 | 2 | 3 | 1 | 1 | 3 | 3 | 1 | 0 | 1 | 1 | 1 | 1 | 1 | 0 | 0 | 0 | 0 | 0 | 0 | 0 | 0 | 0 | 0 | 0 | 0 | 0 | 0 | 0 | 0 | 0 | 0 | 0 | 0 | 0 | 0 | 0 | 0 | 0 | 0 |  0 | 0 | 0 | 0 | 0 | 2 | 1 | 0 | 3 | 2 | 2 | 3 | 1 | 1 | 3 | 3 | 1 | 0 | 2 | 1 | 1 | 1 | 1 | 1 | 0 | 0 | 0 | 0 | 0 | 0 | 0 | 0 | 0 | 0 | 0 | 0 | 0 | 0 | 0 | 0 | 0 | 0 | 0 | 0 | 0 | 0 | 0 | 0 | 0 |
135 | Scherrer, Philip Hanby | UNIVERSITY OF CALIFORNIA, BERKELEY. | 1973 | male | 2 | 17 | 2012 | 7 | 108 | 2016 | 0 | 0 | 0 | 0 | 1 | 1 | 1 | 0 | 0 | 3 | 0 | 2 | 3 | 0 | 1 | 2 | 1 | 0 | 0 | 0 | 0 | 0 | 0 | 1 | 0 | 0 | 0 | 1 | 0 | 0 | 0 | 0 | 0 | 0 | 0 | 0 | 0 | 0 | 0 | 0 | 1 | 0 | 0 | 0 | 1 | 0 | 0 | 0 | 0 |  0 | 1 | 1 | 0 | 3 | 2 | 2 | 2 | 1 | 4 | 3 | 6 | 4 | 4 | 2 | 5 | 1 | 1 | 1 | 1 | 3 | 1 | 1 | 2 | 1 | 0 | 1 | 2 | 1 | 5 | 8 | 5 | 7 | 2 | 5 | 1 | 1 | 1 | 2 | 5 | 1 | 1 | 0 | 1 | 8 | 0 | 2 | 2 | 2 |
136 | Krupp, Brian Marc | UNIVERSITY OF MARYLAND COLLEGE PARK. | 1973 | male | 1 | 2 | 1978 | 1 | 6 | 1980 | 0 | 0 | 0 | 0 | 0 | 1 | 1 | 0 | 0 | 0 | 1 | 0 | 0 | 0 | 0 | 0 | 0 | 0 | 0 | 0 | 0 | 0 | 0 | 0 | 0 | 0 | 0 | 0 | 0 | 0 | 0 | 0 | 0 | 0 | 0 | 0 | 0 | 0 | 0 | 0 | 0 | 0 | 0 | 0 | 0 | 0 | 0 | 0 | 0 |  0 | 0 | 0 | 0 | 0 | 1 | 1 | 0 | 2 | 1 | 1 | 0 | 1 | 0 | 0 | 0 | 0 | 0 | 0 | 0 | 0 | 0 | 0 | 0 | 0 | 0 | 0 | 0 | 0 | 0 | 0 | 0 | 0 | 0 | 0 | 0 | 0 | 0 | 0 | 0 | 0 | 0 | 0 | 0 | 0 | 0 | 0 | 0 | 0 |
137 | Hussain, Riaz | THE JOHNS HOPKINS UNIVERSITY. | 1973 | male | 1 | 0 | 1973 | 1 | 0 | 1973 | 0 | 0 | 0 | 0 | 0 | 1 | 0 | 0 | 0 | 0 | 0 | 0 | 0 | 0 | 0 | 0 | 0 | 0 | 0 | 0 | 0 | 0 | 0 | 0 | 0 | 0 | 0 | 0 | 0 | 0 | 0 | 0 | 0 | 0 | 0 | 0 | 0 | 0 | 0 | 0 | 0 | 0 | 0 | 0 | 0 | 0 | 0 | 0 | 0 |  0 | 0 | 0 | 0 | 0 | 1 | 0 | 0 | 0 | 0 | 0 | 0 | 0 | 0 | 0 | 0 | 0 | 0 | 0 | 0 | 0 | 0 | 0 | 0 | 0 | 0 | 0 | 0 | 0 | 0 | 0 | 0 | 0 | 0 | 0 | 0 | 0 | 0 | 0 | 0 | 0 | 0 | 0 | 0 | 0 | 0 | 0 | 0 | 0 |
138 | Macy, William Wray, Jr. | PRINCETON UNIVERSITY. | 1973 | male | 2 | 6 | 1980 | 3 | 14 | 1989 | 0 | 0 | 1 | 0 | 0 | 1 | 0 | 0 | 0 | 1 | 1 | 1 | 3 | 0 | 0 | 0 | 0 | 0 | 0 | 0 | 0 | 0 | 0 | 0 | 0 | 0 | 0 | 0 | 0 | 0 | 0 | 0 | 0 | 0 | 0 | 0 | 0 | 0 | 0 | 0 | 0 | 0 | 0 | 0 | 0 | 0 | 0 | 0 | 0 |  0 | 0 | 1 | 0 | 1 | 1 | 0 | 0 | 0 | 1 | 1 | 3 | 7 | 1 | 0 | 0 | 0 | 0 | 0 | 0 | 0 | 1 | 0 | 0 | 0 | 0 | 0 | 0 | 0 | 0 | 0 | 0 | 0 | 0 | 0 | 0 | 0 | 0 | 0 | 0 | 0 | 0 | 0 | 0 | 0 | 0 | 0 | 0 | 0 |
139 | Sutton, K. | National Aeronautics and Space Administration. Langley Research Center, Hampton, VA. | 1973 | None | 2 | 3 | 1978 | 2 | 11 | 2008 | 0 | 0 | 0 | 0 | 0 | 2 | 1 | 0 | 1 | 0 | 1 | 0 | 0 | 0 | 0 | 0 | 0 | 0 | 0 | 0 | 0 | 0 | 0 | 0 | 0 | 0 | 0 | 0 | 0 | 0 | 0 | 0 | 0 | 0 | 0 | 0 | 0 | 0 | 0 | 0 | 0 | 0 | 0 | 0 | 0 | 0 | 0 | 0 | 0 |  0 | 0 | 0 | 0 | 0 | 2 | 1 | 1 | 1 | 1 | 1 | 0 | 0 | 0 | 0 | 0 | 0 | 0 | 0 | 0 | 0 | 0 | 0 | 1 | 2 | 0 | 0 | 0 | 0 | 0 | 0 | 0 | 0 | 0 | 0 | 0 | 0 | 0 | 1 | 0 | 2 | 0 | 0 | 0 | 0 | 0 | 0 | 0 | 0 |
140 | Thompson, David John | UNIVERSITY OF MARYLAND COLLEGE PARK. | 1973 | male | 2 | 50 | 2015 | 4 | 493 | 2017 | 0 | 0 | 0 | 0 | 0 | 2 | 1 | 2 | 1 | 2 | 0 | 0 | 0 | 2 | 1 | 1 | 0 | 1 | 1 | 1 | 0 | 1 | 2 | 2 | 2 | 4 | 3 | 4 | 3 | 1 | 0 | 2 | 2 | 1 | 1 | 0 | 1 | 2 | 0 | 0 | 1 | 0 | 1 | 0 | 1 | 1 | 0 | 2 | 0 |  0 | 0 | 0 | 0 | 0 | 4 | 2 | 8 | 3 | 7 | 1 | 2 | 3 | 3 | 1 | 2 | 1 | 3 | 1 | 2 | 1 | 2 | 6 | 3 | 11 | 23 | 15 | 25 | 29 | 10 | 9 | 10 | 9 | 10 | 5 | 4 | 7 | 9 | 7 | 26 | 13 | 48 | 64 | 35 | 19 | 14 | 12 | 12 | 15 |
141 | Vasu Mallik, Dipankar Chandra | THE UNIVERSITY OF WISCONSIN - MADISON. | 1973 | male | 1 | 0 | 1973 | 1 | 0 | 1973 | 0 | 0 | 0 | 0 | 0 | 1 | 0 | 0 | 0 | 0 | 0 | 0 | 0 | 0 | 0 | 0 | 0 | 0 | 0 | 0 | 0 | 0 | 0 | 0 | 0 | 0 | 0 | 0 | 0 | 0 | 0 | 0 | 0 | 0 | 0 | 0 | 0 | 0 | 0 | 0 | 0 | 0 | 0 | 0 | 0 | 0 | 0 | 0 | 0 |  0 | 0 | 0 | 0 | 0 | 1 | 0 | 0 | 0 | 0 | 0 | 0 | 0 | 0 | 0 | 0 | 0 | 0 | 0 | 0 | 0 | 0 | 0 | 0 | 0 | 0 | 0 | 0 | 0 | 0 | 0 | 0 | 0 | 0 | 0 | 0 | 0 | 0 | 0 | 0 | 0 | 0 | 0 | 0 | 0 | 0 | 0 | 0 | 0 |
142 | Wilson, Christopher Paul | UNIVERSITY OF CALIFORNIA, BERKELEY. | 1973 | male | 2 | 7 | 2007 | 2 | 85 | 2017 | 0 | 1 | 0 | 0 | 0 | 1 | 0 | 1 | 0 | 0 | 0 | 0 | 0 | 0 | 0 | 0 | 0 | 1 | 0 | 3 | 0 | 0 | 0 | 0 | 0 | 0 | 0 | 0 | 0 | 0 | 1 | 0 | 0 | 0 | 0 | 0 | 0 | 0 | 0 | 1 | 0 | 0 | 0 | 0 | 0 | 0 | 0 | 0 | 0 |  0 | 1 | 0 | 0 | 0 | 1 | 0 | 1 | 0 | 0 | 1 | 1 | 0 | 0 | 0 | 1 | 0 | 1 | 1 | 3 | 3 | 0 | 10 | 1 | 1 | 6 | 0 | 13 | 6 | 8 | 4 | 3 | 0 | 1 | 0 | 1 | 1 | 0 | 0 | 2 | 0 | 0 | 6 | 0 | 2 | 0 | 1 | 2 | 3 |
143 | Anderson, Donald Ellsworth, Jr. | UNIVERSITY OF COLORADO AT BOULDER. | 1973 | male | 2 | 23 | 2017 | 4 | 66 | 2017 | 0 | 0 | 0 | 0 | 0 | 2 | 0 | 0 | 2 | 2 | 0 | 3 | 1 | 0 | 1 | 2 | 1 | 1 | 2 | 2 | 1 | 0 | 1 | 0 | 1 | 0 | 0 | 0 | 0 | 0 | 0 | 0 | 0 | 0 | 0 | 0 | 0 | 2 | 0 | 0 | 0 | 0 | 0 | 0 | 0 | 0 | 0 | 0 | 0 |  0 | 0 | 2 | 0 | 0 | 2 | 0 | 0 | 3 | 2 | 0 | 4 | 1 | 1 | 3 | 5 | 1 | 5 | 2 | 3 | 3 | 0 | 1 | 1 | 3 | 1 | 2 | 0 | 0 | 1 | 2 | 1 | 0 | 0 | 1 | 0 | 2 | 2 | 0 | 2 | 1 | 1 | 2 | 3 | 0 | 4 | 0 | 1 | 1 |
144 | Borken, Richard James | MASSACHUSETTS INSTITUTE OF TECHNOLOGY. | 1973 | male | 2 | 2 | 1977 | 5 | 6 | 1977 | 0 | 0 | 0 | 0 | 1 | 1 | 0 | 0 | 1 | 1 | 0 | 0 | 0 | 0 | 0 | 0 | 0 | 0 | 0 | 0 | 0 | 0 | 0 | 0 | 0 | 0 | 0 | 0 | 0 | 0 | 0 | 0 | 0 | 0 | 0 | 0 | 0 | 0 | 0 | 0 | 0 | 0 | 0 | 0 | 0 | 0 | 0 | 0 | 0 |  0 | 0 | 0 | 0 | 2 | 3 | 2 | 1 | 1 | 2 | 0 | 0 | 0 | 0 | 0 | 0 | 0 | 0 | 0 | 0 | 0 | 0 | 0 | 0 | 0 | 0 | 0 | 0 | 0 | 0 | 0 | 0 | 0 | 0 | 0 | 0 | 0 | 0 | 0 | 0 | 0 | 0 | 0 | 0 | 0 | 0 | 0 | 0 | 0 |
145 | Fry, Mark Allen | UNIVERSITY OF CALIFORNIA, LOS ANGELES. | 1973 | male | 1 | 1 | 1975 | 1 | 1 | 1975 | 0 | 0 | 0 | 0 | 0 | 1 | 0 | 1 | 0 | 0 | 0 | 0 | 0 | 0 | 0 | 0 | 0 | 0 | 0 | 0 | 0 | 0 | 0 | 0 | 0 | 0 | 0 | 0 | 0 | 0 | 0 | 0 | 0 | 0 | 0 | 0 | 0 | 0 | 0 | 0 | 0 | 0 | 0 | 0 | 0 | 0 | 0 | 0 | 0 |  0 | 0 | 0 | 0 | 0 | 1 | 0 | 1 | 0 | 0 | 0 | 0 | 0 | 0 | 0 | 0 | 0 | 0 | 0 | 0 | 0 | 0 | 0 | 0 | 0 | 0 | 0 | 0 | 0 | 0 | 0 | 0 | 0 | 0 | 0 | 0 | 0 | 0 | 0 | 0 | 0 | 0 | 0 | 0 | 0 | 0 | 0 | 0 | 0 |
146 | Kuiper, Thomas Bernardus Henricus | UNIVERSITY OF MARYLAND COLLEGE PARK. | 1973 | male | 3 | 30 | 2016 | 4 | 93 | 2017 | 0 | 0 | 0 | 0 | 0 | 3 | 0 | 3 | 3 | 2 | 2 | 1 | 0 | 1 | 1 | 1 | 3 | 1 | 0 | 3 | 0 | 2 | 1 | 0 | 0 | 1 | 1 | 1 | 1 | 0 | 0 | 0 | 1 | 0 | 0 | 0 | 0 | 0 | 0 | 0 | 0 | 0 | 0 | 0 | 0 | 0 | 0 | 0 | 1 |  0 | 0 | 0 | 0 | 1 | 3 | 1 | 5 | 7 | 4 | 3 | 2 | 4 | 2 | 2 | 3 | 3 | 2 | 2 | 5 | 1 | 7 | 1 | 2 | 2 | 1 | 1 | 5 | 2 | 1 | 3 | 0 | 4 | 1 | 1 | 2 | 0 | 2 | 6 | 0 | 0 | 2 | 0 | 1 | 1 | 0 | 0 | 0 | 1 |
147 | Lee, Vincent Joseph | INDIANA UNIVERSITY. | 1973 | male | 2 | 1 | 2001 | 3 | 1 | 2001 | 0 | 0 | 0 | 1 | 0 | 1 | 0 | 0 | 0 | 0 | 0 | 0 | 0 | 0 | 0 | 0 | 0 | 0 | 0 | 0 | 0 | 0 | 0 | 0 | 0 | 0 | 0 | 0 | 0 | 0 | 0 | 0 | 0 | 1 | 0 | 0 | 0 | 0 | 0 | 0 | 0 | 0 | 0 | 0 | 0 | 0 | 0 | 0 | 0 |  0 | 0 | 1 | 1 | 0 | 1 | 0 | 0 | 0 | 0 | 0 | 0 | 0 | 0 | 0 | 0 | 0 | 0 | 0 | 0 | 0 | 0 | 0 | 0 | 0 | 0 | 0 | 0 | 0 | 0 | 0 | 0 | 0 | 1 | 0 | 0 | 0 | 0 | 0 | 0 | 0 | 0 | 0 | 0 | 0 | 0 | 0 | 0 | 0 |
148 | Merville, Albert Douglas | CASE WESTERN RESERVE UNIVERSITY. | 1973 | male | 1 | 0 | 1973 | 1 | 0 | 1973 | 0 | 0 | 0 | 0 | 0 | 1 | 0 | 0 | 0 | 0 | 0 | 0 | 0 | 0 | 0 | 0 | 0 | 0 | 0 | 0 | 0 | 0 | 0 | 0 | 0 | 0 | 0 | 0 | 0 | 0 | 0 | 0 | 0 | 0 | 0 | 0 | 0 | 0 | 0 | 0 | 0 | 0 | 0 | 0 | 0 | 0 | 0 | 0 | 0 |  0 | 0 | 0 | 0 | 0 | 1 | 0 | 0 | 0 | 0 | 0 | 0 | 0 | 0 | 0 | 0 | 0 | 0 | 0 | 0 | 0 | 0 | 0 | 0 | 0 | 0 | 0 | 0 | 0 | 0 | 0 | 0 | 0 | 0 | 0 | 0 | 0 | 0 | 0 | 0 | 0 | 0 | 0 | 0 | 0 | 0 | 0 | 0 | 0 |
149 | Pankonin, Vernon Lee | CORNELL UNIVERSITY. | 1973 | male | 2 | 14 | 2001 | 5 | 36 | 2002 | 0 | 0 | 0 | 0 | 0 | 2 | 1 | 1 | 2 | 3 | 2 | 2 | 1 | 1 | 0 | 0 | 0 | 0 | 0 | 0 | 0 | 0 | 0 | 0 | 0 | 0 | 0 | 0 | 0 | 0 | 0 | 0 | 0 | 1 | 0 | 0 | 0 | 0 | 0 | 0 | 0 | 0 | 0 | 0 | 0 | 0 | 0 | 0 | 0 |  0 | 0 | 0 | 0 | 3 | 2 | 1 | 3 | 2 | 6 | 7 | 3 | 4 | 3 | 1 | 1 | 1 | 0 | 1 | 1 | 0 | 0 | 0 | 0 | 0 | 0 | 0 | 0 | 0 | 0 | 0 | 0 | 0 | 1 | 1 | 0 | 0 | 0 | 0 | 0 | 0 | 0 | 0 | 0 | 0 | 0 | 0 | 0 | 0 |
150 | Whitman, Lorraine Eva | NEW YORK UNIVERSITY. | 1973 | female | 1 | 0 | 1973 | 1 | 0 | 1973 | 0 | 0 | 0 | 0 | 0 | 1 | 0 | 0 | 0 | 0 | 0 | 0 | 0 | 0 | 0 | 0 | 0 | 0 | 0 | 0 | 0 | 0 | 0 | 0 | 0 | 0 | 0 | 0 | 0 | 0 | 0 | 0 | 0 | 0 | 0 | 0 | 0 | 0 | 0 | 0 | 0 | 0 | 0 | 0 | 0 | 0 | 0 | 0 | 0 |  0 | 0 | 0 | 0 | 0 | 1 | 0 | 0 | 0 | 0 | 0 | 0 | 0 | 0 | 0 | 0 | 0 | 0 | 0 | 0 | 0 | 0 | 0 | 0 | 0 | 0 | 0 | 0 | 0 | 0 | 0 | 0 | 0 | 0 | 0 | 0 | 0 | 0 | 0 | 0 | 0 | 0 | 0 | 0 | 0 | 0 | 0 | 0 | 0 |
151 | Carbon, Duane Francis | HARVARD UNIVERSITY. | 1973 | male | 3 | 7 | 2017 | 5 | 23 | 2017 | 1 | 0 | 0 | 0 | 0 | 2 | 1 | 0 | 1 | 0 | 0 | 1 | 0 | 0 | 1 | 0 | 1 | 0 | 0 | 1 | 0 | 0 | 0 | 0 | 0 | 0 | 0 | 0 | 0 | 0 | 0 | 0 | 0 | 0 | 0 | 0 | 0 | 0 | 0 | 0 | 0 | 0 | 0 | 0 | 0 | 0 | 0 | 0 | 0 |  1 | 0 | 0 | 2 | 0 | 2 | 2 | 1 | 2 | 0 | 2 | 1 | 0 | 0 | 4 | 1 | 2 | 0 | 1 | 1 | 0 | 0 | 0 | 0 | 1 | 2 | 0 | 0 | 1 | 0 | 0 | 0 | 0 | 0 | 0 | 0 | 0 | 1 | 0 | 0 | 0 | 0 | 0 | 0 | 0 | 0 | 0 | 0 | 0 |
152 | Derringh, Edward G. | RENSSELAER POLYTECHNIC INSTITUTE. | 1973 | male | 1 | 1 | 1991 | 1 | 2 | 1991 | 0 | 0 | 0 | 0 | 0 | 1 | 0 | 0 | 0 | 0 | 0 | 0 | 0 | 0 | 0 | 0 | 0 | 0 | 0 | 0 | 0 | 0 | 0 | 1 | 0 | 0 | 0 | 0 | 0 | 0 | 0 | 0 | 0 | 0 | 0 | 0 | 0 | 0 | 0 | 0 | 0 | 0 | 0 | 0 | 0 | 0 | 0 | 0 | 0 |  0 | 0 | 0 | 0 | 0 | 1 | 0 | 0 | 0 | 0 | 0 | 0 | 0 | 0 | 0 | 0 | 0 | 0 | 0 | 0 | 0 | 1 | 0 | 1 | 0 | 0 | 0 | 0 | 0 | 0 | 0 | 0 | 0 | 0 | 0 | 0 | 0 | 0 | 0 | 0 | 0 | 0 | 0 | 0 | 0 | 0 | 0 | 0 | 0 |
153 | Chevalier, Roger Alan | PRINCETON UNIVERSITY. | 1973 | male | 3 | 112 | 2012 | 8 | 272 | 2017 | 0 | 1 | 1 | 0 | 0 | 1 | 2 | 5 | 7 | 5 | 6 | 3 | 2 | 6 | 4 | 4 | 4 | 2 | 2 | 4 | 5 | 5 | 3 | 0 | 7 | 1 | 3 | 5 | 2 | 2 | 1 | 2 | 3 | 1 | 1 | 2 | 2 | 2 | 2 | 0 | 2 | 0 | 1 | 2 | 2 | 0 | 0 | 0 | 0 |  0 | 1 | 1 | 0 | 3 | 3 | 2 | 6 | 7 | 6 | 11 | 4 | 4 | 8 | 5 | 8 | 9 | 4 | 5 | 7 | 7 | 9 | 3 | 1 | 8 | 3 | 7 | 8 | 5 | 3 | 4 | 6 | 10 | 6 | 8 | 8 | 5 | 8 | 13 | 9 | 7 | 3 | 6 | 7 | 11 | 2 | 8 | 6 | 4 |
154 | Giguere, Paul Theodore | UNIVERSITY OF VIRGINIA. | 1973 | male | 4 | 5 | 1980 | 4 | 12 | 2009 | 0 | 0 | 0 | 0 | 0 | 4 | 0 | 1 | 2 | 0 | 1 | 0 | 1 | 0 | 0 | 0 | 0 | 0 | 0 | 0 | 0 | 0 | 0 | 0 | 0 | 0 | 0 | 0 | 0 | 0 | 0 | 0 | 0 | 0 | 0 | 0 | 0 | 0 | 0 | 0 | 0 | 0 | 0 | 0 | 0 | 0 | 0 | 0 | 0 |  0 | 0 | 0 | 0 | 0 | 4 | 1 | 2 | 2 | 1 | 2 | 0 | 2 | 0 | 1 | 0 | 0 | 0 | 0 | 0 | 0 | 0 | 0 | 0 | 0 | 0 | 0 | 0 | 0 | 0 | 0 | 0 | 0 | 0 | 0 | 0 | 0 | 0 | 0 | 0 | 0 | 1 | 0 | 0 | 0 | 0 | 0 | 0 | 0 |
155 | Brisken, Axel Ferdinand | UNIVERSITY OF MARYLAND COLLEGE PARK. | 1973 | male | 1 | 0 | 1973 | 3 | 0 | 1973 | 0 | 0 | 0 | 0 | 0 | 1 | 0 | 0 | 0 | 0 | 0 | 0 | 0 | 0 | 0 | 0 | 0 | 0 | 0 | 0 | 0 | 0 | 0 | 0 | 0 | 0 | 0 | 0 | 0 | 0 | 0 | 0 | 0 | 0 | 0 | 0 | 0 | 0 | 0 | 0 | 0 | 0 | 0 | 0 | 0 | 0 | 0 | 0 | 0 |  0 | 0 | 0 | 0 | 0 | 3 | 0 | 0 | 0 | 0 | 0 | 0 | 0 | 0 | 0 | 0 | 0 | 0 | 0 | 0 | 0 | 0 | 0 | 0 | 0 | 0 | 0 | 0 | 0 | 0 | 0 | 0 | 0 | 0 | 0 | 0 | 0 | 0 | 0 | 0 | 0 | 0 | 0 | 0 | 0 | 0 | 0 | 0 | 0 |
156 | Cathey, Larry Ross | UNIVERSITY OF CALIFORNIA, SANTA CRUZ. | 1973 | male | 2 | 1 | 1974 | 4 | 1 | 1974 | 1 | 0 | 0 | 0 | 0 | 1 | 1 | 0 | 0 | 0 | 0 | 0 | 0 | 0 | 0 | 0 | 0 | 0 | 0 | 0 | 0 | 0 | 0 | 0 | 0 | 0 | 0 | 0 | 0 | 0 | 0 | 0 | 0 | 0 | 0 | 0 | 0 | 0 | 0 | 0 | 0 | 0 | 0 | 0 | 0 | 0 | 0 | 0 | 0 |  2 | 0 | 1 | 0 | 0 | 1 | 1 | 0 | 0 | 0 | 0 | 0 | 0 | 0 | 0 | 0 | 0 | 0 | 0 | 0 | 0 | 0 | 0 | 0 | 0 | 0 | 0 | 0 | 0 | 0 | 0 | 0 | 0 | 0 | 0 | 0 | 0 | 0 | 0 | 0 | 0 | 0 | 0 | 0 | 0 | 0 | 0 | 0 | 0 |
157 | Flowers, Elliott Galetin, Jr. | UNIVERSITY OF ILLINOIS AT URBANA-CHAMPAIGN. | 1973 | male | 2 | 10 | 1981 | 2 | 14 | 1981 | 0 | 0 | 0 | 0 | 0 | 2 | 1 | 1 | 3 | 3 | 0 | 1 | 0 | 1 | 0 | 0 | 0 | 0 | 0 | 0 | 0 | 0 | 0 | 0 | 0 | 0 | 0 | 0 | 0 | 0 | 0 | 0 | 0 | 0 | 0 | 0 | 0 | 0 | 0 | 0 | 0 | 0 | 0 | 0 | 0 | 0 | 0 | 0 | 0 |  0 | 0 | 0 | 0 | 0 | 2 | 3 | 1 | 4 | 3 | 1 | 1 | 0 | 1 | 0 | 0 | 0 | 0 | 0 | 0 | 0 | 0 | 0 | 0 | 0 | 0 | 0 | 0 | 0 | 0 | 0 | 0 | 0 | 0 | 0 | 0 | 0 | 0 | 0 | 0 | 0 | 0 | 0 | 0 | 0 | 0 | 0 | 0 | 0 |
158 | Kemic, Stephen Bruce | UNIVERSITY OF COLORADO AT BOULDER. | 1973 | male | 1 | 2 | 1975 | 1 | 3 | 1975 | 0 | 0 | 0 | 0 | 0 | 1 | 1 | 1 | 0 | 0 | 0 | 0 | 0 | 0 | 0 | 0 | 0 | 0 | 0 | 0 | 0 | 0 | 0 | 0 | 0 | 0 | 0 | 0 | 0 | 0 | 0 | 0 | 0 | 0 | 0 | 0 | 0 | 0 | 0 | 0 | 0 | 0 | 0 | 0 | 0 | 0 | 0 | 0 | 0 |  0 | 0 | 0 | 0 | 0 | 1 | 2 | 1 | 0 | 0 | 0 | 0 | 0 | 0 | 0 | 0 | 0 | 0 | 0 | 0 | 0 | 0 | 0 | 0 | 0 | 0 | 0 | 0 | 0 | 0 | 0 | 0 | 0 | 0 | 0 | 0 | 0 | 0 | 0 | 0 | 0 | 0 | 0 | 0 | 0 | 0 | 0 | 0 | 0 |
159 | Hills, Richard Edwin | UNIVERSITY OF CALIFORNIA, BERKELEY. | 1973 | male | 3 | 6 | 1995 | 9 | 62 | 2017 | 0 | 0 | 0 | 0 | 1 | 2 | 0 | 1 | 0 | 0 | 1 | 0 | 0 | 0 | 0 | 1 | 1 | 0 | 0 | 0 | 1 | 0 | 0 | 0 | 0 | 0 | 0 | 1 | 0 | 0 | 0 | 0 | 0 | 0 | 0 | 0 | 0 | 0 | 0 | 0 | 0 | 0 | 0 | 0 | 0 | 0 | 0 | 0 | 0 |  0 | 0 | 2 | 1 | 2 | 4 | 0 | 1 | 0 | 0 | 2 | 0 | 1 | 0 | 1 | 1 | 2 | 0 | 0 | 1 | 3 | 2 | 3 | 2 | 3 | 3 | 4 | 5 | 1 | 2 | 0 | 0 | 2 | 1 | 1 | 0 | 1 | 0 | 1 | 3 | 3 | 1 | 2 | 2 | 1 | 1 | 1 | 4 | 0 |
160 | Pilcher, Carl Bernard | MASSACHUSETTS INSTITUTE OF TECHNOLOGY. | 1973 | male | 5 | 18 | 2015 | 5 | 45 | 2015 | 0 | 0 | 1 | 1 | 1 | 2 | 0 | 0 | 3 | 1 | 0 | 4 | 3 | 0 | 0 | 0 | 1 | 1 | 0 | 0 | 0 | 1 | 0 | 0 | 1 | 0 | 0 | 0 | 0 | 0 | 0 | 1 | 0 | 0 | 0 | 1 | 0 | 0 | 0 | 0 | 0 | 0 | 0 | 0 | 0 | 0 | 0 | 1 | 0 |  0 | 0 | 1 | 1 | 1 | 2 | 0 | 0 | 6 | 3 | 1 | 4 | 5 | 0 | 2 | 0 | 3 | 1 | 0 | 0 | 0 | 1 | 0 | 1 | 5 | 0 | 3 | 0 | 2 | 0 | 2 | 2 | 0 | 0 | 0 | 2 | 0 | 0 | 0 | 0 | 0 | 1 | 0 | 0 | 0 | 0 | 0 | 1 | 0 |
161 | Baker, James Christopher | UNIVERSITY OF CALIFORNIA, SAN DIEGO. | 1973 | male | 1 | 10 | 2016 | 2 | 20 | 2016 | 0 | 0 | 0 | 0 | 0 | 1 | 0 | 0 | 0 | 0 | 1 | 0 | 0 | 0 | 0 | 0 | 0 | 0 | 0 | 0 | 0 | 0 | 0 | 0 | 0 | 0 | 1 | 2 | 1 | 0 | 0 | 0 | 0 | 1 | 1 | 0 | 1 | 1 | 0 | 0 | 0 | 0 | 0 | 0 | 0 | 0 | 0 | 0 | 1 |  0 | 0 | 0 | 1 | 0 | 1 | 0 | 0 | 0 | 0 | 1 | 0 | 0 | 0 | 0 | 0 | 0 | 0 | 0 | 0 | 0 | 0 | 0 | 0 | 0 | 0 | 1 | 4 | 2 | 2 | 0 | 0 | 0 | 1 | 1 | 1 | 2 | 1 | 0 | 1 | 0 | 0 | 1 | 0 | 0 | 0 | 0 | 0 | 2 |
162 | Clayton, Paul Douglas | THE UNIVERSITY OF ARIZONA. | 1973 | male | 1 | 0 | 1973 | 1 | 5 | 1975 | 0 | 0 | 0 | 0 | 0 | 1 | 0 | 0 | 0 | 0 | 0 | 0 | 0 | 0 | 0 | 0 | 0 | 0 | 0 | 0 | 0 | 0 | 0 | 0 | 0 | 0 | 0 | 0 | 0 | 0 | 0 | 0 | 0 | 0 | 0 | 0 | 0 | 0 | 0 | 0 | 0 | 0 | 0 | 0 | 0 | 0 | 0 | 0 | 0 |  0 | 0 | 0 | 0 | 0 | 1 | 3 | 2 | 0 | 0 | 0 | 0 | 0 | 0 | 0 | 0 | 0 | 0 | 0 | 0 | 0 | 0 | 0 | 0 | 0 | 0 | 0 | 0 | 0 | 0 | 0 | 0 | 0 | 0 | 0 | 0 | 0 | 0 | 0 | 0 | 0 | 0 | 0 | 0 | 0 | 0 | 0 | 0 | 0 |
163 | Dukes, Robert Jones, Jr. | THE UNIVERSITY OF ARIZONA. | 1973 | male | 1 | 5 | 1985 | 2 | 10 | 2014 | 0 | 0 | 0 | 0 | 0 | 1 | 0 | 0 | 0 | 0 | 0 | 2 | 1 | 0 | 0 | 1 | 0 | 1 | 0 | 0 | 0 | 0 | 0 | 0 | 0 | 0 | 0 | 0 | 0 | 0 | 0 | 0 | 0 | 0 | 0 | 0 | 0 | 0 | 0 | 0 | 0 | 0 | 0 | 0 | 0 | 0 | 0 | 0 | 0 |  0 | 1 | 0 | 0 | 0 | 1 | 0 | 0 | 0 | 0 | 0 | 2 | 1 | 0 | 0 | 1 | 0 | 1 | 0 | 0 | 0 | 0 | 0 | 0 | 0 | 0 | 0 | 0 | 0 | 0 | 0 | 0 | 0 | 0 | 0 | 0 | 0 | 1 | 0 | 0 | 1 | 0 | 0 | 1 | 0 | 1 | 1 | 0 | 0 |
164 | Walker, Starnes Elbert | UNIVERSITY OF CALIFORNIA, RIVERSIDE. | 1973 | None | 1 | 4 | 2015 | 1 | 23 | 2017 | 0 | 0 | 0 | 0 | 0 | 1 | 0 | 0 | 0 | 0 | 0 | 0 | 0 | 0 | 0 | 0 | 0 | 0 | 0 | 0 | 0 | 0 | 0 | 0 | 0 | 0 | 0 | 0 | 0 | 0 | 0 | 0 | 0 | 0 | 0 | 0 | 2 | 0 | 0 | 0 | 0 | 0 | 0 | 0 | 1 | 0 | 0 | 1 | 0 |  0 | 0 | 0 | 0 | 0 | 1 | 0 | 0 | 0 | 0 | 0 | 0 | 0 | 0 | 0 | 0 | 0 | 0 | 0 | 0 | 0 | 1 | 0 | 0 | 0 | 0 | 0 | 0 | 0 | 1 | 0 | 1 | 0 | 1 | 0 | 1 | 2 | 1 | 0 | 1 | 1 | 1 | 0 | 1 | 3 | 1 | 1 | 3 | 1 |
165 | Feldman, Stuart Irwin | MASSACHUSETTS INSTITUTE OF TECHNOLOGY. | 1973 | male | 2 | 0 | 1973 | 2 | 0 | 1973 | 0 | 0 | 0 | 0 | 0 | 2 | 0 | 0 | 0 | 0 | 0 | 0 | 0 | 0 | 0 | 0 | 0 | 0 | 0 | 0 | 0 | 0 | 0 | 0 | 0 | 0 | 0 | 0 | 0 | 0 | 0 | 0 | 0 | 0 | 0 | 0 | 0 | 0 | 0 | 0 | 0 | 0 | 0 | 0 | 0 | 0 | 0 | 0 | 0 |  0 | 0 | 0 | 0 | 0 | 2 | 0 | 0 | 0 | 0 | 0 | 0 | 0 | 0 | 0 | 0 | 0 | 0 | 0 | 0 | 0 | 0 | 0 | 0 | 0 | 0 | 0 | 0 | 0 | 0 | 0 | 0 | 0 | 0 | 0 | 0 | 0 | 0 | 0 | 0 | 0 | 0 | 0 | 0 | 0 | 0 | 0 | 0 | 0 |
166 | Dijkhuis, Geert Cornelis | STANFORD UNIVERSITY. | 1973 | male | 1 | 0 | 1973 | 1 | 0 | 1973 | 0 | 0 | 0 | 0 | 0 | 1 | 0 | 0 | 0 | 0 | 0 | 0 | 0 | 0 | 0 | 0 | 0 | 0 | 0 | 0 | 0 | 0 | 0 | 0 | 0 | 0 | 0 | 0 | 0 | 0 | 0 | 0 | 0 | 0 | 0 | 0 | 0 | 0 | 0 | 0 | 0 | 0 | 0 | 0 | 0 | 0 | 0 | 0 | 0 |  0 | 0 | 0 | 0 | 0 | 1 | 0 | 0 | 0 | 0 | 0 | 0 | 0 | 0 | 0 | 0 | 0 | 0 | 0 | 0 | 0 | 0 | 0 | 0 | 0 | 0 | 0 | 0 | 0 | 0 | 0 | 0 | 0 | 0 | 0 | 0 | 0 | 0 | 0 | 0 | 0 | 0 | 0 | 0 | 0 | 0 | 0 | 0 | 0 |
167 | Harvey, Robert Walter | UNIVERSITY OF CALIFORNIA, SAN DIEGO. | 1973 | male | 1 | 2 | 2003 | 1 | 4 | 2009 | 0 | 0 | 0 | 0 | 0 | 1 | 0 | 1 | 0 | 0 | 0 | 0 | 0 | 0 | 0 | 0 | 0 | 0 | 0 | 0 | 0 | 0 | 0 | 0 | 0 | 0 | 0 | 0 | 0 | 0 | 0 | 0 | 0 | 0 | 0 | 1 | 0 | 0 | 0 | 0 | 0 | 0 | 0 | 0 | 0 | 0 | 0 | 0 | 0 |  0 | 0 | 0 | 0 | 0 | 1 | 0 | 1 | 0 | 0 | 0 | 1 | 0 | 0 | 0 | 0 | 0 | 0 | 0 | 0 | 0 | 0 | 0 | 0 | 0 | 0 | 0 | 0 | 0 | 0 | 0 | 0 | 0 | 0 | 0 | 1 | 0 | 0 | 0 | 0 | 0 | 1 | 0 | 0 | 0 | 0 | 0 | 0 | 0 |
