n | name | university | phd_year | gender | fa_n_pubs_pre_phd | fa_n_pubs_prost_phd | fa_year_last | all_n_pubs_pre_phd | all_n_pubs_prost_phd | all_year_last |  fa_1995 | fa_1996 | fa_1997 | fa_1998 | fa_1999 | fa_2000 | fa_2001 | fa_2002 | fa_2003 | fa_2004 | fa_2005 | fa_2006 | fa_2007 | fa_2008 | fa_2009 | fa_2010 | fa_2011 | fa_2012 | fa_2013 | fa_2014 | fa_2015 | fa_2016 |  all_1995 | all_1996 | all_1997 | all_1998 | all_1999 | all_2000 | all_2001 | all_2002 | all_2003 | all_2004 | all_2005 | all_2006 | all_2007 | all_2008 | all_2009 | all_2010 | all_2011 | all_2012 | all_2013 | all_2014 | all_2015 | all_2016 | foo
1 | Marsden, Craig Michael | RUTGERS THE STATE UNIVERSITY OF NEW JERSEY - NEW BRUNSWICK | 2000 | male | 1 | 0 | 2000 | 1 | 0 | 2000 | 0 | 0 | 0 | 0 | 0 | 1 | 0 | 0 | 0 | 0 | 0 | 0 | 0 | 0 | 0 | 0 | 0 | 0 | 0 | 0 | 0 | 0 |  0 | 0 | 0 | 0 | 0 | 1 | 0 | 0 | 0 | 0 | 0 | 0 | 0 | 0 | 0 | 0 | 0 | 0 | 0 | 0 | 0 | 0 |
2 | Polomski, Elisha F. | University of Florida, Department of Astronomy, Gainesville, FL | 2000 | female | 3 | 2 | 2005 | 8 | 31 | 2011 | 0 | 0 | 1 | 0 | 1 | 1 | 0 | 1 | 0 | 0 | 1 | 0 | 0 | 0 | 0 | 0 | 0 | 0 | 0 | 0 | 0 | 0 |  1 | 0 | 1 | 1 | 3 | 2 | 1 | 1 | 0 | 2 | 2 | 11 | 7 | 3 | 2 | 1 | 1 | 0 | 0 | 0 | 0 | 0 |
3 | Tuttle, Carl Emerson | THE UNIVERSITY OF NEW MEXICO | 2000 | male | 1 | 0 | 2000 | 1 | 0 | 2000 | 0 | 0 | 0 | 0 | 0 | 1 | 0 | 0 | 0 | 0 | 0 | 0 | 0 | 0 | 0 | 0 | 0 | 0 | 0 | 0 | 0 | 0 |  0 | 0 | 0 | 0 | 0 | 1 | 0 | 0 | 0 | 0 | 0 | 0 | 0 | 0 | 0 | 0 | 0 | 0 | 0 | 0 | 0 | 0 |
4 | Luo, Ning | CLEMSON UNIVERSITY | 2000 | female | 1 | 0 | 2000 | 3 | 0 | 2000 | 0 | 0 | 0 | 0 | 0 | 1 | 0 | 0 | 0 | 0 | 0 | 0 | 0 | 0 | 0 | 0 | 0 | 0 | 0 | 0 | 0 | 0 |  0 | 0 | 1 | 0 | 0 | 2 | 0 | 0 | 0 | 0 | 0 | 0 | 0 | 0 | 0 | 0 | 0 | 0 | 0 | 0 | 0 | 0 |
5 | Leonor, I. R. | Department of Physics and Astronomy, University of California, Irvine | 2000 | None | 1 | 2 | 2010 | 10 | 96 | 2014 | 0 | 0 | 0 | 0 | 0 | 1 | 0 | 0 | 0 | 0 | 0 | 0 | 0 | 0 | 1 | 1 | 0 | 0 | 0 | 0 | 0 | 0 |  3 | 0 | 3 | 0 | 1 | 3 | 1 | 0 | 2 | 8 | 8 | 3 | 8 | 14 | 15 | 9 | 7 | 16 | 4 | 1 | 0 | 0 |
6 | Kling, Thomas Price | UNIVERSITY OF PITTSBURGH | 2000 | male | 5 | 6 | 2016 | 6 | 10 | 2016 | 0 | 0 | 0 | 0 | 1 | 4 | 0 | 0 | 0 | 0 | 2 | 0 | 0 | 2 | 0 | 0 | 1 | 0 | 0 | 0 | 0 | 1 |  0 | 0 | 0 | 0 | 1 | 5 | 2 | 1 | 0 | 0 | 2 | 0 | 0 | 2 | 0 | 0 | 2 | 0 | 0 | 0 | 0 | 1 |
7 | Bak, Jakob | OHIO UNIVERSITY | 2000 | male | 2 | 0 | 2000 | 2 | 1 | 2001 | 0 | 0 | 0 | 0 | 0 | 2 | 0 | 0 | 0 | 0 | 0 | 0 | 0 | 0 | 0 | 0 | 0 | 0 | 0 | 0 | 0 | 0 |  0 | 0 | 0 | 0 | 0 | 2 | 1 | 0 | 0 | 0 | 0 | 0 | 0 | 0 | 0 | 0 | 0 | 0 | 0 | 0 | 0 | 0 |
8 | Wittich, Peter | UNIVERSITY OF PENNSYLVANIA | 2000 | male | 1 | 0 | 2000 | 3 | 11 | 2016 | 0 | 0 | 0 | 0 | 0 | 1 | 0 | 0 | 0 | 0 | 0 | 0 | 0 | 0 | 0 | 0 | 0 | 0 | 0 | 0 | 0 | 0 |  1 | 0 | 0 | 0 | 0 | 2 | 1 | 2 | 0 | 0 | 1 | 0 | 1 | 0 | 0 | 1 | 0 | 3 | 1 | 0 | 0 | 1 |
9 | Taylor, Brian Keith | THE UNIVERSITY OF TENNESSEE | 2000 | male | 2 | 5 | 2011 | 5 | 45 | 2016 | 0 | 1 | 0 | 0 | 0 | 1 | 0 | 0 | 2 | 1 | 0 | 1 | 0 | 0 | 0 | 0 | 1 | 0 | 0 | 0 | 0 | 0 |  0 | 1 | 2 | 0 | 1 | 1 | 0 | 0 | 2 | 2 | 2 | 4 | 4 | 2 | 2 | 4 | 6 | 5 | 5 | 0 | 3 | 4 |
10 | Huey, Gregory Gordon | UNIVERSITY OF PENNSYLVANIA | 2000 | male | 2 | 1 | 2001 | 2 | 9 | 2015 | 0 | 0 | 0 | 0 | 0 | 2 | 1 | 0 | 0 | 0 | 0 | 0 | 0 | 0 | 0 | 0 | 0 | 0 | 0 | 0 | 0 | 0 |  0 | 0 | 0 | 0 | 0 | 2 | 1 | 0 | 0 | 0 | 1 | 0 | 0 | 0 | 2 | 1 | 0 | 0 | 1 | 2 | 1 | 0 |
11 | Garat, Alcides | THE UNIVERSITY OF UTAH | 2000 | male | 3 | 4 | 2015 | 4 | 4 | 2015 | 0 | 0 | 0 | 0 | 0 | 3 | 0 | 0 | 0 | 0 | 1 | 0 | 0 | 0 | 0 | 0 | 0 | 0 | 0 | 2 | 1 | 0 |  1 | 0 | 0 | 0 | 0 | 3 | 0 | 0 | 0 | 0 | 1 | 0 | 0 | 0 | 0 | 0 | 0 | 0 | 0 | 2 | 1 | 0 |
12 | Duman, Timothy Allen | UNIVERSITY OF KANSAS | 2000 | male | 1 | 0 | 2000 | 1 | 0 | 2000 | 0 | 0 | 0 | 0 | 0 | 1 | 0 | 0 | 0 | 0 | 0 | 0 | 0 | 0 | 0 | 0 | 0 | 0 | 0 | 0 | 0 | 0 |  0 | 0 | 0 | 0 | 0 | 1 | 0 | 0 | 0 | 0 | 0 | 0 | 0 | 0 | 0 | 0 | 0 | 0 | 0 | 0 | 0 | 0 |
13 | Hale, Amy Shell Snyder | UNIVERSITY OF PITTSBURGH | 2000 | female | 2 | 2 | 2013 | 2 | 4 | 2013 | 0 | 1 | 0 | 0 | 0 | 1 | 0 | 0 | 0 | 0 | 0 | 0 | 0 | 0 | 0 | 0 | 0 | 1 | 1 | 0 | 0 | 0 |  0 | 1 | 0 | 0 | 0 | 1 | 0 | 0 | 0 | 0 | 0 | 0 | 0 | 0 | 1 | 0 | 0 | 1 | 2 | 0 | 0 | 0 |
14 | Joshi, Kriten J. | MASSACHUSETTS INSTITUTE OF TECHNOLOGY | 2000 | None | 4 | 1 | 2001 | 6 | 8 | 2012 | 0 | 0 | 2 | 0 | 0 | 2 | 1 | 0 | 0 | 0 | 0 | 0 | 0 | 0 | 0 | 0 | 0 | 0 | 0 | 0 | 0 | 0 |  0 | 0 | 2 | 0 | 0 | 4 | 1 | 1 | 2 | 1 | 0 | 0 | 1 | 0 | 0 | 0 | 0 | 2 | 0 | 0 | 0 | 0 |
15 | Nair, Vibhat Vijay | UNIVERSITY OF PENNSYLVANIA | 2000 | male | 3 | 0 | 2000 | 3 | 0 | 2000 | 0 | 0 | 0 | 0 | 2 | 1 | 0 | 0 | 0 | 0 | 0 | 0 | 0 | 0 | 0 | 0 | 0 | 0 | 0 | 0 | 0 | 0 |  0 | 0 | 0 | 0 | 2 | 1 | 0 | 0 | 0 | 0 | 0 | 0 | 0 | 0 | 0 | 0 | 0 | 0 | 0 | 0 | 0 | 0 |
16 | Ohl, Raymond George, IV | UNIVERSITY OF VIRGINIA | 2000 | male | 4 | 0 | 2000 | 8 | 3 | 2013 | 0 | 0 | 0 | 1 | 0 | 3 | 0 | 0 | 0 | 0 | 0 | 0 | 0 | 0 | 0 | 0 | 0 | 0 | 0 | 0 | 0 | 0 |  0 | 0 | 0 | 1 | 0 | 7 | 1 | 1 | 0 | 0 | 0 | 0 | 0 | 0 | 0 | 0 | 0 | 0 | 1 | 0 | 0 | 0 |
17 | Hatano, Kazuhito | THE UNIVERSITY OF OKLAHOMA | 2000 | male | 8 | 1 | 2002 | 12 | 7 | 2007 | 0 | 0 | 3 | 1 | 2 | 2 | 0 | 1 | 0 | 0 | 0 | 0 | 0 | 0 | 0 | 0 | 0 | 0 | 0 | 0 | 0 | 0 |  0 | 0 | 3 | 1 | 4 | 4 | 0 | 3 | 1 | 2 | 0 | 0 | 1 | 0 | 0 | 0 | 0 | 0 | 0 | 0 | 0 | 0 |
18 | Varieschi, Gabriele Umberto | UNIVERSITY OF CALIFORNIA, LOS ANGELES | 2000 | male | 1 | 6 | 2016 | 3 | 9 | 2016 | 0 | 0 | 0 | 0 | 0 | 1 | 0 | 0 | 0 | 0 | 0 | 0 | 0 | 0 | 0 | 1 | 1 | 1 | 0 | 2 | 0 | 1 |  0 | 0 | 0 | 0 | 0 | 3 | 1 | 0 | 1 | 1 | 0 | 0 | 0 | 0 | 0 | 1 | 1 | 1 | 0 | 2 | 0 | 1 |
19 | Will, Lisa Marie | ARIZONA STATE UNIVERSITY | 2000 | female | 2 | 1 | 2001 | 2 | 1 | 2001 | 0 | 0 | 0 | 0 | 1 | 1 | 1 | 0 | 0 | 0 | 0 | 0 | 0 | 0 | 0 | 0 | 0 | 0 | 0 | 0 | 0 | 0 |  0 | 0 | 0 | 0 | 1 | 1 | 1 | 0 | 0 | 0 | 0 | 0 | 0 | 0 | 0 | 0 | 0 | 0 | 0 | 0 | 0 | 0 |
20 | Bayramian, Andrew James | UNIVERSITY OF CALIFORNIA, DAVIS | 2000 | male | 1 | 0 | 2000 | 1 | 0 | 2000 | 0 | 0 | 0 | 0 | 0 | 1 | 0 | 0 | 0 | 0 | 0 | 0 | 0 | 0 | 0 | 0 | 0 | 0 | 0 | 0 | 0 | 0 |  0 | 0 | 0 | 0 | 0 | 1 | 0 | 0 | 0 | 0 | 0 | 0 | 0 | 0 | 0 | 0 | 0 | 0 | 0 | 0 | 0 | 0 |
21 | Lee, Soo-Hyoung | UNIVERSITY OF MASSACHUSETTS LOWELL | 2000 | male | 4 | 17 | 2017 | 6 | 117 | 2017 | 1 | 1 | 1 | 0 | 0 | 1 | 0 | 0 | 2 | 0 | 2 | 2 | 0 | 0 | 0 | 0 | 2 | 1 | 2 | 1 | 2 | 2 |  1 | 1 | 2 | 0 | 0 | 2 | 2 | 1 | 2 | 0 | 2 | 3 | 2 | 0 | 12 | 26 | 22 | 20 | 9 | 3 | 5 | 5 |
22 | Leonor, Maria Isabel R. | UNIVERSITY OF CALIFORNIA, IRVINE | 2000 | female | 1 | 0 | 2000 | 1 | 0 | 2000 | 0 | 0 | 0 | 0 | 0 | 1 | 0 | 0 | 0 | 0 | 0 | 0 | 0 | 0 | 0 | 0 | 0 | 0 | 0 | 0 | 0 | 0 |  0 | 0 | 0 | 0 | 0 | 1 | 0 | 0 | 0 | 0 | 0 | 0 | 0 | 0 | 0 | 0 | 0 | 0 | 0 | 0 | 0 | 0 |
23 | Gu, Pin-Gao | THE UNIVERSITY OF TEXAS AT AUSTIN | 2000 | male | 3 | 7 | 2010 | 3 | 18 | 2017 | 0 | 0 | 0 | 0 | 0 | 3 | 0 | 0 | 1 | 2 | 1 | 0 | 0 | 0 | 2 | 1 | 0 | 0 | 0 | 0 | 0 | 0 |  0 | 0 | 0 | 0 | 0 | 3 | 0 | 0 | 1 | 2 | 2 | 0 | 0 | 0 | 2 | 2 | 0 | 3 | 0 | 3 | 1 | 1 |
24 | Joffre, Michael | The University of Chicago | 2000 | male | 2 | 1 | 2003 | 3 | 3 | 2003 | 0 | 0 | 0 | 0 | 0 | 2 | 0 | 0 | 1 | 0 | 0 | 0 | 0 | 0 | 0 | 0 | 0 | 0 | 0 | 0 | 0 | 0 |  0 | 0 | 0 | 0 | 0 | 3 | 2 | 0 | 1 | 0 | 0 | 0 | 0 | 0 | 0 | 0 | 0 | 0 | 0 | 0 | 0 | 0 |
25 | Harlow, Jason John Bradley | THE PENNSYLVANIA STATE UNIVERSITY | 2000 | male | 2 | 0 | 2000 | 7 | 0 | 2000 | 0 | 1 | 0 | 0 | 0 | 1 | 0 | 0 | 0 | 0 | 0 | 0 | 0 | 0 | 0 | 0 | 0 | 0 | 0 | 0 | 0 | 0 |  0 | 2 | 2 | 0 | 1 | 2 | 0 | 0 | 0 | 0 | 0 | 0 | 0 | 0 | 0 | 0 | 0 | 0 | 0 | 0 | 0 | 0 |
26 | Ohshima, Yoshimi | Stanford University | 2000 | female | 1 | 0 | 2000 | 1 | 4 | 2015 | 0 | 0 | 0 | 0 | 0 | 1 | 0 | 0 | 0 | 0 | 0 | 0 | 0 | 0 | 0 | 0 | 0 | 0 | 0 | 0 | 0 | 0 |  0 | 0 | 0 | 0 | 0 | 1 | 0 | 0 | 0 | 0 | 0 | 0 | 0 | 0 | 1 | 0 | 0 | 0 | 0 | 0 | 3 | 0 |
27 | James, Carol Renee | The University of Texas at Austin | 2000 | female | 1 | 0 | 2000 | 2 | 25 | 2015 | 0 | 0 | 0 | 0 | 0 | 1 | 0 | 0 | 0 | 0 | 0 | 0 | 0 | 0 | 0 | 0 | 0 | 0 | 0 | 0 | 0 | 0 |  0 | 0 | 0 | 0 | 1 | 1 | 0 | 0 | 1 | 1 | 2 | 0 | 2 | 1 | 2 | 1 | 5 | 2 | 2 | 3 | 3 | 0 |
28 | Oluseyi, Hakeem Muata | Stanford University | 2000 | male | 3 | 3 | 2012 | 4 | 16 | 2017 | 0 | 0 | 0 | 0 | 2 | 1 | 0 | 0 | 0 | 0 | 0 | 0 | 1 | 1 | 0 | 0 | 0 | 1 | 0 | 0 | 0 | 0 |  0 | 0 | 1 | 0 | 2 | 1 | 0 | 0 | 0 | 1 | 0 | 0 | 1 | 2 | 0 | 0 | 0 | 1 | 4 | 2 | 2 | 2 |
29 | Heyrovsky, David | HARVARD UNIVERSITY | 2000 | male | 1 | 0 | 2000 | 4 | 16 | 2015 | 0 | 0 | 0 | 0 | 0 | 1 | 0 | 0 | 0 | 0 | 0 | 0 | 0 | 0 | 0 | 0 | 0 | 0 | 0 | 0 | 0 | 0 |  0 | 0 | 1 | 0 | 0 | 3 | 0 | 0 | 1 | 0 | 1 | 1 | 1 | 0 | 1 | 1 | 2 | 3 | 0 | 1 | 4 | 0 |
30 | Raines, Steven Nicholas | THE UNIVERSITY OF ROCHESTER | 2000 | male | 2 | 0 | 2000 | 4 | 10 | 2013 | 0 | 0 | 0 | 0 | 0 | 2 | 0 | 0 | 0 | 0 | 0 | 0 | 0 | 0 | 0 | 0 | 0 | 0 | 0 | 0 | 0 | 0 |  1 | 0 | 0 | 1 | 0 | 2 | 0 | 0 | 2 | 0 | 1 | 3 | 0 | 0 | 0 | 1 | 1 | 0 | 2 | 0 | 0 | 0 |
31 | Kehm, Karl, IV | WASHINGTON UNIVERSITY | 2000 | male | 1 | 4 | 2009 | 6 | 4 | 2009 | 0 | 0 | 0 | 0 | 0 | 1 | 0 | 1 | 1 | 0 | 0 | 1 | 0 | 0 | 1 | 0 | 0 | 0 | 0 | 0 | 0 | 0 |  2 | 1 | 0 | 1 | 0 | 2 | 0 | 1 | 1 | 0 | 0 | 1 | 0 | 0 | 1 | 0 | 0 | 0 | 0 | 0 | 0 | 0 |
32 | Murphy, Thomas Williams, Jr. | CALIFORNIA INSTITUTE OF TECHNOLOGY | 2000 | male | 1 | 10 | 2014 | 3 | 73 | 2017 | 0 | 0 | 0 | 0 | 0 | 1 | 0 | 0 | 0 | 2 | 0 | 0 | 2 | 1 | 1 | 1 | 1 | 0 | 1 | 1 | 0 | 0 |  0 | 0 | 1 | 1 | 0 | 1 | 1 | 2 | 2 | 4 | 0 | 0 | 3 | 4 | 5 | 5 | 7 | 9 | 5 | 6 | 8 | 11 |
33 | Humphreys, Tom Daniel, III | UNIVERSITY OF CALIFORNIA, BERKELEY | 2000 | male | 1 | 0 | 2000 | 1 | 0 | 2000 | 0 | 0 | 0 | 0 | 0 | 1 | 0 | 0 | 0 | 0 | 0 | 0 | 0 | 0 | 0 | 0 | 0 | 0 | 0 | 0 | 0 | 0 |  0 | 0 | 0 | 0 | 0 | 1 | 0 | 0 | 0 | 0 | 0 | 0 | 0 | 0 | 0 | 0 | 0 | 0 | 0 | 0 | 0 | 0 |
34 | Kaiser, David Isaac | HARVARD UNIVERSITY | 2000 | male | 5 | 4 | 2014 | 9 | 15 | 2017 | 1 | 1 | 1 | 1 | 0 | 1 | 0 | 0 | 0 | 0 | 0 | 0 | 0 | 0 | 0 | 2 | 0 | 0 | 1 | 1 | 0 | 0 |  1 | 1 | 1 | 2 | 2 | 2 | 0 | 0 | 1 | 0 | 1 | 0 | 1 | 0 | 0 | 3 | 0 | 0 | 3 | 4 | 1 | 0 |
35 | Yang, Le Yi | GEORGE MASON UNIVERSITY | 2000 | male | 1 | 8 | 2016 | 2 | 46 | 2017 | 0 | 0 | 0 | 0 | 0 | 1 | 0 | 0 | 0 | 0 | 1 | 0 | 0 | 0 | 1 | 0 | 2 | 1 | 1 | 1 | 0 | 1 |  0 | 0 | 1 | 0 | 0 | 1 | 0 | 0 | 0 | 0 | 2 | 2 | 2 | 4 | 5 | 0 | 4 | 3 | 1 | 4 | 1 | 12 |
36 | Zhukov, Vyacheslav Vyacheslavovich | HARVARD UNIVERSITY | 2000 | male | 2 | 0 | 2000 | 3 | 50 | 2016 | 0 | 1 | 0 | 0 | 0 | 1 | 0 | 0 | 0 | 0 | 0 | 0 | 0 | 0 | 0 | 0 | 0 | 0 | 0 | 0 | 0 | 0 |  0 | 1 | 1 | 0 | 0 | 1 | 4 | 1 | 5 | 1 | 7 | 5 | 3 | 7 | 4 | 0 | 3 | 0 | 4 | 3 | 2 | 1 |
37 | Krasnopolsky, Ruben | CALIFORNIA INSTITUTE OF TECHNOLOGY | 2000 | male | 2 | 8 | 2012 | 2 | 24 | 2017 | 0 | 0 | 0 | 0 | 1 | 1 | 0 | 1 | 2 | 0 | 1 | 0 | 0 | 0 | 1 | 1 | 1 | 1 | 0 | 0 | 0 | 0 |  0 | 0 | 0 | 0 | 1 | 1 | 0 | 1 | 3 | 0 | 2 | 1 | 0 | 1 | 1 | 1 | 3 | 1 | 1 | 3 | 3 | 1 |
38 | Manchester, Ward Beecher, IV | UNIVERSITY OF ILLINOIS AT URBANA-CHAMPAIGN | 2000 | male | 2 | 7 | 2014 | 2 | 33 | 2017 | 0 | 0 | 0 | 0 | 0 | 2 | 0 | 0 | 1 | 2 | 0 | 2 | 1 | 0 | 0 | 0 | 0 | 0 | 0 | 1 | 0 | 0 |  0 | 0 | 0 | 0 | 0 | 2 | 0 | 0 | 3 | 4 | 2 | 3 | 2 | 3 | 2 | 1 | 2 | 3 | 2 | 3 | 1 | 0 |
39 | Liu, Yifan | UNIVERSITY OF MICHIGAN | 2000 | male | 7 | 80 | 2016 | 24 | 303 | 2017 | 1 | 2 | 0 | 0 | 2 | 2 | 5 | 2 | 2 | 2 | 3 | 7 | 5 | 12 | 7 | 5 | 6 | 7 | 3 | 7 | 4 | 3 |  4 | 3 | 3 | 3 | 3 | 8 | 10 | 7 | 6 | 8 | 13 | 20 | 12 | 31 | 24 | 14 | 12 | 37 | 30 | 37 | 19 | 19 |
40 | Vandehei, Thor | UNIVERSITY OF CALIFORNIA, SAN DIEGO | 2000 | male | 1 | 0 | 2000 | 22 | 20 | 2006 | 0 | 0 | 0 | 0 | 0 | 1 | 0 | 0 | 0 | 0 | 0 | 0 | 0 | 0 | 0 | 0 | 0 | 0 | 0 | 0 | 0 | 0 |  0 | 0 | 3 | 4 | 6 | 9 | 10 | 4 | 2 | 1 | 2 | 1 | 0 | 0 | 0 | 0 | 0 | 0 | 0 | 0 | 0 | 0 |
41 | Phelps, Steven D. | PRINCETON UNIVERSITY | 2000 | male | 1 | 3 | 2013 | 2 | 4 | 2013 | 0 | 0 | 0 | 0 | 0 | 1 | 0 | 1 | 0 | 0 | 0 | 1 | 0 | 0 | 0 | 0 | 0 | 0 | 1 | 0 | 0 | 0 |  0 | 0 | 0 | 1 | 0 | 1 | 1 | 1 | 0 | 0 | 0 | 1 | 0 | 0 | 0 | 0 | 0 | 0 | 1 | 0 | 0 | 0 |
42 | Ramirez Santana, Solange Veronica | THE OHIO STATE UNIVERSITY | 2000 | female | 1 | 0 | 2000 | 1 | 0 | 2000 | 0 | 0 | 0 | 0 | 0 | 1 | 0 | 0 | 0 | 0 | 0 | 0 | 0 | 0 | 0 | 0 | 0 | 0 | 0 | 0 | 0 | 0 |  0 | 0 | 0 | 0 | 0 | 1 | 0 | 0 | 0 | 0 | 0 | 0 | 0 | 0 | 0 | 0 | 0 | 0 | 0 | 0 | 0 | 0 |
43 | Sobczak, Gregory John | HARVARD UNIVERSITY | 2000 | male | 5 | 0 | 2000 | 8 | 3 | 2006 | 0 | 0 | 0 | 0 | 2 | 3 | 0 | 0 | 0 | 0 | 0 | 0 | 0 | 0 | 0 | 0 | 0 | 0 | 0 | 0 | 0 | 0 |  0 | 2 | 0 | 0 | 3 | 3 | 1 | 1 | 0 | 0 | 0 | 1 | 0 | 0 | 0 | 0 | 0 | 0 | 0 | 0 | 0 | 0 |
44 | Abuzayyad, Tareq Ziad | THE UNIVERSITY OF UTAH | 2000 | male | 1 | 2 | 2011 | 1 | 3 | 2011 | 0 | 0 | 0 | 0 | 0 | 1 | 0 | 0 | 0 | 0 | 0 | 0 | 0 | 0 | 0 | 0 | 2 | 0 | 0 | 0 | 0 | 0 |  0 | 0 | 0 | 0 | 0 | 1 | 0 | 0 | 0 | 0 | 1 | 0 | 0 | 0 | 0 | 0 | 2 | 0 | 0 | 0 | 0 | 0 |
45 | Fetter, Jonathan Morton | THE UNIVERSITY OF WISCONSIN - MADISON | 2000 | male | 1 | 1 | 2003 | 4 | 1 | 2003 | 0 | 0 | 0 | 0 | 0 | 1 | 0 | 0 | 1 | 0 | 0 | 0 | 0 | 0 | 0 | 0 | 0 | 0 | 0 | 0 | 0 | 0 |  0 | 1 | 0 | 1 | 1 | 1 | 0 | 0 | 1 | 0 | 0 | 0 | 0 | 0 | 0 | 0 | 0 | 0 | 0 | 0 | 0 | 0 |
46 | Keller, Kristi Ann | UNIVERSITY OF MINNESOTA | 2000 | female | 3 | 3 | 2005 | 5 | 5 | 2008 | 0 | 0 | 0 | 0 | 1 | 2 | 1 | 1 | 0 | 0 | 1 | 0 | 0 | 0 | 0 | 0 | 0 | 0 | 0 | 0 | 0 | 0 |  0 | 0 | 1 | 0 | 1 | 3 | 1 | 1 | 0 | 0 | 2 | 0 | 0 | 1 | 0 | 0 | 0 | 0 | 0 | 0 | 0 | 0 |
47 | Chiang, Eugene | CALIFORNIA INSTITUTE OF TECHNOLOGY | 2000 | male | 7 | 20 | 2013 | 8 | 81 | 2017 | 0 | 2 | 1 | 0 | 2 | 2 | 2 | 5 | 4 | 1 | 1 | 0 | 2 | 2 | 1 | 1 | 0 | 0 | 1 | 0 | 0 | 0 |  0 | 2 | 1 | 0 | 2 | 3 | 2 | 7 | 5 | 2 | 4 | 4 | 6 | 4 | 4 | 4 | 2 | 4 | 5 | 6 | 9 | 11 |
48 | Pallone, Arthur Kunkle | COLORADO SCHOOL OF MINES | 2000 | male | 1 | 1 | 2009 | 1 | 1 | 2009 | 0 | 0 | 0 | 0 | 0 | 1 | 0 | 0 | 0 | 0 | 0 | 0 | 0 | 0 | 1 | 0 | 0 | 0 | 0 | 0 | 0 | 0 |  0 | 0 | 0 | 0 | 0 | 1 | 0 | 0 | 0 | 0 | 0 | 0 | 0 | 0 | 1 | 0 | 0 | 0 | 0 | 0 | 0 | 0 |
49 | Heffner, Michael David | UNIVERSITY OF CALIFORNIA, DAVIS | 2000 | male | 1 | 0 | 2000 | 1 | 1 | 2016 | 0 | 0 | 0 | 0 | 0 | 1 | 0 | 0 | 0 | 0 | 0 | 0 | 0 | 0 | 0 | 0 | 0 | 0 | 0 | 0 | 0 | 0 |  0 | 0 | 0 | 0 | 0 | 1 | 0 | 0 | 0 | 0 | 0 | 0 | 0 | 0 | 0 | 0 | 0 | 0 | 0 | 0 | 0 | 1 |
50 | Chen, Alan Anlon | Yale University | 2000 | male | 4 | 6 | 2012 | 18 | 99 | 2017 | 2 | 1 | 0 | 0 | 0 | 1 | 2 | 0 | 0 | 0 | 1 | 0 | 0 | 0 | 0 | 1 | 0 | 2 | 0 | 0 | 0 | 0 |  4 | 1 | 3 | 4 | 4 | 2 | 4 | 8 | 14 | 3 | 6 | 5 | 2 | 8 | 2 | 11 | 8 | 6 | 7 | 2 | 3 | 6 |
51 | Dahle, Hakon | UNIVERSITY OF HAWAII | 2000 | male | 1 | 8 | 2016 | 2 | 77 | 2017 | 0 | 0 | 0 | 0 | 0 | 1 | 0 | 1 | 2 | 0 | 0 | 1 | 0 | 0 | 0 | 0 | 0 | 0 | 2 | 0 | 1 | 1 |  0 | 0 | 0 | 1 | 0 | 1 | 0 | 3 | 3 | 2 | 2 | 2 | 5 | 1 | 4 | 3 | 12 | 2 | 14 | 8 | 8 | 5 |
52 | Jankovsky, Joseph Charles | Yale University | 2000 | male | 1 | 0 | 2000 | 1 | 0 | 2000 | 0 | 0 | 0 | 0 | 0 | 1 | 0 | 0 | 0 | 0 | 0 | 0 | 0 | 0 | 0 | 0 | 0 | 0 | 0 | 0 | 0 | 0 |  0 | 0 | 0 | 0 | 0 | 1 | 0 | 0 | 0 | 0 | 0 | 0 | 0 | 0 | 0 | 0 | 0 | 0 | 0 | 0 | 0 | 0 |
53 | Dai, Wei | THE UNIVERSITY OF ARIZONA | 2000 | male | 2 | 2 | 2015 | 3 | 10 | 2017 | 0 | 0 | 0 | 1 | 0 | 1 | 0 | 0 | 0 | 0 | 0 | 0 | 0 | 1 | 0 | 0 | 0 | 0 | 0 | 0 | 1 | 0 |  0 | 1 | 0 | 1 | 0 | 1 | 0 | 0 | 0 | 0 | 0 | 0 | 0 | 2 | 0 | 0 | 1 | 1 | 0 | 1 | 3 | 1 |
54 | Miniati, Francesco | University of Minnesota, USA | 2000 | male | 7 | 20 | 2016 | 12 | 61 | 2017 | 0 | 0 | 1 | 0 | 3 | 3 | 4 | 1 | 1 | 2 | 0 | 0 | 4 | 0 | 0 | 1 | 2 | 0 | 1 | 1 | 2 | 1 |  0 | 0 | 3 | 1 | 4 | 4 | 4 | 2 | 3 | 8 | 2 | 3 | 6 | 3 | 1 | 2 | 6 | 5 | 5 | 3 | 2 | 4 |
55 | Behr, Bradford Bartholomew | CALIFORNIA INSTITUTE OF TECHNOLOGY | 2000 | male | 4 | 4 | 2011 | 6 | 13 | 2011 | 0 | 0 | 0 | 0 | 1 | 3 | 0 | 0 | 2 | 0 | 0 | 0 | 0 | 0 | 1 | 0 | 1 | 0 | 0 | 0 | 0 | 0 |  1 | 0 | 0 | 0 | 2 | 3 | 2 | 0 | 2 | 0 | 0 | 1 | 3 | 2 | 1 | 1 | 1 | 0 | 0 | 0 | 0 | 0 |
56 | Koranyi, Daniel Mark | HARVARD UNIVERSITY | 2000 | male | 6 | 1 | 2002 | 9 | 2 | 2006 | 1 | 0 | 1 | 2 | 0 | 2 | 0 | 1 | 0 | 0 | 0 | 0 | 0 | 0 | 0 | 0 | 0 | 0 | 0 | 0 | 0 | 0 |  2 | 1 | 1 | 2 | 1 | 2 | 0 | 1 | 0 | 0 | 0 | 1 | 0 | 0 | 0 | 0 | 0 | 0 | 0 | 0 | 0 | 0 |
57 | Miller, Christopher John | UNIVERSITY OF MAINE | 2000 | male | 4 | 13 | 2016 | 9 | 123 | 2017 | 0 | 0 | 0 | 1 | 2 | 1 | 4 | 3 | 1 | 0 | 1 | 0 | 0 | 0 | 2 | 0 | 1 | 0 | 0 | 0 | 0 | 1 |  0 | 0 | 0 | 2 | 5 | 2 | 6 | 5 | 7 | 3 | 3 | 7 | 4 | 4 | 7 | 4 | 4 | 7 | 5 | 2 | 16 | 32 |
58 | Jayawardhana, Ray | Harvard-Smithsonian Center for Astrophysics, 60 Garden Street, MS-10, Cambridge, MA 02138, USA | 2000 | male | 8 | 12 | 2006 | 11 | 119 | 2017 | 0 | 1 | 0 | 1 | 2 | 4 | 4 | 3 | 2 | 0 | 0 | 3 | 0 | 0 | 0 | 0 | 0 | 0 | 0 | 0 | 0 | 0 |  0 | 1 | 0 | 1 | 3 | 6 | 6 | 7 | 6 | 11 | 7 | 11 | 10 | 6 | 5 | 6 | 7 | 8 | 8 | 9 | 6 | 4 |
59 | Moorer, Daniel Fuller, Jr. | UNIVERSITY OF COLORADO AT BOULDER | 2000 | male | 1 | 0 | 2000 | 1 | 0 | 2000 | 0 | 0 | 0 | 0 | 0 | 1 | 0 | 0 | 0 | 0 | 0 | 0 | 0 | 0 | 0 | 0 | 0 | 0 | 0 | 0 | 0 | 0 |  0 | 0 | 0 | 0 | 0 | 1 | 0 | 0 | 0 | 0 | 0 | 0 | 0 | 0 | 0 | 0 | 0 | 0 | 0 | 0 | 0 | 0 |
60 | Aguirre, Anthony Nicholas | Harvard University | 2000 | male | 8 | 28 | 2016 | 12 | 39 | 2016 | 1 | 0 | 0 | 0 | 3 | 4 | 6 | 2 | 1 | 1 | 3 | 2 | 3 | 2 | 1 | 1 | 2 | 1 | 2 | 0 | 0 | 1 |  1 | 0 | 2 | 0 | 3 | 6 | 6 | 2 | 2 | 1 | 3 | 4 | 4 | 3 | 1 | 2 | 2 | 2 | 3 | 2 | 0 | 2 |
61 | Adams, Joseph David | University of Massachusetts Amherst | 2000 | male | 2 | 5 | 2015 | 2 | 170 | 2017 | 0 | 0 | 1 | 0 | 0 | 1 | 2 | 1 | 0 | 0 | 0 | 0 | 0 | 0 | 0 | 0 | 0 | 1 | 0 | 0 | 1 | 0 |  0 | 0 | 1 | 0 | 0 | 1 | 10 | 1 | 6 | 0 | 2 | 8 | 6 | 10 | 9 | 13 | 13 | 19 | 19 | 15 | 15 | 17 |
62 | Bay, Ryan Carlton | UNIVERSITY OF CALIFORNIA, BERKELEY | 2000 | male | 3 | 2 | 2004 | 9 | 137 | 2017 | 0 | 0 | 0 | 1 | 1 | 1 | 1 | 0 | 0 | 1 | 0 | 0 | 0 | 0 | 0 | 0 | 0 | 0 | 0 | 0 | 0 | 0 |  0 | 0 | 1 | 1 | 4 | 3 | 4 | 3 | 3 | 9 | 6 | 7 | 4 | 5 | 7 | 11 | 13 | 10 | 17 | 7 | 10 | 15 |
63 | Ghavamian, Parviz | RICE UNIVERSITY | 2000 | male | 5 | 11 | 2016 | 5 | 58 | 2016 | 0 | 0 | 0 | 1 | 1 | 3 | 1 | 1 | 1 | 0 | 2 | 0 | 2 | 0 | 1 | 0 | 0 | 1 | 1 | 0 | 0 | 1 |  0 | 0 | 0 | 1 | 1 | 3 | 1 | 1 | 5 | 2 | 3 | 4 | 8 | 5 | 3 | 5 | 5 | 3 | 5 | 3 | 2 | 3 |
64 | Billawala, Youssef Noorudin | University of Colorado, Campus Box 389, Boulder, CO 80309, USA | 2000 | male | 1 | 0 | 2000 | 8 | 0 | 2000 | 0 | 0 | 0 | 0 | 0 | 1 | 0 | 0 | 0 | 0 | 0 | 0 | 0 | 0 | 0 | 0 | 0 | 0 | 0 | 0 | 0 | 0 |  0 | 2 | 1 | 0 | 3 | 2 | 0 | 0 | 0 | 0 | 0 | 0 | 0 | 0 | 0 | 0 | 0 | 0 | 0 | 0 | 0 | 0 |
65 | Pietrowski, David | UNIVERSITY OF NEW HAMPSHIRE | 2000 | male | 2 | 0 | 2000 | 4 | 0 | 2000 | 0 | 0 | 0 | 0 | 1 | 1 | 0 | 0 | 0 | 0 | 0 | 0 | 0 | 0 | 0 | 0 | 0 | 0 | 0 | 0 | 0 | 0 |  0 | 0 | 0 | 0 | 3 | 1 | 0 | 0 | 0 | 0 | 0 | 0 | 0 | 0 | 0 | 0 | 0 | 0 | 0 | 0 | 0 | 0 |
66 | Tischhauser, Paul David | UNIVERSITY OF NOTRE DAME | 2000 | male | 1 | 2 | 2009 | 5 | 4 | 2012 | 0 | 0 | 0 | 0 | 0 | 1 | 0 | 1 | 0 | 0 | 0 | 0 | 0 | 0 | 1 | 0 | 0 | 0 | 0 | 0 | 0 | 0 |  0 | 0 | 1 | 2 | 1 | 1 | 0 | 1 | 0 | 0 | 0 | 0 | 0 | 1 | 1 | 0 | 0 | 1 | 0 | 0 | 0 | 0 |
67 | Williams, Thomas R. | RICE UNIVERSITY | 2000 | male | 2 | 11 | 2016 | 2 | 36 | 2016 | 0 | 1 | 0 | 0 | 0 | 1 | 2 | 0 | 0 | 0 | 1 | 0 | 0 | 0 | 0 | 0 | 1 | 3 | 0 | 1 | 2 | 1 |  0 | 1 | 0 | 0 | 0 | 1 | 2 | 0 | 0 | 0 | 1 | 2 | 0 | 1 | 2 | 0 | 1 | 4 | 4 | 11 | 5 | 3 |
68 | Lin, Dechun | RICE UNIVERSITY | 2000 | None | 12 | 1 | 2014 | 40 | 80 | 2016 | 1 | 2 | 1 | 1 | 1 | 6 | 0 | 0 | 0 | 0 | 0 | 0 | 0 | 0 | 0 | 0 | 0 | 0 | 0 | 1 | 0 | 0 |  7 | 7 | 3 | 3 | 6 | 14 | 2 | 5 | 4 | 8 | 10 | 0 | 9 | 7 | 4 | 8 | 2 | 7 | 5 | 3 | 4 | 2 |
69 | Booth, Donald Eugene | UNIVERSITY OF CALIFORNIA, DAVIS | 2000 | male | 1 | 0 | 2000 | 2 | 0 | 2000 | 0 | 0 | 0 | 0 | 0 | 1 | 0 | 0 | 0 | 0 | 0 | 0 | 0 | 0 | 0 | 0 | 0 | 0 | 0 | 0 | 0 | 0 |  0 | 0 | 0 | 1 | 0 | 1 | 0 | 0 | 0 | 0 | 0 | 0 | 0 | 0 | 0 | 0 | 0 | 0 | 0 | 0 | 0 | 0 |
70 | Cocheci, Cristian C. | UNIVERSITY OF NEW HAMPSHIRE | 2000 | male | 1 | 0 | 2000 | 2 | 2 | 2003 | 0 | 0 | 0 | 0 | 0 | 1 | 0 | 0 | 0 | 0 | 0 | 0 | 0 | 0 | 0 | 0 | 0 | 0 | 0 | 0 | 0 | 0 |  0 | 0 | 0 | 0 | 0 | 2 | 0 | 0 | 2 | 0 | 0 | 0 | 0 | 0 | 0 | 0 | 0 | 0 | 0 | 0 | 0 | 0 |
71 | Geier, Sven | UNIVERSITY OF MARYLAND COLLEGE PARK | 2000 | male | 3 | 29 | 2017 | 3 | 92 | 2017 | 1 | 0 | 0 | 0 | 1 | 1 | 1 | 0 | 1 | 0 | 1 | 2 | 1 | 1 | 1 | 4 | 5 | 2 | 5 | 1 | 3 | 0 |  1 | 0 | 0 | 0 | 1 | 1 | 4 | 0 | 2 | 1 | 3 | 3 | 1 | 5 | 3 | 9 | 8 | 5 | 13 | 9 | 13 | 8 |
72 | Golwala, Sunil Ramanlal | UNIVERSITY OF CALIFORNIA, BERKELEY | 2000 | male | 3 | 0 | 2000 | 8 | 73 | 2017 | 0 | 0 | 0 | 0 | 0 | 3 | 0 | 0 | 0 | 0 | 0 | 0 | 0 | 0 | 0 | 0 | 0 | 0 | 0 | 0 | 0 | 0 |  0 | 2 | 0 | 1 | 1 | 4 | 0 | 3 | 1 | 0 | 2 | 6 | 2 | 3 | 4 | 4 | 5 | 12 | 8 | 5 | 12 | 4 |
73 | Vaitaitis, Arturas Genrikas | COLUMBIA UNIVERSITY | 2000 | male | 1 | 0 | 2000 | 1 | 0 | 2000 | 0 | 0 | 0 | 0 | 0 | 1 | 0 | 0 | 0 | 0 | 0 | 0 | 0 | 0 | 0 | 0 | 0 | 0 | 0 | 0 | 0 | 0 |  0 | 0 | 0 | 0 | 0 | 1 | 0 | 0 | 0 | 0 | 0 | 0 | 0 | 0 | 0 | 0 | 0 | 0 | 0 | 0 | 0 | 0 |
74 | Hoxha, Parid | TEXAS A&M UNIVERSITY | 2000 | male | 2 | 0 | 2000 | 3 | 0 | 2000 | 0 | 0 | 0 | 0 | 0 | 2 | 0 | 0 | 0 | 0 | 0 | 0 | 0 | 0 | 0 | 0 | 0 | 0 | 0 | 0 | 0 | 0 |  0 | 0 | 0 | 0 | 1 | 2 | 0 | 0 | 0 | 0 | 0 | 0 | 0 | 0 | 0 | 0 | 0 | 0 | 0 | 0 | 0 | 0 |
75 | McLean, Ryan | UNIVERSITY OF COLORADO AT BOULDER | 2000 | male | 2 | 0 | 2000 | 2 | 5 | 2012 | 0 | 0 | 0 | 1 | 0 | 1 | 0 | 0 | 0 | 0 | 0 | 0 | 0 | 0 | 0 | 0 | 0 | 0 | 0 | 0 | 0 | 0 |  0 | 0 | 0 | 1 | 0 | 1 | 2 | 0 | 0 | 0 | 1 | 0 | 0 | 0 | 1 | 0 | 0 | 1 | 0 | 0 | 0 | 0 |
76 | Throop, Henry Blair | Campus Box 392/LASP, University of Colorado, Boulder, CO 80309-0392 | 2000 | male | 2 | 8 | 2015 | 2 | 37 | 2017 | 0 | 0 | 0 | 1 | 0 | 1 | 1 | 0 | 1 | 1 | 1 | 0 | 0 | 1 | 0 | 1 | 1 | 0 | 0 | 0 | 1 | 0 |  0 | 0 | 0 | 1 | 0 | 1 | 2 | 0 | 3 | 2 | 2 | 0 | 5 | 3 | 1 | 5 | 3 | 0 | 0 | 0 | 2 | 7 |
77 | Yan, Yuan | MISSISSIPPI STATE UNIVERSITY | 2000 | male | 2 | 6 | 2013 | 6 | 72 | 2016 | 1 | 0 | 0 | 0 | 0 | 1 | 0 | 0 | 1 | 0 | 0 | 1 | 0 | 0 | 2 | 1 | 0 | 0 | 1 | 0 | 0 | 0 |  1 | 0 | 0 | 0 | 0 | 5 | 5 | 3 | 7 | 1 | 2 | 7 | 8 | 5 | 5 | 4 | 9 | 6 | 4 | 2 | 2 | 2 |
78 | Shuping, Ralph Young | UNIVERSITY OF COLORADO AT BOULDER | 2000 | male | 4 | 7 | 2014 | 5 | 15 | 2014 | 0 | 0 | 1 | 0 | 1 | 2 | 1 | 0 | 1 | 1 | 0 | 1 | 0 | 0 | 0 | 0 | 0 | 2 | 0 | 1 | 0 | 0 |  0 | 1 | 1 | 0 | 1 | 2 | 1 | 0 | 1 | 2 | 1 | 1 | 0 | 0 | 0 | 0 | 0 | 6 | 1 | 2 | 0 | 0 |
79 | Brown, Larry Todd | VANDERBILT UNIVERSITY | 2000 | male | 1 | 0 | 2000 | 4 | 9 | 2016 | 0 | 0 | 0 | 0 | 0 | 1 | 0 | 0 | 0 | 0 | 0 | 0 | 0 | 0 | 0 | 0 | 0 | 0 | 0 | 0 | 0 | 0 |  2 | 0 | 0 | 1 | 0 | 1 | 1 | 0 | 0 | 1 | 0 | 0 | 0 | 1 | 0 | 2 | 0 | 1 | 0 | 1 | 1 | 1 |
80 | Burton, Danny Ethus | INDIANA UNIVERSITY | 2000 | male | 1 | 0 | 2000 | 1 | 11 | 2016 | 0 | 0 | 0 | 0 | 0 | 1 | 0 | 0 | 0 | 0 | 0 | 0 | 0 | 0 | 0 | 0 | 0 | 0 | 0 | 0 | 0 | 0 |  0 | 0 | 0 | 0 | 0 | 1 | 0 | 0 | 0 | 0 | 0 | 1 | 0 | 1 | 0 | 0 | 3 | 1 | 2 | 0 | 2 | 1 |
81 | Stephens, Alex Courtney | UNIVERSITY OF HAWAII | 2000 | male | 4 | 2 | 2002 | 9 | 13 | 2013 | 0 | 0 | 1 | 0 | 2 | 1 | 1 | 1 | 0 | 0 | 0 | 0 | 0 | 0 | 0 | 0 | 0 | 0 | 0 | 0 | 0 | 0 |  0 | 0 | 2 | 4 | 2 | 1 | 2 | 1 | 0 | 2 | 2 | 0 | 0 | 0 | 0 | 0 | 3 | 1 | 2 | 0 | 0 | 0 |
82 | Berrington, Robert Charles | INDIANA UNIVERSITY | 2000 | male | 1 | 7 | 2015 | 3 | 11 | 2017 | 0 | 0 | 0 | 0 | 0 | 1 | 0 | 1 | 1 | 0 | 0 | 0 | 0 | 0 | 0 | 0 | 0 | 0 | 1 | 1 | 3 | 0 |  0 | 0 | 0 | 1 | 0 | 2 | 0 | 1 | 1 | 0 | 0 | 0 | 2 | 1 | 0 | 0 | 0 | 0 | 1 | 1 | 3 | 0 |
83 | Rizza, Elizabeth A. | NEW MEXICO STATE UNIVERSITY | 2000 | female | 3 | 1 | 2003 | 4 | 2 | 2003 | 0 | 0 | 0 | 1 | 0 | 2 | 0 | 0 | 1 | 0 | 0 | 0 | 0 | 0 | 0 | 0 | 0 | 0 | 0 | 0 | 0 | 0 |  0 | 0 | 0 | 2 | 0 | 2 | 0 | 1 | 1 | 0 | 0 | 0 | 0 | 0 | 0 | 0 | 0 | 0 | 0 | 0 | 0 | 0 |
84 | Turner, Niescja Evonne | UNIVERSITY OF COLORADO AT BOULDER | 2000 | None | 3 | 3 | 2009 | 8 | 69 | 2017 | 0 | 0 | 0 | 1 | 0 | 2 | 1 | 1 | 0 | 0 | 0 | 0 | 0 | 0 | 1 | 0 | 0 | 0 | 0 | 0 | 0 | 0 |  0 | 0 | 3 | 1 | 0 | 4 | 4 | 2 | 1 | 0 | 1 | 1 | 2 | 5 | 6 | 4 | 14 | 9 | 7 | 4 | 7 | 1 |
85 | Bhattacharyya, Amit | INDIANA UNIVERSITY | 2000 | male | 6 | 4 | 2017 | 14 | 27 | 2017 | 2 | 0 | 1 | 1 | 1 | 1 | 1 | 1 | 0 | 0 | 0 | 0 | 0 | 0 | 0 | 0 | 0 | 0 | 0 | 1 | 0 | 0 |  2 | 0 | 7 | 1 | 2 | 2 | 7 | 1 | 3 | 2 | 2 | 0 | 2 | 1 | 0 | 0 | 1 | 3 | 0 | 2 | 1 | 1 |
86 | Chen, Xinzhong | COLUMBIA UNIVERSITY | 2000 | None | 2 | 33 | 2017 | 9 | 211 | 2017 | 0 | 0 | 0 | 0 | 0 | 2 | 4 | 1 | 0 | 1 | 1 | 3 | 1 | 1 | 3 | 2 | 4 | 2 | 2 | 1 | 2 | 3 |  1 | 3 | 1 | 0 | 0 | 4 | 7 | 3 | 1 | 3 | 4 | 6 | 5 | 4 | 11 | 7 | 14 | 11 | 23 | 51 | 31 | 22 |
87 | Leonardi, Andrew John | THE UNIVERSITY OF NORTH CAROLINA AT CHAPEL HILL | 2000 | male | 3 | 1 | 2003 | 4 | 2 | 2005 | 0 | 1 | 0 | 0 | 0 | 2 | 0 | 0 | 1 | 0 | 0 | 0 | 0 | 0 | 0 | 0 | 0 | 0 | 0 | 0 | 0 | 0 |  0 | 2 | 0 | 0 | 0 | 2 | 0 | 0 | 1 | 0 | 1 | 0 | 0 | 0 | 0 | 0 | 0 | 0 | 0 | 0 | 0 | 0 |
88 | McGhee, Colleen Anne | CORNELL UNIVERSITY | 2000 | female | 1 | 2 | 2005 | 8 | 12 | 2012 | 0 | 0 | 0 | 0 | 0 | 1 | 1 | 0 | 0 | 0 | 1 | 0 | 0 | 0 | 0 | 0 | 0 | 0 | 0 | 0 | 0 | 0 |  3 | 2 | 0 | 2 | 0 | 1 | 1 | 0 | 1 | 0 | 2 | 1 | 2 | 0 | 1 | 1 | 2 | 1 | 0 | 0 | 0 | 0 |
89 | Yu, Ka Chun | CASA, Campus Box 389, Boulder, CO 80309 | 2000 | male | 5 | 2 | 2010 | 11 | 7 | 2013 | 0 | 1 | 1 | 0 | 1 | 2 | 1 | 0 | 0 | 0 | 0 | 0 | 0 | 0 | 0 | 1 | 0 | 0 | 0 | 0 | 0 | 0 |  1 | 1 | 1 | 1 | 2 | 5 | 1 | 1 | 0 | 1 | 0 | 0 | 0 | 0 | 0 | 1 | 1 | 1 | 1 | 0 | 0 | 0 |
90 | Woods, Peter Matthew | UNIVERSITY OF ALABAMA IN HUNTSVILLE | 2000 | male | 8 | 13 | 2011 | 18 | 75 | 2017 | 0 | 0 | 0 | 0 | 5 | 3 | 1 | 1 | 3 | 2 | 2 | 1 | 2 | 0 | 0 | 0 | 1 | 0 | 0 | 0 | 0 | 0 |  1 | 0 | 0 | 1 | 9 | 7 | 5 | 5 | 8 | 11 | 6 | 4 | 6 | 3 | 4 | 11 | 9 | 1 | 0 | 0 | 0 | 1 |
91 | Lawson, Stefanie Lyn | UNIVERSITY OF COLORADO AT BOULDER | 2000 | female | 2 | 2 | 2005 | 2 | 6 | 2005 | 0 | 0 | 0 | 0 | 0 | 2 | 1 | 0 | 0 | 0 | 1 | 0 | 0 | 0 | 0 | 0 | 0 | 0 | 0 | 0 | 0 | 0 |  0 | 0 | 0 | 0 | 0 | 2 | 2 | 1 | 1 | 1 | 1 | 0 | 0 | 0 | 0 | 0 | 0 | 0 | 0 | 0 | 0 | 0 |
92 | Thomas, Brian Anthony | THE PENNSYLVANIA STATE UNIVERSITY | 2000 | male | 2 | 1 | 2015 | 3 | 9 | 2016 | 0 | 0 | 1 | 0 | 0 | 1 | 0 | 0 | 0 | 0 | 0 | 0 | 0 | 0 | 0 | 0 | 0 | 0 | 0 | 0 | 1 | 0 |  1 | 0 | 1 | 0 | 0 | 1 | 0 | 0 | 0 | 0 | 0 | 1 | 0 | 0 | 1 | 0 | 0 | 3 | 1 | 1 | 1 | 1 |
93 | Davids, Barry Samuel | MICHIGAN STATE UNIVERSITY | 2000 | male | 2 | 11 | 2011 | 5 | 37 | 2016 | 0 | 0 | 0 | 1 | 0 | 1 | 2 | 1 | 5 | 1 | 0 | 0 | 0 | 1 | 0 | 0 | 1 | 0 | 0 | 0 | 0 | 0 |  0 | 0 | 2 | 1 | 0 | 2 | 3 | 1 | 5 | 2 | 2 | 4 | 1 | 3 | 0 | 1 | 4 | 4 | 3 | 1 | 2 | 1 |
94 | Muzerolle, James | Steward Observatory, University of Arizona, Tucson, AZ, 85721 | 2000 | male | 6 | 11 | 2013 | 7 | 120 | 2017 | 0 | 0 | 0 | 3 | 0 | 3 | 1 | 0 | 2 | 2 | 2 | 1 | 0 | 0 | 1 | 1 | 0 | 0 | 1 | 0 | 0 | 0 |  0 | 0 | 0 | 3 | 0 | 4 | 1 | 1 | 4 | 29 | 6 | 14 | 16 | 7 | 5 | 10 | 4 | 5 | 5 | 3 | 5 | 4 |
95 | Romeo, Giuseppe | UNIVERSITY OF DELAWARE | 2000 | male | 1 | 1 | 2001 | 6 | 37 | 2017 | 0 | 0 | 0 | 0 | 0 | 1 | 1 | 0 | 0 | 0 | 0 | 0 | 0 | 0 | 0 | 0 | 0 | 0 | 0 | 0 | 0 | 0 |  1 | 0 | 1 | 0 | 0 | 4 | 4 | 5 | 5 | 0 | 2 | 7 | 5 | 1 | 1 | 2 | 1 | 0 | 0 | 2 | 0 | 0 |
96 | Kabin, Konstantin | UNIVERSITY OF MICHIGAN | 2000 | male | 7 | 9 | 2017 | 11 | 51 | 2017 | 0 | 0 | 0 | 1 | 2 | 4 | 1 | 1 | 1 | 1 | 0 | 0 | 1 | 1 | 1 | 0 | 1 | 0 | 0 | 0 | 0 | 0 |  0 | 0 | 1 | 2 | 2 | 6 | 4 | 2 | 2 | 3 | 3 | 3 | 5 | 5 | 4 | 6 | 2 | 1 | 2 | 1 | 6 | 1 |
97 | Brown, Gregory Vallee | AUBURN UNIVERSITY | 2000 | male | 3 | 7 | 2012 | 8 | 49 | 2017 | 0 | 0 | 0 | 1 | 0 | 2 | 2 | 2 | 0 | 0 | 0 | 2 | 0 | 0 | 0 | 0 | 0 | 1 | 0 | 0 | 0 | 0 |  0 | 0 | 0 | 1 | 4 | 3 | 4 | 6 | 1 | 2 | 2 | 4 | 6 | 4 | 2 | 0 | 2 | 5 | 2 | 3 | 2 | 3 |
98 | Dreyer, Christopher Brian | UNIVERSITY OF COLORADO AT BOULDER | 2000 | male | 1 | 6 | 2013 | 1 | 12 | 2014 | 0 | 0 | 0 | 0 | 0 | 1 | 1 | 0 | 0 | 0 | 0 | 0 | 1 | 0 | 1 | 0 | 1 | 0 | 2 | 0 | 0 | 0 |  0 | 0 | 0 | 0 | 0 | 1 | 1 | 0 | 0 | 0 | 0 | 0 | 1 | 0 | 1 | 0 | 1 | 0 | 5 | 3 | 0 | 0 |
99 | Tyler, David Wayne | THE UNIVERSITY OF NEW MEXICO | 2000 | male | 3 | 2 | 2007 | 6 | 4 | 2016 | 0 | 0 | 1 | 1 | 0 | 1 | 0 | 0 | 0 | 1 | 0 | 0 | 1 | 0 | 0 | 0 | 0 | 0 | 0 | 0 | 0 | 0 |  0 | 0 | 2 | 2 | 1 | 1 | 0 | 1 | 0 | 1 | 0 | 0 | 1 | 0 | 0 | 0 | 0 | 0 | 0 | 0 | 0 | 1 |
100 | Wu, Wentao | THE UNIVERSITY OF ALABAMA | 2000 | male | 2 | 8 | 2016 | 9 | 78 | 2016 | 0 | 0 | 0 | 1 | 0 | 1 | 0 | 1 | 0 | 0 | 0 | 0 | 0 | 1 | 1 | 0 | 1 | 0 | 2 | 1 | 0 | 1 |  1 | 0 | 1 | 3 | 2 | 2 | 3 | 5 | 4 | 3 | 7 | 2 | 8 | 15 | 16 | 2 | 1 | 0 | 5 | 1 | 2 | 4 |
101 | Richards, Gordon Todd | THE UNIVERSITY OF CHICAGO | 2000 | male | 3 | 20 | 2015 | 11 | 264 | 2017 | 0 | 0 | 1 | 0 | 1 | 1 | 4 | 3 | 1 | 3 | 1 | 4 | 0 | 0 | 2 | 0 | 1 | 0 | 0 | 0 | 1 | 0 |  0 | 0 | 1 | 1 | 3 | 6 | 14 | 13 | 15 | 17 | 20 | 26 | 14 | 14 | 14 | 10 | 14 | 12 | 13 | 16 | 22 | 21 |
102 | Hanson, Kael Dylan | THE UNIVERSITY OF MICHIGAN | 2000 | male | 1 | 1 | 2003 | 19 | 163 | 2017 | 0 | 0 | 0 | 0 | 0 | 1 | 0 | 0 | 1 | 0 | 0 | 0 | 0 | 0 | 0 | 0 | 0 | 0 | 0 | 0 | 0 | 0 |  2 | 1 | 6 | 3 | 5 | 2 | 5 | 5 | 13 | 11 | 5 | 7 | 4 | 5 | 8 | 11 | 13 | 11 | 17 | 10 | 15 | 16 |
103 | Yu, Hongwei | TUFTS UNIVERSITY | 2000 | male | 6 | 24 | 2016 | 7 | 161 | 2017 | 2 | 0 | 0 | 1 | 1 | 2 | 0 | 1 | 2 | 2 | 1 | 1 | 2 | 1 | 1 | 0 | 3 | 0 | 1 | 3 | 2 | 4 |  2 | 0 | 0 | 1 | 2 | 2 | 0 | 1 | 2 | 3 | 3 | 5 | 10 | 6 | 6 | 12 | 10 | 11 | 13 | 19 | 14 | 37 |
104 | Reichart, Daniel Eric | THE UNIVERSITY OF CHICAGO | 2000 | male | 9 | 6 | 2006 | 11 | 115 | 2017 | 0 | 0 | 2 | 1 | 4 | 2 | 3 | 1 | 0 | 0 | 1 | 1 | 0 | 0 | 0 | 0 | 0 | 0 | 0 | 0 | 0 | 0 |  0 | 0 | 2 | 1 | 5 | 3 | 9 | 9 | 3 | 1 | 3 | 6 | 1 | 2 | 3 | 8 | 9 | 10 | 11 | 12 | 11 | 11 |
105 | O'Donnell, Thomas Wilfred | UNIVERSITY OF MICHIGAN | 2000 | male | 1 | 0 | 2000 | 1 | 15 | 2016 | 0 | 0 | 0 | 0 | 0 | 1 | 0 | 0 | 0 | 0 | 0 | 0 | 0 | 0 | 0 | 0 | 0 | 0 | 0 | 0 | 0 | 0 |  0 | 0 | 0 | 0 | 0 | 1 | 1 | 1 | 0 | 0 | 1 | 0 | 0 | 3 | 0 | 1 | 3 | 1 | 0 | 0 | 2 | 2 |
106 | Alothman, Mohamed Jassim | BOSTON UNIVERSITY | 2000 | male | 1 | 1 | 2007 | 2 | 6 | 2013 | 0 | 0 | 0 | 0 | 0 | 1 | 0 | 0 | 0 | 0 | 0 | 0 | 1 | 0 | 0 | 0 | 0 | 0 | 0 | 0 | 0 | 0 |  0 | 0 | 0 | 1 | 0 | 1 | 0 | 0 | 1 | 0 | 0 | 2 | 1 | 0 | 1 | 0 | 0 | 0 | 1 | 0 | 0 | 0 |
107 | Lichtenberg, Christopher L. | THE JOHNS HOPKINS UNIVERSITY | 2000 | male | 1 | 0 | 2000 | 2 | 1 | 2010 | 0 | 0 | 0 | 0 | 0 | 1 | 0 | 0 | 0 | 0 | 0 | 0 | 0 | 0 | 0 | 0 | 0 | 0 | 0 | 0 | 0 | 0 |  0 | 1 | 0 | 0 | 0 | 1 | 0 | 0 | 0 | 0 | 0 | 0 | 0 | 0 | 0 | 1 | 0 | 0 | 0 | 0 | 0 | 0 |
108 | Mikulski, Paul Thomas | THE JOHNS HOPKINS UNIVERSITY | 2000 | male | 2 | 0 | 2000 | 2 | 0 | 2000 | 0 | 0 | 0 | 0 | 1 | 1 | 0 | 0 | 0 | 0 | 0 | 0 | 0 | 0 | 0 | 0 | 0 | 0 | 0 | 0 | 0 | 0 |  0 | 0 | 0 | 0 | 1 | 1 | 0 | 0 | 0 | 0 | 0 | 0 | 0 | 0 | 0 | 0 | 0 | 0 | 0 | 0 | 0 | 0 |
109 | Youngkins, Valery Paige | TEXAS CHRISTIAN UNIVERSITY | 2000 | male | 2 | 0 | 2000 | 4 | 0 | 2000 | 0 | 0 | 1 | 0 | 0 | 1 | 0 | 0 | 0 | 0 | 0 | 0 | 0 | 0 | 0 | 0 | 0 | 0 | 0 | 0 | 0 | 0 |  0 | 0 | 2 | 0 | 1 | 1 | 0 | 0 | 0 | 0 | 0 | 0 | 0 | 0 | 0 | 0 | 0 | 0 | 0 | 0 | 0 | 0 |
110 | Moore, Michael Wayne | UNIVERSITY OF WASHINGTON | 2000 | male | 1 | 2 | 2014 | 2 | 5 | 2014 | 0 | 0 | 0 | 0 | 0 | 1 | 0 | 0 | 0 | 0 | 1 | 0 | 0 | 0 | 0 | 0 | 0 | 0 | 0 | 1 | 0 | 0 |  0 | 0 | 1 | 0 | 0 | 1 | 0 | 0 | 0 | 0 | 1 | 1 | 1 | 0 | 1 | 0 | 0 | 0 | 0 | 1 | 0 | 0 |
111 | Harnik, Nili | MASSACHUSETTS INSTITUTE OF TECHNOLOGY | 2000 | female | 1 | 3 | 2016 | 1 | 4 | 2016 | 0 | 0 | 0 | 0 | 0 | 1 | 1 | 0 | 0 | 0 | 0 | 0 | 0 | 0 | 0 | 0 | 0 | 0 | 0 | 1 | 0 | 1 |  0 | 0 | 0 | 0 | 0 | 1 | 1 | 0 | 1 | 0 | 0 | 0 | 0 | 0 | 0 | 0 | 0 | 0 | 0 | 1 | 0 | 1 |
112 | Branoff, Paul M. | UNIVERSITY OF MARYLAND COLLEGE PARK | 2000 | male | 1 | 0 | 2000 | 1 | 0 | 2000 | 0 | 0 | 0 | 0 | 0 | 1 | 0 | 0 | 0 | 0 | 0 | 0 | 0 | 0 | 0 | 0 | 0 | 0 | 0 | 0 | 0 | 0 |  0 | 0 | 0 | 0 | 0 | 1 | 0 | 0 | 0 | 0 | 0 | 0 | 0 | 0 | 0 | 0 | 0 | 0 | 0 | 0 | 0 | 0 |
113 | Lee, Chik-Yin | RUTGERS THE STATE UNIVERSITY OF NEW JERSEY - NEWARK | 2000 | female | 4 | 8 | 2012 | 16 | 34 | 2017 | 0 | 0 | 0 | 0 | 1 | 3 | 0 | 0 | 0 | 1 | 1 | 0 | 1 | 0 | 1 | 1 | 1 | 2 | 0 | 0 | 0 | 0 |  1 | 0 | 1 | 3 | 5 | 6 | 1 | 1 | 1 | 3 | 3 | 2 | 1 | 0 | 2 | 2 | 1 | 3 | 2 | 2 | 3 | 2 |
114 | Hurley-Keller, Denise Antoinette | THE UNIVERSITY OF MICHIGAN | 2000 | female | 3 | 1 | 2004 | 6 | 5 | 2004 | 0 | 0 | 0 | 1 | 1 | 1 | 0 | 0 | 0 | 1 | 0 | 0 | 0 | 0 | 0 | 0 | 0 | 0 | 0 | 0 | 0 | 0 |  0 | 0 | 0 | 3 | 2 | 1 | 1 | 1 | 1 | 2 | 0 | 0 | 0 | 0 | 0 | 0 | 0 | 0 | 0 | 0 | 0 | 0 |
115 | Zhang, Linchu | CORNELL UNIVERSITY | 2000 | None | 14 | 49 | 2016 | 51 | 334 | 2017 | 2 | 0 | 4 | 4 | 1 | 3 | 3 | 2 | 1 | 2 | 3 | 3 | 4 | 5 | 6 | 1 | 3 | 1 | 2 | 2 | 6 | 5 |  13 | 9 | 8 | 7 | 7 | 7 | 7 | 5 | 5 | 9 | 13 | 9 | 14 | 32 | 30 | 21 | 22 | 33 | 22 | 31 | 21 | 41 |
116 | Phillips, Cynthia Baya | THE UNIVERSITY OF ARIZONA | 2000 | female | 2 | 2 | 2007 | 11 | 37 | 2017 | 0 | 0 | 0 | 0 | 0 | 2 | 1 | 0 | 0 | 0 | 0 | 0 | 1 | 0 | 0 | 0 | 0 | 0 | 0 | 0 | 0 | 0 |  0 | 0 | 1 | 5 | 1 | 4 | 7 | 2 | 0 | 2 | 0 | 1 | 2 | 2 | 3 | 1 | 2 | 0 | 1 | 4 | 3 | 5 |
117 | Cantor, Bruce Alan | THE UNIVERSITY OF TOLEDO | 2000 | male | 3 | 5 | 2010 | 4 | 60 | 2017 | 0 | 0 | 0 | 1 | 1 | 1 | 1 | 1 | 0 | 0 | 0 | 1 | 1 | 0 | 0 | 1 | 0 | 0 | 0 | 0 | 0 | 0 |  0 | 0 | 0 | 1 | 1 | 2 | 3 | 2 | 3 | 0 | 1 | 3 | 4 | 3 | 4 | 9 | 0 | 1 | 9 | 5 | 8 | 4 |
118 | Quinn, Theodore C. | THE UNIVERSITY OF CHICAGO | 2000 | male | 4 | 0 | 2000 | 10 | 57 | 2017 | 0 | 0 | 1 | 0 | 1 | 2 | 0 | 0 | 0 | 0 | 0 | 0 | 0 | 0 | 0 | 0 | 0 | 0 | 0 | 0 | 0 | 0 |  0 | 1 | 1 | 2 | 3 | 3 | 3 | 3 | 2 | 13 | 8 | 0 | 5 | 0 | 3 | 4 | 2 | 6 | 1 | 2 | 2 | 1 |
119 | Williams, George Grant | Clemson University | 2000 | male | 3 | 0 | 2000 | 6 | 33 | 2017 | 0 | 0 | 0 | 1 | 1 | 1 | 0 | 0 | 0 | 0 | 0 | 0 | 0 | 0 | 0 | 0 | 0 | 0 | 0 | 0 | 0 | 0 |  0 | 0 | 1 | 1 | 3 | 1 | 0 | 3 | 2 | 1 | 1 | 5 | 2 | 2 | 4 | 3 | 1 | 0 | 3 | 1 | 3 | 1 |
120 | Minamitani, Takahisa | UNIVERSITY OF ALABAMA IN HUNTSVILLE | 2000 | male | 1 | 0 | 2000 | 2 | 0 | 2000 | 0 | 0 | 0 | 0 | 0 | 1 | 0 | 0 | 0 | 0 | 0 | 0 | 0 | 0 | 0 | 0 | 0 | 0 | 0 | 0 | 0 | 0 |  0 | 1 | 0 | 0 | 0 | 1 | 0 | 0 | 0 | 0 | 0 | 0 | 0 | 0 | 0 | 0 | 0 | 0 | 0 | 0 | 0 | 0 |
121 | Silverstone, Murray Daniel | UNIVERSITY OF CALIFORNIA, LOS ANGELES | 2000 | male | 2 | 1 | 2006 | 4 | 29 | 2016 | 0 | 0 | 0 | 1 | 0 | 1 | 0 | 0 | 0 | 0 | 0 | 1 | 0 | 0 | 0 | 0 | 0 | 0 | 0 | 0 | 0 | 0 |  0 | 0 | 0 | 2 | 1 | 1 | 3 | 2 | 1 | 1 | 3 | 5 | 3 | 4 | 2 | 2 | 1 | 0 | 0 | 1 | 0 | 1 |
122 | Chang, Chi-Chao | UNIVERSITY OF CALIFORNIA, LOS ANGELES | 2000 | male | 1 | 9 | 2016 | 3 | 31 | 2017 | 0 | 0 | 0 | 0 | 0 | 1 | 0 | 0 | 0 | 0 | 0 | 0 | 0 | 1 | 0 | 0 | 0 | 1 | 3 | 0 | 3 | 1 |  0 | 0 | 0 | 0 | 0 | 3 | 0 | 5 | 0 | 0 | 0 | 0 | 0 | 1 | 0 | 0 | 0 | 2 | 4 | 1 | 5 | 9 |
123 | de Buizer, J. M. | Department of Astronomy, University of Florida, Gainesville, Fl 32611 | 2000 | None | 1 | 0 | 2000 | 2 | 18 | 2014 | 0 | 0 | 0 | 0 | 0 | 1 | 0 | 0 | 0 | 0 | 0 | 0 | 0 | 0 | 0 | 0 | 0 | 0 | 0 | 0 | 0 | 0 |  1 | 0 | 0 | 0 | 0 | 1 | 0 | 0 | 2 | 1 | 1 | 0 | 1 | 2 | 1 | 1 | 1 | 4 | 2 | 2 | 0 | 0 |
124 | Woo, Jong-Kwan | UNIVERSITY OF CALIFORNIA, LOS ANGELES | 2000 | male | 2 | 0 | 2000 | 7 | 4 | 2015 | 0 | 0 | 0 | 0 | 0 | 2 | 0 | 0 | 0 | 0 | 0 | 0 | 0 | 0 | 0 | 0 | 0 | 0 | 0 | 0 | 0 | 0 |  0 | 0 | 0 | 1 | 1 | 5 | 0 | 0 | 0 | 0 | 0 | 0 | 1 | 1 | 0 | 0 | 0 | 0 | 1 | 0 | 1 | 0 |
125 | Goetz, Jennifer Ann | THE UNIVERSITY OF ROCHESTER | 2000 | female | 2 | 1 | 2003 | 4 | 1 | 2003 | 0 | 0 | 0 | 1 | 0 | 1 | 0 | 0 | 1 | 0 | 0 | 0 | 0 | 0 | 0 | 0 | 0 | 0 | 0 | 0 | 0 | 0 |  0 | 0 | 1 | 1 | 0 | 2 | 0 | 0 | 1 | 0 | 0 | 0 | 0 | 0 | 0 | 0 | 0 | 0 | 0 | 0 | 0 | 0 |
126 | Bandfield, Joshua Louis | ARIZONA STATE UNIVERSITY | 2000 | male | 3 | 22 | 2017 | 7 | 77 | 2017 | 0 | 0 | 0 | 0 | 0 | 3 | 0 | 2 | 2 | 2 | 0 | 1 | 1 | 4 | 1 | 0 | 2 | 0 | 3 | 1 | 1 | 1 |  0 | 0 | 0 | 0 | 0 | 7 | 4 | 2 | 8 | 4 | 3 | 4 | 2 | 10 | 4 | 5 | 2 | 3 | 7 | 2 | 7 | 5 |
127 | Andrade, Zeferino | THE UNIVERSITY OF UTAH | 2000 | male | 4 | 2 | 2004 | 4 | 2 | 2004 | 0 | 0 | 1 | 0 | 1 | 2 | 1 | 0 | 0 | 1 | 0 | 0 | 0 | 0 | 0 | 0 | 0 | 0 | 0 | 0 | 0 | 0 |  0 | 0 | 1 | 0 | 1 | 2 | 1 | 0 | 0 | 1 | 0 | 0 | 0 | 0 | 0 | 0 | 0 | 0 | 0 | 0 | 0 | 0 |
128 | Shah, Ronak Yogendra | 530 Edgemont Road, Charlottesville, VA 22903 | 2000 | male | 1 | 2 | 2002 | 3 | 16 | 2014 | 0 | 0 | 0 | 0 | 0 | 1 | 1 | 1 | 0 | 0 | 0 | 0 | 0 | 0 | 0 | 0 | 0 | 0 | 0 | 0 | 0 | 0 |  0 | 0 | 2 | 0 | 0 | 1 | 1 | 1 | 2 | 1 | 2 | 2 | 2 | 0 | 3 | 0 | 0 | 0 | 1 | 1 | 0 | 0 |
129 | Milingo, Jacquelynne Brenda | THE UNIVERSITY OF OKLAHOMA | 2000 | female | 1 | 3 | 2010 | 1 | 5 | 2010 | 0 | 0 | 0 | 0 | 0 | 1 | 0 | 2 | 0 | 0 | 0 | 0 | 0 | 0 | 0 | 1 | 0 | 0 | 0 | 0 | 0 | 0 |  0 | 0 | 0 | 0 | 0 | 1 | 0 | 2 | 1 | 0 | 0 | 0 | 0 | 0 | 0 | 2 | 0 | 0 | 0 | 0 | 0 | 0 |
130 | Young, Yuan-Nan | THE UNIVERSITY OF CHICAGO | 2000 | female | 1 | 0 | 2000 | 2 | 3 | 2002 | 0 | 0 | 0 | 0 | 0 | 1 | 0 | 0 | 0 | 0 | 0 | 0 | 0 | 0 | 0 | 0 | 0 | 0 | 0 | 0 | 0 | 0 |  0 | 0 | 0 | 0 | 0 | 2 | 1 | 2 | 0 | 0 | 0 | 0 | 0 | 0 | 0 | 0 | 0 | 0 | 0 | 0 | 0 | 0 |
131 | Fisher, Adam Keith | THE UNIVERSITY OF OKLAHOMA | 2000 | male | 4 | 0 | 2000 | 14 | 1 | 2002 | 1 | 0 | 1 | 0 | 1 | 1 | 0 | 0 | 0 | 0 | 0 | 0 | 0 | 0 | 0 | 0 | 0 | 0 | 0 | 0 | 0 | 0 |  3 | 1 | 5 | 0 | 4 | 1 | 0 | 1 | 0 | 0 | 0 | 0 | 0 | 0 | 0 | 0 | 0 | 0 | 0 | 0 | 0 | 0 |
132 | Woo, Jong-Kwan | UNIVERSITY OF CALIFORNIA, LOS ANGELES | 2000 | male | 2 | 0 | 2000 | 7 | 4 | 2015 | 0 | 0 | 0 | 0 | 0 | 2 | 0 | 0 | 0 | 0 | 0 | 0 | 0 | 0 | 0 | 0 | 0 | 0 | 0 | 0 | 0 | 0 |  0 | 0 | 0 | 1 | 1 | 5 | 0 | 0 | 0 | 0 | 0 | 0 | 1 | 1 | 0 | 0 | 0 | 0 | 1 | 0 | 1 | 0 |
133 | Newbury, Jennifer Alice | UNIVERSITY OF CALIFORNIA, LOS ANGELES | 2000 | female | 6 | 0 | 2000 | 13 | 0 | 2000 | 0 | 1 | 2 | 2 | 0 | 1 | 0 | 0 | 0 | 0 | 0 | 0 | 0 | 0 | 0 | 0 | 0 | 0 | 0 | 0 | 0 | 0 |  0 | 1 | 2 | 5 | 1 | 4 | 0 | 0 | 0 | 0 | 0 | 0 | 0 | 0 | 0 | 0 | 0 | 0 | 0 | 0 | 0 | 0 |
134 | Bonamente, Massimiliano | UNIVERSITY OF ALABAMA IN HUNTSVILLE | 2000 | male | 1 | 19 | 2016 | 5 | 69 | 2017 | 0 | 0 | 0 | 0 | 0 | 1 | 4 | 1 | 1 | 2 | 2 | 1 | 1 | 2 | 1 | 0 | 1 | 1 | 1 | 0 | 0 | 1 |  0 | 0 | 0 | 0 | 3 | 2 | 4 | 2 | 4 | 4 | 3 | 3 | 3 | 2 | 4 | 5 | 7 | 3 | 4 | 0 | 18 | 2 |
135 | Rhee, Jaehyon | MICHIGAN STATE UNIVERSITY | 2000 | None | 1 | 4 | 2013 | 1 | 36 | 2014 | 0 | 0 | 0 | 0 | 0 | 1 | 1 | 1 | 0 | 0 | 0 | 1 | 0 | 0 | 0 | 0 | 0 | 0 | 1 | 0 | 0 | 0 |  0 | 0 | 0 | 0 | 0 | 1 | 4 | 7 | 1 | 2 | 7 | 5 | 5 | 1 | 1 | 0 | 0 | 1 | 1 | 1 | 0 | 0 |
136 | Leroux, Anna Marishka Krickovich | MONTANA STATE UNIVERSITY | 2000 | female | 1 | 0 | 2000 | 1 | 0 | 2000 | 0 | 0 | 0 | 0 | 0 | 1 | 0 | 0 | 0 | 0 | 0 | 0 | 0 | 0 | 0 | 0 | 0 | 0 | 0 | 0 | 0 | 0 |  0 | 0 | 0 | 0 | 0 | 1 | 0 | 0 | 0 | 0 | 0 | 0 | 0 | 0 | 0 | 0 | 0 | 0 | 0 | 0 | 0 | 0 |
137 | Dolan, Christopher Jon | Department of Astronomy, University of Wisconsin--Madison, 475 North Charter Street, Madison, WI 53706 | 2000 | male | 2 | 2 | 2002 | 2 | 4 | 2010 | 0 | 0 | 0 | 0 | 1 | 1 | 1 | 1 | 0 | 0 | 0 | 0 | 0 | 0 | 0 | 0 | 0 | 0 | 0 | 0 | 0 | 0 |  0 | 0 | 0 | 0 | 1 | 1 | 1 | 1 | 0 | 1 | 0 | 0 | 0 | 0 | 0 | 1 | 0 | 0 | 0 | 0 | 0 | 0 |
138 | Feldmeier, J. J. | Penn State University | 2000 | None | 5 | 8 | 2013 | 7 | 38 | 2017 | 0 | 1 | 1 | 1 | 1 | 1 | 0 | 1 | 1 | 3 | 0 | 0 | 1 | 0 | 0 | 0 | 1 | 0 | 1 | 0 | 0 | 0 |  0 | 1 | 1 | 2 | 1 | 2 | 0 | 5 | 3 | 4 | 1 | 0 | 6 | 2 | 2 | 5 | 2 | 1 | 3 | 1 | 1 | 0 |
139 | Severson, Scott A. | THE UNIVERSITY OF CHICAGO | 2000 | male | 1 | 0 | 2000 | 4 | 3 | 2006 | 0 | 0 | 0 | 0 | 0 | 1 | 0 | 0 | 0 | 0 | 0 | 0 | 0 | 0 | 0 | 0 | 0 | 0 | 0 | 0 | 0 | 0 |  0 | 1 | 1 | 1 | 0 | 1 | 0 | 1 | 0 | 0 | 0 | 2 | 0 | 0 | 0 | 0 | 0 | 0 | 0 | 0 | 0 | 0 |
140 | Nigam, Rakesh | STANFORD UNIVERSITY | 2000 | male | 6 | 2 | 2010 | 9 | 4 | 2010 | 0 | 1 | 0 | 2 | 2 | 1 | 0 | 0 | 0 | 0 | 0 | 0 | 1 | 0 | 0 | 1 | 0 | 0 | 0 | 0 | 0 | 0 |  0 | 1 | 1 | 3 | 2 | 2 | 0 | 0 | 0 | 0 | 2 | 0 | 1 | 0 | 0 | 1 | 0 | 0 | 0 | 0 | 0 | 0 |
141 | Giles, Peter Mark | STANFORD UNIVERSITY | 2000 | male | 2 | 0 | 2000 | 4 | 9 | 2017 | 0 | 0 | 1 | 0 | 0 | 1 | 0 | 0 | 0 | 0 | 0 | 0 | 0 | 0 | 0 | 0 | 0 | 0 | 0 | 0 | 0 | 0 |  0 | 1 | 2 | 0 | 0 | 1 | 0 | 0 | 0 | 0 | 1 | 0 | 0 | 0 | 0 | 0 | 0 | 0 | 2 | 1 | 0 | 4 |
142 | Aufdenberg, Jason Paul | ARIZONA STATE UNIVERSITY | 2000 | male | 3 | 5 | 2006 | 6 | 26 | 2013 | 0 | 0 | 0 | 1 | 1 | 1 | 1 | 1 | 0 | 0 | 1 | 2 | 0 | 0 | 0 | 0 | 0 | 0 | 0 | 0 | 0 | 0 |  0 | 1 | 1 | 2 | 1 | 1 | 1 | 1 | 0 | 1 | 3 | 10 | 2 | 1 | 2 | 0 | 2 | 2 | 1 | 0 | 0 | 0 |
143 | Homan, Daniel C. | BRANDEIS UNIVERSITY | 2000 | male | 3 | 15 | 2015 | 4 | 43 | 2016 | 0 | 0 | 0 | 0 | 1 | 2 | 2 | 2 | 2 | 1 | 0 | 2 | 0 | 0 | 2 | 0 | 0 | 1 | 0 | 2 | 1 | 0 |  0 | 0 | 0 | 1 | 1 | 2 | 2 | 2 | 4 | 3 | 3 | 3 | 3 | 1 | 6 | 1 | 0 | 2 | 2 | 5 | 2 | 4 |
144 | Stassun, Keivan Guadalupe | University of Wisconsin, 475 N. Charter St., Madison, WI, 53706, USA | 2000 | male | 3 | 18 | 2017 | 5 | 210 | 2017 | 0 | 0 | 0 | 0 | 2 | 1 | 1 | 1 | 1 | 2 | 0 | 2 | 2 | 2 | 0 | 0 | 0 | 2 | 0 | 2 | 0 | 2 |  0 | 0 | 1 | 0 | 2 | 2 | 3 | 2 | 2 | 2 | 3 | 4 | 8 | 5 | 4 | 9 | 16 | 22 | 19 | 31 | 23 | 30 |
145 | Venkatesan, Aparna | THE UNIVERSITY OF CHICAGO | 2000 | female | 4 | 9 | 2011 | 4 | 17 | 2016 | 0 | 0 | 1 | 0 | 1 | 2 | 1 | 1 | 2 | 1 | 0 | 3 | 0 | 0 | 0 | 0 | 1 | 0 | 0 | 0 | 0 | 0 |  0 | 0 | 1 | 0 | 1 | 2 | 1 | 1 | 4 | 2 | 0 | 3 | 0 | 1 | 0 | 0 | 2 | 0 | 1 | 1 | 0 | 1 |
146 | Fowler, Joseph Westbrook | THE UNIVERSITY OF CHICAGO | 2000 | male | 1 | 7 | 2015 | 15 | 52 | 2016 | 0 | 0 | 0 | 0 | 0 | 1 | 1 | 0 | 0 | 0 | 2 | 0 | 1 | 0 | 0 | 1 | 0 | 1 | 0 | 0 | 1 | 0 |  1 | 0 | 7 | 1 | 3 | 3 | 3 | 1 | 0 | 0 | 2 | 5 | 1 | 1 | 0 | 4 | 11 | 10 | 7 | 3 | 2 | 2 |
147 | Wegryn, Eric | THE UNIVERSITY OF ARIZONA | 2000 | male | 1 | 0 | 2000 | 3 | 1 | 2008 | 0 | 0 | 0 | 0 | 0 | 1 | 0 | 0 | 0 | 0 | 0 | 0 | 0 | 0 | 0 | 0 | 0 | 0 | 0 | 0 | 0 | 0 |  0 | 0 | 1 | 0 | 1 | 1 | 0 | 0 | 0 | 0 | 0 | 0 | 0 | 1 | 0 | 0 | 0 | 0 | 0 | 0 | 0 | 0 |
148 | Duchêne, Gaspard | UCLA, Divison of Astronomy and Astrophysics, 8371 Math Sciences Building, 405 Hilgard Ave, Los Angeles, CA 90095-1562, USA | 2000 | male | 4 | 19 | 2015 | 7 | 127 | 2017 | 0 | 0 | 0 | 0 | 3 | 1 | 1 | 1 | 2 | 2 | 1 | 1 | 3 | 1 | 0 | 2 | 1 | 0 | 2 | 1 | 1 | 0 |  0 | 0 | 0 | 1 | 3 | 3 | 2 | 2 | 6 | 6 | 3 | 6 | 9 | 5 | 5 | 11 | 9 | 10 | 14 | 8 | 14 | 9 |
149 | Patience, Jennifer Lynn | UNIVERSITY OF CALIFORNIA, LOS ANGELES | 2000 | female | 2 | 7 | 2012 | 5 | 38 | 2017 | 0 | 0 | 0 | 1 | 0 | 1 | 0 | 2 | 0 | 0 | 0 | 0 | 0 | 2 | 0 | 1 | 1 | 1 | 0 | 0 | 0 | 0 |  0 | 0 | 2 | 1 | 1 | 1 | 0 | 2 | 0 | 1 | 1 | 0 | 0 | 3 | 0 | 1 | 2 | 3 | 1 | 6 | 12 | 3 |
150 | Creighton, Teviet David | CALIFORNIA INSTITUTE OF TECHNOLOGY | 2000 | None | 1 | 5 | 2009 | 4 | 120 | 2017 | 0 | 0 | 0 | 0 | 0 | 1 | 0 | 0 | 1 | 0 | 0 | 1 | 0 | 2 | 1 | 0 | 0 | 0 | 0 | 0 | 0 | 0 |  0 | 0 | 0 | 1 | 1 | 2 | 0 | 0 | 1 | 7 | 9 | 4 | 8 | 11 | 16 | 9 | 7 | 17 | 7 | 5 | 6 | 5 |
151 | Vaughan, Thomas E. | THE UNIVERSITY OF OKLAHOMA | 2000 | male | 2 | 0 | 2000 | 5 | 0 | 2000 | 1 | 0 | 0 | 0 | 0 | 1 | 0 | 0 | 0 | 0 | 0 | 0 | 0 | 0 | 0 | 0 | 0 | 0 | 0 | 0 | 0 | 0 |  4 | 0 | 0 | 0 | 0 | 1 | 0 | 0 | 0 | 0 | 0 | 0 | 0 | 0 | 0 | 0 | 0 | 0 | 0 | 0 | 0 | 0 |
152 | Baker, Andrew Jordan | CALIFORNIA INSTITUTE OF TECHNOLOGY | 2000 | male | 2 | 4 | 2004 | 9 | 109 | 2017 | 0 | 0 | 0 | 1 | 0 | 1 | 1 | 0 | 1 | 2 | 0 | 0 | 0 | 0 | 0 | 0 | 0 | 0 | 0 | 0 | 0 | 0 |  1 | 2 | 2 | 1 | 1 | 2 | 1 | 1 | 3 | 7 | 6 | 5 | 7 | 7 | 5 | 8 | 11 | 10 | 16 | 8 | 2 | 9 |
153 | Blanton, Elizabeth Lyon | COLUMBIA UNIVERSITY | 2000 | female | 4 | 11 | 2016 | 5 | 34 | 2016 | 1 | 1 | 0 | 0 | 0 | 2 | 3 | 0 | 2 | 2 | 0 | 0 | 0 | 0 | 1 | 1 | 1 | 0 | 0 | 0 | 0 | 1 |  1 | 1 | 0 | 0 | 0 | 3 | 3 | 1 | 4 | 6 | 2 | 0 | 0 | 2 | 3 | 1 | 4 | 0 | 3 | 1 | 1 | 3 |
154 | Cha, Alexandra Nicole Stuehler | THE JOHNS HOPKINS UNIVERSITY | 2000 | female | 1 | 0 | 2000 | 1 | 0 | 2000 | 0 | 0 | 0 | 0 | 0 | 1 | 0 | 0 | 0 | 0 | 0 | 0 | 0 | 0 | 0 | 0 | 0 | 0 | 0 | 0 | 0 | 0 |  0 | 0 | 0 | 0 | 0 | 1 | 0 | 0 | 0 | 0 | 0 | 0 | 0 | 0 | 0 | 0 | 0 | 0 | 0 | 0 | 0 | 0 |
155 | Liu, Shen-Yuan | UNIVERSITY OF ILLINOIS AT URBANA-CHAMPAIGN | 2000 | male | 2 | 15 | 2016 | 4 | 80 | 2016 | 1 | 0 | 0 | 0 | 0 | 1 | 0 | 0 | 1 | 0 | 2 | 1 | 0 | 0 | 0 | 0 | 2 | 3 | 1 | 2 | 2 | 1 |  2 | 1 | 0 | 0 | 0 | 1 | 1 | 1 | 5 | 14 | 12 | 5 | 2 | 2 | 2 | 2 | 8 | 9 | 6 | 2 | 5 | 4 |
156 | Ali, Shafinaz | University of Delaware | 2000 | female | 2 | 10 | 2015 | 3 | 35 | 2015 | 0 | 0 | 1 | 0 | 0 | 1 | 1 | 0 | 0 | 0 | 0 | 0 | 1 | 1 | 2 | 0 | 0 | 1 | 1 | 2 | 1 | 0 |  1 | 0 | 1 | 0 | 0 | 1 | 2 | 0 | 1 | 1 | 0 | 2 | 2 | 3 | 3 | 2 | 0 | 4 | 5 | 7 | 3 | 0 |
157 | Aurnou, Jonathan Michael | THE JOHNS HOPKINS UNIVERSITY | 2000 | male | 4 | 11 | 2017 | 6 | 46 | 2017 | 0 | 2 | 0 | 0 | 0 | 2 | 1 | 0 | 2 | 2 | 0 | 0 | 2 | 1 | 0 | 0 | 1 | 0 | 0 | 0 | 1 | 0 |  0 | 2 | 0 | 0 | 2 | 2 | 1 | 0 | 2 | 5 | 3 | 1 | 5 | 3 | 2 | 2 | 2 | 7 | 2 | 3 | 4 | 3 |
158 | Leamon, Robert James | UNIVERSITY OF DELAWARE | 2000 | male | 8 | 6 | 2009 | 10 | 28 | 2017 | 1 | 0 | 0 | 3 | 2 | 2 | 0 | 1 | 1 | 1 | 0 | 0 | 1 | 1 | 1 | 0 | 0 | 0 | 0 | 0 | 0 | 0 |  2 | 0 | 0 | 3 | 3 | 2 | 0 | 1 | 1 | 1 | 1 | 1 | 3 | 2 | 1 | 2 | 5 | 0 | 1 | 5 | 2 | 0 |
159 | Chandar, Rupali | THE JOHNS HOPKINS UNIVERSITY | 2000 | female | 5 | 19 | 2016 | 5 | 78 | 2017 | 0 | 0 | 0 | 0 | 3 | 2 | 3 | 1 | 1 | 2 | 1 | 2 | 1 | 0 | 1 | 3 | 1 | 0 | 0 | 1 | 1 | 1 |  0 | 0 | 0 | 0 | 3 | 2 | 3 | 1 | 1 | 2 | 4 | 5 | 2 | 3 | 3 | 10 | 10 | 6 | 5 | 10 | 9 | 3 |
160 | Rathbun, Julie Ann | CORNELL UNIVERSITY | 2000 | female | 3 | 7 | 2014 | 4 | 17 | 2016 | 0 | 0 | 0 | 1 | 1 | 1 | 0 | 2 | 0 | 1 | 0 | 1 | 0 | 0 | 0 | 2 | 0 | 0 | 0 | 1 | 0 | 0 |  0 | 0 | 0 | 1 | 1 | 2 | 1 | 3 | 0 | 1 | 2 | 3 | 0 | 0 | 0 | 2 | 0 | 0 | 1 | 2 | 1 | 1 |
161 | Hirsch, Karen Lewis | BOSTON UNIVERSITY | 2000 | female | 1 | 0 | 2000 | 2 | 0 | 2000 | 0 | 0 | 0 | 0 | 0 | 1 | 0 | 0 | 0 | 0 | 0 | 0 | 0 | 0 | 0 | 0 | 0 | 0 | 0 | 0 | 0 | 0 |  0 | 0 | 0 | 1 | 0 | 1 | 0 | 0 | 0 | 0 | 0 | 0 | 0 | 0 | 0 | 0 | 0 | 0 | 0 | 0 | 0 | 0 |
162 | Arras, Philip L. | CORNELL UNIVERSITY | 2000 | male | 1 | 1 | 2004 | 1 | 4 | 2006 | 0 | 0 | 0 | 0 | 0 | 1 | 0 | 0 | 0 | 1 | 0 | 0 | 0 | 0 | 0 | 0 | 0 | 0 | 0 | 0 | 0 | 0 |  0 | 0 | 0 | 0 | 0 | 1 | 1 | 1 | 0 | 1 | 0 | 1 | 0 | 0 | 0 | 0 | 0 | 0 | 0 | 0 | 0 | 0 |
163 | Landry, Walter | CORNELL UNIVERSITY | 2000 | male | 2 | 0 | 2000 | 5 | 2 | 2015 | 1 | 0 | 0 | 0 | 0 | 1 | 0 | 0 | 0 | 0 | 0 | 0 | 0 | 0 | 0 | 0 | 0 | 0 | 0 | 0 | 0 | 0 |  1 | 0 | 0 | 3 | 0 | 1 | 0 | 1 | 0 | 0 | 0 | 0 | 0 | 0 | 0 | 0 | 0 | 0 | 0 | 0 | 1 | 0 |
164 | Franz, Jason Richard | CORNELL UNIVERSITY | 2000 | male | 3 | 1 | 2005 | 4 | 16 | 2013 | 0 | 0 | 0 | 1 | 0 | 2 | 0 | 0 | 0 | 0 | 1 | 0 | 0 | 0 | 0 | 0 | 0 | 0 | 0 | 0 | 0 | 0 |  0 | 0 | 0 | 1 | 1 | 2 | 1 | 1 | 0 | 1 | 4 | 0 | 4 | 0 | 2 | 1 | 0 | 1 | 1 | 0 | 0 | 0 |
165 | Veal, Jeffrey Matthew | UNIVERSITY OF ILLINOIS AT URBANA-CHAMPAIGN | 2000 | male | 2 | 0 | 2000 | 6 | 4 | 2008 | 0 | 0 | 0 | 0 | 0 | 2 | 0 | 0 | 0 | 0 | 0 | 0 | 0 | 0 | 0 | 0 | 0 | 0 | 0 | 0 | 0 | 0 |  1 | 0 | 1 | 2 | 0 | 2 | 1 | 1 | 0 | 0 | 0 | 1 | 0 | 1 | 0 | 0 | 0 | 0 | 0 | 0 | 0 | 0 |
166 | Janches, Diego | The Pennsylvania State University | 2000 | male | 3 | 16 | 2015 | 3 | 54 | 2017 | 0 | 0 | 0 | 0 | 0 | 3 | 1 | 1 | 1 | 1 | 2 | 1 | 1 | 1 | 2 | 0 | 0 | 0 | 1 | 2 | 2 | 0 |  0 | 0 | 0 | 0 | 0 | 3 | 2 | 3 | 2 | 3 | 5 | 2 | 1 | 4 | 7 | 2 | 2 | 3 | 2 | 4 | 5 | 4 |
167 | Felice, Gian Marco | Princeton University | 2000 | male | 1 | 1 | 2001 | 1 | 1 | 2001 | 0 | 0 | 0 | 0 | 0 | 1 | 1 | 0 | 0 | 0 | 0 | 0 | 0 | 0 | 0 | 0 | 0 | 0 | 0 | 0 | 0 | 0 |  0 | 0 | 0 | 0 | 0 | 1 | 1 | 0 | 0 | 0 | 0 | 0 | 0 | 0 | 0 | 0 | 0 | 0 | 0 | 0 | 0 | 0 |
168 | Mulrooney, Mark | RICE UNIVERSITY | 2000 | male | 2 | 0 | 2000 | 5 | 2 | 2007 | 0 | 0 | 0 | 1 | 0 | 1 | 0 | 0 | 0 | 0 | 0 | 0 | 0 | 0 | 0 | 0 | 0 | 0 | 0 | 0 | 0 | 0 |  0 | 0 | 1 | 3 | 0 | 1 | 1 | 0 | 0 | 0 | 0 | 0 | 1 | 0 | 0 | 0 | 0 | 0 | 0 | 0 | 0 | 0 |
169 | Gotz, Martin | Brown University | 2000 | male | 2 | 0 | 2000 | 2 | 6 | 2004 | 0 | 0 | 0 | 1 | 0 | 1 | 0 | 0 | 0 | 0 | 0 | 0 | 0 | 0 | 0 | 0 | 0 | 0 | 0 | 0 | 0 | 0 |  0 | 0 | 0 | 1 | 0 | 1 | 0 | 2 | 3 | 1 | 0 | 0 | 0 | 0 | 0 | 0 | 0 | 0 | 0 | 0 | 0 | 0 |
170 | Zeltwanger, Thomas Mario | The University of Maine | 2000 | male | 2 | 0 | 2000 | 3 | 0 | 2000 | 0 | 0 | 0 | 0 | 0 | 2 | 0 | 0 | 0 | 0 | 0 | 0 | 0 | 0 | 0 | 0 | 0 | 0 | 0 | 0 | 0 | 0 |  0 | 0 | 1 | 0 | 0 | 2 | 0 | 0 | 0 | 0 | 0 | 0 | 0 | 0 | 0 | 0 | 0 | 0 | 0 | 0 | 0 | 0 |
171 | Nelson, Amy Elizabeth | University of California, Santa Cruz | 2000 | female | 2 | 3 | 2002 | 3 | 16 | 2016 | 0 | 0 | 0 | 1 | 0 | 1 | 1 | 2 | 0 | 0 | 0 | 0 | 0 | 0 | 0 | 0 | 0 | 0 | 0 | 0 | 0 | 0 |  0 | 0 | 1 | 1 | 0 | 1 | 2 | 2 | 2 | 0 | 0 | 0 | 0 | 2 | 1 | 0 | 0 | 0 | 1 | 2 | 3 | 1 |
172 | Gu, Ming Feng | Columbia University | 2000 | male | 2 | 23 | 2017 | 3 | 53 | 2017 | 0 | 0 | 0 | 0 | 1 | 1 | 1 | 1 | 4 | 2 | 2 | 3 | 3 | 0 | 1 | 0 | 3 | 0 | 1 | 0 | 0 | 1 |  0 | 0 | 0 | 0 | 1 | 2 | 3 | 3 | 6 | 4 | 5 | 8 | 4 | 1 | 4 | 0 | 4 | 1 | 1 | 0 | 4 | 3 |
173 | Jangren, Anna Maria | The Pennsylvania State University | 2000 | female | 1 | 2 | 2005 | 4 | 8 | 2005 | 0 | 0 | 0 | 0 | 0 | 1 | 0 | 0 | 0 | 0 | 2 | 0 | 0 | 0 | 0 | 0 | 0 | 0 | 0 | 0 | 0 | 0 |  0 | 0 | 0 | 1 | 0 | 3 | 0 | 0 | 1 | 3 | 4 | 0 | 0 | 0 | 0 | 0 | 0 | 0 | 0 | 0 | 0 | 0 |
174 | Kurczynski, Peter | NASA Goddard Space Flight Center | 2000 | male | 2 | 4 | 2016 | 3 | 27 | 2017 | 0 | 0 | 0 | 0 | 0 | 2 | 0 | 0 | 0 | 0 | 0 | 0 | 0 | 0 | 0 | 1 | 0 | 1 | 0 | 1 | 0 | 1 |  0 | 0 | 0 | 1 | 0 | 2 | 0 | 0 | 0 | 0 | 0 | 0 | 0 | 0 | 1 | 3 | 1 | 1 | 3 | 6 | 4 | 4 |
175 | Nitta, Atsuko | The University of Texas at Austin | 2000 | female | 5 | 2 | 2009 | 15 | 109 | 2015 | 0 | 1 | 0 | 2 | 0 | 2 | 0 | 0 | 0 | 0 | 0 | 0 | 1 | 0 | 1 | 0 | 0 | 0 | 0 | 0 | 0 | 0 |  0 | 1 | 1 | 9 | 0 | 4 | 2 | 6 | 16 | 11 | 14 | 20 | 10 | 12 | 6 | 4 | 2 | 2 | 3 | 0 | 1 | 0 |
176 | Stauder, John Leslie | UTAH STATE UNIVERSITY | 2000 | male | 1 | 0 | 2000 | 1 | 0 | 2000 | 0 | 0 | 0 | 0 | 0 | 1 | 0 | 0 | 0 | 0 | 0 | 0 | 0 | 0 | 0 | 0 | 0 | 0 | 0 | 0 | 0 | 0 |  0 | 0 | 0 | 0 | 0 | 1 | 0 | 0 | 0 | 0 | 0 | 0 | 0 | 0 | 0 | 0 | 0 | 0 | 0 | 0 | 0 | 0 |
177 | Norton, Aimee Ann | University of California, Los Angeles | 2000 | female | 3 | 8 | 2014 | 3 | 34 | 2016 | 0 | 0 | 0 | 0 | 1 | 2 | 1 | 0 | 1 | 1 | 1 | 1 | 0 | 1 | 0 | 1 | 0 | 0 | 0 | 1 | 0 | 0 |  0 | 0 | 0 | 0 | 1 | 2 | 2 | 1 | 1 | 1 | 2 | 2 | 3 | 2 | 0 | 1 | 0 | 3 | 1 | 7 | 4 | 4 |
178 | Riddle, Reed L. | Georgia State University | 2000 | male | 1 | 4 | 2015 | 4 | 79 | 2017 | 0 | 0 | 0 | 0 | 0 | 1 | 0 | 0 | 2 | 0 | 0 | 0 | 0 | 0 | 0 | 0 | 0 | 0 | 0 | 1 | 1 | 0 |  0 | 0 | 1 | 0 | 2 | 1 | 4 | 4 | 10 | 2 | 2 | 2 | 7 | 2 | 6 | 1 | 3 | 2 | 3 | 5 | 17 | 6 |
179 | King, Nichole Lynn | New Mexico State University | 2000 | female | 3 | 1 | 2002 | 7 | 2 | 2004 | 0 | 1 | 0 | 1 | 0 | 1 | 0 | 1 | 0 | 0 | 0 | 0 | 0 | 0 | 0 | 0 | 0 | 0 | 0 | 0 | 0 | 0 |  2 | 2 | 0 | 1 | 1 | 1 | 0 | 1 | 0 | 1 | 0 | 0 | 0 | 0 | 0 | 0 | 0 | 0 | 0 | 0 | 0 | 0 |
180 | Khanna, Gaurav | The Pennsylvania State University | 2000 | male | 3 | 6 | 2017 | 5 | 50 | 2017 | 0 | 0 | 0 | 0 | 1 | 2 | 1 | 2 | 0 | 1 | 0 | 0 | 0 | 0 | 0 | 1 | 0 | 0 | 0 | 0 | 0 | 0 |  0 | 0 | 0 | 1 | 1 | 3 | 2 | 4 | 2 | 3 | 3 | 3 | 3 | 3 | 3 | 3 | 6 | 2 | 3 | 3 | 2 | 4 |
181 | Hoopes, Charles Gordon | New Mexico State University | 2000 | male | 4 | 9 | 2007 | 9 | 34 | 2015 | 0 | 1 | 0 | 0 | 1 | 2 | 2 | 1 | 3 | 1 | 1 | 0 | 1 | 0 | 0 | 0 | 0 | 0 | 0 | 0 | 0 | 0 |  0 | 1 | 2 | 1 | 2 | 3 | 2 | 5 | 6 | 3 | 8 | 2 | 5 | 1 | 1 | 0 | 0 | 0 | 0 | 0 | 1 | 0 |
182 | Shah, Nitesh Navin | The University of Arizona | 2000 | male | 1 | 0 | 2000 | 1 | 2 | 2013 | 0 | 0 | 0 | 0 | 0 | 1 | 0 | 0 | 0 | 0 | 0 | 0 | 0 | 0 | 0 | 0 | 0 | 0 | 0 | 0 | 0 | 0 |  0 | 0 | 0 | 0 | 0 | 1 | 0 | 0 | 0 | 0 | 0 | 0 | 0 | 0 | 0 | 0 | 1 | 0 | 1 | 0 | 0 | 0 |
183 | Gonzalez, Anthony Hernan | University of California, Santa Cruz | 2000 | male | 4 | 15 | 2015 | 10 | 189 | 2017 | 0 | 0 | 1 | 0 | 0 | 3 | 1 | 3 | 1 | 2 | 2 | 0 | 1 | 0 | 1 | 1 | 0 | 1 | 1 | 0 | 1 | 0 |  0 | 2 | 3 | 1 | 1 | 3 | 2 | 6 | 2 | 5 | 6 | 8 | 4 | 8 | 12 | 11 | 13 | 26 | 24 | 18 | 18 | 18 |
184 | Kuntz, Kip Dee | University of Maryland, College Park | 2000 | male | 5 | 13 | 2016 | 7 | 65 | 2017 | 0 | 1 | 1 | 1 | 0 | 2 | 4 | 0 | 1 | 0 | 1 | 0 | 0 | 3 | 0 | 1 | 0 | 0 | 1 | 0 | 1 | 1 |  0 | 1 | 1 | 2 | 0 | 3 | 6 | 1 | 2 | 3 | 4 | 2 | 2 | 5 | 4 | 4 | 4 | 7 | 2 | 6 | 6 | 6 |
185 | Sudol, Jeffrey Joseph | University of Wyoming | 2000 | male | 2 | 4 | 2012 | 4 | 7 | 2012 | 0 | 0 | 0 | 0 | 1 | 1 | 0 | 1 | 1 | 0 | 1 | 0 | 0 | 0 | 0 | 0 | 0 | 1 | 0 | 0 | 0 | 0 |  0 | 0 | 0 | 0 | 2 | 2 | 1 | 1 | 1 | 0 | 1 | 0 | 0 | 0 | 0 | 1 | 0 | 2 | 0 | 0 | 0 | 0 |
186 | Gabel, Jack Raymond | The Catholic University of America | 2000 | male | 2 | 6 | 2006 | 2 | 31 | 2014 | 0 | 0 | 0 | 0 | 0 | 2 | 0 | 1 | 2 | 0 | 2 | 1 | 0 | 0 | 0 | 0 | 0 | 0 | 0 | 0 | 0 | 0 |  0 | 0 | 0 | 0 | 0 | 2 | 1 | 4 | 8 | 4 | 4 | 2 | 4 | 0 | 2 | 0 | 1 | 0 | 0 | 1 | 0 | 0 |
187 | Keating, Brian Gregory | Brown University | 2000 | male | 2 | 5 | 2013 | 2 | 77 | 2017 | 0 | 0 | 0 | 1 | 0 | 1 | 1 | 0 | 1 | 0 | 0 | 2 | 0 | 0 | 0 | 0 | 0 | 0 | 1 | 0 | 0 | 0 |  0 | 0 | 0 | 1 | 0 | 1 | 1 | 0 | 6 | 2 | 1 | 5 | 3 | 2 | 5 | 4 | 3 | 4 | 8 | 7 | 13 | 8 |
188 | Lara, Juan Felipe | THE UNIVERSITY OF TEXAS AT AUSTIN | 2000 | male | 1 | 2 | 2006 | 2 | 2 | 2006 | 0 | 0 | 0 | 0 | 0 | 1 | 0 | 0 | 0 | 0 | 1 | 1 | 0 | 0 | 0 | 0 | 0 | 0 | 0 | 0 | 0 | 0 |  0 | 0 | 1 | 0 | 0 | 1 | 0 | 0 | 0 | 0 | 1 | 1 | 0 | 0 | 0 | 0 | 0 | 0 | 0 | 0 | 0 | 0 |
189 | Tribiano, Shana Marie | Dartmouth College | 2000 | female | 1 | 0 | 2000 | 1 | 7 | 2017 | 0 | 0 | 0 | 0 | 0 | 1 | 0 | 0 | 0 | 0 | 0 | 0 | 0 | 0 | 0 | 0 | 0 | 0 | 0 | 0 | 0 | 0 |  0 | 0 | 0 | 0 | 0 | 1 | 0 | 0 | 0 | 0 | 0 | 0 | 3 | 1 | 1 | 0 | 0 | 0 | 0 | 1 | 0 | 0 |
190 | Fisher, Robert Scott | University of Florida | 2000 | male | 2 | 3 | 2015 | 14 | 37 | 2017 | 0 | 0 | 0 | 0 | 0 | 2 | 0 | 0 | 1 | 0 | 0 | 0 | 0 | 0 | 1 | 0 | 0 | 0 | 0 | 0 | 1 | 0 |  2 | 0 | 0 | 1 | 8 | 3 | 3 | 0 | 4 | 0 | 2 | 3 | 2 | 1 | 2 | 0 | 4 | 0 | 3 | 5 | 4 | 2 |
191 | Rosenberg, Jessica Langer | University of Massachusetts Amherst | 2000 | female | 2 | 10 | 2014 | 7 | 44 | 2017 | 0 | 0 | 0 | 0 | 0 | 2 | 0 | 1 | 2 | 0 | 1 | 2 | 0 | 1 | 0 | 0 | 0 | 0 | 2 | 1 | 0 | 0 |  1 | 0 | 0 | 1 | 0 | 5 | 0 | 2 | 2 | 2 | 4 | 6 | 2 | 2 | 2 | 2 | 1 | 0 | 7 | 5 | 4 | 2 |
192 | Alexander, Stephon H. S. | Brown University | 2000 | male | 3 | 34 | 2017 | 3 | 38 | 2017 | 0 | 0 | 0 | 0 | 0 | 3 | 0 | 1 | 2 | 1 | 2 | 1 | 2 | 4 | 5 | 2 | 0 | 3 | 2 | 1 | 3 | 4 |  0 | 0 | 0 | 0 | 0 | 3 | 0 | 2 | 2 | 1 | 2 | 1 | 2 | 4 | 6 | 3 | 0 | 3 | 2 | 1 | 3 | 4 |
193 | Cartin, Daniel Burdett, III | The Pennsylvania State University | 2000 | male | 1 | 11 | 2015 | 1 | 13 | 2015 | 0 | 0 | 0 | 0 | 0 | 1 | 0 | 1 | 0 | 1 | 2 | 1 | 0 | 0 | 0 | 1 | 0 | 1 | 1 | 1 | 2 | 0 |  0 | 0 | 0 | 0 | 0 | 1 | 0 | 1 | 0 | 1 | 2 | 1 | 1 | 0 | 0 | 1 | 0 | 2 | 1 | 1 | 2 | 0 |
194 | Lederer, Susan Maria | University of Florida | 2000 | female | 3 | 6 | 2009 | 5 | 22 | 2017 | 1 | 0 | 1 | 0 | 0 | 1 | 0 | 1 | 1 | 0 | 1 | 0 | 0 | 1 | 2 | 0 | 0 | 0 | 0 | 0 | 0 | 0 |  1 | 0 | 2 | 1 | 0 | 1 | 0 | 1 | 1 | 1 | 3 | 3 | 0 | 4 | 2 | 1 | 2 | 0 | 0 | 0 | 0 | 2 |
195 | Munoz Franco, Lucia | The University of Chicago | 2000 | female | 1 | 0 | 2000 | 1 | 0 | 2000 | 0 | 0 | 0 | 0 | 0 | 1 | 0 | 0 | 0 | 0 | 0 | 0 | 0 | 0 | 0 | 0 | 0 | 0 | 0 | 0 | 0 | 0 |  0 | 0 | 0 | 0 | 0 | 1 | 0 | 0 | 0 | 0 | 0 | 0 | 0 | 0 | 0 | 0 | 0 | 0 | 0 | 0 | 0 | 0 |
196 | Crews, Lionel Jacob | Vanderbilt University | 2000 | male | 2 | 0 | 2000 | 3 | 2 | 2006 | 1 | 0 | 0 | 0 | 0 | 1 | 0 | 0 | 0 | 0 | 0 | 0 | 0 | 0 | 0 | 0 | 0 | 0 | 0 | 0 | 0 | 0 |  1 | 0 | 0 | 0 | 0 | 2 | 0 | 0 | 0 | 1 | 0 | 1 | 0 | 0 | 0 | 0 | 0 | 0 | 0 | 0 | 0 | 0 |
197 | Wyder, Ted Kevin | University of Washington | 2000 | male | 5 | 5 | 2009 | 7 | 125 | 2015 | 0 | 0 | 1 | 1 | 0 | 3 | 1 | 0 | 1 | 0 | 1 | 0 | 1 | 0 | 1 | 0 | 0 | 0 | 0 | 0 | 0 | 0 |  0 | 0 | 1 | 1 | 1 | 4 | 1 | 1 | 1 | 1 | 35 | 5 | 32 | 3 | 10 | 9 | 10 | 7 | 7 | 2 | 1 | 0 |
198 | Roberts, Mallory Strider Ellison | Stanford University | 2000 | female | 3 | 10 | 2014 | 5 | 98 | 2016 | 0 | 0 | 0 | 1 | 1 | 1 | 3 | 1 | 1 | 1 | 2 | 0 | 0 | 1 | 0 | 0 | 0 | 0 | 0 | 1 | 0 | 0 |  1 | 0 | 1 | 1 | 1 | 1 | 7 | 4 | 5 | 10 | 12 | 5 | 8 | 10 | 2 | 6 | 6 | 3 | 8 | 5 | 2 | 5 |
199 | Allen, Anthony Douglas | University of California, Berkeley | 2000 | male | 3 | 5 | 2013 | 4 | 12 | 2015 | 0 | 0 | 0 | 1 | 0 | 2 | 1 | 0 | 2 | 1 | 0 | 0 | 0 | 0 | 0 | 0 | 0 | 0 | 1 | 0 | 0 | 0 |  0 | 0 | 0 | 1 | 0 | 3 | 1 | 0 | 2 | 2 | 1 | 3 | 0 | 0 | 0 | 0 | 0 | 1 | 1 | 0 | 1 | 0 |
200 | Tung, Yeh-Kai | University of California, Berkeley | 2000 | male | 1 | 3 | 2002 | 4 | 6 | 2004 | 0 | 0 | 0 | 0 | 0 | 1 | 2 | 1 | 0 | 0 | 0 | 0 | 0 | 0 | 0 | 0 | 0 | 0 | 0 | 0 | 0 | 0 |  1 | 0 | 0 | 1 | 0 | 2 | 2 | 1 | 2 | 1 | 0 | 0 | 0 | 0 | 0 | 0 | 0 | 0 | 0 | 0 | 0 | 0 |
201 | Reitzel, David Brian | University of California, Santa Cruz | 2000 | male | 2 | 2 | 2004 | 4 | 33 | 2014 | 0 | 0 | 0 | 1 | 0 | 1 | 0 | 1 | 0 | 1 | 0 | 0 | 0 | 0 | 0 | 0 | 0 | 0 | 0 | 0 | 0 | 0 |  2 | 0 | 0 | 1 | 0 | 1 | 0 | 1 | 0 | 3 | 2 | 5 | 9 | 5 | 2 | 0 | 0 | 3 | 1 | 2 | 0 | 0 |
202 | Richardson, Georgia Ann | The University of Alabama in Huntsville | 2000 | female | 1 | 1 | 2002 | 3 | 6 | 2006 | 0 | 0 | 0 | 0 | 0 | 1 | 0 | 1 | 0 | 0 | 0 | 0 | 0 | 0 | 0 | 0 | 0 | 0 | 0 | 0 | 0 | 0 |  0 | 0 | 0 | 0 | 2 | 1 | 0 | 1 | 2 | 0 | 2 | 1 | 0 | 0 | 0 | 0 | 0 | 0 | 0 | 0 | 0 | 0 |
203 | Wood, David Allen, Jr. | The University of Arizona | 2000 | male | 1 | 0 | 2000 | 1 | 4 | 2016 | 0 | 0 | 0 | 0 | 0 | 1 | 0 | 0 | 0 | 0 | 0 | 0 | 0 | 0 | 0 | 0 | 0 | 0 | 0 | 0 | 0 | 0 |  0 | 0 | 0 | 0 | 0 | 1 | 0 | 1 | 0 | 0 | 0 | 0 | 0 | 0 | 0 | 1 | 0 | 0 | 1 | 0 | 0 | 1 |
204 | Pritzl, Barton John | Michigan State University | 2000 | male | 2 | 12 | 2016 | 3 | 40 | 2016 | 0 | 0 | 0 | 0 | 0 | 2 | 1 | 2 | 4 | 1 | 2 | 0 | 0 | 0 | 0 | 0 | 1 | 0 | 0 | 0 | 0 | 1 |  0 | 0 | 0 | 0 | 1 | 2 | 1 | 4 | 4 | 3 | 4 | 2 | 3 | 2 | 3 | 4 | 2 | 3 | 2 | 0 | 2 | 1 |
205 | Webb, Richard Albert | University of California, Los Angeles | 2000 | male | 2 | 3 | 2011 | 26 | 27 | 2015 | 0 | 0 | 0 | 0 | 1 | 1 | 0 | 0 | 0 | 0 | 0 | 0 | 2 | 0 | 0 | 0 | 1 | 0 | 0 | 0 | 0 | 0 |  2 | 2 | 7 | 5 | 7 | 3 | 5 | 2 | 6 | 2 | 0 | 1 | 2 | 0 | 0 | 0 | 2 | 1 | 4 | 1 | 1 | 0 |
206 | Templeton, Matthew Reed | New Mexico State University | 2000 | male | 3 | 25 | 2014 | 5 | 48 | 2016 | 0 | 0 | 1 | 0 | 0 | 2 | 1 | 2 | 2 | 3 | 3 | 1 | 1 | 1 | 2 | 1 | 1 | 3 | 2 | 2 | 0 | 0 |  0 | 0 | 1 | 1 | 0 | 3 | 1 | 3 | 5 | 5 | 4 | 1 | 1 | 3 | 2 | 4 | 4 | 4 | 4 | 3 | 0 | 4 |
207 | Birriel, Jennifer Jean | University of Pittsburgh | 2000 | female | 3 | 10 | 2014 | 3 | 11 | 2014 | 0 | 0 | 0 | 1 | 0 | 2 | 2 | 0 | 0 | 1 | 0 | 0 | 0 | 2 | 1 | 2 | 0 | 0 | 0 | 2 | 0 | 0 |  0 | 0 | 0 | 1 | 0 | 2 | 2 | 0 | 0 | 1 | 0 | 0 | 0 | 2 | 1 | 3 | 0 | 0 | 0 | 2 | 0 | 0 |
208 | Canalizo, Edith Gabriela | University of Hawai'i at Manoa | 2000 | female | 1 | 0 | 2000 | 1 | 0 | 2000 | 0 | 0 | 0 | 0 | 0 | 1 | 0 | 0 | 0 | 0 | 0 | 0 | 0 | 0 | 0 | 0 | 0 | 0 | 0 | 0 | 0 | 0 |  0 | 0 | 0 | 0 | 0 | 1 | 0 | 0 | 0 | 0 | 0 | 0 | 0 | 0 | 0 | 0 | 0 | 0 | 0 | 0 | 0 | 0 |
209 | Haisch, Karl Erwin, Jr. | University of Florida | 2000 | male | 1 | 0 | 2000 | 1 | 2 | 2012 | 0 | 0 | 0 | 0 | 0 | 1 | 0 | 0 | 0 | 0 | 0 | 0 | 0 | 0 | 0 | 0 | 0 | 0 | 0 | 0 | 0 | 0 |  0 | 0 | 0 | 0 | 0 | 1 | 0 | 1 | 0 | 0 | 0 | 0 | 0 | 0 | 0 | 0 | 0 | 1 | 0 | 0 | 0 | 0 |
210 | Hawley, Scott Hearne | The University of Texas at Austin | 2000 | male | 2 | 2 | 2004 | 5 | 5 | 2005 | 0 | 0 | 0 | 0 | 0 | 2 | 0 | 0 | 1 | 1 | 0 | 0 | 0 | 0 | 0 | 0 | 0 | 0 | 0 | 0 | 0 | 0 |  0 | 1 | 2 | 0 | 0 | 2 | 0 | 0 | 1 | 3 | 1 | 0 | 0 | 0 | 0 | 0 | 0 | 0 | 0 | 0 | 0 | 0 |
211 | Smith, Deano Ray | University of Michigan | 2000 | male | 4 | 4 | 2006 | 14 | 40 | 2016 | 0 | 1 | 0 | 0 | 0 | 3 | 1 | 0 | 0 | 2 | 0 | 1 | 0 | 0 | 0 | 0 | 0 | 0 | 0 | 0 | 0 | 0 |  2 | 2 | 0 | 3 | 3 | 4 | 3 | 1 | 6 | 5 | 2 | 2 | 0 | 1 | 3 | 4 | 0 | 3 | 2 | 4 | 0 | 4 |
212 | Lang, Cornelia Chesley | University of California, Los Angeles | 2000 | female | 6 | 7 | 2010 | 7 | 34 | 2016 | 0 | 0 | 2 | 0 | 3 | 1 | 2 | 1 | 0 | 0 | 1 | 0 | 1 | 0 | 0 | 2 | 0 | 0 | 0 | 0 | 0 | 0 |  1 | 0 | 2 | 0 | 3 | 1 | 2 | 4 | 2 | 1 | 2 | 3 | 1 | 0 | 2 | 5 | 4 | 2 | 0 | 2 | 2 | 2 |
213 | Lee, Andrew | Stanford University | 2000 | male | 8 | 1 | 2001 | 16 | 114 | 2017 | 3 | 0 | 1 | 0 | 0 | 4 | 1 | 0 | 0 | 0 | 0 | 0 | 0 | 0 | 0 | 0 | 0 | 0 | 0 | 0 | 0 | 0 |  3 | 1 | 1 | 0 | 2 | 9 | 7 | 2 | 3 | 4 | 0 | 3 | 2 | 3 | 5 | 9 | 11 | 13 | 15 | 12 | 14 | 9 |
214 | Miller, Amber Dawn | Princeton University | 2000 | female | 4 | 3 | 2015 | 17 | 60 | 2017 | 0 | 0 | 0 | 2 | 1 | 1 | 0 | 1 | 0 | 0 | 0 | 0 | 0 | 1 | 0 | 0 | 0 | 0 | 0 | 0 | 1 | 0 |  2 | 0 | 2 | 8 | 2 | 3 | 1 | 3 | 2 | 0 | 1 | 0 | 1 | 2 | 4 | 3 | 4 | 5 | 1 | 2 | 10 | 12 |
215 | Altice, Peter Parker, Jr. | Louisiana State University and Agricultural & Mechanical College | 2000 | male | 1 | 1 | 2002 | 4 | 1 | 2002 | 0 | 0 | 0 | 0 | 0 | 1 | 0 | 1 | 0 | 0 | 0 | 0 | 0 | 0 | 0 | 0 | 0 | 0 | 0 | 0 | 0 | 0 |  1 | 0 | 0 | 1 | 0 | 2 | 0 | 1 | 0 | 0 | 0 | 0 | 0 | 0 | 0 | 0 | 0 | 0 | 0 | 0 | 0 | 0 |
216 | Ferrara, Elizabeth Colleen | Georgia State University | 2000 | female | 1 | 0 | 2000 | 5 | 120 | 2017 | 0 | 0 | 0 | 0 | 0 | 1 | 0 | 0 | 0 | 0 | 0 | 0 | 0 | 0 | 0 | 0 | 0 | 0 | 0 | 0 | 0 | 0 |  0 | 0 | 1 | 1 | 1 | 2 | 2 | 0 | 0 | 0 | 0 | 0 | 0 | 0 | 5 | 17 | 18 | 22 | 17 | 6 | 11 | 18 |
217 | Mersini, Laura | THE UNIVERSITY OF WISCONSIN - MILWAUKEE | 2000 | female | 4 | 3 | 2001 | 4 | 10 | 2004 | 0 | 0 | 0 | 1 | 2 | 1 | 3 | 0 | 0 | 0 | 0 | 0 | 0 | 0 | 0 | 0 | 0 | 0 | 0 | 0 | 0 | 0 |  0 | 0 | 0 | 1 | 2 | 1 | 4 | 2 | 2 | 2 | 0 | 0 | 0 | 0 | 0 | 0 | 0 | 0 | 0 | 0 | 0 | 0 |
218 | Terzieva, Radoslava V. | The Ohio State University | 2000 | female | 5 | 0 | 2000 | 13 | 0 | 2000 | 0 | 0 | 0 | 2 | 0 | 3 | 0 | 0 | 0 | 0 | 0 | 0 | 0 | 0 | 0 | 0 | 0 | 0 | 0 | 0 | 0 | 0 |  0 | 0 | 0 | 4 | 4 | 5 | 0 | 0 | 0 | 0 | 0 | 0 | 0 | 0 | 0 | 0 | 0 | 0 | 0 | 0 | 0 | 0 |
219 | Friedrichsen, James Edward, III | The University of Texas at Austin | 2000 | male | 1 | 0 | 2000 | 1 | 0 | 2000 | 0 | 0 | 0 | 0 | 0 | 1 | 0 | 0 | 0 | 0 | 0 | 0 | 0 | 0 | 0 | 0 | 0 | 0 | 0 | 0 | 0 | 0 |  0 | 0 | 0 | 0 | 0 | 1 | 0 | 0 | 0 | 0 | 0 | 0 | 0 | 0 | 0 | 0 | 0 | 0 | 0 | 0 | 0 | 0 |
220 | Lehr, Dana Elizabeth | Stanford University | 2000 | female | 2 | 0 | 2000 | 4 | 0 | 2000 | 0 | 0 | 0 | 0 | 1 | 1 | 0 | 0 | 0 | 0 | 0 | 0 | 0 | 0 | 0 | 0 | 0 | 0 | 0 | 0 | 0 | 0 |  0 | 0 | 2 | 0 | 1 | 1 | 0 | 0 | 0 | 0 | 0 | 0 | 0 | 0 | 0 | 0 | 0 | 0 | 0 | 0 | 0 | 0 |
221 | Saucedo Morales, Julio Cesar | The University of Arizona | 2000 | male | 1 | 0 | 2000 | 1 | 9 | 2017 | 0 | 0 | 0 | 0 | 0 | 1 | 0 | 0 | 0 | 0 | 0 | 0 | 0 | 0 | 0 | 0 | 0 | 0 | 0 | 0 | 0 | 0 |  0 | 0 | 0 | 0 | 0 | 1 | 2 | 0 | 0 | 0 | 0 | 0 | 0 | 3 | 0 | 0 | 0 | 1 | 0 | 0 | 2 | 0 |
222 | Gaudi, Bernard Scott | The Ohio State University | 2000 | male | 9 | 18 | 2012 | 16 | 183 | 2017 | 0 | 0 | 3 | 2 | 1 | 3 | 2 | 4 | 2 | 2 | 4 | 0 | 1 | 2 | 0 | 0 | 0 | 1 | 0 | 0 | 0 | 0 |  0 | 0 | 4 | 2 | 3 | 7 | 4 | 7 | 6 | 8 | 10 | 7 | 4 | 11 | 9 | 12 | 9 | 15 | 19 | 12 | 20 | 19 |
223 | Williams, Peter Todd | The University of Texas at Austin | 2000 | male | 1 | 5 | 2017 | 2 | 30 | 2017 | 0 | 0 | 0 | 0 | 0 | 1 | 0 | 0 | 0 | 1 | 1 | 2 | 0 | 0 | 0 | 0 | 0 | 0 | 0 | 0 | 0 | 0 |  0 | 0 | 1 | 0 | 0 | 1 | 0 | 1 | 2 | 5 | 8 | 6 | 1 | 0 | 0 | 0 | 1 | 1 | 0 | 1 | 2 | 0 |
224 | Cho, Jungyeon | The University of Texas at Austin | 2000 | female | 4 | 37 | 2016 | 7 | 80 | 2016 | 0 | 0 | 0 | 1 | 0 | 3 | 1 | 4 | 5 | 2 | 3 | 1 | 2 | 0 | 4 | 2 | 2 | 4 | 1 | 2 | 1 | 3 |  1 | 0 | 0 | 3 | 0 | 3 | 2 | 4 | 8 | 5 | 6 | 3 | 3 | 5 | 9 | 5 | 4 | 6 | 4 | 4 | 4 | 8 |
225 | Goldberg, David M. | Princeton University | 2000 | male | 9 | 8 | 2010 | 14 | 24 | 2016 | 0 | 0 | 3 | 3 | 1 | 2 | 2 | 1 | 0 | 1 | 2 | 0 | 1 | 0 | 0 | 1 | 0 | 0 | 0 | 0 | 0 | 0 |  0 | 0 | 5 | 4 | 3 | 2 | 4 | 1 | 0 | 2 | 3 | 1 | 3 | 4 | 0 | 2 | 2 | 0 | 0 | 1 | 0 | 1 |
226 | Hinrichs, John Lewis | University of Hawai'i at Manoa | 2000 | male | 2 | 1 | 2002 | 2 | 6 | 2016 | 0 | 0 | 0 | 0 | 1 | 1 | 0 | 1 | 0 | 0 | 0 | 0 | 0 | 0 | 0 | 0 | 0 | 0 | 0 | 0 | 0 | 0 |  0 | 0 | 0 | 0 | 1 | 1 | 1 | 3 | 0 | 0 | 0 | 1 | 0 | 0 | 0 | 0 | 0 | 0 | 0 | 0 | 0 | 1 |
227 | Strong, Avaine | Howard University | 2000 | None | 13 | 14 | 2011 | 63 | 150 | 2017 | 4 | 3 | 1 | 0 | 3 | 2 | 5 | 0 | 4 | 1 | 1 | 0 | 1 | 0 | 0 | 1 | 1 | 0 | 0 | 0 | 0 | 0 |  19 | 14 | 6 | 6 | 13 | 5 | 12 | 3 | 18 | 2 | 8 | 3 | 4 | 15 | 12 | 14 | 11 | 14 | 9 | 4 | 11 | 8 |
228 | Stephens, Gregory James | University of Maryland, College Park | 2000 | male | 2 | 1 | 2002 | 2 | 32 | 2012 | 0 | 0 | 0 | 0 | 1 | 1 | 0 | 1 | 0 | 0 | 0 | 0 | 0 | 0 | 0 | 0 | 0 | 0 | 0 | 0 | 0 | 0 |  0 | 0 | 0 | 0 | 1 | 1 | 0 | 1 | 0 | 0 | 0 | 0 | 0 | 0 | 5 | 11 | 12 | 3 | 0 | 0 | 0 | 0 |
229 | Zakharian, Aramais Robert | The University of Arizona | 2000 | male | 2 | 1 | 2001 | 6 | 3 | 2001 | 0 | 0 | 0 | 0 | 1 | 1 | 1 | 0 | 0 | 0 | 0 | 0 | 0 | 0 | 0 | 0 | 0 | 0 | 0 | 0 | 0 | 0 |  0 | 1 | 1 | 0 | 3 | 1 | 3 | 0 | 0 | 0 | 0 | 0 | 0 | 0 | 0 | 0 | 0 | 0 | 0 | 0 | 0 | 0 |
230 | Li, Gang | INDIANA UNIVERSITY | 2000 | male | 6 | 33 | 2016 | 14 | 158 | 2017 | 0 | 1 | 2 | 2 | 0 | 1 | 0 | 0 | 3 | 0 | 4 | 2 | 2 | 1 | 3 | 3 | 2 | 4 | 3 | 2 | 3 | 1 |  0 | 1 | 3 | 6 | 2 | 2 | 1 | 0 | 6 | 4 | 6 | 5 | 5 | 7 | 8 | 7 | 4 | 14 | 17 | 19 | 25 | 24 |
231 | Daw, Adrian Nigel | HARVARD UNIVERSITY | 2000 | male | 3 | 0 | 2000 | 3 | 12 | 2017 | 1 | 0 | 0 | 0 | 0 | 2 | 0 | 0 | 0 | 0 | 0 | 0 | 0 | 0 | 0 | 0 | 0 | 0 | 0 | 0 | 0 | 0 |  1 | 0 | 0 | 0 | 0 | 2 | 0 | 1 | 0 | 0 | 0 | 0 | 2 | 0 | 0 | 2 | 1 | 0 | 1 | 2 | 1 | 1 |
232 | Martinez-Galarce, Dennis Stanley | STANFORD UNIVERSITY | 2000 | male | 2 | 0 | 2000 | 2 | 4 | 2008 | 0 | 0 | 0 | 0 | 0 | 2 | 0 | 0 | 0 | 0 | 0 | 0 | 0 | 0 | 0 | 0 | 0 | 0 | 0 | 0 | 0 | 0 |  0 | 0 | 0 | 0 | 0 | 2 | 0 | 0 | 1 | 0 | 0 | 1 | 0 | 2 | 0 | 0 | 0 | 0 | 0 | 0 | 0 | 0 |
233 | Mahan, Stephen Lee | THE UNIVERSITY OF TENNESSEE | 2000 | male | 1 | 0 | 2000 | 2 | 2 | 2011 | 0 | 0 | 0 | 0 | 0 | 1 | 0 | 0 | 0 | 0 | 0 | 0 | 0 | 0 | 0 | 0 | 0 | 0 | 0 | 0 | 0 | 0 |  1 | 0 | 0 | 0 | 0 | 1 | 0 | 0 | 0 | 0 | 1 | 0 | 0 | 0 | 0 | 0 | 1 | 0 | 0 | 0 | 0 | 0 |
234 | Startin, William James | SYRACUSE UNIVERSITY | 2000 | male | 1 | 0 | 2000 | 2 | 1 | 2002 | 0 | 0 | 0 | 0 | 0 | 1 | 0 | 0 | 0 | 0 | 0 | 0 | 0 | 0 | 0 | 0 | 0 | 0 | 0 | 0 | 0 | 0 |  0 | 0 | 0 | 0 | 0 | 2 | 0 | 1 | 0 | 0 | 0 | 0 | 0 | 0 | 0 | 0 | 0 | 0 | 0 | 0 | 0 | 0 |
235 | Oser, Scott Michael | THE UNIVERSITY OF CHICAGO | 2000 | male | 2 | 1 | 2001 | 16 | 31 | 2017 | 0 | 0 | 0 | 0 | 1 | 1 | 1 | 0 | 0 | 0 | 0 | 0 | 0 | 0 | 0 | 0 | 0 | 0 | 0 | 0 | 0 | 0 |  1 | 1 | 6 | 2 | 5 | 1 | 2 | 3 | 0 | 1 | 4 | 3 | 1 | 2 | 1 | 2 | 2 | 1 | 3 | 1 | 4 | 0 |
236 | Jewell, Jeffrey B. | THE UNIVERSITY OF CHICAGO | 2000 | male | 1 | 3 | 2009 | 1 | 38 | 2016 | 0 | 0 | 0 | 0 | 0 | 1 | 1 | 0 | 0 | 1 | 0 | 0 | 0 | 0 | 1 | 0 | 0 | 0 | 0 | 0 | 0 | 0 |  0 | 0 | 0 | 0 | 0 | 1 | 1 | 0 | 0 | 3 | 1 | 0 | 3 | 3 | 4 | 1 | 2 | 1 | 2 | 11 | 3 | 3 |
237 | Tran, Phidung Hong | STATE UNIVERSITY OF NEW YORK AT STONY BROOK | 2000 | None | 1 | 0 | 2000 | 1 | 0 | 2000 | 0 | 0 | 0 | 0 | 0 | 1 | 0 | 0 | 0 | 0 | 0 | 0 | 0 | 0 | 0 | 0 | 0 | 0 | 0 | 0 | 0 | 0 |  0 | 0 | 0 | 0 | 0 | 1 | 0 | 0 | 0 | 0 | 0 | 0 | 0 | 0 | 0 | 0 | 0 | 0 | 0 | 0 | 0 | 0 |
238 | Rivers, Andrew James | THE UNIVERSITY OF NEW MEXICO | 2000 | male | 2 | 0 | 2000 | 3 | 1 | 2013 | 0 | 0 | 0 | 0 | 1 | 1 | 0 | 0 | 0 | 0 | 0 | 0 | 0 | 0 | 0 | 0 | 0 | 0 | 0 | 0 | 0 | 0 |  0 | 0 | 0 | 1 | 1 | 1 | 0 | 0 | 0 | 0 | 0 | 0 | 0 | 0 | 0 | 0 | 0 | 0 | 1 | 0 | 0 | 0 |
239 | Trujillo, Chadwick Aaron | UNIVERSITY OF HAWAII | 2000 | male | 3 | 10 | 2014 | 7 | 36 | 2016 | 0 | 0 | 0 | 1 | 0 | 2 | 3 | 1 | 1 | 0 | 1 | 0 | 1 | 1 | 0 | 0 | 1 | 0 | 0 | 1 | 0 | 0 |  0 | 0 | 1 | 2 | 0 | 4 | 3 | 1 | 1 | 2 | 6 | 4 | 3 | 2 | 1 | 2 | 2 | 2 | 0 | 3 | 2 | 2 |
240 | Beristain, Georgina | UNIVERSITY OF MASSACHUSETTS | 2000 | female | 2 | 1 | 2001 | 2 | 1 | 2001 | 0 | 0 | 0 | 1 | 0 | 1 | 1 | 0 | 0 | 0 | 0 | 0 | 0 | 0 | 0 | 0 | 0 | 0 | 0 | 0 | 0 | 0 |  0 | 0 | 0 | 1 | 0 | 1 | 1 | 0 | 0 | 0 | 0 | 0 | 0 | 0 | 0 | 0 | 0 | 0 | 0 | 0 | 0 | 0 |
241 | Oetiker, Brian Glen | THE UNIVERSITY OF NEW MEXICO | 2000 | male | 1 | 2 | 2010 | 3 | 4 | 2011 | 0 | 0 | 0 | 0 | 0 | 1 | 1 | 0 | 0 | 0 | 0 | 0 | 0 | 0 | 0 | 1 | 0 | 0 | 0 | 0 | 0 | 0 |  0 | 0 | 0 | 1 | 0 | 2 | 1 | 0 | 0 | 1 | 0 | 0 | 0 | 0 | 0 | 1 | 1 | 0 | 0 | 0 | 0 | 0 |
242 | Rebull, Luisa Marie | Department of Astronomy, University of Chicago, 5640 S. Ellis Ave, Chicago, IL 60637 USA | 2000 | female | 3 | 22 | 2017 | 7 | 117 | 2017 | 0 | 0 | 0 | 1 | 0 | 2 | 1 | 2 | 1 | 1 | 0 | 2 | 1 | 1 | 0 | 1 | 3 | 0 | 1 | 1 | 3 | 3 |  0 | 1 | 1 | 2 | 1 | 2 | 2 | 2 | 2 | 11 | 2 | 6 | 8 | 6 | 10 | 9 | 9 | 10 | 4 | 7 | 11 | 14 |
243 | Heinz, Sebastian | UNIVERSITY OF COLORADO AT BOULDER | 2000 | male | 6 | 26 | 2016 | 7 | 131 | 2017 | 0 | 0 | 1 | 1 | 2 | 2 | 1 | 3 | 3 | 2 | 3 | 2 | 3 | 2 | 0 | 1 | 1 | 1 | 1 | 1 | 1 | 1 |  0 | 0 | 1 | 1 | 3 | 2 | 2 | 6 | 4 | 4 | 9 | 4 | 7 | 9 | 18 | 12 | 17 | 16 | 10 | 3 | 5 | 3 |
244 | Giblin, Timothy William | UNIVERSITY OF ALABAMA IN HUNTSVILLE | 2000 | male | 2 | 2 | 2004 | 5 | 13 | 2015 | 0 | 0 | 0 | 0 | 1 | 1 | 0 | 1 | 0 | 1 | 0 | 0 | 0 | 0 | 0 | 0 | 0 | 0 | 0 | 0 | 0 | 0 |  0 | 0 | 1 | 0 | 3 | 1 | 0 | 2 | 1 | 4 | 2 | 1 | 1 | 1 | 0 | 0 | 0 | 0 | 0 | 0 | 1 | 0 |
245 | MacFadyen, Andrew Ian | UNIVERSITY OF CALIFORNIA, SANTA CRUZ | 2000 | male | 2 | 2 | 2008 | 6 | 58 | 2017 | 0 | 0 | 0 | 0 | 1 | 1 | 1 | 0 | 0 | 0 | 0 | 0 | 0 | 1 | 0 | 0 | 0 | 0 | 0 | 0 | 0 | 0 |  0 | 0 | 1 | 0 | 2 | 3 | 1 | 2 | 2 | 0 | 2 | 5 | 3 | 3 | 2 | 4 | 2 | 6 | 10 | 4 | 10 | 1 |
246 | Kim, Sungsoo S. | UNIVERSITY OF CALIFORNIA, LOS ANGELES | 2000 | male | 11 | 29 | 2017 | 18 | 128 | 2017 | 0 | 2 | 1 | 3 | 3 | 2 | 2 | 0 | 1 | 1 | 1 | 5 | 4 | 0 | 1 | 2 | 2 | 3 | 1 | 4 | 1 | 0 |  1 | 4 | 1 | 4 | 5 | 3 | 3 | 2 | 4 | 4 | 2 | 8 | 8 | 8 | 11 | 14 | 7 | 9 | 10 | 14 | 7 | 10 |
247 | Pannuti, T. G. | University of New Mexico | 2000 | None | 1 | 1 | 2004 | 1 | 18 | 2015 | 0 | 0 | 0 | 0 | 0 | 1 | 0 | 0 | 0 | 1 | 0 | 0 | 0 | 0 | 0 | 0 | 0 | 0 | 0 | 0 | 0 | 0 |  0 | 0 | 0 | 0 | 0 | 1 | 0 | 0 | 2 | 2 | 3 | 1 | 3 | 0 | 0 | 1 | 1 | 1 | 1 | 1 | 2 | 0 |
248 | Thompson, Patrick Louis | UNIVERSITY OF CENTRAL FLORIDA | 2000 | male | 3 | 0 | 2000 | 3 | 4 | 2017 | 1 | 0 | 0 | 0 | 0 | 2 | 0 | 0 | 0 | 0 | 0 | 0 | 0 | 0 | 0 | 0 | 0 | 0 | 0 | 0 | 0 | 0 |  1 | 0 | 0 | 0 | 0 | 2 | 0 | 0 | 0 | 0 | 0 | 0 | 1 | 0 | 0 | 0 | 0 | 0 | 0 | 0 | 0 | 1 |
249 | Newman, Jeffrey Allen | UNIVERSITY OF CALIFORNIA, BERKELEY | 2000 | male | 4 | 7 | 2015 | 7 | 163 | 2017 | 0 | 0 | 1 | 0 | 1 | 2 | 1 | 2 | 0 | 0 | 0 | 0 | 0 | 1 | 0 | 0 | 0 | 0 | 1 | 0 | 2 | 0 |  0 | 0 | 2 | 1 | 2 | 2 | 3 | 4 | 1 | 4 | 5 | 9 | 17 | 12 | 9 | 6 | 12 | 18 | 20 | 6 | 19 | 13 |
250 | Salgado, Jose Francisco | THE UNIVERSITY OF MICHIGAN | 2000 | male | 2 | 0 | 2000 | 7 | 25 | 2017 | 0 | 0 | 0 | 0 | 1 | 1 | 0 | 0 | 0 | 0 | 0 | 0 | 0 | 0 | 0 | 0 | 0 | 0 | 0 | 0 | 0 | 0 |  0 | 1 | 1 | 2 | 2 | 1 | 0 | 0 | 0 | 1 | 3 | 3 | 4 | 4 | 1 | 3 | 1 | 2 | 0 | 0 | 0 | 2 |
251 | Oh, Siang Peng | Princeton University | 2000 | male | 3 | 13 | 2017 | 8 | 71 | 2017 | 0 | 0 | 0 | 0 | 2 | 1 | 4 | 2 | 4 | 1 | 1 | 0 | 0 | 0 | 0 | 0 | 0 | 0 | 0 | 0 | 0 | 0 |  0 | 1 | 2 | 0 | 2 | 3 | 7 | 3 | 5 | 3 | 2 | 6 | 2 | 6 | 7 | 1 | 8 | 4 | 7 | 0 | 1 | 6 |
252 | Song, I. | University of Georgia | 2000 | None | 3 | 16 | 2017 | 5 | 124 | 2017 | 0 | 0 | 0 | 0 | 0 | 3 | 1 | 3 | 2 | 3 | 1 | 2 | 2 | 0 | 0 | 0 | 0 | 1 | 0 | 0 | 0 | 0 |  0 | 0 | 1 | 0 | 1 | 3 | 3 | 3 | 2 | 10 | 6 | 9 | 5 | 8 | 8 | 4 | 11 | 13 | 4 | 9 | 13 | 9 |
253 | Deane, James R. | UNIVERSITY OF HAWAII | 2000 | male | 1 | 1 | 2001 | 3 | 2 | 2001 | 0 | 0 | 0 | 0 | 0 | 1 | 1 | 0 | 0 | 0 | 0 | 0 | 0 | 0 | 0 | 0 | 0 | 0 | 0 | 0 | 0 | 0 |  0 | 0 | 0 | 1 | 1 | 1 | 2 | 0 | 0 | 0 | 0 | 0 | 0 | 0 | 0 | 0 | 0 | 0 | 0 | 0 | 0 | 0 |
254 | Conti, Alberto | The Ohio State University Columbus, OH. | 2000 | male | 2 | 3 | 2014 | 3 | 8 | 2014 | 0 | 0 | 0 | 0 | 1 | 1 | 0 | 0 | 1 | 0 | 0 | 0 | 0 | 0 | 0 | 0 | 1 | 0 | 0 | 1 | 0 | 0 |  1 | 0 | 0 | 0 | 1 | 1 | 0 | 0 | 1 | 0 | 1 | 0 | 1 | 1 | 0 | 0 | 2 | 0 | 0 | 2 | 0 | 0 |
255 | Dalton, James Bradley, III | UNIVERSITY OF COLORADO AT BOULDER | 2000 | male | 1 | 5 | 2013 | 3 | 14 | 2017 | 0 | 0 | 0 | 0 | 0 | 1 | 0 | 0 | 1 | 0 | 1 | 0 | 0 | 0 | 0 | 2 | 0 | 0 | 1 | 0 | 0 | 0 |  0 | 0 | 0 | 1 | 1 | 1 | 0 | 0 | 1 | 1 | 2 | 0 | 2 | 0 | 0 | 3 | 0 | 0 | 1 | 2 | 0 | 1 |
256 | Zingale, Michael Anthony | THE UNIVERSITY OF CHICAGO | 2000 | male | 1 | 10 | 2015 | 4 | 32 | 2016 | 0 | 0 | 0 | 0 | 0 | 1 | 1 | 1 | 0 | 0 | 1 | 0 | 1 | 0 | 1 | 0 | 1 | 0 | 1 | 1 | 2 | 0 |  0 | 0 | 0 | 0 | 0 | 4 | 1 | 2 | 1 | 6 | 1 | 2 | 1 | 2 | 2 | 2 | 2 | 1 | 2 | 3 | 2 | 2 |
257 | Brogan, Crystal Lee | University of Kentucky, 177 Chem-Phys Bldg., Lexington KY, 40506-0055 | 2000 | female | 3 | 16 | 2016 | 3 | 81 | 2017 | 0 | 0 | 0 | 0 | 1 | 2 | 2 | 0 | 1 | 2 | 3 | 1 | 1 | 1 | 1 | 1 | 1 | 0 | 1 | 0 | 0 | 1 |  0 | 0 | 0 | 0 | 1 | 2 | 2 | 1 | 2 | 4 | 8 | 5 | 6 | 6 | 4 | 2 | 11 | 5 | 6 | 5 | 7 | 5 |
258 | Szilagyi, Bela | UNIVERSITY OF PITTSBURGH | 2000 | female | 1 | 0 | 2000 | 6 | 80 | 2017 | 0 | 0 | 0 | 0 | 0 | 1 | 0 | 0 | 0 | 0 | 0 | 0 | 0 | 0 | 0 | 0 | 0 | 0 | 0 | 0 | 0 | 0 |  0 | 0 | 0 | 3 | 1 | 2 | 0 | 1 | 1 | 1 | 2 | 4 | 3 | 3 | 4 | 1 | 2 | 6 | 14 | 10 | 11 | 14 |
259 | Culhane, Michael Patrick Pollock | UNIVERSITY OF COLORADO AT BOULDER | 2000 | male | 2 | 0 | 2000 | 3 | 0 | 2000 | 1 | 0 | 0 | 0 | 0 | 1 | 0 | 0 | 0 | 0 | 0 | 0 | 0 | 0 | 0 | 0 | 0 | 0 | 0 | 0 | 0 | 0 |  1 | 1 | 0 | 0 | 0 | 1 | 0 | 0 | 0 | 0 | 0 | 0 | 0 | 0 | 0 | 0 | 0 | 0 | 0 | 0 | 0 | 0 |
260 | Stone, Shawn Michael | UNIVERSITY OF KANSAS | 2000 | male | 1 | 1 | 2001 | 3 | 6 | 2017 | 0 | 0 | 0 | 0 | 0 | 1 | 1 | 0 | 0 | 0 | 0 | 0 | 0 | 0 | 0 | 0 | 0 | 0 | 0 | 0 | 0 | 0 |  0 | 0 | 1 | 0 | 1 | 1 | 1 | 0 | 0 | 0 | 0 | 0 | 1 | 0 | 0 | 0 | 0 | 0 | 0 | 0 | 2 | 0 |
261 | Iliev, Ilian Tzankov | The University of Texas at Austin | 2000 | male | 1 | 23 | 2015 | 6 | 109 | 2017 | 0 | 0 | 0 | 0 | 0 | 1 | 2 | 1 | 1 | 0 | 2 | 6 | 2 | 2 | 2 | 0 | 1 | 1 | 0 | 2 | 1 | 0 |  0 | 0 | 2 | 1 | 1 | 2 | 2 | 2 | 2 | 1 | 4 | 16 | 5 | 4 | 6 | 3 | 4 | 13 | 12 | 10 | 11 | 11 |
262 | Smith, Tracy Lee | THE UNIVERSITY OF TOLEDO | 2000 | female | 2 | 4 | 2012 | 9 | 8 | 2012 | 0 | 0 | 0 | 0 | 0 | 2 | 0 | 1 | 0 | 1 | 0 | 0 | 0 | 0 | 1 | 0 | 0 | 1 | 0 | 0 | 0 | 0 |  0 | 0 | 0 | 1 | 1 | 7 | 0 | 2 | 1 | 1 | 0 | 1 | 0 | 0 | 1 | 0 | 1 | 1 | 0 | 0 | 0 | 0 |
263 | Youssef, Ashraf | UNIVERSITY OF CALIFORNIA, BERKELEY | 2000 | male | 1 | 4 | 2014 | 1 | 5 | 2014 | 0 | 0 | 0 | 0 | 0 | 1 | 0 | 0 | 1 | 0 | 0 | 0 | 0 | 0 | 0 | 0 | 1 | 0 | 1 | 1 | 0 | 0 |  0 | 0 | 0 | 0 | 0 | 1 | 0 | 0 | 1 | 0 | 0 | 0 | 0 | 0 | 0 | 1 | 1 | 0 | 1 | 1 | 0 | 0 |
264 | Matheson, Thomas Douglas | UNIVERSITY OF CALIFORNIA, BERKELEY | 2000 | male | 4 | 8 | 2012 | 26 | 98 | 2017 | 0 | 0 | 0 | 0 | 0 | 4 | 2 | 0 | 2 | 1 | 1 | 0 | 0 | 1 | 0 | 0 | 0 | 1 | 0 | 0 | 0 | 0 |  8 | 3 | 3 | 0 | 4 | 8 | 6 | 6 | 10 | 6 | 5 | 5 | 5 | 13 | 3 | 2 | 7 | 8 | 2 | 8 | 2 | 8 |
265 | Bradshaw, Charles F. | GEORGE MASON UNIVERSITY | 2000 | male | 4 | 2 | 2007 | 4 | 6 | 2007 | 0 | 0 | 2 | 0 | 1 | 1 | 0 | 0 | 1 | 0 | 0 | 0 | 1 | 0 | 0 | 0 | 0 | 0 | 0 | 0 | 0 | 0 |  0 | 0 | 2 | 0 | 1 | 1 | 4 | 0 | 1 | 0 | 0 | 0 | 1 | 0 | 0 | 0 | 0 | 0 | 0 | 0 | 0 | 0 |
266 | Colaprete, Anthony | UNIVERSITY OF COLORADO AT BOULDER | 2000 | male | 4 | 9 | 2016 | 4 | 41 | 2016 | 0 | 0 | 0 | 1 | 1 | 2 | 0 | 1 | 2 | 0 | 1 | 0 | 0 | 1 | 0 | 1 | 0 | 1 | 0 | 1 | 0 | 1 |  0 | 0 | 0 | 1 | 1 | 2 | 0 | 3 | 2 | 0 | 1 | 1 | 1 | 4 | 2 | 5 | 2 | 7 | 1 | 2 | 5 | 5 |
267 | Friedland, Alexander | UNIVERSITY OF CALIFORNIA, BERKELEY | 2000 | male | 2 | 11 | 2013 | 5 | 21 | 2013 | 0 | 0 | 0 | 0 | 0 | 2 | 1 | 0 | 3 | 1 | 0 | 1 | 0 | 1 | 1 | 1 | 0 | 0 | 2 | 0 | 0 | 0 |  0 | 0 | 0 | 0 | 2 | 3 | 2 | 0 | 3 | 1 | 2 | 1 | 0 | 1 | 3 | 1 | 3 | 1 | 3 | 0 | 0 | 0 |
268 | Baltz, Edward Anthony | UNIVERSITY OF CALIFORNIA, BERKELEY | 2000 | male | 7 | 18 | 2009 | 7 | 32 | 2017 | 0 | 0 | 0 | 2 | 2 | 3 | 3 | 1 | 4 | 3 | 3 | 1 | 1 | 1 | 1 | 0 | 0 | 0 | 0 | 0 | 0 | 0 |  0 | 0 | 0 | 2 | 2 | 3 | 3 | 2 | 5 | 7 | 5 | 3 | 1 | 2 | 2 | 0 | 0 | 0 | 0 | 0 | 0 | 1 |
269 | Crawford, F. | Massachusetts Institute of Technology | 2000 | None | 5 | 16 | 2016 | 13 | 67 | 2017 | 0 | 0 | 0 | 0 | 2 | 3 | 4 | 0 | 2 | 0 | 1 | 1 | 2 | 0 | 2 | 0 | 0 | 1 | 2 | 0 | 0 | 1 |  0 | 1 | 0 | 1 | 4 | 7 | 13 | 2 | 5 | 3 | 1 | 6 | 3 | 1 | 4 | 1 | 2 | 2 | 8 | 4 | 5 | 5 |
270 | Leonard, Douglas Christopher | University of California, Berkeley | 2000 | male | 2 | 13 | 2011 | 15 | 81 | 2017 | 0 | 0 | 0 | 0 | 0 | 2 | 2 | 5 | 1 | 0 | 1 | 1 | 1 | 1 | 0 | 0 | 1 | 0 | 0 | 0 | 0 | 0 |  0 | 0 | 2 | 1 | 6 | 6 | 6 | 11 | 4 | 1 | 10 | 3 | 4 | 4 | 4 | 2 | 4 | 9 | 3 | 5 | 3 | 5 |
271 | Becker, Andrew Cameron | University of Washington | 2000 | male | 1 | 8 | 2013 | 33 | 108 | 2016 | 0 | 0 | 0 | 0 | 0 | 1 | 0 | 0 | 0 | 1 | 0 | 0 | 1 | 3 | 0 | 0 | 1 | 1 | 1 | 0 | 0 | 0 |  0 | 4 | 7 | 4 | 8 | 10 | 10 | 3 | 4 | 2 | 8 | 4 | 7 | 16 | 5 | 7 | 7 | 9 | 9 | 9 | 4 | 4 |
272 | Liu, Michael C. | University of California, Berkeley | 2000 | male | 7 | 22 | 2016 | 22 | 168 | 2017 | 1 | 2 | 0 | 0 | 0 | 4 | 1 | 3 | 1 | 2 | 1 | 1 | 1 | 1 | 0 | 3 | 2 | 1 | 2 | 0 | 1 | 2 |  3 | 3 | 2 | 1 | 4 | 9 | 3 | 5 | 7 | 9 | 10 | 4 | 10 | 12 | 9 | 12 | 10 | 11 | 15 | 14 | 18 | 14 |
273 | Sakurai, Junichi | University of Oregon | 2000 | male | 1 | 0 | 2000 | 1 | 0 | 2000 | 0 | 0 | 0 | 0 | 0 | 1 | 0 | 0 | 0 | 0 | 0 | 0 | 0 | 0 | 0 | 0 | 0 | 0 | 0 | 0 | 0 | 0 |  0 | 0 | 0 | 0 | 0 | 1 | 0 | 0 | 0 | 0 | 0 | 0 | 0 | 0 | 0 | 0 | 0 | 0 | 0 | 0 | 0 | 0 |
274 | Bromm, Volker | Yale University | 2000 | male | 3 | 21 | 2014 | 4 | 103 | 2017 | 0 | 0 | 0 | 0 | 2 | 1 | 2 | 3 | 4 | 3 | 0 | 1 | 0 | 1 | 1 | 1 | 1 | 1 | 2 | 1 | 0 | 0 |  1 | 0 | 0 | 0 | 2 | 1 | 2 | 6 | 8 | 4 | 0 | 4 | 5 | 4 | 7 | 4 | 8 | 10 | 7 | 9 | 8 | 12 |
275 | Cumming, Andrew William | University of California, Berkeley | 2000 | male | 4 | 17 | 2017 | 6 | 219 | 2017 | 0 | 1 | 0 | 0 | 1 | 2 | 2 | 2 | 1 | 4 | 2 | 1 | 0 | 1 | 2 | 1 | 0 | 0 | 0 | 0 | 0 | 0 |  0 | 1 | 0 | 1 | 2 | 2 | 4 | 2 | 3 | 8 | 5 | 3 | 11 | 18 | 20 | 15 | 9 | 25 | 10 | 26 | 12 | 32 |
276 | Bloser, Peter Forbes | Harvard University | 2000 | male | 5 | 9 | 2016 | 17 | 27 | 2016 | 0 | 2 | 0 | 0 | 0 | 3 | 0 | 2 | 1 | 1 | 0 | 3 | 0 | 0 | 1 | 0 | 0 | 0 | 0 | 0 | 0 | 1 |  0 | 7 | 3 | 0 | 2 | 5 | 1 | 2 | 2 | 3 | 5 | 7 | 0 | 3 | 2 | 0 | 0 | 0 | 0 | 1 | 0 | 1 |
277 | Howell, Dale Andrew | The University of Texas at Austin | 2000 | male | 2 | 13 | 2015 | 3 | 185 | 2017 | 0 | 0 | 0 | 0 | 0 | 2 | 2 | 0 | 0 | 0 | 1 | 2 | 1 | 0 | 1 | 1 | 1 | 0 | 2 | 0 | 2 | 0 |  1 | 0 | 0 | 0 | 0 | 2 | 3 | 2 | 3 | 1 | 6 | 10 | 5 | 8 | 10 | 14 | 20 | 16 | 15 | 16 | 24 | 20 |
278 | McConnell, Craig Sean | The University of Wisconsin - Madison | 2000 | male | 1 | 0 | 2000 | 1 | 0 | 2000 | 0 | 0 | 0 | 0 | 0 | 1 | 0 | 0 | 0 | 0 | 0 | 0 | 0 | 0 | 0 | 0 | 0 | 0 | 0 | 0 | 0 | 0 |  0 | 0 | 0 | 0 | 0 | 1 | 0 | 0 | 0 | 0 | 0 | 0 | 0 | 0 | 0 | 0 | 0 | 0 | 0 | 0 | 0 | 0 |
279 | Leckenby, Henry John | Michigan Technological University | 2000 | male | 1 | 0 | 2000 | 1 | 0 | 2000 | 0 | 0 | 0 | 0 | 0 | 1 | 0 | 0 | 0 | 0 | 0 | 0 | 0 | 0 | 0 | 0 | 0 | 0 | 0 | 0 | 0 | 0 |  0 | 0 | 0 | 0 | 0 | 1 | 0 | 0 | 0 | 0 | 0 | 0 | 0 | 0 | 0 | 0 | 0 | 0 | 0 | 0 | 0 | 0 |
280 | Sabra, Bassem Mohamad | Ohio University | 2000 | male | 2 | 4 | 2015 | 2 | 13 | 2017 | 0 | 0 | 0 | 0 | 0 | 2 | 1 | 0 | 2 | 0 | 0 | 0 | 0 | 0 | 0 | 0 | 0 | 0 | 0 | 0 | 1 | 0 |  0 | 0 | 0 | 0 | 0 | 2 | 1 | 0 | 2 | 1 | 0 | 0 | 1 | 0 | 1 | 1 | 1 | 2 | 0 | 0 | 2 | 0 |
281 | Misselt, Karl Anthony | Louisiana State University and Agricultural & Mechanical College | 2000 | male | 6 | 1 | 2001 | 15 | 115 | 2017 | 1 | 1 | 0 | 1 | 2 | 1 | 1 | 0 | 0 | 0 | 0 | 0 | 0 | 0 | 0 | 0 | 0 | 0 | 0 | 0 | 0 | 0 |  4 | 1 | 1 | 2 | 3 | 4 | 3 | 1 | 2 | 23 | 7 | 14 | 4 | 10 | 9 | 16 | 10 | 3 | 4 | 3 | 4 | 0 |
282 | Harris, Jason Robert | University of California, Santa Cruz | 2000 | male | 3 | 12 | 2014 | 8 | 89 | 2015 | 0 | 0 | 1 | 0 | 1 | 1 | 2 | 0 | 0 | 2 | 0 | 1 | 1 | 2 | 1 | 0 | 0 | 1 | 0 | 2 | 0 | 0 |  0 | 0 | 3 | 1 | 2 | 2 | 4 | 1 | 0 | 6 | 1 | 4 | 2 | 7 | 11 | 2 | 4 | 10 | 12 | 15 | 10 | 0 |
283 | Moore, Brian David | Arizona State University | 2000 | male | 5 | 3 | 2004 | 6 | 25 | 2016 | 0 | 0 | 0 | 1 | 2 | 2 | 0 | 2 | 0 | 1 | 0 | 0 | 0 | 0 | 0 | 0 | 0 | 0 | 0 | 0 | 0 | 0 |  0 | 0 | 0 | 1 | 2 | 3 | 1 | 3 | 0 | 1 | 2 | 0 | 0 | 7 | 2 | 0 | 2 | 1 | 0 | 0 | 4 | 2 |
284 | Hall, Tony Alan | Purdue University | 2000 | male | 3 | 3 | 2003 | 12 | 41 | 2007 | 0 | 0 | 0 | 0 | 1 | 2 | 1 | 0 | 2 | 0 | 0 | 0 | 0 | 0 | 0 | 0 | 0 | 0 | 0 | 0 | 0 | 0 |  0 | 0 | 0 | 2 | 6 | 4 | 3 | 7 | 19 | 7 | 3 | 0 | 2 | 0 | 0 | 0 | 0 | 0 | 0 | 0 | 0 | 0 |
285 | Gunderson, Kurt Steven | University of Colorado at Boulder | 2000 | male | 2 | 5 | 2010 | 4 | 7 | 2010 | 0 | 0 | 0 | 1 | 0 | 1 | 1 | 0 | 0 | 0 | 0 | 1 | 1 | 1 | 0 | 1 | 0 | 0 | 0 | 0 | 0 | 0 |  0 | 1 | 0 | 2 | 0 | 1 | 1 | 0 | 0 | 0 | 0 | 1 | 2 | 2 | 0 | 1 | 0 | 0 | 0 | 0 | 0 | 0 |
286 | Honda, Ethan Philip | The University of Texas at Austin | 2000 | male | 1 | 3 | 2017 | 1 | 3 | 2017 | 0 | 0 | 0 | 0 | 0 | 1 | 0 | 1 | 0 | 0 | 0 | 0 | 0 | 0 | 0 | 1 | 0 | 0 | 0 | 0 | 0 | 0 |  0 | 0 | 0 | 0 | 0 | 1 | 0 | 1 | 0 | 0 | 0 | 0 | 0 | 0 | 0 | 1 | 0 | 0 | 0 | 0 | 0 | 0 |
287 | Lentz, Eric J. | The University of Oklahoma | 2000 | male | 3 | 7 | 2015 | 4 | 16 | 2016 | 0 | 0 | 0 | 0 | 1 | 2 | 3 | 1 | 0 | 0 | 0 | 0 | 0 | 0 | 0 | 0 | 0 | 2 | 0 | 0 | 1 | 0 |  0 | 0 | 0 | 0 | 1 | 3 | 3 | 1 | 1 | 0 | 1 | 0 | 0 | 0 | 0 | 2 | 0 | 3 | 1 | 0 | 2 | 2 |
288 | Bliton, Mark Alan | New Mexico State University | 2000 | male | 2 | 0 | 2000 | 5 | 0 | 2000 | 0 | 0 | 0 | 1 | 0 | 1 | 0 | 0 | 0 | 0 | 0 | 0 | 0 | 0 | 0 | 0 | 0 | 0 | 0 | 0 | 0 | 0 |  0 | 0 | 0 | 2 | 1 | 2 | 0 | 0 | 0 | 0 | 0 | 0 | 0 | 0 | 0 | 0 | 0 | 0 | 0 | 0 | 0 | 0 |
289 | Gildemeister, Jan Mathias | University of California, Berkeley | 2000 | male | 2 | 0 | 2000 | 2 | 1 | 2002 | 0 | 0 | 0 | 0 | 1 | 1 | 0 | 0 | 0 | 0 | 0 | 0 | 0 | 0 | 0 | 0 | 0 | 0 | 0 | 0 | 0 | 0 |  0 | 0 | 0 | 0 | 1 | 1 | 0 | 1 | 0 | 0 | 0 | 0 | 0 | 0 | 0 | 0 | 0 | 0 | 0 | 0 | 0 | 0 |
290 | Martini, Paul | The Ohio State University | 2000 | male | 6 | 18 | 2013 | 12 | 129 | 2017 | 0 | 0 | 1 | 1 | 3 | 1 | 4 | 1 | 3 | 3 | 0 | 1 | 1 | 1 | 1 | 0 | 1 | 0 | 2 | 0 | 0 | 0 |  1 | 0 | 4 | 2 | 4 | 1 | 7 | 4 | 7 | 3 | 2 | 5 | 4 | 8 | 3 | 3 | 5 | 8 | 7 | 2 | 17 | 29 |
291 | Wong, Tony Hao | University of California, Berkeley | 2000 | male | 2 | 16 | 2013 | 5 | 87 | 2017 | 0 | 0 | 0 | 0 | 0 | 2 | 2 | 2 | 0 | 3 | 0 | 1 | 1 | 2 | 2 | 0 | 1 | 0 | 2 | 0 | 0 | 0 |  0 | 0 | 0 | 1 | 1 | 3 | 4 | 2 | 2 | 4 | 3 | 4 | 4 | 6 | 7 | 5 | 4 | 9 | 12 | 6 | 8 | 2 |
292 | Krisciunas, Kevin Lee | University of Washington | 2000 | male | 12 | 22 | 2017 | 24 | 74 | 2017 | 4 | 1 | 2 | 1 | 2 | 2 | 2 | 0 | 1 | 4 | 2 | 1 | 2 | 0 | 2 | 2 | 1 | 2 | 1 | 0 | 1 | 0 |  5 | 4 | 4 | 3 | 4 | 4 | 2 | 2 | 9 | 7 | 3 | 3 | 7 | 6 | 6 | 5 | 4 | 5 | 2 | 4 | 6 | 2 |
293 | Herald, James E. | University of Pittsburgh | 2000 | male | 2 | 8 | 2011 | 5 | 13 | 2011 | 0 | 0 | 0 | 0 | 0 | 2 | 1 | 1 | 0 | 3 | 1 | 0 | 1 | 0 | 0 | 0 | 1 | 0 | 0 | 0 | 0 | 0 |  1 | 1 | 1 | 0 | 0 | 2 | 1 | 1 | 0 | 3 | 1 | 0 | 2 | 0 | 1 | 0 | 4 | 0 | 0 | 0 | 0 | 0 |
294 | Ledvina, Stephen A. | University of Kansas | 2000 | male | 3 | 8 | 2012 | 5 | 33 | 2016 | 0 | 0 | 0 | 1 | 0 | 2 | 0 | 1 | 0 | 3 | 1 | 0 | 0 | 1 | 0 | 0 | 0 | 2 | 0 | 0 | 0 | 0 |  0 | 0 | 1 | 2 | 0 | 2 | 0 | 2 | 0 | 4 | 3 | 5 | 1 | 4 | 1 | 5 | 0 | 4 | 0 | 2 | 1 | 1 |
295 | Beetle, Christopher | The Pennsylvania State University | 2000 | male | 1 | 8 | 2016 | 4 | 15 | 2016 | 0 | 0 | 0 | 0 | 0 | 1 | 0 | 1 | 0 | 0 | 1 | 1 | 1 | 0 | 0 | 1 | 0 | 0 | 0 | 1 | 1 | 1 |  0 | 0 | 0 | 0 | 1 | 3 | 1 | 3 | 0 | 1 | 2 | 2 | 1 | 0 | 0 | 1 | 0 | 0 | 0 | 1 | 2 | 1 |
296 | Santiago Rios, David Ivan | Stanford University | 2000 | male | 1 | 0 | 2000 | 1 | 0 | 2000 | 0 | 0 | 0 | 0 | 0 | 1 | 0 | 0 | 0 | 0 | 0 | 0 | 0 | 0 | 0 | 0 | 0 | 0 | 0 | 0 | 0 | 0 |  0 | 0 | 0 | 0 | 0 | 1 | 0 | 0 | 0 | 0 | 0 | 0 | 0 | 0 | 0 | 0 | 0 | 0 | 0 | 0 | 0 | 0 |
297 | Gardner, Jeffrey Paul | University of Washington | 2000 | male | 9 | 3 | 2003 | 16 | 27 | 2014 | 2 | 2 | 3 | 0 | 1 | 1 | 2 | 0 | 1 | 0 | 0 | 0 | 0 | 0 | 0 | 0 | 0 | 0 | 0 | 0 | 0 | 0 |  2 | 4 | 4 | 2 | 2 | 2 | 6 | 1 | 2 | 3 | 3 | 2 | 1 | 1 | 0 | 1 | 5 | 1 | 0 | 1 | 0 | 0 |
