 n |  name |  university |  phd_year |  gender |  fa_n_pubs_pre_phd |  fa_n_pubs_prost_phd |  fa_year_last |  all_n_pubs_pre_phd |  all_n_pubs_prost_phd |  all_year_last |  fa_1989 |  fa_1990 |  fa_1991 |  fa_1992 |  fa_1993 |  fa_1994 |  fa_1995 |  fa_1996 |  fa_1997 |  fa_1998 |  fa_1999 |  fa_2000 |  fa_2001 |  fa_2002 |  fa_2003 |  fa_2004 |  fa_2005 |  fa_2006 |  fa_2007 |  fa_2008 |  fa_2009 |  fa_2010 |  fa_2011 |  fa_2012 |  fa_2013 |  fa_2014 |  fa_2015 |  fa_2016 |  all_1989 |  all_1990 |  all_1991 |  all_1992 |  all_1993 |  all_1994 |  all_1995 |  all_1996 |  all_1997 |  all_1998 |  all_1999 |  all_2000 |  all_2001 |  all_2002 |  all_2003 |  all_2004 |  all_2005 |  all_2006 |  all_2007 |  all_2008 |  all_2009 |  all_2010 |  all_2011 |  all_2012 |  all_2013 |  all_2014 |  all_2015 |  all_2016 | foo
 8 | Young, Kenneth Harbour | CALIFORNIA INSTITUTE OF TECHNOLOGY. | 1994 | male | 4 | 5 | 2004 | 14 | 48 | 2017 | 0 | 0 | 0 | 1 | 2 | 1 | 1 | 0 | 2 | 0 | 1 | 0 | 0 | 0 | 0 | 1 | 0 | 0 | 0 | 0 | 0 | 0 | 0 | 0 | 0 | 0 | 0 | 0 | 4 | 1 | 1 | 1 | 5 | 2 | 7 | 2 | 5 | 7 | 4 | 1 | 0 | 1 | 3 | 1 | 0 | 1 | 0 | 2 | 1 | 0 | 1 | 2 | 4 | 2 | 2 | 1 |
 10 | Fisher, David Lawrence | UNIVERSITY OF CALIFORNIA, SANTA CRUZ. | 1994 | male | 2 | 6 | 2008 | 4 | 26 | 2017 | 0 | 0 | 0 | 0 | 0 | 2 | 2 | 1 | 1 | 1 | 0 | 0 | 0 | 0 | 0 | 0 | 0 | 0 | 0 | 1 | 0 | 0 | 0 | 0 | 0 | 0 | 0 | 0 | 0 | 0 | 0 | 1 | 0 | 3 | 2 | 2 | 1 | 3 | 0 | 1 | 0 | 0 | 0 | 0 | 1 | 0 | 0 | 5 | 1 | 2 | 1 | 0 | 4 | 0 | 0 | 2 |
 11 | Wollack, Edward J. | PRINCETON UNIVERSITY. | 1994 | male | 2 | 6 | 2016 | 2 | 142 | 2017 | 0 | 0 | 0 | 0 | 1 | 1 | 1 | 0 | 1 | 1 | 0 | 0 | 0 | 0 | 0 | 0 | 0 | 0 | 0 | 0 | 0 | 0 | 0 | 0 | 0 | 2 | 0 | 1 | 0 | 0 | 0 | 0 | 1 | 1 | 3 | 1 | 5 | 1 | 0 | 1 | 0 | 0 | 16 | 4 | 1 | 6 | 5 | 4 | 10 | 2 | 16 | 9 | 15 | 13 | 11 | 15 |
 12 | Bock, James Joseph | UNIVERSITY OF CALIFORNIA, BERKELEY. | 1994 | male | 3 | 7 | 2013 | 7 | 405 | 2017 | 0 | 0 | 0 | 0 | 1 | 2 | 2 | 0 | 0 | 1 | 0 | 1 | 0 | 1 | 0 | 0 | 0 | 1 | 0 | 0 | 0 | 0 | 0 | 0 | 1 | 0 | 0 | 0 | 0 | 0 | 0 | 0 | 1 | 6 | 4 | 1 | 1 | 3 | 2 | 12 | 8 | 13 | 18 | 6 | 8 | 10 | 13 | 10 | 23 | 64 | 38 | 20 | 38 | 54 | 19 | 37 |
 13 | Chen, Danli | COLUMBIA UNIVERSITY. | 1994 | female | 4 | 15 | 2015 | 9 | 93 | 2017 | 0 | 0 | 0 | 1 | 1 | 2 | 0 | 1 | 1 | 0 | 0 | 0 | 0 | 1 | 3 | 1 | 0 | 1 | 0 | 2 | 0 | 0 | 1 | 1 | 0 | 2 | 1 | 0 | 0 | 1 | 1 | 1 | 3 | 3 | 1 | 4 | 1 | 0 | 1 | 3 | 1 | 3 | 3 | 2 | 15 | 4 | 6 | 15 | 4 | 4 | 5 | 6 | 4 | 5 | 5 | 0 |
 15 | Donnelly, R. Hank | California Univ., Santa Cruz, CA. | 1994 | male | 5 | 3 | 2001 | 5 | 9 | 2009 | 1 | 1 | 0 | 1 | 1 | 1 | 0 | 0 | 0 | 1 | 1 | 0 | 1 | 0 | 0 | 0 | 0 | 0 | 0 | 0 | 0 | 0 | 0 | 0 | 0 | 0 | 0 | 0 | 1 | 1 | 0 | 1 | 1 | 1 | 0 | 0 | 0 | 1 | 1 | 4 | 1 | 0 | 0 | 0 | 0 | 1 | 0 | 0 | 1 | 0 | 0 | 0 | 0 | 0 | 0 | 0 |
 17 | Herbig, Thomas | CALIFORNIA INSTITUTE OF TECHNOLOGY. | 1994 | male | 2 | 1 | 1995 | 4 | 8 | 2002 | 0 | 0 | 0 | 1 | 0 | 1 | 1 | 0 | 0 | 0 | 0 | 0 | 0 | 0 | 0 | 0 | 0 | 0 | 0 | 0 | 0 | 0 | 0 | 0 | 0 | 0 | 0 | 0 | 0 | 0 | 0 | 1 | 1 | 2 | 1 | 0 | 1 | 0 | 2 | 1 | 1 | 2 | 0 | 0 | 0 | 0 | 0 | 0 | 0 | 0 | 0 | 0 | 0 | 0 | 0 | 0 |
 19 | Lineweaver, Charles Howe | UNIVERSITY OF CALIFORNIA, BERKELEY. | 1994 | male | 2 | 25 | 2014 | 12 | 54 | 2017 | 0 | 0 | 0 | 0 | 0 | 2 | 2 | 1 | 1 | 3 | 1 | 1 | 1 | 2 | 3 | 1 | 1 | 1 | 1 | 0 | 2 | 1 | 1 | 1 | 0 | 1 | 0 | 0 | 0 | 0 | 0 | 4 | 1 | 7 | 2 | 3 | 3 | 3 | 2 | 1 | 1 | 3 | 5 | 3 | 2 | 4 | 2 | 3 | 3 | 3 | 3 | 1 | 1 | 2 | 1 | 2 |
 20 | Dutta, Suvendra Nath | PRINCETON UNIVERSITY. | 1994 | male | 1 | 2 | 1996 | 4 | 22 | 2016 | 0 | 0 | 0 | 0 | 0 | 1 | 1 | 1 | 0 | 0 | 0 | 0 | 0 | 0 | 0 | 0 | 0 | 0 | 0 | 0 | 0 | 0 | 0 | 0 | 0 | 0 | 0 | 0 | 0 | 1 | 1 | 0 | 0 | 2 | 1 | 1 | 1 | 1 | 0 | 0 | 0 | 0 | 0 | 0 | 0 | 1 | 5 | 2 | 3 | 3 | 1 | 1 | 1 | 0 | 0 | 1 |
 23 | Yi, Piljin | California Institute of Technology | 1994 | None | 3 | 3 | 1996 | 4 | 5 | 2005 | 0 | 0 | 0 | 0 | 1 | 2 | 2 | 1 | 0 | 0 | 0 | 0 | 0 | 0 | 0 | 0 | 0 | 0 | 0 | 0 | 0 | 0 | 0 | 0 | 0 | 0 | 0 | 0 | 0 | 0 | 0 | 0 | 2 | 2 | 2 | 2 | 0 | 0 | 0 | 0 | 0 | 0 | 0 | 0 | 1 | 0 | 0 | 0 | 0 | 0 | 0 | 0 | 0 | 0 | 0 | 0 |
 24 | Navarro, Jose | California Institute of Technology | 1994 | male | 6 | 12 | 2014 | 8 | 146 | 2017 | 1 | 1 | 0 | 0 | 1 | 3 | 1 | 0 | 1 | 0 | 1 | 0 | 1 | 0 | 1 | 1 | 0 | 0 | 0 | 1 | 0 | 0 | 2 | 1 | 0 | 2 | 0 | 0 | 1 | 1 | 0 | 0 | 2 | 4 | 1 | 1 | 5 | 0 | 2 | 0 | 1 | 1 | 3 | 3 | 2 | 6 | 3 | 14 | 5 | 14 | 23 | 19 | 10 | 19 | 6 | 3 |
 25 | Persi, Fred M. | PRINCETON UNIVERSITY. | 1994 | male | 1 | 2 | 1995 | 1 | 2 | 1995 | 0 | 0 | 0 | 0 | 0 | 1 | 2 | 0 | 0 | 0 | 0 | 0 | 0 | 0 | 0 | 0 | 0 | 0 | 0 | 0 | 0 | 0 | 0 | 0 | 0 | 0 | 0 | 0 | 0 | 0 | 0 | 0 | 0 | 1 | 2 | 0 | 0 | 0 | 0 | 0 | 0 | 0 | 0 | 0 | 0 | 0 | 0 | 0 | 0 | 0 | 0 | 0 | 0 | 0 | 0 | 0 |
 26 | Landy, Stephen Daniel | Johns Hopkins Univ., Baltimore, MD. | 1994 | male | 4 | 6 | 2002 | 4 | 14 | 2002 | 0 | 0 | 0 | 2 | 1 | 1 | 0 | 2 | 0 | 1 | 1 | 0 | 0 | 2 | 0 | 0 | 0 | 0 | 0 | 0 | 0 | 0 | 0 | 0 | 0 | 0 | 0 | 0 | 0 | 0 | 0 | 2 | 1 | 1 | 0 | 6 | 1 | 2 | 1 | 2 | 0 | 2 | 0 | 0 | 0 | 0 | 0 | 0 | 0 | 0 | 0 | 0 | 0 | 0 | 0 | 0 |
 30 | Kashyap, Vinay L. | Chicago Univ., Chicago, IL. | 1994 | male | 4 | 6 | 2010 | 5 | 85 | 2017 | 0 | 0 | 0 | 1 | 0 | 3 | 0 | 0 | 0 | 1 | 1 | 1 | 0 | 1 | 0 | 0 | 0 | 0 | 0 | 1 | 0 | 1 | 0 | 0 | 0 | 0 | 0 | 0 | 0 | 0 | 0 | 1 | 0 | 4 | 0 | 2 | 0 | 2 | 2 | 4 | 4 | 5 | 3 | 5 | 3 | 4 | 2 | 6 | 5 | 8 | 8 | 5 | 1 | 6 | 5 | 3 |
 31 | Markovic, Dragoljub | CALIFORNIA INSTITUTE OF TECHNOLOGY. | 1994 | male | 1 | 5 | 2000 | 4 | 9 | 2005 | 0 | 0 | 0 | 0 | 0 | 1 | 2 | 0 | 1 | 1 | 0 | 1 | 0 | 0 | 0 | 0 | 0 | 0 | 0 | 0 | 0 | 0 | 0 | 0 | 0 | 0 | 0 | 0 | 0 | 0 | 1 | 0 | 2 | 1 | 3 | 0 | 1 | 1 | 0 | 1 | 2 | 0 | 0 | 0 | 1 | 0 | 0 | 0 | 0 | 0 | 0 | 0 | 0 | 0 | 0 | 0 |
 34 | Johnson, Jeffrey Roy | THE UNIVERSITY OF ARIZONA. | 1994 | male | 4 | 23 | 2016 | 8 | 156 | 2017 | 0 | 0 | 2 | 0 | 0 | 2 | 0 | 1 | 0 | 0 | 2 | 0 | 2 | 3 | 2 | 1 | 0 | 4 | 1 | 0 | 0 | 0 | 0 | 1 | 1 | 1 | 3 | 1 | 0 | 1 | 3 | 0 | 1 | 3 | 2 | 1 | 1 | 2 | 8 | 4 | 4 | 4 | 5 | 14 | 5 | 16 | 8 | 15 | 3 | 11 | 4 | 5 | 11 | 11 | 13 | 8 |
 35 | Thompson, Richard Jule, Jr. | THE PENNSYLVANIA STATE UNIVERSITY. | 1994 | male | 7 | 6 | 2007 | 13 | 24 | 2016 | 0 | 1 | 0 | 1 | 3 | 2 | 1 | 1 | 0 | 1 | 2 | 0 | 0 | 0 | 0 | 0 | 0 | 0 | 1 | 0 | 0 | 0 | 0 | 0 | 0 | 0 | 0 | 0 | 0 | 1 | 0 | 2 | 5 | 5 | 1 | 1 | 0 | 4 | 3 | 2 | 1 | 0 | 3 | 0 | 2 | 1 | 1 | 0 | 0 | 0 | 1 | 0 | 1 | 1 | 1 | 1 |
 44 | Ganga, Kenneth Matthew | PRINCETON UNIVERSITY. | 1994 | male | 1 | 2 | 2000 | 1 | 191 | 2017 | 0 | 0 | 0 | 0 | 0 | 1 | 0 | 0 | 1 | 0 | 0 | 1 | 0 | 0 | 0 | 0 | 0 | 0 | 0 | 0 | 0 | 0 | 0 | 0 | 0 | 0 | 0 | 0 | 0 | 0 | 0 | 0 | 0 | 1 | 2 | 0 | 2 | 0 | 1 | 7 | 3 | 5 | 9 | 3 | 1 | 0 | 2 | 2 | 7 | 10 | 25 | 1 | 12 | 36 | 13 | 49 |
 49 | Lee, Jeongwoo | CALIFORNIA INSTITUTE OF TECHNOLOGY. | 1994 | male | 10 | 69 | 2016 | 23 | 442 | 2017 | 1 | 1 | 0 | 1 | 4 | 3 | 2 | 1 | 4 | 3 | 3 | 6 | 1 | 4 | 4 | 1 | 6 | 3 | 5 | 5 | 2 | 4 | 2 | 2 | 3 | 2 | 4 | 2 | 2 | 2 | 2 | 4 | 7 | 6 | 6 | 3 | 8 | 4 | 9 | 13 | 7 | 15 | 14 | 20 | 36 | 16 | 27 | 34 | 24 | 32 | 14 | 26 | 25 | 36 | 41 | 21 |
 51 | Reimann, James Dennis | UNIVERSITY OF CALIFORNIA, BERKELEY. | 1994 | male | 1 | 0 | 1994 | 2 | 1 | 1995 | 0 | 0 | 0 | 0 | 0 | 1 | 0 | 0 | 0 | 0 | 0 | 0 | 0 | 0 | 0 | 0 | 0 | 0 | 0 | 0 | 0 | 0 | 0 | 0 | 0 | 0 | 0 | 0 | 0 | 0 | 0 | 0 | 0 | 2 | 1 | 0 | 0 | 0 | 0 | 0 | 0 | 0 | 0 | 0 | 0 | 0 | 0 | 0 | 0 | 0 | 0 | 0 | 0 | 0 | 0 | 0 |
 54 | Klein, Joshua Richard | PRINCETON UNIVERSITY. | 1994 | male | 4 | 1 | 1999 | 31 | 55 | 2016 | 1 | 1 | 1 | 0 | 0 | 1 | 0 | 0 | 0 | 0 | 1 | 0 | 0 | 0 | 0 | 0 | 0 | 0 | 0 | 0 | 0 | 0 | 0 | 0 | 0 | 0 | 0 | 0 | 4 | 8 | 11 | 2 | 3 | 3 | 7 | 3 | 3 | 1 | 1 | 2 | 1 | 3 | 0 | 4 | 2 | 1 | 2 | 7 | 1 | 7 | 3 | 0 | 2 | 1 | 3 | 1 |
 56 | Dissly, Richard William | CALIFORNIA INSTITUTE OF TECHNOLOGY. | 1994 | male | 2 | 0 | 1994 | 3 | 1 | 2012 | 0 | 0 | 0 | 0 | 0 | 2 | 0 | 0 | 0 | 0 | 0 | 0 | 0 | 0 | 0 | 0 | 0 | 0 | 0 | 0 | 0 | 0 | 0 | 0 | 0 | 0 | 0 | 0 | 1 | 0 | 0 | 0 | 0 | 2 | 0 | 0 | 0 | 0 | 0 | 0 | 0 | 0 | 0 | 0 | 0 | 0 | 0 | 0 | 0 | 0 | 0 | 1 | 0 | 0 | 0 | 0 |
 69 | Apostolatos, Theocharis A. | CALIFORNIA INSTITUTE OF TECHNOLOGY. | 1994 | male | 4 | 5 | 2009 | 5 | 19 | 2014 | 0 | 0 | 0 | 1 | 1 | 2 | 1 | 3 | 0 | 0 | 0 | 0 | 0 | 0 | 0 | 0 | 0 | 0 | 0 | 0 | 1 | 0 | 0 | 0 | 0 | 0 | 0 | 0 | 0 | 0 | 0 | 1 | 2 | 2 | 1 | 3 | 0 | 0 | 0 | 0 | 2 | 0 | 0 | 2 | 1 | 0 | 0 | 1 | 1 | 1 | 1 | 1 | 2 | 3 | 0 | 0 |
 70 | Bershady, Matthew Alec | THE UNIVERSITY OF CHICAGO. | 1994 | male | 4 | 16 | 2011 | 11 | 99 | 2017 | 0 | 0 | 1 | 0 | 1 | 2 | 3 | 2 | 1 | 2 | 2 | 1 | 0 | 0 | 0 | 1 | 1 | 0 | 0 | 0 | 0 | 2 | 1 | 0 | 0 | 0 | 0 | 0 | 1 | 0 | 2 | 0 | 1 | 7 | 6 | 4 | 3 | 4 | 3 | 5 | 3 | 0 | 5 | 3 | 2 | 4 | 9 | 0 | 2 | 2 | 4 | 2 | 5 | 4 | 8 | 13 |
 72 | Horowitz, Irwin Kenneth | CALIFORNIA INSTITUTE OF TECHNOLOGY. | 1994 | male | 1 | 1 | 1995 | 2 | 1 | 1995 | 0 | 0 | 0 | 0 | 0 | 1 | 1 | 0 | 0 | 0 | 0 | 0 | 0 | 0 | 0 | 0 | 0 | 0 | 0 | 0 | 0 | 0 | 0 | 0 | 0 | 0 | 0 | 0 | 0 | 0 | 0 | 1 | 0 | 1 | 1 | 0 | 0 | 0 | 0 | 0 | 0 | 0 | 0 | 0 | 0 | 0 | 0 | 0 | 0 | 0 | 0 | 0 | 0 | 0 | 0 | 0 |
 75 | Park, Hee Kuwon | UNIVERSITY OF CALIFORNIA, BERKELEY. | 1994 | male | 1 | 5 | 2015 | 1 | 59 | 2016 | 0 | 0 | 0 | 0 | 0 | 1 | 0 | 0 | 0 | 0 | 0 | 0 | 0 | 0 | 1 | 0 | 1 | 0 | 0 | 0 | 0 | 0 | 0 | 0 | 1 | 1 | 1 | 0 | 0 | 0 | 0 | 0 | 0 | 1 | 0 | 0 | 0 | 1 | 0 | 2 | 0 | 0 | 3 | 3 | 12 | 2 | 1 | 4 | 0 | 0 | 0 | 1 | 8 | 6 | 12 | 4 |
 79 | McLeod, Brian Andrew | THE UNIVERSITY OF ARIZONA. | 1994 | male | 4 | 7 | 2015 | 11 | 65 | 2016 | 0 | 0 | 1 | 1 | 0 | 2 | 2 | 1 | 0 | 1 | 0 | 0 | 1 | 0 | 0 | 0 | 0 | 0 | 0 | 0 | 0 | 0 | 0 | 1 | 0 | 0 | 1 | 0 | 0 | 0 | 2 | 3 | 3 | 3 | 2 | 1 | 1 | 4 | 3 | 5 | 6 | 3 | 2 | 3 | 6 | 6 | 1 | 2 | 3 | 4 | 1 | 2 | 2 | 3 | 3 | 2 |
 82 | Saulnier, Gregory Gerard | THE PENNSYLVANIA STATE UNIVERSITY. | 1994 | male | 1 | 0 | 1994 | 1 | 0 | 1994 | 0 | 0 | 0 | 0 | 0 | 1 | 0 | 0 | 0 | 0 | 0 | 0 | 0 | 0 | 0 | 0 | 0 | 0 | 0 | 0 | 0 | 0 | 0 | 0 | 0 | 0 | 0 | 0 | 0 | 0 | 0 | 0 | 0 | 1 | 0 | 0 | 0 | 0 | 0 | 0 | 0 | 0 | 0 | 0 | 0 | 0 | 0 | 0 | 0 | 0 | 0 | 0 | 0 | 0 | 0 | 0 |
 86 | Brown, Randy George | UNIVERSITY OF WASHINGTON. | 1994 | male | 1 | 1 | 1995 | 1 | 12 | 2016 | 0 | 0 | 0 | 0 | 0 | 1 | 1 | 0 | 0 | 0 | 0 | 0 | 0 | 0 | 0 | 0 | 0 | 0 | 0 | 0 | 0 | 0 | 0 | 0 | 0 | 0 | 0 | 0 | 0 | 0 | 0 | 0 | 0 | 1 | 1 | 0 | 1 | 1 | 0 | 0 | 0 | 0 | 1 | 0 | 1 | 2 | 0 | 0 | 0 | 1 | 0 | 1 | 1 | 1 | 0 | 1 |
 87 | Zhao, Hongsheng | COLUMBIA UNIVERSITY. | 1994 | male | 3 | 55 | 2017 | 4 | 168 | 2017 | 1 | 0 | 0 | 0 | 0 | 2 | 1 | 6 | 1 | 3 | 6 | 3 | 1 | 3 | 3 | 1 | 1 | 3 | 3 | 1 | 1 | 5 | 0 | 2 | 4 | 2 | 1 | 3 | 1 | 0 | 0 | 1 | 0 | 2 | 1 | 6 | 3 | 4 | 8 | 6 | 3 | 11 | 6 | 2 | 1 | 8 | 14 | 16 | 10 | 10 | 11 | 10 | 11 | 7 | 6 | 9 |
 89 | Lee, Jaeshin | Arizona University | 1994 | male | 4 | 50 | 2015 | 16 | 377 | 2017 | 1 | 1 | 0 | 0 | 1 | 1 | 2 | 0 | 1 | 1 | 2 | 6 | 1 | 3 | 2 | 1 | 6 | 2 | 4 | 4 | 1 | 4 | 2 | 2 | 1 | 2 | 3 | 0 | 2 | 2 | 2 | 3 | 4 | 3 | 3 | 2 | 5 | 2 | 8 | 13 | 6 | 13 | 10 | 18 | 35 | 12 | 23 | 31 | 20 | 29 | 12 | 23 | 18 | 33 | 35 | 17 |
 95 | McHargue, Lanny Ray | THE UNIVERSITY OF ARIZONA. | 1994 | female | 2 | 2 | 2005 | 2 | 12 | 2010 | 0 | 0 | 0 | 0 | 1 | 1 | 1 | 0 | 0 | 0 | 0 | 0 | 0 | 0 | 0 | 0 | 1 | 0 | 0 | 0 | 0 | 0 | 0 | 0 | 0 | 0 | 0 | 0 | 0 | 0 | 0 | 0 | 1 | 1 | 1 | 0 | 2 | 0 | 0 | 1 | 1 | 1 | 1 | 0 | 1 | 1 | 1 | 0 | 0 | 2 | 0 | 0 | 0 | 0 | 0 | 0 |
 96 | Gnedin, Nickolay Y. | PRINCETON UNIVERSITY. | 1994 | male | 5 | 46 | 2017 | 8 | 121 | 2017 | 0 | 0 | 0 | 3 | 1 | 1 | 2 | 4 | 2 | 3 | 0 | 5 | 2 | 2 | 1 | 3 | 1 | 2 | 0 | 2 | 2 | 2 | 2 | 2 | 0 | 4 | 0 | 4 | 0 | 0 | 0 | 4 | 3 | 1 | 2 | 5 | 4 | 5 | 1 | 6 | 4 | 5 | 2 | 5 | 7 | 4 | 4 | 6 | 4 | 7 | 7 | 10 | 9 | 7 | 3 | 10 |
 103 | Brune, Carl Richard | CALIFORNIA INSTITUTE OF TECHNOLOGY. | 1994 | male | 5 | 6 | 2004 | 6 | 37 | 2016 | 0 | 0 | 1 | 1 | 1 | 2 | 0 | 0 | 0 | 1 | 2 | 0 | 1 | 0 | 1 | 1 | 0 | 0 | 0 | 0 | 0 | 0 | 0 | 0 | 0 | 0 | 0 | 0 | 0 | 0 | 1 | 1 | 1 | 3 | 0 | 0 | 0 | 1 | 4 | 2 | 3 | 0 | 3 | 2 | 3 | 3 | 1 | 1 | 1 | 4 | 2 | 5 | 1 | 0 | 0 | 1 |
 104 | Heindl, William Adams | CALIFORNIA INSTITUTE OF TECHNOLOGY. | 1994 | male | 3 | 6 | 2003 | 6 | 61 | 2006 | 0 | 0 | 0 | 0 | 1 | 2 | 0 | 0 | 0 | 1 | 2 | 0 | 1 | 1 | 1 | 0 | 0 | 0 | 0 | 0 | 0 | 0 | 0 | 0 | 0 | 0 | 0 | 0 | 0 | 0 | 2 | 0 | 2 | 2 | 0 | 1 | 7 | 6 | 13 | 2 | 15 | 7 | 3 | 5 | 1 | 1 | 0 | 0 | 0 | 0 | 0 | 0 | 0 | 0 | 0 | 0 |
 108 | Johns, Christopher Michael | UNIVERSITY OF CALIFORNIA, BERKELEY. | 1994 | male | 3 | 2 | 1995 | 10 | 3 | 1995 | 0 | 0 | 0 | 2 | 0 | 1 | 2 | 0 | 0 | 0 | 0 | 0 | 0 | 0 | 0 | 0 | 0 | 0 | 0 | 0 | 0 | 0 | 0 | 0 | 0 | 0 | 0 | 0 | 0 | 0 | 0 | 2 | 5 | 3 | 3 | 0 | 0 | 0 | 0 | 0 | 0 | 0 | 0 | 0 | 0 | 0 | 0 | 0 | 0 | 0 | 0 | 0 | 0 | 0 | 0 | 0 |
 110 | Flanagan, Eanna Eamonn | CALIFORNIA INSTITUTE OF TECHNOLOGY. | 1994 | male | 4 | 32 | 2017 | 6 | 79 | 2017 | 0 | 0 | 1 | 1 | 1 | 1 | 0 | 1 | 1 | 3 | 1 | 3 | 3 | 1 | 0 | 4 | 2 | 1 | 3 | 1 | 1 | 0 | 0 | 2 | 1 | 1 | 1 | 1 | 0 | 0 | 1 | 1 | 2 | 2 | 0 | 2 | 2 | 4 | 1 | 6 | 4 | 3 | 4 | 10 | 6 | 2 | 4 | 7 | 1 | 1 | 5 | 4 | 3 | 2 | 4 | 3 |
 119 | Buckley, James Henry | THE UNIVERSITY OF CHICAGO. | 1994 | male | 6 | 10 | 2001 | 9 | 208 | 2017 | 0 | 1 | 1 | 1 | 1 | 2 | 0 | 1 | 2 | 3 | 2 | 1 | 1 | 0 | 0 | 0 | 0 | 0 | 0 | 0 | 0 | 0 | 0 | 0 | 0 | 0 | 0 | 0 | 0 | 1 | 2 | 1 | 3 | 2 | 13 | 7 | 18 | 11 | 9 | 4 | 4 | 5 | 20 | 7 | 5 | 6 | 3 | 11 | 13 | 7 | 13 | 9 | 7 | 11 | 9 | 11 |
 125 | Gleckler, Anthony Duane | THE UNIVERSITY OF ARIZONA. | 1994 | male | 1 | 0 | 1994 | 1 | 1 | 2010 | 0 | 0 | 0 | 0 | 0 | 1 | 0 | 0 | 0 | 0 | 0 | 0 | 0 | 0 | 0 | 0 | 0 | 0 | 0 | 0 | 0 | 0 | 0 | 0 | 0 | 0 | 0 | 0 | 0 | 0 | 0 | 0 | 0 | 1 | 0 | 0 | 0 | 0 | 0 | 0 | 0 | 0 | 0 | 0 | 0 | 0 | 0 | 0 | 0 | 1 | 0 | 0 | 0 | 0 | 0 | 0 |
 137 | Jaffe, Andrew Howard | THE UNIVERSITY OF CHICAGO. | 1994 | male | 3 | 13 | 2016 | 5 | 228 | 2017 | 0 | 0 | 0 | 0 | 0 | 3 | 1 | 1 | 1 | 1 | 0 | 1 | 1 | 0 | 3 | 2 | 0 | 0 | 1 | 0 | 0 | 0 | 0 | 0 | 0 | 0 | 0 | 1 | 1 | 0 | 0 | 1 | 0 | 3 | 1 | 1 | 2 | 5 | 3 | 10 | 10 | 7 | 9 | 5 | 1 | 7 | 8 | 0 | 1 | 6 | 26 | 3 | 10 | 40 | 16 | 53 |
 143 | Butler, Bryan Jay | CALIFORNIA INSTITUTE OF TECHNOLOGY. | 1994 | male | 2 | 4 | 2004 | 5 | 44 | 2017 | 0 | 0 | 0 | 0 | 1 | 1 | 0 | 0 | 2 | 0 | 0 | 0 | 1 | 0 | 0 | 1 | 0 | 0 | 0 | 0 | 0 | 0 | 0 | 0 | 0 | 0 | 0 | 0 | 0 | 1 | 1 | 1 | 1 | 1 | 1 | 0 | 5 | 1 | 1 | 1 | 1 | 1 | 3 | 1 | 0 | 0 | 4 | 2 | 3 | 1 | 2 | 0 | 4 | 3 | 2 | 2 |
 145 | Dey, Arjun | UNIVERSITY OF CALIFORNIA, BERKELEY. | 1994 | male | 2 | 11 | 2016 | 7 | 187 | 2017 | 0 | 1 | 0 | 0 | 0 | 1 | 1 | 2 | 1 | 1 | 1 | 0 | 0 | 0 | 0 | 0 | 1 | 0 | 0 | 1 | 0 | 0 | 0 | 0 | 0 | 1 | 1 | 1 | 0 | 2 | 0 | 2 | 2 | 1 | 5 | 7 | 5 | 8 | 5 | 9 | 2 | 7 | 4 | 8 | 10 | 11 | 11 | 12 | 16 | 6 | 8 | 20 | 12 | 8 | 5 | 5 |
 151 | Shi, Xiangdong | THE UNIVERSITY OF CHICAGO. | 1994 | male | 6 | 29 | 2017 | 10 | 77 | 2017 | 0 | 0 | 0 | 2 | 1 | 3 | 3 | 3 | 2 | 4 | 5 | 0 | 0 | 0 | 0 | 0 | 0 | 1 | 0 | 0 | 0 | 3 | 1 | 0 | 1 | 2 | 1 | 2 | 0 | 0 | 0 | 4 | 2 | 4 | 3 | 4 | 3 | 5 | 5 | 1 | 0 | 0 | 0 | 0 | 0 | 1 | 1 | 4 | 5 | 5 | 3 | 2 | 4 | 6 | 6 | 14 |
 154 | Valenti, Jeffrey Alan | UNIVERSITY OF CALIFORNIA, BERKELEY. | 1994 | male | 1 | 2 | 2008 | 2 | 30 | 2016 | 0 | 0 | 0 | 0 | 0 | 1 | 0 | 1 | 0 | 0 | 0 | 0 | 0 | 0 | 0 | 0 | 0 | 0 | 0 | 1 | 0 | 0 | 0 | 0 | 0 | 0 | 0 | 0 | 0 | 0 | 1 | 0 | 0 | 1 | 1 | 1 | 1 | 2 | 0 | 0 | 1 | 1 | 0 | 1 | 1 | 1 | 1 | 2 | 1 | 0 | 6 | 2 | 3 | 1 | 2 | 2 |
 157 | Ellman, Nancy | UNIVERSITY OF CALIFORNIA, SANTA CRUZ. | 1994 | female | 1 | 1 | 1995 | 3 | 27 | 2017 | 0 | 0 | 0 | 0 | 0 | 1 | 1 | 0 | 0 | 0 | 0 | 0 | 0 | 0 | 0 | 0 | 0 | 0 | 0 | 0 | 0 | 0 | 0 | 0 | 0 | 0 | 0 | 0 | 1 | 0 | 0 | 0 | 1 | 1 | 1 | 2 | 0 | 0 | 1 | 1 | 2 | 1 | 0 | 2 | 0 | 0 | 1 | 2 | 3 | 0 | 1 | 1 | 2 | 2 | 2 | 2 |
 162 | Roth, Joshua | CALIFORNIA INSTITUTE OF TECHNOLOGY. | 1994 | male | 4 | 0 | 1994 | 8 | 4 | 1998 | 0 | 0 | 1 | 0 | 0 | 3 | 0 | 0 | 0 | 0 | 0 | 0 | 0 | 0 | 0 | 0 | 0 | 0 | 0 | 0 | 0 | 0 | 0 | 0 | 0 | 0 | 0 | 0 | 0 | 0 | 2 | 0 | 2 | 4 | 0 | 1 | 1 | 2 | 0 | 0 | 0 | 0 | 0 | 0 | 0 | 0 | 0 | 0 | 0 | 0 | 0 | 0 | 0 | 0 | 0 | 0 |
 170 | Xiu, Rulin | UNIVERSITY OF CALIFORNIA, BERKELEY. | 1994 | male | 1 | 1 | 1997 | 1 | 1 | 1997 | 0 | 0 | 0 | 0 | 0 | 1 | 0 | 0 | 1 | 0 | 0 | 0 | 0 | 0 | 0 | 0 | 0 | 0 | 0 | 0 | 0 | 0 | 0 | 0 | 0 | 0 | 0 | 0 | 0 | 0 | 0 | 0 | 0 | 1 | 0 | 0 | 1 | 0 | 0 | 0 | 0 | 0 | 0 | 0 | 0 | 0 | 0 | 0 | 0 | 0 | 0 | 0 | 0 | 0 | 0 | 0 |
 176 | Lee, Kar Yue | UNIVERSITY OF WASHINGTON. | 1994 | male | 2 | 4 | 2009 | 4 | 81 | 2017 | 0 | 0 | 0 | 0 | 0 | 2 | 0 | 0 | 0 | 0 | 0 | 0 | 0 | 0 | 1 | 0 | 1 | 1 | 0 | 0 | 1 | 0 | 0 | 0 | 0 | 0 | 0 | 0 | 1 | 0 | 1 | 0 | 0 | 2 | 0 | 0 | 0 | 0 | 0 | 1 | 0 | 0 | 1 | 3 | 3 | 2 | 0 | 6 | 8 | 0 | 3 | 8 | 2 | 3 | 2 | 29 |
 178 | Lee, Clarence L. | CALIFORNIA INSTITUTE OF TECHNOLOGY. | 1994 | male | 1 | 9 | 2012 | 9 | 40 | 2017 | 0 | 0 | 0 | 0 | 0 | 1 | 0 | 0 | 0 | 0 | 1 | 0 | 0 | 0 | 0 | 0 | 1 | 0 | 1 | 0 | 1 | 1 | 1 | 3 | 0 | 0 | 0 | 0 | 0 | 0 | 0 | 4 | 1 | 4 | 1 | 0 | 1 | 1 | 4 | 1 | 1 | 1 | 1 | 1 | 2 | 1 | 1 | 0 | 2 | 2 | 2 | 4 | 2 | 2 | 3 | 2 |
 180 | Kerola, Dana Xavier | THE UNIVERSITY OF ARIZONA. | 1994 | female | 1 | 4 | 2006 | 1 | 4 | 2006 | 0 | 0 | 0 | 0 | 0 | 1 | 0 | 0 | 1 | 0 | 1 | 0 | 1 | 0 | 0 | 0 | 0 | 1 | 0 | 0 | 0 | 0 | 0 | 0 | 0 | 0 | 0 | 0 | 0 | 0 | 0 | 0 | 0 | 1 | 0 | 0 | 1 | 0 | 1 | 0 | 1 | 0 | 0 | 0 | 0 | 1 | 0 | 0 | 0 | 0 | 0 | 0 | 0 | 0 | 0 | 0 |
 182 | Cummings, Julian Clark | PRINCETON UNIVERSITY. | 1994 | male | 1 | 0 | 1994 | 1 | 33 | 2017 | 0 | 0 | 0 | 0 | 0 | 1 | 0 | 0 | 0 | 0 | 0 | 0 | 0 | 0 | 0 | 0 | 0 | 0 | 0 | 0 | 0 | 0 | 0 | 0 | 0 | 0 | 0 | 0 | 0 | 0 | 0 | 0 | 0 | 1 | 0 | 0 | 0 | 0 | 0 | 0 | 0 | 0 | 0 | 0 | 3 | 5 | 3 | 2 | 2 | 1 | 3 | 3 | 2 | 4 | 2 | 2 |
 185 | Miller, Bryan Whitfield | UNIVERSITY OF WASHINGTON. | 1994 | male | 2 | 14 | 2015 | 4 | 65 | 2016 | 0 | 0 | 0 | 0 | 0 | 2 | 4 | 3 | 1 | 2 | 0 | 0 | 1 | 0 | 0 | 0 | 0 | 1 | 1 | 0 | 0 | 0 | 0 | 0 | 0 | 0 | 1 | 0 | 1 | 0 | 0 | 0 | 1 | 2 | 6 | 5 | 3 | 3 | 2 | 0 | 6 | 4 | 4 | 5 | 1 | 4 | 3 | 3 | 4 | 3 | 1 | 1 | 1 | 3 | 2 | 1 |
 187 | Craig, William Walker | UNIVERSITY OF CALIFORNIA, BERKELEY. | 1994 | male | 1 | 2 | 2000 | 2 | 186 | 2017 | 0 | 0 | 0 | 0 | 0 | 1 | 0 | 0 | 1 | 0 | 0 | 1 | 0 | 0 | 0 | 0 | 0 | 0 | 0 | 0 | 0 | 0 | 0 | 0 | 0 | 0 | 0 | 0 | 0 | 0 | 0 | 0 | 0 | 2 | 1 | 0 | 1 | 1 | 1 | 3 | 2 | 2 | 2 | 2 | 1 | 1 | 0 | 4 | 0 | 1 | 0 | 1 | 16 | 49 | 53 | 35 |
 189 | Heckler, Andrew Frank | UNIVERSITY OF WASHINGTON. | 1994 | male | 3 | 4 | 1997 | 3 | 7 | 1999 | 0 | 0 | 0 | 0 | 1 | 2 | 1 | 1 | 2 | 0 | 0 | 0 | 0 | 0 | 0 | 0 | 0 | 0 | 0 | 0 | 0 | 0 | 0 | 0 | 0 | 0 | 0 | 0 | 0 | 0 | 0 | 0 | 1 | 2 | 1 | 2 | 3 | 0 | 1 | 0 | 0 | 0 | 0 | 0 | 0 | 0 | 0 | 0 | 0 | 0 | 0 | 0 | 0 | 0 | 0 | 0 |
 191 | Sprayberry, David | THE UNIVERSITY OF ARIZONA. | 1994 | male | 3 | 4 | 1997 | 4 | 10 | 2001 | 0 | 0 | 0 | 1 | 1 | 1 | 2 | 1 | 1 | 0 | 0 | 0 | 0 | 0 | 0 | 0 | 0 | 0 | 0 | 0 | 0 | 0 | 0 | 0 | 0 | 0 | 0 | 0 | 0 | 0 | 0 | 1 | 2 | 1 | 2 | 2 | 2 | 0 | 0 | 0 | 4 | 0 | 0 | 0 | 0 | 0 | 0 | 0 | 0 | 0 | 0 | 0 | 0 | 0 | 0 | 0 |
 194 | Betts, Bruce Harold | CALIFORNIA INSTITUTE OF TECHNOLOGY. | 1994 | male | 3 | 2 | 2005 | 4 | 3 | 2005 | 0 | 0 | 0 | 0 | 1 | 2 | 1 | 0 | 0 | 0 | 0 | 0 | 0 | 0 | 0 | 0 | 1 | 0 | 0 | 0 | 0 | 0 | 0 | 0 | 0 | 0 | 0 | 0 | 0 | 0 | 1 | 0 | 1 | 2 | 2 | 0 | 0 | 0 | 0 | 0 | 0 | 0 | 0 | 0 | 1 | 0 | 0 | 0 | 0 | 0 | 0 | 0 | 0 | 0 | 0 | 0 |
 199 | McLeod, Kim Katris | THE UNIVERSITY OF ARIZONA. | 1994 | female | 3 | 7 | 2017 | 3 | 27 | 2017 | 0 | 0 | 0 | 0 | 1 | 2 | 3 | 0 | 0 | 0 | 1 | 0 | 1 | 0 | 0 | 0 | 0 | 0 | 0 | 0 | 1 | 0 | 0 | 0 | 0 | 0 | 0 | 0 | 0 | 0 | 0 | 0 | 1 | 2 | 5 | 0 | 1 | 1 | 2 | 2 | 1 | 0 | 1 | 0 | 1 | 0 | 1 | 0 | 1 | 1 | 0 | 0 | 0 | 2 | 3 | 2 |
 200 | Stansberry, John Arthur | THE UNIVERSITY OF ARIZONA. | 1994 | male | 6 | 9 | 2012 | 8 | 107 | 2017 | 2 | 1 | 0 | 1 | 0 | 2 | 0 | 2 | 1 | 0 | 1 | 0 | 0 | 0 | 0 | 1 | 0 | 1 | 1 | 1 | 0 | 0 | 0 | 1 | 0 | 0 | 0 | 0 | 2 | 1 | 2 | 1 | 0 | 2 | 0 | 2 | 4 | 1 | 3 | 2 | 3 | 1 | 1 | 12 | 6 | 5 | 10 | 8 | 4 | 6 | 6 | 5 | 2 | 6 | 1 | 14 |
 208 | Germain, Patrick | CALIFORNIA INSTITUTE OF TECHNOLOGY. | 1994 | male | 1 | 0 | 1994 | 1 | 0 | 1994 | 0 | 0 | 0 | 0 | 0 | 1 | 0 | 0 | 0 | 0 | 0 | 0 | 0 | 0 | 0 | 0 | 0 | 0 | 0 | 0 | 0 | 0 | 0 | 0 | 0 | 0 | 0 | 0 | 0 | 0 | 0 | 0 | 0 | 1 | 0 | 0 | 0 | 0 | 0 | 0 | 0 | 0 | 0 | 0 | 0 | 0 | 0 | 0 | 0 | 0 | 0 | 0 | 0 | 0 | 0 | 0 |
 213 | Chou, Yung-Ping | COLUMBIA UNIVERSITY. | 1994 | male | 2 | 8 | 2008 | 2 | 18 | 2015 | 0 | 0 | 0 | 0 | 1 | 1 | 1 | 1 | 0 | 0 | 1 | 0 | 3 | 0 | 0 | 0 | 1 | 0 | 0 | 1 | 0 | 0 | 0 | 0 | 0 | 0 | 0 | 0 | 0 | 0 | 0 | 0 | 1 | 1 | 1 | 1 | 1 | 0 | 1 | 0 | 3 | 2 | 1 | 0 | 2 | 1 | 0 | 1 | 0 | 0 | 0 | 1 | 1 | 1 | 1 | 0 |
 214 | Elliott, Bruce L. | THE JOHNS HOPKINS UNIVERSITY. | 1994 | male | 2 | 0 | 1994 | 5 | 1 | 2008 | 0 | 0 | 0 | 1 | 0 | 1 | 0 | 0 | 0 | 0 | 0 | 0 | 0 | 0 | 0 | 0 | 0 | 0 | 0 | 0 | 0 | 0 | 0 | 0 | 0 | 0 | 0 | 0 | 2 | 0 | 0 | 1 | 1 | 1 | 0 | 0 | 0 | 0 | 0 | 0 | 0 | 0 | 0 | 0 | 0 | 0 | 0 | 1 | 0 | 0 | 0 | 0 | 0 | 0 | 0 | 0 |
 217 | Banfield, Donald J. | CALIFORNIA INSTITUTE OF TECHNOLOGY. | 1994 | male | 1 | 3 | 2004 | 3 | 22 | 2016 | 0 | 0 | 0 | 0 | 0 | 1 | 0 | 0 | 0 | 1 | 0 | 0 | 0 | 0 | 1 | 1 | 0 | 0 | 0 | 0 | 0 | 0 | 0 | 0 | 0 | 0 | 0 | 0 | 2 | 0 | 0 | 0 | 0 | 1 | 0 | 2 | 0 | 1 | 0 | 2 | 0 | 0 | 2 | 2 | 1 | 1 | 0 | 1 | 4 | 0 | 0 | 1 | 1 | 2 | 0 | 2 |
 219 | Fox, Richard John | UNIVERSITY OF CALIFORNIA, BERKELEY. | 1994 | male | 1 | 0 | 1994 | 2 | 4 | 2008 | 0 | 0 | 0 | 0 | 0 | 1 | 0 | 0 | 0 | 0 | 0 | 0 | 0 | 0 | 0 | 0 | 0 | 0 | 0 | 0 | 0 | 0 | 0 | 0 | 0 | 0 | 0 | 0 | 0 | 1 | 0 | 0 | 0 | 1 | 0 | 0 | 0 | 0 | 0 | 0 | 0 | 0 | 0 | 0 | 1 | 0 | 0 | 3 | 0 | 0 | 0 | 0 | 0 | 0 | 0 | 0 |
 220 | Kosowsky, Arthur Brian | THE UNIVERSITY OF CHICAGO. | 1994 | male | 4 | 13 | 2011 | 5 | 104 | 2017 | 0 | 0 | 0 | 2 | 1 | 1 | 1 | 2 | 0 | 0 | 1 | 0 | 0 | 2 | 1 | 0 | 1 | 1 | 0 | 0 | 1 | 2 | 1 | 0 | 0 | 0 | 0 | 0 | 0 | 0 | 0 | 2 | 1 | 2 | 3 | 4 | 2 | 2 | 2 | 0 | 0 | 3 | 2 | 5 | 3 | 1 | 4 | 5 | 5 | 7 | 11 | 7 | 9 | 9 | 12 | 5 |
 221 | Lemmon, Mark Thomas | THE UNIVERSITY OF ARIZONA. | 1994 | male | 2 | 4 | 2015 | 2 | 112 | 2017 | 0 | 0 | 0 | 0 | 1 | 1 | 1 | 0 | 0 | 0 | 0 | 0 | 0 | 1 | 0 | 1 | 0 | 0 | 0 | 0 | 0 | 0 | 0 | 0 | 0 | 0 | 1 | 0 | 0 | 0 | 0 | 0 | 1 | 1 | 1 | 2 | 2 | 2 | 5 | 2 | 6 | 1 | 4 | 7 | 3 | 11 | 1 | 5 | 5 | 10 | 2 | 1 | 9 | 9 | 9 | 12 |
 225 | Dickinson, Mark Everett | UNIVERSITY OF CALIFORNIA, BERKELEY. | 1994 | male | 1 | 8 | 2004 | 13 | 334 | 2017 | 0 | 0 | 0 | 0 | 0 | 1 | 2 | 2 | 1 | 0 | 0 | 1 | 0 | 0 | 1 | 1 | 0 | 0 | 0 | 0 | 0 | 0 | 0 | 0 | 0 | 0 | 0 | 0 | 0 | 1 | 1 | 3 | 3 | 5 | 6 | 8 | 6 | 10 | 6 | 11 | 10 | 7 | 8 | 21 | 16 | 15 | 16 | 13 | 23 | 24 | 27 | 29 | 16 | 22 | 19 | 14 |
 227 | Brown, Michael Edwards | UNIVERSITY OF CALIFORNIA, BERKELEY. | 1994 | male | 7 | 51 | 2016 | 8 | 177 | 2017 | 1 | 0 | 0 | 0 | 2 | 4 | 3 | 2 | 3 | 3 | 0 | 3 | 2 | 3 | 0 | 4 | 2 | 4 | 3 | 1 | 3 | 2 | 2 | 2 | 3 | 1 | 3 | 2 | 1 | 0 | 0 | 0 | 2 | 5 | 6 | 3 | 5 | 7 | 4 | 11 | 5 | 7 | 5 | 10 | 9 | 14 | 11 | 6 | 8 | 7 | 4 | 10 | 10 | 8 | 13 | 10 |
 232 | Bush, Brett Charles | UNIVERSITY OF CALIFORNIA, BERKELEY. | 1994 | male | 1 | 2 | 1995 | 2 | 3 | 2002 | 0 | 0 | 0 | 0 | 0 | 1 | 2 | 0 | 0 | 0 | 0 | 0 | 0 | 0 | 0 | 0 | 0 | 0 | 0 | 0 | 0 | 0 | 0 | 0 | 0 | 0 | 0 | 0 | 0 | 0 | 0 | 0 | 1 | 1 | 2 | 0 | 0 | 0 | 0 | 0 | 0 | 1 | 0 | 0 | 0 | 0 | 0 | 0 | 0 | 0 | 0 | 0 | 0 | 0 | 0 | 0 |
 235 | Belmonte, Andrew Leonard | PRINCETON UNIVERSITY. | 1994 | male | 2 | 0 | 1994 | 2 | 1 | 2015 | 0 | 0 | 0 | 0 | 1 | 1 | 0 | 0 | 0 | 0 | 0 | 0 | 0 | 0 | 0 | 0 | 0 | 0 | 0 | 0 | 0 | 0 | 0 | 0 | 0 | 0 | 0 | 0 | 0 | 0 | 0 | 0 | 1 | 1 | 0 | 0 | 0 | 0 | 0 | 0 | 0 | 0 | 0 | 0 | 0 | 0 | 0 | 0 | 0 | 0 | 0 | 0 | 0 | 0 | 1 | 0 |
 236 | Wilbanks, Thor Miller | UNIVERSITY OF CALIFORNIA, BERKELEY. | 1994 | male | 3 | 0 | 1994 | 5 | 5 | 1997 | 0 | 1 | 0 | 0 | 0 | 2 | 0 | 0 | 0 | 0 | 0 | 0 | 0 | 0 | 0 | 0 | 0 | 0 | 0 | 0 | 0 | 0 | 0 | 0 | 0 | 0 | 0 | 0 | 0 | 1 | 0 | 1 | 1 | 2 | 1 | 0 | 4 | 0 | 0 | 0 | 0 | 0 | 0 | 0 | 0 | 0 | 0 | 0 | 0 | 0 | 0 | 0 | 0 | 0 | 0 | 0 |
 237 | Horner, Scott Donald | THE UNIVERSITY OF CHICAGO. | 1994 | male | 1 | 1 | 1996 | 2 | 10 | 2012 | 0 | 0 | 0 | 0 | 0 | 1 | 0 | 1 | 0 | 0 | 0 | 0 | 0 | 0 | 0 | 0 | 0 | 0 | 0 | 0 | 0 | 0 | 0 | 0 | 0 | 0 | 0 | 0 | 0 | 0 | 0 | 0 | 0 | 2 | 1 | 1 | 3 | 3 | 0 | 0 | 0 | 1 | 0 | 0 | 0 | 0 | 0 | 0 | 0 | 0 | 0 | 1 | 0 | 0 | 0 | 0 |
 239 | Luo, Xiaochun | THE UNIVERSITY OF CHICAGO. | 1994 | female | 9 | 6 | 2013 | 9 | 20 | 2017 | 0 | 0 | 0 | 3 | 2 | 4 | 1 | 0 | 0 | 0 | 0 | 0 | 0 | 0 | 1 | 0 | 0 | 0 | 0 | 2 | 1 | 0 | 0 | 0 | 1 | 0 | 0 | 0 | 0 | 0 | 0 | 3 | 2 | 4 | 4 | 2 | 1 | 0 | 0 | 0 | 0 | 0 | 1 | 0 | 1 | 0 | 0 | 5 | 2 | 0 | 1 | 0 | 1 | 1 | 0 | 0 |
 242 | Malhotra, Sangeeta | PRINCETON UNIVERSITY. | 1994 | female | 3 | 16 | 2017 | 4 | 129 | 2017 | 0 | 0 | 0 | 0 | 0 | 3 | 2 | 2 | 3 | 0 | 0 | 1 | 1 | 1 | 1 | 1 | 1 | 1 | 0 | 0 | 0 | 0 | 0 | 1 | 0 | 0 | 0 | 0 | 0 | 0 | 0 | 0 | 1 | 3 | 3 | 7 | 4 | 1 | 1 | 4 | 4 | 3 | 4 | 12 | 7 | 7 | 13 | 3 | 13 | 3 | 7 | 8 | 7 | 7 | 2 | 7 |
 245 | Sears, William David | THE UNIVERSITY OF ARIZONA. | 1994 | male | 2 | 1 | 1995 | 3 | 6 | 1998 | 0 | 0 | 0 | 0 | 1 | 1 | 1 | 0 | 0 | 0 | 0 | 0 | 0 | 0 | 0 | 0 | 0 | 0 | 0 | 0 | 0 | 0 | 0 | 0 | 0 | 0 | 0 | 0 | 0 | 0 | 0 | 1 | 1 | 1 | 4 | 0 | 1 | 1 | 0 | 0 | 0 | 0 | 0 | 0 | 0 | 0 | 0 | 0 | 0 | 0 | 0 | 0 | 0 | 0 | 0 | 0 |
 251 | Chung, Tze-Dan | PRINCETON UNIVERSITY. | 1994 | male | 2 | 0 | 1994 | 2 | 1 | 2008 | 0 | 0 | 0 | 0 | 0 | 2 | 0 | 0 | 0 | 0 | 0 | 0 | 0 | 0 | 0 | 0 | 0 | 0 | 0 | 0 | 0 | 0 | 0 | 0 | 0 | 0 | 0 | 0 | 0 | 0 | 0 | 0 | 0 | 2 | 0 | 0 | 0 | 0 | 0 | 0 | 0 | 0 | 0 | 0 | 0 | 0 | 0 | 1 | 0 | 0 | 0 | 0 | 0 | 0 | 0 | 0 |
 255 | Conrad, Albert Rudolph | UNIVERSITY OF CALIFORNIA, SANTA CRUZ. | 1994 | male | 1 | 3 | 2015 | 1 | 18 | 2017 | 0 | 0 | 0 | 0 | 0 | 1 | 0 | 0 | 0 | 0 | 0 | 0 | 0 | 0 | 0 | 0 | 0 | 0 | 1 | 0 | 1 | 0 | 0 | 0 | 0 | 0 | 1 | 0 | 0 | 0 | 0 | 0 | 0 | 1 | 0 | 0 | 0 | 0 | 0 | 0 | 1 | 0 | 0 | 0 | 2 | 1 | 3 | 0 | 1 | 2 | 2 | 1 | 1 | 1 | 1 | 0 |
 260 | Gu, Xiaogang | THE UNIVERSITY OF ARIZONA. | 1994 | male | 4 | 9 | 2012 | 8 | 30 | 2016 | 0 | 1 | 0 | 0 | 0 | 3 | 1 | 0 | 1 | 0 | 0 | 0 | 1 | 0 | 2 | 0 | 0 | 1 | 1 | 0 | 1 | 0 | 0 | 1 | 0 | 0 | 0 | 0 | 1 | 1 | 0 | 1 | 2 | 3 | 2 | 0 | 1 | 1 | 2 | 1 | 5 | 3 | 4 | 1 | 1 | 1 | 1 | 0 | 1 | 0 | 0 | 3 | 1 | 1 | 0 | 1 |
 270 | Weiss, Steven Clair | UNIVERSITY OF CALIFORNIA, BERKELEY. | 1994 | male | 1 | 0 | 1994 | 3 | 2 | 2009 | 0 | 0 | 0 | 0 | 0 | 1 | 0 | 0 | 0 | 0 | 0 | 0 | 0 | 0 | 0 | 0 | 0 | 0 | 0 | 0 | 0 | 0 | 0 | 0 | 0 | 0 | 0 | 0 | 0 | 0 | 1 | 1 | 0 | 1 | 0 | 0 | 0 | 0 | 0 | 0 | 0 | 0 | 0 | 0 | 0 | 0 | 0 | 1 | 1 | 0 | 0 | 0 | 0 | 0 | 0 | 0 |
 274 | Leroy, Stephen Sylvain | CALIFORNIA INSTITUTE OF TECHNOLOGY. | 1994 | male | 1 | 5 | 2007 | 5 | 16 | 2011 | 0 | 0 | 0 | 0 | 0 | 1 | 1 | 1 | 0 | 0 | 0 | 1 | 0 | 0 | 1 | 0 | 0 | 0 | 1 | 0 | 0 | 0 | 0 | 0 | 0 | 0 | 0 | 0 | 1 | 3 | 0 | 0 | 0 | 1 | 1 | 2 | 0 | 0 | 0 | 1 | 0 | 2 | 4 | 0 | 0 | 0 | 2 | 0 | 1 | 1 | 2 | 0 | 0 | 0 | 0 | 0 |
 279 | Willette, Gregory Thomas | CALIFORNIA INSTITUTE OF TECHNOLOGY. | 1994 | male | 1 | 0 | 1994 | 2 | 0 | 1994 | 0 | 0 | 0 | 0 | 0 | 1 | 0 | 0 | 0 | 0 | 0 | 0 | 0 | 0 | 0 | 0 | 0 | 0 | 0 | 0 | 0 | 0 | 0 | 0 | 0 | 0 | 0 | 0 | 0 | 0 | 1 | 0 | 0 | 1 | 0 | 0 | 0 | 0 | 0 | 0 | 0 | 0 | 0 | 0 | 0 | 0 | 0 | 0 | 0 | 0 | 0 | 0 | 0 | 0 | 0 | 0 |
 291 | Schilling, Oleg | COLUMBIA UNIVERSITY. | 1994 | male | 1 | 0 | 1994 | 2 | 0 | 1994 | 0 | 0 | 0 | 0 | 0 | 1 | 0 | 0 | 0 | 0 | 0 | 0 | 0 | 0 | 0 | 0 | 0 | 0 | 0 | 0 | 0 | 0 | 0 | 0 | 0 | 0 | 0 | 0 | 0 | 0 | 0 | 0 | 0 | 2 | 0 | 0 | 0 | 0 | 0 | 0 | 0 | 0 | 0 | 0 | 0 | 0 | 0 | 0 | 0 | 0 | 0 | 0 | 0 | 0 | 0 | 0 |
 293 | Clapp, Andre Charles | UNIVERSITY OF CALIFORNIA, BERKELEY. | 1994 | male | 2 | 0 | 1994 | 9 | 4 | 1996 | 0 | 0 | 0 | 0 | 0 | 2 | 0 | 0 | 0 | 0 | 0 | 0 | 0 | 0 | 0 | 0 | 0 | 0 | 0 | 0 | 0 | 0 | 0 | 0 | 0 | 0 | 0 | 0 | 0 | 0 | 0 | 2 | 3 | 4 | 2 | 2 | 0 | 0 | 0 | 0 | 0 | 0 | 0 | 0 | 0 | 0 | 0 | 0 | 0 | 0 | 0 | 0 | 0 | 0 | 0 | 0 |
 294 | Dekany, Richard George | THE UNIVERSITY OF ARIZONA. | 1994 | male | 2 | 1 | 2013 | 7 | 47 | 2017 | 0 | 0 | 0 | 0 | 0 | 2 | 0 | 0 | 0 | 0 | 0 | 0 | 0 | 0 | 0 | 0 | 0 | 0 | 0 | 0 | 0 | 0 | 0 | 0 | 1 | 0 | 0 | 0 | 0 | 0 | 0 | 3 | 1 | 3 | 1 | 0 | 0 | 0 | 0 | 0 | 2 | 0 | 1 | 1 | 1 | 0 | 2 | 1 | 2 | 6 | 7 | 5 | 7 | 3 | 5 | 1 |
 295 | Humayun, Munir | THE UNIVERSITY OF CHICAGO. | 1994 | male | 1 | 17 | 2013 | 1 | 80 | 2017 | 0 | 0 | 0 | 0 | 0 | 1 | 3 | 0 | 0 | 0 | 1 | 0 | 1 | 1 | 1 | 2 | 1 | 1 | 2 | 1 | 1 | 0 | 0 | 1 | 1 | 0 | 0 | 0 | 0 | 0 | 0 | 0 | 0 | 1 | 3 | 0 | 0 | 0 | 1 | 1 | 3 | 2 | 7 | 6 | 11 | 3 | 4 | 5 | 3 | 0 | 2 | 2 | 4 | 5 | 11 | 5 |
 299 | Laughlin, Gregory P. | UNIVERSITY OF CALIFORNIA, SANTA CRUZ. | 1994 | male | 3 | 24 | 2015 | 5 | 137 | 2017 | 0 | 0 | 0 | 0 | 1 | 2 | 0 | 2 | 3 | 2 | 1 | 2 | 1 | 2 | 0 | 2 | 3 | 1 | 0 | 0 | 2 | 1 | 1 | 0 | 0 | 0 | 1 | 0 | 1 | 0 | 0 | 0 | 2 | 2 | 1 | 4 | 6 | 5 | 2 | 4 | 5 | 7 | 5 | 5 | 6 | 13 | 8 | 9 | 10 | 7 | 9 | 4 | 5 | 7 | 6 | 6 |
 303 | McCann, Robert John | PRINCETON UNIVERSITY. | 1994 | male | 1 | 0 | 1994 | 1 | 0 | 1994 | 0 | 0 | 0 | 0 | 0 | 1 | 0 | 0 | 0 | 0 | 0 | 0 | 0 | 0 | 0 | 0 | 0 | 0 | 0 | 0 | 0 | 0 | 0 | 0 | 0 | 0 | 0 | 0 | 0 | 0 | 0 | 0 | 0 | 1 | 0 | 0 | 0 | 0 | 0 | 0 | 0 | 0 | 0 | 0 | 0 | 0 | 0 | 0 | 0 | 0 | 0 | 0 | 0 | 0 | 0 | 0 |
 312 | Wexler, Mark | PRINCETON UNIVERSITY. | 1994 | male | 2 | 1 | 1995 | 2 | 2 | 1995 | 0 | 0 | 0 | 0 | 1 | 1 | 1 | 0 | 0 | 0 | 0 | 0 | 0 | 0 | 0 | 0 | 0 | 0 | 0 | 0 | 0 | 0 | 0 | 0 | 0 | 0 | 0 | 0 | 0 | 0 | 0 | 0 | 1 | 1 | 2 | 0 | 0 | 0 | 0 | 0 | 0 | 0 | 0 | 0 | 0 | 0 | 0 | 0 | 0 | 0 | 0 | 0 | 0 | 0 | 0 | 0 |
 316 | Sincell, Mark William | THE JOHNS HOPKINS UNIVERSITY. | 1994 | male | 4 | 8 | 2001 | 5 | 8 | 2001 | 0 | 0 | 0 | 2 | 0 | 2 | 0 | 1 | 2 | 2 | 2 | 0 | 1 | 0 | 0 | 0 | 0 | 0 | 0 | 0 | 0 | 0 | 0 | 0 | 0 | 0 | 0 | 0 | 0 | 1 | 0 | 2 | 0 | 2 | 0 | 1 | 2 | 2 | 2 | 0 | 1 | 0 | 0 | 0 | 0 | 0 | 0 | 0 | 0 | 0 | 0 | 0 | 0 | 0 | 0 | 0 |
 317 | Dwyer, Joseph Richard | THE UNIVERSITY OF CHICAGO. | 1994 | male | 3 | 28 | 2015 | 8 | 109 | 2017 | 0 | 0 | 1 | 0 | 1 | 1 | 0 | 0 | 4 | 0 | 1 | 1 | 1 | 0 | 1 | 3 | 4 | 1 | 1 | 1 | 0 | 1 | 2 | 4 | 2 | 0 | 1 | 0 | 0 | 1 | 2 | 1 | 2 | 2 | 1 | 1 | 9 | 3 | 7 | 4 | 8 | 3 | 3 | 6 | 6 | 8 | 2 | 5 | 5 | 7 | 4 | 6 | 6 | 5 | 6 | 3 |
 322 | Engel, Steffi | THE UNIVERSITY OF ARIZONA. | 1994 | female | 4 | 2 | 2003 | 7 | 23 | 2010 | 1 | 1 | 0 | 0 | 0 | 2 | 1 | 0 | 0 | 0 | 0 | 0 | 0 | 0 | 1 | 0 | 0 | 0 | 0 | 0 | 0 | 0 | 0 | 0 | 0 | 0 | 0 | 0 | 1 | 1 | 2 | 0 | 0 | 3 | 1 | 0 | 0 | 0 | 1 | 1 | 1 | 2 | 8 | 2 | 3 | 0 | 0 | 3 | 0 | 1 | 0 | 0 | 0 | 0 | 0 | 0 |
 323 | Fields, Brian David | THE UNIVERSITY OF CHICAGO. | 1994 | male | 5 | 38 | 2014 | 11 | 108 | 2016 | 0 | 0 | 0 | 0 | 3 | 2 | 1 | 4 | 5 | 3 | 5 | 2 | 4 | 2 | 0 | 1 | 3 | 3 | 0 | 2 | 0 | 1 | 1 | 0 | 0 | 1 | 0 | 0 | 0 | 0 | 0 | 1 | 7 | 3 | 1 | 6 | 5 | 4 | 5 | 4 | 8 | 7 | 4 | 5 | 7 | 9 | 5 | 6 | 6 | 5 | 7 | 3 | 2 | 2 | 5 | 2 |
