 n |  name |  university |  phd_year |  gender |  fa_n_pubs_pre_phd |  fa_n_pubs_prost_phd |  fa_year_last |  all_n_pubs_pre_phd |  all_n_pubs_prost_phd |  all_year_last |  fa_1992 |  fa_1993 |  fa_1994 |  fa_1995 |  fa_1996 |  fa_1997 |  fa_1998 |  fa_1999 |  fa_2000 |  fa_2001 |  fa_2002 |  fa_2003 |  fa_2004 |  fa_2005 |  fa_2006 |  fa_2007 |  fa_2008 |  fa_2009 |  fa_2010 |  fa_2011 |  fa_2012 |  fa_2013 |  fa_2014 |  fa_2015 |  fa_2016 |  all_1992 |  all_1993 |  all_1994 |  all_1995 |  all_1996 |  all_1997 |  all_1998 |  all_1999 |  all_2000 |  all_2001 |  all_2002 |  all_2003 |  all_2004 |  all_2005 |  all_2006 |  all_2007 |  all_2008 |  all_2009 |  all_2010 |  all_2011 |  all_2012 |  all_2013 |  all_2014 |  all_2015 |  all_2016 | foo
 6 | Churchill, Christopher Will | UNIVERSITY OF CALIFORNIA, SANTA CRUZ | 1997 | male | 4 | 16 | 2015 | 11 | 67 | 2017 | 0 | 0 | 0 | 1 | 1 | 2 | 1 | 4 | 2 | 2 | 0 | 2 | 0 | 0 | 0 | 1 | 0 | 0 | 0 | 0 | 1 | 2 | 0 | 1 | 0 | 2 | 0 | 0 | 2 | 4 | 3 | 4 | 6 | 4 | 9 | 2 | 5 | 1 | 2 | 2 | 2 | 2 | 0 | 2 | 3 | 4 | 6 | 4 | 5 | 2 |
 10 | Craig, Matthew William | UNIVERSITY OF CALIFORNIA, BERKELEY | 1997 | male | 1 | 1 | 2001 | 1 | 2 | 2015 | 0 | 0 | 0 | 0 | 0 | 1 | 0 | 0 | 0 | 1 | 0 | 0 | 0 | 0 | 0 | 0 | 0 | 0 | 0 | 0 | 0 | 0 | 0 | 0 | 0 | 0 | 0 | 0 | 0 | 0 | 1 | 0 | 0 | 0 | 1 | 0 | 0 | 0 | 0 | 0 | 0 | 0 | 0 | 0 | 0 | 0 | 0 | 0 | 1 | 0 |
 22 | Watrous, Mitchell James | UNIVERSITY OF WASHINGTON | 1997 | male | 1 | 0 | 1997 | 1 | 1 | 2000 | 0 | 0 | 0 | 0 | 0 | 1 | 0 | 0 | 0 | 0 | 0 | 0 | 0 | 0 | 0 | 0 | 0 | 0 | 0 | 0 | 0 | 0 | 0 | 0 | 0 | 0 | 0 | 0 | 0 | 0 | 1 | 0 | 0 | 1 | 0 | 0 | 0 | 0 | 0 | 0 | 0 | 0 | 0 | 0 | 0 | 0 | 0 | 0 | 0 | 0 |
 37 | Holbrook, Jarita Charmain | UNIVERSITY OF CALIFORNIA, SANTA CRUZ | 1997 | female | 1 | 5 | 2010 | 2 | 5 | 2010 | 0 | 0 | 0 | 0 | 0 | 1 | 1 | 0 | 0 | 0 | 0 | 0 | 0 | 0 | 0 | 0 | 3 | 0 | 1 | 0 | 0 | 0 | 0 | 0 | 0 | 0 | 0 | 0 | 0 | 0 | 2 | 1 | 0 | 0 | 0 | 0 | 0 | 0 | 0 | 0 | 0 | 3 | 0 | 1 | 0 | 0 | 0 | 0 | 0 | 0 |
 40 | Moore, Guy David | PRINCETON UNIVERSITY | 1997 | male | 2 | 4 | 2006 | 5 | 23 | 2017 | 0 | 0 | 0 | 1 | 0 | 1 | 0 | 0 | 1 | 2 | 0 | 0 | 0 | 0 | 1 | 0 | 0 | 0 | 0 | 0 | 0 | 0 | 0 | 0 | 0 | 2 | 0 | 0 | 2 | 0 | 1 | 1 | 1 | 3 | 2 | 1 | 0 | 2 | 1 | 2 | 1 | 0 | 1 | 0 | 1 | 1 | 0 | 3 | 0 | 2 |
 45 | Rizzi, Anthony | PRINCETON UNIVERSITY | 1997 | male | 1 | 3 | 2002 | 1 | 20 | 2016 | 0 | 0 | 0 | 0 | 0 | 1 | 1 | 0 | 0 | 1 | 1 | 0 | 0 | 0 | 0 | 0 | 0 | 0 | 0 | 0 | 0 | 0 | 0 | 0 | 0 | 0 | 0 | 0 | 0 | 0 | 1 | 1 | 0 | 0 | 1 | 1 | 0 | 6 | 7 | 2 | 0 | 0 | 0 | 0 | 0 | 0 | 1 | 0 | 0 | 1 |
 49 | Robinson, Craig Richard | THE PENNSYLVANIA STATE UNIVERSITY | 1997 | male | 3 | 1 | 2006 | 10 | 108 | 2016 | 0 | 0 | 2 | 0 | 0 | 1 | 0 | 0 | 0 | 0 | 0 | 0 | 0 | 0 | 1 | 0 | 0 | 0 | 0 | 0 | 0 | 0 | 0 | 0 | 0 | 0 | 1 | 3 | 1 | 1 | 4 | 10 | 6 | 1 | 0 | 1 | 0 | 0 | 5 | 6 | 8 | 14 | 16 | 9 | 7 | 18 | 6 | 0 | 0 | 1 |
 70 | Refregier, Alexandre | COLUMBIA UNIVERSITY | 1997 | male | 3 | 13 | 2014 | 4 | 113 | 2017 | 0 | 0 | 0 | 0 | 0 | 3 | 0 | 0 | 2 | 0 | 3 | 3 | 1 | 0 | 0 | 0 | 0 | 1 | 0 | 1 | 1 | 0 | 1 | 0 | 0 | 0 | 0 | 0 | 0 | 0 | 4 | 1 | 0 | 7 | 2 | 4 | 4 | 8 | 2 | 4 | 11 | 5 | 8 | 8 | 1 | 5 | 2 | 5 | 6 | 21 |
 72 | Brown, Thomas Michael | THE JOHNS HOPKINS UNIVERSITY | 1997 | male | 6 | 33 | 2016 | 11 | 132 | 2017 | 0 | 0 | 1 | 2 | 1 | 2 | 3 | 0 | 3 | 1 | 3 | 2 | 3 | 2 | 3 | 1 | 2 | 2 | 2 | 0 | 2 | 2 | 1 | 0 | 1 | 0 | 1 | 2 | 3 | 3 | 2 | 6 | 3 | 9 | 1 | 3 | 6 | 7 | 7 | 6 | 8 | 7 | 6 | 17 | 13 | 4 | 6 | 4 | 12 | 2 |
 73 | Duncan, Todd Lucas | THE UNIVERSITY OF CHICAGO | 1997 | male | 1 | 0 | 1997 | 1 | 0 | 1997 | 0 | 0 | 0 | 0 | 0 | 1 | 0 | 0 | 0 | 0 | 0 | 0 | 0 | 0 | 0 | 0 | 0 | 0 | 0 | 0 | 0 | 0 | 0 | 0 | 0 | 0 | 0 | 0 | 0 | 0 | 1 | 0 | 0 | 0 | 0 | 0 | 0 | 0 | 0 | 0 | 0 | 0 | 0 | 0 | 0 | 0 | 0 | 0 | 0 | 0 |
 79 | Herrmann, Hans Wilhelm | PRINCETON UNIVERSITY | 1997 | male | 1 | 0 | 1997 | 1 | 8 | 2016 | 0 | 0 | 0 | 0 | 0 | 1 | 0 | 0 | 0 | 0 | 0 | 0 | 0 | 0 | 0 | 0 | 0 | 0 | 0 | 0 | 0 | 0 | 0 | 0 | 0 | 0 | 0 | 0 | 0 | 0 | 1 | 1 | 0 | 0 | 0 | 0 | 0 | 0 | 1 | 0 | 0 | 0 | 0 | 0 | 0 | 1 | 1 | 1 | 0 | 3 |
 81 | Iyer, Venkatraman | THE UNIVERSITY OF ARIZONA | 1997 | male | 1 | 0 | 1997 | 1 | 1 | 2017 | 0 | 0 | 0 | 0 | 0 | 1 | 0 | 0 | 0 | 0 | 0 | 0 | 0 | 0 | 0 | 0 | 0 | 0 | 0 | 0 | 0 | 0 | 0 | 0 | 0 | 0 | 0 | 0 | 0 | 0 | 1 | 0 | 0 | 0 | 0 | 0 | 0 | 0 | 0 | 0 | 0 | 0 | 0 | 0 | 0 | 0 | 0 | 0 | 0 | 0 |
 82 | Ford, Eric Cassel | COLUMBIA UNIVERSITY | 1997 | male | 5 | 9 | 2000 | 16 | 31 | 2016 | 0 | 0 | 0 | 0 | 2 | 3 | 4 | 3 | 2 | 0 | 0 | 0 | 0 | 0 | 0 | 0 | 0 | 0 | 0 | 0 | 0 | 0 | 0 | 0 | 0 | 0 | 0 | 0 | 0 | 9 | 7 | 8 | 8 | 8 | 4 | 0 | 0 | 0 | 0 | 0 | 0 | 0 | 0 | 0 | 0 | 0 | 0 | 2 | 0 | 1 |
 83 | Glenn, Jason | THE UNIVERSITY OF ARIZONA | 1997 | male | 7 | 6 | 2015 | 8 | 130 | 2017 | 0 | 0 | 3 | 0 | 0 | 4 | 0 | 1 | 0 | 1 | 1 | 1 | 0 | 0 | 0 | 0 | 0 | 0 | 1 | 0 | 0 | 0 | 0 | 1 | 0 | 0 | 0 | 3 | 0 | 1 | 4 | 0 | 1 | 0 | 2 | 2 | 1 | 0 | 2 | 4 | 3 | 3 | 4 | 45 | 15 | 11 | 18 | 7 | 5 | 6 |
 84 | Harrus, Ilana Muriel | COLUMBIA UNIVERSITY | 1997 | female | 3 | 4 | 2004 | 3 | 19 | 2017 | 0 | 0 | 0 | 0 | 1 | 2 | 1 | 1 | 0 | 1 | 0 | 0 | 1 | 0 | 0 | 0 | 0 | 0 | 0 | 0 | 0 | 0 | 0 | 0 | 0 | 0 | 0 | 0 | 0 | 1 | 2 | 1 | 2 | 0 | 2 | 0 | 0 | 1 | 1 | 1 | 2 | 4 | 1 | 1 | 1 | 0 | 0 | 0 | 0 | 1 |
 85 | Pando, Jesus | THE UNIVERSITY OF ARIZONA | 1997 | male | 2 | 6 | 2004 | 2 | 11 | 2006 | 0 | 0 | 0 | 0 | 1 | 1 | 3 | 0 | 0 | 1 | 1 | 0 | 1 | 0 | 0 | 0 | 0 | 0 | 0 | 0 | 0 | 0 | 0 | 0 | 0 | 0 | 0 | 0 | 0 | 1 | 1 | 3 | 1 | 0 | 2 | 1 | 1 | 1 | 1 | 1 | 0 | 0 | 0 | 0 | 0 | 0 | 0 | 0 | 0 | 0 |
 86 | Morrissey, Patrick Francis | THE JOHNS HOPKINS UNIVERSITY | 1997 | male | 4 | 2 | 2007 | 4 | 94 | 2016 | 0 | 0 | 1 | 1 | 0 | 2 | 0 | 0 | 0 | 0 | 0 | 0 | 0 | 1 | 0 | 1 | 0 | 0 | 0 | 0 | 0 | 0 | 0 | 0 | 0 | 0 | 0 | 1 | 1 | 0 | 2 | 0 | 0 | 0 | 1 | 0 | 0 | 0 | 34 | 6 | 32 | 3 | 8 | 2 | 3 | 0 | 1 | 2 | 1 | 1 |
 87 | Dowell, Charles Darren | THE UNIVERSITY OF CHICAGO | 1997 | male | 1 | 2 | 2014 | 3 | 105 | 2016 | 0 | 0 | 0 | 0 | 0 | 1 | 1 | 0 | 0 | 0 | 0 | 0 | 0 | 0 | 0 | 0 | 0 | 0 | 0 | 0 | 0 | 0 | 1 | 0 | 0 | 0 | 0 | 0 | 0 | 0 | 3 | 2 | 1 | 5 | 0 | 1 | 1 | 4 | 3 | 5 | 3 | 6 | 5 | 29 | 10 | 7 | 11 | 5 | 5 | 2 |
 89 | Schleuning, David Alexander | THE UNIVERSITY OF CHICAGO | 1997 | male | 2 | 2 | 2000 | 3 | 7 | 2001 | 0 | 0 | 0 | 0 | 0 | 2 | 1 | 0 | 1 | 0 | 0 | 0 | 0 | 0 | 0 | 0 | 0 | 0 | 0 | 0 | 0 | 0 | 0 | 0 | 0 | 0 | 0 | 0 | 0 | 0 | 3 | 2 | 1 | 3 | 1 | 0 | 0 | 0 | 0 | 0 | 0 | 0 | 0 | 0 | 0 | 0 | 0 | 0 | 0 | 0 |
 90 | Chen, Andrew | COLUMBIA UNIVERSITY | 1997 | male | 4 | 14 | 2015 | 22 | 206 | 2017 | 0 | 0 | 0 | 2 | 1 | 1 | 0 | 0 | 0 | 2 | 0 | 0 | 1 | 1 | 1 | 0 | 1 | 0 | 1 | 2 | 3 | 1 | 0 | 1 | 0 | 1 | 7 | 1 | 6 | 2 | 5 | 4 | 6 | 2 | 5 | 8 | 14 | 5 | 9 | 7 | 4 | 14 | 19 | 29 | 23 | 17 | 14 | 7 | 6 | 9 |
 92 | Isenberg, Michael | THE UNIVERSITY OF CHICAGO | 1997 | male | 1 | 2 | 1998 | 1 | 2 | 1998 | 0 | 0 | 0 | 0 | 0 | 1 | 2 | 0 | 0 | 0 | 0 | 0 | 0 | 0 | 0 | 0 | 0 | 0 | 0 | 0 | 0 | 0 | 0 | 0 | 0 | 0 | 0 | 0 | 0 | 0 | 1 | 2 | 0 | 0 | 0 | 0 | 0 | 0 | 0 | 0 | 0 | 0 | 0 | 0 | 0 | 0 | 0 | 0 | 0 | 0 |
 94 | Ruiz-Nishiky, Milagros | THE UNIVERSITY OF ARIZONA | 1997 | female | 1 | 0 | 1997 | 1 | 0 | 1997 | 0 | 0 | 0 | 0 | 0 | 1 | 0 | 0 | 0 | 0 | 0 | 0 | 0 | 0 | 0 | 0 | 0 | 0 | 0 | 0 | 0 | 0 | 0 | 0 | 0 | 0 | 0 | 0 | 0 | 0 | 1 | 0 | 0 | 0 | 0 | 0 | 0 | 0 | 0 | 0 | 0 | 0 | 0 | 0 | 0 | 0 | 0 | 0 | 0 | 0 |
 95 | Smetanka, John J. | THE UNIVERSITY OF CHICAGO | 1997 | male | 1 | 0 | 1997 | 3 | 0 | 1997 | 0 | 0 | 0 | 0 | 0 | 1 | 0 | 0 | 0 | 0 | 0 | 0 | 0 | 0 | 0 | 0 | 0 | 0 | 0 | 0 | 0 | 0 | 0 | 0 | 0 | 1 | 0 | 0 | 0 | 0 | 2 | 0 | 0 | 0 | 0 | 0 | 0 | 0 | 0 | 0 | 0 | 0 | 0 | 0 | 0 | 0 | 0 | 0 | 0 | 0 |
 99 | Kennefick, Daniel John | CALIFORNIA INSTITUTE OF TECHNOLOGY | 1997 | male | 4 | 1 | 1998 | 7 | 19 | 2016 | 0 | 0 | 1 | 1 | 1 | 1 | 1 | 0 | 0 | 0 | 0 | 0 | 0 | 0 | 0 | 0 | 0 | 0 | 0 | 0 | 0 | 0 | 0 | 0 | 0 | 0 | 2 | 2 | 1 | 1 | 1 | 1 | 0 | 0 | 0 | 2 | 0 | 0 | 1 | 1 | 0 | 3 | 0 | 0 | 1 | 2 | 3 | 3 | 1 | 1 |
 100 | Bin, Mei | CALIFORNIA INSTITUTE OF TECHNOLOGY | 1997 | female | 1 | 0 | 1997 | 1 | 0 | 1997 | 0 | 0 | 0 | 0 | 0 | 1 | 0 | 0 | 0 | 0 | 0 | 0 | 0 | 0 | 0 | 0 | 0 | 0 | 0 | 0 | 0 | 0 | 0 | 0 | 0 | 0 | 0 | 0 | 0 | 0 | 1 | 0 | 0 | 0 | 0 | 0 | 0 | 0 | 0 | 0 | 0 | 0 | 0 | 0 | 0 | 0 | 0 | 0 | 0 | 0 |
 103 | Scholberg, Kate | CALIFORNIA INSTITUTE OF TECHNOLOGY | 1997 | female | 2 | 5 | 2012 | 21 | 91 | 2017 | 0 | 0 | 1 | 0 | 0 | 1 | 0 | 0 | 0 | 1 | 0 | 0 | 0 | 0 | 0 | 0 | 1 | 0 | 1 | 1 | 1 | 0 | 0 | 0 | 0 | 6 | 1 | 4 | 2 | 1 | 7 | 7 | 9 | 2 | 4 | 3 | 9 | 9 | 3 | 8 | 2 | 5 | 3 | 3 | 5 | 4 | 2 | 4 | 2 | 6 |
 104 | Wellman, Gregory Frank | PRINCETON UNIVERSITY | 1997 | male | 1 | 0 | 1997 | 1 | 0 | 1997 | 0 | 0 | 0 | 0 | 0 | 1 | 0 | 0 | 0 | 0 | 0 | 0 | 0 | 0 | 0 | 0 | 0 | 0 | 0 | 0 | 0 | 0 | 0 | 0 | 0 | 0 | 0 | 0 | 0 | 0 | 1 | 0 | 0 | 0 | 0 | 0 | 0 | 0 | 0 | 0 | 0 | 0 | 0 | 0 | 0 | 0 | 0 | 0 | 0 | 0 |
 111 | Jiang, Yibo | CALIFORNIA INSTITUTE OF TECHNOLOGY | 1997 | male | 2 | 11 | 2016 | 9 | 59 | 2017 | 0 | 1 | 0 | 0 | 0 | 1 | 2 | 0 | 1 | 1 | 0 | 1 | 0 | 0 | 3 | 1 | 0 | 1 | 0 | 0 | 0 | 0 | 0 | 0 | 1 | 1 | 1 | 1 | 1 | 2 | 3 | 5 | 0 | 1 | 4 | 1 | 1 | 0 | 5 | 3 | 1 | 2 | 3 | 1 | 3 | 3 | 2 | 7 | 8 | 8 |
 123 | Cao, Yu | CALIFORNIA INSTITUTE OF TECHNOLOGY | 1997 | male | 4 | 1 | 1999 | 15 | 39 | 2017 | 0 | 1 | 0 | 0 | 1 | 2 | 0 | 1 | 0 | 0 | 0 | 0 | 0 | 0 | 0 | 0 | 0 | 0 | 0 | 0 | 0 | 0 | 0 | 0 | 0 | 3 | 3 | 1 | 2 | 3 | 3 | 1 | 1 | 0 | 0 | 0 | 2 | 0 | 0 | 1 | 0 | 2 | 0 | 0 | 1 | 1 | 2 | 6 | 3 | 12 |
 131 | Supulver, Kimberley D. | UNIVERSITY OF CALIFORNIA, SANTA CRUZ | 1997 | female | 3 | 1 | 2000 | 3 | 19 | 2015 | 0 | 0 | 0 | 1 | 0 | 2 | 0 | 0 | 1 | 0 | 0 | 0 | 0 | 0 | 0 | 0 | 0 | 0 | 0 | 0 | 0 | 0 | 0 | 0 | 0 | 0 | 0 | 0 | 1 | 0 | 2 | 0 | 0 | 1 | 1 | 0 | 0 | 0 | 0 | 0 | 0 | 0 | 1 | 1 | 0 | 0 | 9 | 5 | 1 | 0 |
 136 | Wittman, David Michael | THE UNIVERSITY OF ARIZONA | 1997 | male | 1 | 13 | 2016 | 10 | 50 | 2017 | 0 | 0 | 0 | 0 | 0 | 1 | 0 | 0 | 1 | 1 | 1 | 1 | 0 | 1 | 1 | 1 | 0 | 2 | 0 | 0 | 2 | 0 | 1 | 0 | 1 | 3 | 1 | 2 | 2 | 0 | 2 | 0 | 0 | 1 | 1 | 1 | 3 | 1 | 4 | 3 | 1 | 2 | 5 | 1 | 1 | 6 | 1 | 2 | 6 | 4 |
 138 | Fryer, Christopher Lee | THE UNIVERSITY OF ARIZONA | 1997 | male | 1 | 15 | 2011 | 2 | 79 | 2017 | 0 | 0 | 0 | 0 | 0 | 1 | 1 | 0 | 0 | 1 | 1 | 0 | 1 | 1 | 7 | 2 | 0 | 0 | 0 | 1 | 0 | 0 | 0 | 0 | 0 | 0 | 0 | 0 | 1 | 0 | 1 | 1 | 1 | 0 | 2 | 2 | 1 | 4 | 6 | 9 | 6 | 5 | 3 | 2 | 4 | 6 | 7 | 2 | 6 | 10 |
 140 | Trager, Scott Charles | UNIVERSITY OF CALIFORNIA, SANTA CRUZ | 1997 | male | 4 | 7 | 2009 | 5 | 67 | 2017 | 0 | 0 | 0 | 2 | 0 | 2 | 1 | 0 | 2 | 0 | 0 | 0 | 1 | 1 | 0 | 0 | 1 | 1 | 0 | 0 | 0 | 0 | 0 | 0 | 0 | 0 | 0 | 0 | 2 | 1 | 2 | 1 | 2 | 3 | 1 | 2 | 0 | 2 | 1 | 1 | 3 | 2 | 5 | 2 | 4 | 8 | 3 | 7 | 9 | 7 |
 149 | Zhu, Yong | PRINCETON UNIVERSITY | 1997 | male | 4 | 6 | 2016 | 10 | 79 | 2017 | 1 | 0 | 2 | 0 | 0 | 1 | 0 | 0 | 0 | 0 | 0 | 0 | 0 | 0 | 1 | 0 | 0 | 0 | 0 | 0 | 1 | 0 | 1 | 0 | 3 | 3 | 0 | 4 | 0 | 0 | 3 | 0 | 0 | 0 | 4 | 2 | 5 | 0 | 3 | 2 | 1 | 2 | 1 | 3 | 3 | 14 | 3 | 17 | 11 | 6 |
 153 | Thomas, Eugene Russell | COLUMBIA UNIVERSITY | 1997 | male | 1 | 5 | 2015 | 4 | 14 | 2015 | 0 | 0 | 0 | 0 | 0 | 1 | 0 | 1 | 0 | 0 | 0 | 0 | 0 | 0 | 0 | 0 | 0 | 1 | 0 | 0 | 0 | 0 | 1 | 2 | 0 | 0 | 0 | 0 | 1 | 1 | 2 | 0 | 1 | 0 | 0 | 0 | 1 | 2 | 0 | 0 | 0 | 4 | 2 | 0 | 0 | 0 | 1 | 1 | 2 | 0 |
 155 | Kumar, Ashok | THE JOHNS HOPKINS UNIVERSITY | 1997 | male | 4 | 1 | 2013 | 7 | 50 | 2017 | 0 | 0 | 0 | 2 | 1 | 1 | 0 | 0 | 0 | 0 | 0 | 0 | 0 | 0 | 0 | 0 | 0 | 0 | 0 | 0 | 0 | 1 | 0 | 0 | 0 | 0 | 0 | 2 | 2 | 2 | 1 | 0 | 0 | 2 | 1 | 0 | 3 | 0 | 1 | 1 | 2 | 2 | 2 | 1 | 2 | 1 | 5 | 13 | 7 | 5 |
 157 | Sosin, Craig Anthony | UNIVERSITY OF CALIFORNIA, BERKELEY | 1997 | male | 6 | 0 | 1997 | 10 | 3 | 2002 | 0 | 0 | 0 | 2 | 0 | 4 | 0 | 0 | 0 | 0 | 0 | 0 | 0 | 0 | 0 | 0 | 0 | 0 | 0 | 0 | 0 | 0 | 0 | 0 | 0 | 0 | 1 | 0 | 4 | 0 | 5 | 0 | 2 | 0 | 0 | 1 | 0 | 0 | 0 | 0 | 0 | 0 | 0 | 0 | 0 | 0 | 0 | 0 | 0 | 0 |
 158 | Lyons, Torrey Teatsorth | CALIFORNIA INSTITUTE OF TECHNOLOGY | 1997 | male | 1 | 0 | 1997 | 2 | 19 | 2008 | 0 | 0 | 0 | 0 | 0 | 1 | 0 | 0 | 0 | 0 | 0 | 0 | 0 | 0 | 0 | 0 | 0 | 0 | 0 | 0 | 0 | 0 | 0 | 0 | 0 | 0 | 0 | 0 | 0 | 1 | 1 | 0 | 1 | 0 | 0 | 0 | 0 | 6 | 8 | 3 | 0 | 1 | 0 | 0 | 0 | 0 | 0 | 0 | 0 | 0 |
 160 | Araya, Rafael A. | THE JOHNS HOPKINS UNIVERSITY | 1997 | male | 3 | 1 | 1999 | 3 | 1 | 1999 | 0 | 0 | 0 | 0 | 2 | 1 | 0 | 1 | 0 | 0 | 0 | 0 | 0 | 0 | 0 | 0 | 0 | 0 | 0 | 0 | 0 | 0 | 0 | 0 | 0 | 0 | 0 | 0 | 0 | 2 | 1 | 0 | 1 | 0 | 0 | 0 | 0 | 0 | 0 | 0 | 0 | 0 | 0 | 0 | 0 | 0 | 0 | 0 | 0 | 0 |
 161 | Labrador, Allan Wayne | CALIFORNIA INSTITUTE OF TECHNOLOGY | 1997 | male | 5 | 8 | 2011 | 15 | 45 | 2016 | 0 | 1 | 0 | 2 | 0 | 2 | 0 | 1 | 0 | 2 | 0 | 2 | 0 | 2 | 0 | 0 | 0 | 0 | 0 | 1 | 0 | 0 | 0 | 0 | 0 | 0 | 4 | 0 | 6 | 1 | 4 | 1 | 2 | 2 | 7 | 0 | 5 | 2 | 6 | 1 | 1 | 5 | 1 | 3 | 1 | 3 | 1 | 2 | 0 | 2 |
 162 | Shrauner, Jay Arthur | PRINCETON UNIVERSITY | 1997 | male | 2 | 1 | 1998 | 4 | 1 | 1998 | 0 | 0 | 1 | 0 | 0 | 1 | 1 | 0 | 0 | 0 | 0 | 0 | 0 | 0 | 0 | 0 | 0 | 0 | 0 | 0 | 0 | 0 | 0 | 0 | 0 | 0 | 0 | 1 | 0 | 2 | 1 | 1 | 0 | 0 | 0 | 0 | 0 | 0 | 0 | 0 | 0 | 0 | 0 | 0 | 0 | 0 | 0 | 0 | 0 | 0 |
 174 | Smith, William Christopher | PRINCETON UNIVERSITY | 1997 | male | 1 | 0 | 1997 | 1 | 1 | 2001 | 0 | 0 | 0 | 0 | 0 | 1 | 0 | 0 | 0 | 0 | 0 | 0 | 0 | 0 | 0 | 0 | 0 | 0 | 0 | 0 | 0 | 0 | 0 | 0 | 0 | 0 | 0 | 0 | 0 | 0 | 1 | 0 | 0 | 0 | 1 | 0 | 0 | 0 | 0 | 0 | 0 | 0 | 0 | 0 | 0 | 0 | 0 | 0 | 0 | 0 |
 175 | Rhoads, James Ely | PRINCETON UNIVERSITY | 1997 | male | 4 | 19 | 2014 | 15 | 142 | 2017 | 0 | 0 | 1 | 0 | 1 | 2 | 2 | 2 | 2 | 3 | 0 | 2 | 1 | 1 | 0 | 0 | 0 | 1 | 1 | 0 | 1 | 1 | 2 | 0 | 0 | 3 | 1 | 1 | 2 | 3 | 5 | 3 | 5 | 2 | 5 | 2 | 13 | 15 | 13 | 14 | 9 | 5 | 13 | 5 | 10 | 9 | 5 | 6 | 1 | 5 |
 177 | Chandran, Benjamin Divakar Giles | PRINCETON UNIVERSITY | 1997 | male | 4 | 31 | 2015 | 4 | 69 | 2017 | 0 | 0 | 0 | 0 | 0 | 4 | 2 | 1 | 3 | 2 | 1 | 1 | 5 | 2 | 0 | 1 | 3 | 3 | 3 | 1 | 0 | 1 | 0 | 2 | 0 | 0 | 0 | 0 | 0 | 0 | 4 | 2 | 1 | 4 | 3 | 1 | 1 | 5 | 3 | 0 | 1 | 5 | 6 | 8 | 1 | 2 | 10 | 5 | 5 | 5 |
 178 | Akeson, Rachel Lynn | CALIFORNIA INSTITUTE OF TECHNOLOGY | 1997 | female | 4 | 14 | 2014 | 6 | 64 | 2017 | 0 | 0 | 0 | 0 | 2 | 2 | 1 | 1 | 1 | 0 | 1 | 0 | 0 | 2 | 0 | 1 | 1 | 1 | 0 | 2 | 0 | 1 | 2 | 0 | 0 | 0 | 1 | 0 | 1 | 2 | 2 | 1 | 1 | 2 | 3 | 3 | 5 | 2 | 7 | 2 | 7 | 5 | 6 | 2 | 4 | 3 | 2 | 4 | 1 | 2 |
 179 | Boffi, Francesca R. | Space Telescope Science Institute | 1997 | female | 3 | 2 | 1999 | 6 | 4 | 2007 | 0 | 0 | 1 | 1 | 0 | 1 | 0 | 2 | 0 | 0 | 0 | 0 | 0 | 0 | 0 | 0 | 0 | 0 | 0 | 0 | 0 | 0 | 0 | 0 | 0 | 0 | 0 | 1 | 3 | 1 | 1 | 0 | 3 | 0 | 0 | 0 | 0 | 0 | 0 | 0 | 1 | 0 | 0 | 0 | 0 | 0 | 0 | 0 | 0 | 0 |
 180 | Shiefman, Joseph | THE UNIVERSITY OF ARIZONA | 1997 | male | 1 | 0 | 1997 | 1 | 0 | 1997 | 0 | 0 | 0 | 0 | 0 | 1 | 0 | 0 | 0 | 0 | 0 | 0 | 0 | 0 | 0 | 0 | 0 | 0 | 0 | 0 | 0 | 0 | 0 | 0 | 0 | 0 | 0 | 0 | 0 | 0 | 1 | 0 | 0 | 0 | 0 | 0 | 0 | 0 | 0 | 0 | 0 | 0 | 0 | 0 | 0 | 0 | 0 | 0 | 0 | 0 |
 182 | Korpela, Eric John | UNIVERSITY OF CALIFORNIA, BERKELEY | 1997 | male | 2 | 7 | 2015 | 3 | 70 | 2016 | 0 | 0 | 0 | 0 | 0 | 2 | 3 | 0 | 0 | 0 | 0 | 0 | 0 | 0 | 1 | 0 | 1 | 0 | 0 | 0 | 1 | 0 | 0 | 1 | 0 | 0 | 0 | 0 | 0 | 0 | 3 | 5 | 3 | 6 | 11 | 3 | 0 | 2 | 1 | 9 | 5 | 5 | 3 | 3 | 2 | 3 | 4 | 0 | 4 | 1 |
 190 | Cummings, Alan Keith | UNIVERSITY OF CALIFORNIA, BERKELEY | 1997 | male | 1 | 0 | 1997 | 4 | 4 | 2015 | 0 | 0 | 0 | 0 | 0 | 1 | 0 | 0 | 0 | 0 | 0 | 0 | 0 | 0 | 0 | 0 | 0 | 0 | 0 | 0 | 0 | 0 | 0 | 0 | 0 | 1 | 0 | 0 | 0 | 2 | 1 | 0 | 0 | 1 | 1 | 0 | 0 | 0 | 1 | 0 | 0 | 0 | 0 | 0 | 0 | 0 | 0 | 0 | 1 | 0 |
 193 | Ryan, Fintan Danh | CALIFORNIA INSTITUTE OF TECHNOLOGY | 1997 | male | 7 | 0 | 1997 | 7 | 0 | 1997 | 0 | 0 | 0 | 2 | 1 | 4 | 0 | 0 | 0 | 0 | 0 | 0 | 0 | 0 | 0 | 0 | 0 | 0 | 0 | 0 | 0 | 0 | 0 | 0 | 0 | 0 | 0 | 0 | 2 | 1 | 4 | 0 | 0 | 0 | 0 | 0 | 0 | 0 | 0 | 0 | 0 | 0 | 0 | 0 | 0 | 0 | 0 | 0 | 0 | 0 |
 196 | Anderson, Albert Jay | UNIVERSITY OF CALIFORNIA, BERKELEY | 1997 | male | 2 | 2 | 2012 | 4 | 22 | 2017 | 0 | 0 | 1 | 0 | 0 | 1 | 0 | 0 | 0 | 0 | 0 | 0 | 0 | 0 | 0 | 0 | 0 | 0 | 0 | 1 | 1 | 0 | 0 | 0 | 0 | 1 | 0 | 1 | 1 | 0 | 1 | 4 | 0 | 0 | 0 | 0 | 0 | 0 | 0 | 0 | 0 | 1 | 1 | 0 | 1 | 4 | 3 | 2 | 5 | 0 |
 199 | Wilkin, Francis Patrick | UNIVERSITY OF CALIFORNIA, BERKELEY | 1997 | male | 2 | 5 | 2003 | 3 | 8 | 2012 | 0 | 0 | 0 | 0 | 1 | 1 | 1 | 0 | 1 | 0 | 0 | 3 | 0 | 0 | 0 | 0 | 0 | 0 | 0 | 0 | 0 | 0 | 0 | 0 | 0 | 0 | 0 | 0 | 0 | 2 | 1 | 1 | 0 | 1 | 0 | 0 | 3 | 1 | 0 | 1 | 0 | 0 | 0 | 0 | 0 | 1 | 0 | 0 | 0 | 0 |
 200 | Yu, Theodore Tsu-Sheng | UNIVERSITY OF CALIFORNIA, BERKELEY | 1997 | male | 2 | 1 | 2009 | 2 | 5 | 2013 | 0 | 0 | 0 | 0 | 0 | 2 | 0 | 0 | 0 | 0 | 0 | 0 | 0 | 0 | 0 | 0 | 0 | 1 | 0 | 0 | 0 | 0 | 0 | 0 | 0 | 0 | 0 | 0 | 0 | 0 | 2 | 0 | 0 | 0 | 0 | 0 | 0 | 1 | 0 | 1 | 0 | 0 | 2 | 0 | 0 | 0 | 1 | 0 | 0 | 0 |
 202 | Freeman, Peter Edward | THE UNIVERSITY OF CHICAGO | 1997 | male | 1 | 7 | 2017 | 1 | 31 | 2017 | 0 | 0 | 0 | 0 | 0 | 1 | 0 | 2 | 0 | 0 | 1 | 0 | 0 | 0 | 1 | 0 | 0 | 1 | 0 | 0 | 0 | 1 | 0 | 0 | 0 | 0 | 0 | 0 | 0 | 0 | 1 | 1 | 2 | 0 | 1 | 3 | 0 | 2 | 1 | 1 | 0 | 1 | 5 | 1 | 2 | 1 | 1 | 1 | 3 | 3 |
 203 | Hooper, Eric Jon | THE UNIVERSITY OF ARIZONA | 1997 | male | 4 | 1 | 1998 | 6 | 17 | 2015 | 0 | 0 | 0 | 1 | 1 | 2 | 1 | 0 | 0 | 0 | 0 | 0 | 0 | 0 | 0 | 0 | 0 | 0 | 0 | 0 | 0 | 0 | 0 | 0 | 0 | 0 | 1 | 0 | 1 | 1 | 3 | 2 | 1 | 4 | 2 | 0 | 1 | 1 | 0 | 0 | 1 | 0 | 0 | 1 | 0 | 1 | 2 | 0 | 1 | 0 |
 208 | Bryant, Peter M. | CALIFORNIA INSTITUTE OF TECHNOLOGY | 1997 | male | 2 | 1 | 1999 | 4 | 3 | 2016 | 0 | 0 | 0 | 0 | 1 | 1 | 0 | 1 | 0 | 0 | 0 | 0 | 0 | 0 | 0 | 0 | 0 | 0 | 0 | 0 | 0 | 0 | 0 | 0 | 0 | 0 | 0 | 0 | 0 | 2 | 2 | 0 | 2 | 0 | 0 | 0 | 0 | 0 | 0 | 0 | 0 | 0 | 0 | 0 | 0 | 0 | 0 | 0 | 0 | 1 |
 213 | Chun, Mark Richard | THE UNIVERSITY OF CHICAGO | 1997 | male | 1 | 4 | 2010 | 1 | 29 | 2016 | 0 | 0 | 0 | 0 | 0 | 1 | 1 | 0 | 0 | 0 | 0 | 0 | 0 | 0 | 1 | 0 | 0 | 1 | 1 | 0 | 0 | 0 | 0 | 0 | 0 | 0 | 0 | 0 | 0 | 0 | 1 | 1 | 0 | 1 | 0 | 0 | 0 | 1 | 1 | 1 | 1 | 4 | 1 | 3 | 1 | 3 | 4 | 4 | 2 | 1 |
 214 | Stout-Batalha, Natalie Marie | UNIVERSITY OF CALIFORNIA, SANTA CRUZ | 1997 | female | 1 | 2 | 2000 | 2 | 3 | 2000 | 0 | 0 | 0 | 0 | 0 | 1 | 0 | 1 | 1 | 0 | 0 | 0 | 0 | 0 | 0 | 0 | 0 | 0 | 0 | 0 | 0 | 0 | 0 | 0 | 0 | 0 | 0 | 0 | 0 | 1 | 1 | 1 | 1 | 1 | 0 | 0 | 0 | 0 | 0 | 0 | 0 | 0 | 0 | 0 | 0 | 0 | 0 | 0 | 0 | 0 |
 220 | Knop, Robert Andrew, Jr. | CALIFORNIA INSTITUTE OF TECHNOLOGY | 1997 | male | 3 | 4 | 2006 | 6 | 32 | 2013 | 0 | 0 | 1 | 0 | 1 | 1 | 0 | 0 | 0 | 1 | 0 | 1 | 0 | 0 | 2 | 0 | 0 | 0 | 0 | 0 | 0 | 0 | 0 | 0 | 0 | 0 | 0 | 2 | 1 | 2 | 1 | 4 | 2 | 2 | 3 | 2 | 3 | 1 | 5 | 4 | 0 | 2 | 1 | 1 | 0 | 1 | 1 | 0 | 0 | 0 |
 231 | Pilla, Ravi P. | COLUMBIA UNIVERSITY | 1997 | male | 2 | 1 | 1998 | 2 | 1 | 1998 | 0 | 0 | 0 | 0 | 0 | 2 | 1 | 0 | 0 | 0 | 0 | 0 | 0 | 0 | 0 | 0 | 0 | 0 | 0 | 0 | 0 | 0 | 0 | 0 | 0 | 0 | 0 | 0 | 0 | 0 | 2 | 1 | 0 | 0 | 0 | 0 | 0 | 0 | 0 | 0 | 0 | 0 | 0 | 0 | 0 | 0 | 0 | 0 | 0 | 0 |
 237 | Somerville, Rachel Sue | UNIVERSITY OF CALIFORNIA, SANTA CRUZ | 1997 | female | 3 | 18 | 2015 | 3 | 170 | 2017 | 0 | 0 | 0 | 0 | 0 | 3 | 0 | 2 | 1 | 2 | 1 | 2 | 3 | 1 | 0 | 0 | 2 | 1 | 0 | 0 | 1 | 0 | 0 | 2 | 0 | 0 | 0 | 0 | 0 | 0 | 3 | 2 | 6 | 1 | 8 | 9 | 5 | 17 | 8 | 9 | 5 | 4 | 17 | 8 | 9 | 14 | 7 | 16 | 16 | 7 |
 241 | Truelove, John Kelly | UNIVERSITY OF CALIFORNIA, BERKELEY | 1997 | male | 2 | 3 | 2000 | 3 | 3 | 2000 | 0 | 0 | 0 | 0 | 0 | 2 | 1 | 1 | 1 | 0 | 0 | 0 | 0 | 0 | 0 | 0 | 0 | 0 | 0 | 0 | 0 | 0 | 0 | 0 | 0 | 0 | 0 | 0 | 1 | 0 | 2 | 1 | 1 | 1 | 0 | 0 | 0 | 0 | 0 | 0 | 0 | 0 | 0 | 0 | 0 | 0 | 0 | 0 | 0 | 0 |
 245 | Levenson, Nancy Ann | UNIVERSITY OF CALIFORNIA, BERKELEY | 1997 | female | 4 | 15 | 2009 | 6 | 73 | 2017 | 0 | 0 | 0 | 1 | 1 | 2 | 1 | 1 | 1 | 4 | 2 | 0 | 1 | 2 | 1 | 1 | 0 | 1 | 0 | 0 | 0 | 0 | 0 | 0 | 0 | 0 | 0 | 0 | 2 | 2 | 2 | 1 | 1 | 8 | 7 | 4 | 3 | 2 | 2 | 3 | 4 | 3 | 4 | 1 | 2 | 2 | 6 | 7 | 6 | 5 |
 246 | McMillan, Russet Jennifer | THE PENNSYLVANIA STATE UNIVERSITY | 1997 | None | 4 | 0 | 1997 | 4 | 26 | 2017 | 0 | 1 | 1 | 0 | 1 | 1 | 0 | 0 | 0 | 0 | 0 | 0 | 0 | 0 | 0 | 0 | 0 | 0 | 0 | 0 | 0 | 0 | 0 | 0 | 0 | 0 | 1 | 1 | 0 | 1 | 1 | 0 | 0 | 1 | 1 | 0 | 2 | 0 | 1 | 4 | 1 | 5 | 2 | 1 | 2 | 2 | 2 | 1 | 0 | 0 |
 247 | Engelbracht, Charles William | THE UNIVERSITY OF ARIZONA | 1997 | male | 2 | 9 | 2010 | 2 | 171 | 2017 | 0 | 0 | 0 | 0 | 1 | 1 | 1 | 0 | 1 | 0 | 0 | 0 | 1 | 1 | 1 | 1 | 2 | 0 | 1 | 0 | 0 | 0 | 0 | 0 | 0 | 0 | 0 | 0 | 0 | 1 | 1 | 2 | 1 | 2 | 1 | 0 | 1 | 28 | 10 | 20 | 16 | 15 | 13 | 24 | 11 | 8 | 6 | 7 | 5 | 0 |
 250 | Haldemann, Albert Frank Christian | CALIFORNIA INSTITUTE OF TECHNOLOGY | 1997 | male | 3 | 2 | 2002 | 5 | 32 | 2015 | 0 | 0 | 0 | 0 | 0 | 3 | 0 | 1 | 0 | 0 | 1 | 0 | 0 | 0 | 0 | 0 | 0 | 0 | 0 | 0 | 0 | 0 | 0 | 0 | 0 | 0 | 0 | 0 | 0 | 0 | 5 | 0 | 4 | 0 | 1 | 1 | 5 | 4 | 3 | 2 | 4 | 6 | 0 | 1 | 0 | 0 | 0 | 0 | 1 | 0 |
 262 | Sarajedini, Vicki Lynn | THE UNIVERSITY OF ARIZONA | 1997 | female | 3 | 7 | 2011 | 7 | 40 | 2015 | 0 | 0 | 0 | 0 | 2 | 1 | 1 | 2 | 1 | 0 | 0 | 1 | 0 | 0 | 1 | 0 | 0 | 0 | 0 | 1 | 0 | 0 | 0 | 0 | 0 | 0 | 0 | 2 | 0 | 3 | 2 | 4 | 4 | 1 | 0 | 4 | 5 | 4 | 4 | 2 | 2 | 0 | 1 | 1 | 2 | 2 | 1 | 2 | 1 | 0 |
 263 | vanden Berk, Daniel Evan | THE UNIVERSITY OF CHICAGO | 1997 | male | 2 | 0 | 1997 | 5 | 117 | 2013 | 0 | 0 | 0 | 0 | 1 | 1 | 0 | 0 | 0 | 0 | 0 | 0 | 0 | 0 | 0 | 0 | 0 | 0 | 0 | 0 | 0 | 0 | 0 | 0 | 0 | 0 | 0 | 0 | 0 | 3 | 2 | 1 | 3 | 1 | 10 | 11 | 9 | 10 | 10 | 17 | 15 | 8 | 11 | 5 | 2 | 3 | 1 | 0 | 0 | 0 |
 265 | Zhu, Tianhua | COLUMBIA UNIVERSITY | 1997 | male | 2 | 0 | 1997 | 4 | 7 | 2016 | 0 | 0 | 0 | 0 | 0 | 2 | 0 | 0 | 0 | 0 | 0 | 0 | 0 | 0 | 0 | 0 | 0 | 0 | 0 | 0 | 0 | 0 | 0 | 0 | 0 | 1 | 0 | 1 | 0 | 0 | 2 | 4 | 0 | 0 | 1 | 0 | 0 | 0 | 0 | 0 | 0 | 0 | 0 | 0 | 0 | 0 | 0 | 0 | 0 | 2 |
 267 | Korpela, Eric John | UNIVERSITY OF CALIFORNIA, BERKELEY | 1997 | male | 2 | 7 | 2015 | 3 | 70 | 2016 | 0 | 0 | 0 | 0 | 0 | 2 | 3 | 0 | 0 | 0 | 0 | 0 | 0 | 0 | 1 | 0 | 1 | 0 | 0 | 0 | 1 | 0 | 0 | 1 | 0 | 0 | 0 | 0 | 0 | 0 | 3 | 5 | 3 | 6 | 11 | 3 | 0 | 2 | 1 | 9 | 5 | 5 | 3 | 3 | 2 | 3 | 4 | 0 | 4 | 1 |
 270 | Bresolin, Fabio | THE UNIVERSITY OF ARIZONA | 1997 | male | 4 | 25 | 2016 | 11 | 143 | 2017 | 0 | 1 | 0 | 0 | 1 | 2 | 1 | 1 | 0 | 1 | 4 | 1 | 3 | 2 | 1 | 2 | 0 | 2 | 1 | 2 | 1 | 1 | 0 | 1 | 1 | 1 | 1 | 0 | 2 | 3 | 4 | 4 | 10 | 2 | 2 | 6 | 4 | 9 | 9 | 10 | 4 | 14 | 11 | 6 | 7 | 8 | 11 | 9 | 9 | 5 |
 271 | Cully, Scott Lewis | UNIVERSITY OF CALIFORNIA, BERKELEY | 1997 | male | 4 | 0 | 1997 | 7 | 0 | 1997 | 0 | 1 | 1 | 0 | 0 | 2 | 0 | 0 | 0 | 0 | 0 | 0 | 0 | 0 | 0 | 0 | 0 | 0 | 0 | 0 | 0 | 0 | 0 | 0 | 0 | 0 | 1 | 1 | 2 | 1 | 2 | 0 | 0 | 0 | 0 | 0 | 0 | 0 | 0 | 0 | 0 | 0 | 0 | 0 | 0 | 0 | 0 | 0 | 0 | 0 |
 274 | Gross, Michael Allan Kalmar | UNIVERSITY OF CALIFORNIA, SANTA CRUZ | 1997 | male | 1 | 1 | 1998 | 4 | 6 | 2014 | 0 | 0 | 0 | 0 | 0 | 1 | 1 | 0 | 0 | 0 | 0 | 0 | 0 | 0 | 0 | 0 | 0 | 0 | 0 | 0 | 0 | 0 | 0 | 0 | 0 | 0 | 1 | 1 | 0 | 1 | 1 | 3 | 0 | 0 | 0 | 0 | 0 | 0 | 0 | 0 | 0 | 1 | 0 | 0 | 0 | 0 | 0 | 2 | 0 | 0 |
 276 | Jacobsen, Bruce Paul | THE UNIVERSITY OF ARIZONA | 1997 | male | 2 | 3 | 2009 | 8 | 14 | 2014 | 0 | 0 | 0 | 1 | 0 | 1 | 0 | 0 | 0 | 0 | 0 | 0 | 0 | 1 | 0 | 0 | 1 | 1 | 0 | 0 | 0 | 0 | 0 | 0 | 0 | 0 | 2 | 2 | 2 | 0 | 2 | 1 | 1 | 0 | 0 | 1 | 0 | 0 | 1 | 0 | 1 | 4 | 4 | 0 | 0 | 0 | 0 | 1 | 0 | 0 |
 277 | Bower, Geoffrey Copeland | UNIVERSITY OF CALIFORNIA, BERKELEY | 1997 | male | 3 | 33 | 2016 | 6 | 127 | 2017 | 0 | 0 | 0 | 0 | 0 | 3 | 2 | 3 | 1 | 2 | 2 | 3 | 1 | 3 | 1 | 1 | 0 | 1 | 1 | 4 | 0 | 1 | 2 | 3 | 2 | 0 | 0 | 1 | 1 | 1 | 3 | 3 | 4 | 2 | 6 | 2 | 5 | 9 | 5 | 8 | 4 | 3 | 7 | 8 | 14 | 10 | 8 | 8 | 10 | 8 |
 286 | Thornton, Katsuyo Serizawa | THE UNIVERSITY OF CHICAGO | 1997 | female | 2 | 1 | 1998 | 2 | 1 | 1998 | 0 | 0 | 0 | 0 | 0 | 2 | 1 | 0 | 0 | 0 | 0 | 0 | 0 | 0 | 0 | 0 | 0 | 0 | 0 | 0 | 0 | 0 | 0 | 0 | 0 | 0 | 0 | 0 | 0 | 0 | 2 | 1 | 0 | 0 | 0 | 0 | 0 | 0 | 0 | 0 | 0 | 0 | 0 | 0 | 0 | 0 | 0 | 0 | 0 | 0 |
 287 | Vervack, Ronald Joe, Jr. | THE UNIVERSITY OF ARIZONA | 1997 | male | 1 | 5 | 2016 | 5 | 31 | 2017 | 0 | 0 | 0 | 0 | 0 | 1 | 0 | 0 | 0 | 0 | 1 | 0 | 1 | 0 | 0 | 0 | 0 | 0 | 1 | 0 | 0 | 0 | 0 | 1 | 1 | 0 | 2 | 1 | 0 | 1 | 1 | 0 | 0 | 0 | 0 | 1 | 0 | 1 | 0 | 0 | 1 | 1 | 2 | 5 | 3 | 1 | 3 | 3 | 3 | 4 |
 306 | Hicks, Michael David | THE UNIVERSITY OF ARIZONA | 1997 | male | 3 | 10 | 2014 | 10 | 60 | 2017 | 0 | 0 | 0 | 1 | 0 | 2 | 1 | 1 | 1 | 0 | 0 | 0 | 1 | 1 | 0 | 2 | 1 | 0 | 0 | 1 | 0 | 0 | 1 | 0 | 0 | 1 | 1 | 0 | 1 | 2 | 5 | 3 | 3 | 4 | 2 | 5 | 2 | 5 | 4 | 3 | 3 | 4 | 2 | 4 | 5 | 2 | 2 | 2 | 2 | 0 |
 307 | Guerra, Erick Jimenez | PRINCETON UNIVERSITY | 1997 | male | 2 | 3 | 2002 | 2 | 8 | 2011 | 0 | 0 | 0 | 0 | 0 | 2 | 1 | 0 | 1 | 0 | 1 | 0 | 0 | 0 | 0 | 0 | 0 | 0 | 0 | 0 | 0 | 0 | 0 | 0 | 0 | 0 | 0 | 0 | 0 | 0 | 2 | 1 | 0 | 2 | 0 | 2 | 0 | 0 | 0 | 0 | 0 | 1 | 1 | 0 | 1 | 0 | 0 | 0 | 0 | 0 |
 312 | Best, Jason S. | The Pennsylvania State University | 1997 | male | 2 | 3 | 2001 | 2 | 3 | 2001 | 0 | 0 | 0 | 0 | 1 | 1 | 0 | 1 | 1 | 1 | 0 | 0 | 0 | 0 | 0 | 0 | 0 | 0 | 0 | 0 | 0 | 0 | 0 | 0 | 0 | 0 | 0 | 0 | 0 | 1 | 1 | 0 | 1 | 1 | 1 | 0 | 0 | 0 | 0 | 0 | 0 | 0 | 0 | 0 | 0 | 0 | 0 | 0 | 0 | 0 |
 314 | Cadwell, Brian James | THE PENNSYLVANIA STATE UNIVERSITY | 1997 | male | 2 | 0 | 1997 | 4 | 0 | 1997 | 0 | 0 | 1 | 0 | 0 | 1 | 0 | 0 | 0 | 0 | 0 | 0 | 0 | 0 | 0 | 0 | 0 | 0 | 0 | 0 | 0 | 0 | 0 | 0 | 0 | 0 | 0 | 1 | 1 | 1 | 1 | 0 | 0 | 0 | 0 | 0 | 0 | 0 | 0 | 0 | 0 | 0 | 0 | 0 | 0 | 0 | 0 | 0 | 0 | 0 |
 318 | O'Neal, Douglas Bruce | THE PENNSYLVANIA STATE UNIVERSITY | 1997 | male | 3 | 5 | 2006 | 6 | 8 | 2011 | 0 | 0 | 0 | 0 | 1 | 2 | 2 | 0 | 0 | 1 | 0 | 0 | 1 | 0 | 1 | 0 | 0 | 0 | 0 | 0 | 0 | 0 | 0 | 0 | 0 | 0 | 0 | 0 | 1 | 2 | 3 | 3 | 0 | 0 | 2 | 0 | 0 | 1 | 0 | 1 | 0 | 0 | 0 | 0 | 1 | 0 | 0 | 0 | 0 | 0 |
 324 | Dayal, Aditya | THE UNIVERSITY OF ARIZONA | 1997 | male | 4 | 7 | 2009 | 10 | 28 | 2016 | 0 | 1 | 0 | 1 | 1 | 1 | 1 | 0 | 1 | 0 | 0 | 1 | 0 | 2 | 0 | 0 | 1 | 1 | 0 | 0 | 0 | 0 | 0 | 0 | 0 | 0 | 1 | 0 | 3 | 3 | 3 | 2 | 4 | 5 | 4 | 0 | 3 | 0 | 3 | 0 | 0 | 4 | 2 | 0 | 0 | 0 | 0 | 0 | 0 | 1 |
 327 | Ulmer, Andrew Todd | PRINCETON UNIVERSITY | 1997 | male | 8 | 3 | 1999 | 12 | 4 | 1999 | 0 | 1 | 2 | 3 | 1 | 1 | 2 | 1 | 0 | 0 | 0 | 0 | 0 | 0 | 0 | 0 | 0 | 0 | 0 | 0 | 0 | 0 | 0 | 0 | 0 | 0 | 1 | 3 | 3 | 2 | 3 | 2 | 2 | 0 | 0 | 0 | 0 | 0 | 0 | 0 | 0 | 0 | 0 | 0 | 0 | 0 | 0 | 0 | 0 | 0 |
 334 | Rivkin, Andrew Scott | THE UNIVERSITY OF ARIZONA | 1997 | male | 3 | 24 | 2016 | 8 | 65 | 2017 | 0 | 0 | 0 | 1 | 0 | 2 | 0 | 0 | 1 | 1 | 2 | 3 | 1 | 1 | 2 | 1 | 0 | 1 | 2 | 3 | 1 | 1 | 1 | 2 | 1 | 0 | 1 | 1 | 1 | 1 | 4 | 0 | 0 | 2 | 2 | 2 | 4 | 8 | 1 | 4 | 4 | 4 | 4 | 4 | 6 | 5 | 2 | 2 | 5 | 5 |
 336 | Mauskopf, Philip Daniel | UNIVERSITY OF CALIFORNIA, BERKELEY | 1997 | male | 1 | 4 | 2012 | 15 | 135 | 2017 | 0 | 0 | 0 | 0 | 0 | 1 | 0 | 0 | 2 | 0 | 0 | 1 | 0 | 0 | 0 | 0 | 0 | 0 | 0 | 0 | 1 | 0 | 0 | 0 | 0 | 0 | 1 | 4 | 4 | 0 | 6 | 0 | 2 | 5 | 4 | 6 | 8 | 1 | 6 | 9 | 7 | 9 | 15 | 15 | 11 | 4 | 1 | 7 | 4 | 16 |
