n | name | university | phd_year | gender | fa_n_pubs_pre_phd | fa_n_pubs_prost_phd | fa_year_last | all_n_pubs_pre_phd | all_n_pubs_prost_phd | all_year_last |  fa_1997 | fa_1998 | fa_1999 | fa_2000 | fa_2001 | fa_2002 | fa_2003 | fa_2004 | fa_2005 | fa_2006 | fa_2007 | fa_2008 | fa_2009 | fa_2010 | fa_2011 | fa_2012 | fa_2013 | fa_2014 | fa_2015 | fa_2016 |  all_1997 | all_1998 | all_1999 | all_2000 | all_2001 | all_2002 | all_2003 | all_2004 | all_2005 | all_2006 | all_2007 | all_2008 | all_2009 | all_2010 | all_2011 | all_2012 | all_2013 | all_2014 | all_2015 | all_2016 | foo
1 | Nazzario, Raymond Charles | BAYLOR UNIVERSITY | 2002 | male | 3 | 2 | 2007 | 4 | 2 | 2007 | 1 | 0 | 0 | 0 | 0 | 2 | 1 | 0 | 0 | 0 | 1 | 0 | 0 | 0 | 0 | 0 | 0 | 0 | 0 | 0 |  2 | 0 | 0 | 0 | 0 | 2 | 1 | 0 | 0 | 0 | 1 | 0 | 0 | 0 | 0 | 0 | 0 | 0 | 0 | 0 |
2 | Holmes, Elizabeth Katherine | University of Florida Department of Astronomy | 2002 | female | 1 | 2 | 2003 | 3 | 5 | 2006 | 0 | 0 | 0 | 0 | 0 | 1 | 2 | 0 | 0 | 0 | 0 | 0 | 0 | 0 | 0 | 0 | 0 | 0 | 0 | 0 |  0 | 0 | 1 | 1 | 0 | 1 | 2 | 1 | 1 | 1 | 0 | 0 | 0 | 0 | 0 | 0 | 0 | 0 | 0 | 0 |
3 | Baker, Brian Douglas | UNIVERSITY OF FLORIDA | 2002 | male | 1 | 1 | 2014 | 1 | 2 | 2014 | 0 | 0 | 0 | 0 | 0 | 1 | 0 | 0 | 0 | 0 | 0 | 0 | 0 | 0 | 0 | 0 | 0 | 1 | 0 | 0 |  0 | 0 | 0 | 0 | 0 | 1 | 0 | 0 | 0 | 0 | 0 | 0 | 0 | 1 | 0 | 0 | 0 | 1 | 0 | 0 |
4 | Thornton, Robert J., Jr. | UNIVERSITY OF HAWAI'I | 2002 | male | 2 | 1 | 2016 | 3 | 34 | 2017 | 0 | 0 | 1 | 0 | 0 | 1 | 0 | 0 | 0 | 0 | 0 | 0 | 0 | 0 | 0 | 0 | 0 | 0 | 0 | 1 |  0 | 0 | 1 | 1 | 0 | 1 | 0 | 0 | 0 | 0 | 1 | 1 | 0 | 4 | 10 | 3 | 5 | 3 | 2 | 3 |
5 | Ventrella, Jason Firmin | The University of Texas at Austin | 2002 | male | 1 | 1 | 2003 | 1 | 3 | 2007 | 0 | 0 | 0 | 0 | 0 | 1 | 1 | 0 | 0 | 0 | 0 | 0 | 0 | 0 | 0 | 0 | 0 | 0 | 0 | 0 |  0 | 0 | 0 | 0 | 0 | 1 | 1 | 0 | 0 | 1 | 1 | 0 | 0 | 0 | 0 | 0 | 0 | 0 | 0 | 0 |
6 | Tumlinson, Jason Blake | UNIVERSITY OF COLORADO AT BOULDER | 2002 | male | 5 | 15 | 2013 | 17 | 86 | 2017 | 0 | 0 | 1 | 1 | 1 | 2 | 1 | 1 | 2 | 2 | 3 | 0 | 0 | 2 | 3 | 0 | 1 | 0 | 0 | 0 |  0 | 0 | 2 | 6 | 5 | 4 | 4 | 2 | 3 | 8 | 3 | 3 | 5 | 7 | 8 | 8 | 8 | 8 | 5 | 11 |
7 | Klinko, Peter | TEXAS CHRISTIAN UNIVERSITY | 2002 | male | 3 | 1 | 2004 | 3 | 1 | 2004 | 0 | 0 | 0 | 0 | 1 | 2 | 0 | 1 | 0 | 0 | 0 | 0 | 0 | 0 | 0 | 0 | 0 | 0 | 0 | 0 |  0 | 0 | 0 | 0 | 1 | 2 | 0 | 1 | 0 | 0 | 0 | 0 | 0 | 0 | 0 | 0 | 0 | 0 | 0 | 0 |
8 | Bendo, George John | UNIVERSITY OF HAWAI'I | 2002 | male | 4 | 15 | 2016 | 4 | 172 | 2017 | 0 | 0 | 0 | 1 | 0 | 3 | 1 | 1 | 0 | 2 | 1 | 1 | 1 | 2 | 0 | 2 | 1 | 0 | 2 | 1 |  0 | 0 | 0 | 1 | 0 | 3 | 3 | 6 | 4 | 11 | 8 | 4 | 9 | 29 | 9 | 26 | 17 | 17 | 17 | 9 |
9 | Aars, Christian Edward | TEXAS CHRISTIAN UNIVERSITY | 2002 | male | 2 | 1 | 2005 | 2 | 2 | 2005 | 0 | 0 | 0 | 0 | 1 | 1 | 0 | 0 | 1 | 0 | 0 | 0 | 0 | 0 | 0 | 0 | 0 | 0 | 0 | 0 |  0 | 0 | 0 | 0 | 1 | 1 | 0 | 1 | 1 | 0 | 0 | 0 | 0 | 0 | 0 | 0 | 0 | 0 | 0 | 0 |
10 | Weiner, Jonathon Michael | University of California, Berkeley | 2002 | male | 2 | 5 | 2009 | 3 | 7 | 2009 | 0 | 0 | 0 | 1 | 0 | 1 | 2 | 1 | 0 | 1 | 0 | 0 | 1 | 0 | 0 | 0 | 0 | 0 | 0 | 0 |  0 | 0 | 0 | 1 | 0 | 2 | 3 | 2 | 0 | 1 | 0 | 0 | 1 | 0 | 0 | 0 | 0 | 0 | 0 | 0 |
11 | Smith, Nathan I. | UNIVERSITY OF MINNESOTA | 2002 | male | 19 | 78 | 2017 | 39 | 203 | 2017 | 0 | 2 | 2 | 4 | 5 | 6 | 6 | 9 | 9 | 6 | 7 | 5 | 4 | 5 | 7 | 4 | 4 | 3 | 2 | 4 |  2 | 5 | 8 | 10 | 7 | 7 | 8 | 12 | 14 | 17 | 11 | 10 | 9 | 11 | 21 | 10 | 10 | 13 | 21 | 23 |
12 | Roe, Henry Garfitt | UNIVERSITY OF CALIFORNIA, BERKELEY | 2002 | male | 6 | 10 | 2012 | 11 | 42 | 2017 | 0 | 0 | 0 | 0 | 2 | 4 | 2 | 2 | 2 | 0 | 0 | 2 | 0 | 0 | 0 | 2 | 0 | 0 | 0 | 0 |  0 | 0 | 0 | 1 | 2 | 8 | 4 | 6 | 6 | 8 | 3 | 3 | 2 | 1 | 1 | 4 | 1 | 0 | 2 | 0 |
13 | Shcherbakov, Robert | CORNELL UNIVERSITY | 2002 | male | 1 | 3 | 2014 | 2 | 5 | 2014 | 0 | 0 | 0 | 0 | 0 | 1 | 0 | 1 | 1 | 0 | 0 | 0 | 0 | 0 | 0 | 0 | 0 | 1 | 0 | 0 |  0 | 0 | 0 | 0 | 0 | 2 | 1 | 1 | 1 | 0 | 0 | 0 | 0 | 0 | 0 | 0 | 1 | 1 | 0 | 0 |
14 | Wisniewski, Jacek | THE PENNSYLVANIA STATE UNIVERSITY | 2002 | male | 1 | 6 | 2015 | 5 | 46 | 2017 | 0 | 0 | 0 | 0 | 0 | 1 | 1 | 0 | 1 | 1 | 2 | 0 | 0 | 0 | 0 | 0 | 0 | 0 | 1 | 0 |  1 | 0 | 1 | 1 | 1 | 1 | 2 | 3 | 1 | 1 | 2 | 1 | 2 | 2 | 3 | 7 | 7 | 5 | 5 | 4 |
15 | Gran, Richard William | UNIVERSITY OF MINNESOTA | 2002 | male | 1 | 2 | 2003 | 5 | 34 | 2016 | 0 | 0 | 0 | 0 | 0 | 1 | 2 | 0 | 0 | 0 | 0 | 0 | 0 | 0 | 0 | 0 | 0 | 0 | 0 | 0 |  3 | 0 | 0 | 1 | 0 | 1 | 2 | 6 | 3 | 7 | 3 | 3 | 2 | 1 | 2 | 0 | 1 | 1 | 2 | 1 |
16 | Huber, Mark Edward | UNIVERSITY OF WYOMING | 2002 | male | 4 | 2 | 2006 | 20 | 131 | 2017 | 1 | 1 | 0 | 0 | 0 | 2 | 1 | 0 | 0 | 1 | 0 | 0 | 0 | 0 | 0 | 0 | 0 | 0 | 0 | 0 |  1 | 1 | 0 | 3 | 0 | 15 | 6 | 2 | 3 | 5 | 3 | 4 | 4 | 6 | 8 | 4 | 13 | 14 | 23 | 26 |
17 | Kim, Kiyoung | THE UNIVERSITY OF UTAH | 2002 | male | 13 | 44 | 2016 | 29 | 362 | 2017 | 2 | 0 | 2 | 1 | 5 | 3 | 2 | 4 | 8 | 3 | 5 | 4 | 2 | 6 | 1 | 3 | 2 | 0 | 1 | 3 |  7 | 0 | 3 | 1 | 11 | 7 | 19 | 15 | 40 | 18 | 21 | 54 | 17 | 26 | 12 | 30 | 22 | 28 | 19 | 36 |
18 | Michael, Eli Newton | UNIVERSITY OF COLORADO AT BOULDER | 2002 | female | 6 | 1 | 2003 | 12 | 3 | 2013 | 0 | 2 | 0 | 2 | 0 | 2 | 1 | 0 | 0 | 0 | 0 | 0 | 0 | 0 | 0 | 0 | 0 | 0 | 0 | 0 |  0 | 2 | 0 | 5 | 1 | 4 | 1 | 1 | 0 | 0 | 0 | 0 | 0 | 0 | 0 | 0 | 1 | 0 | 0 | 0 |
19 | Bergmann, Marcel Peter | The University of Texas at Austin | 2002 | male | 1 | 1 | 2003 | 1 | 34 | 2017 | 0 | 0 | 0 | 0 | 0 | 1 | 1 | 0 | 0 | 0 | 0 | 0 | 0 | 0 | 0 | 0 | 0 | 0 | 0 | 0 |  0 | 0 | 0 | 0 | 0 | 1 | 1 | 0 | 8 | 3 | 2 | 5 | 2 | 1 | 2 | 0 | 3 | 2 | 2 | 2 |
20 | Doppmann, Gregory William | The University of Texas at Austin | 2002 | male | 1 | 3 | 2005 | 1 | 7 | 2016 | 0 | 0 | 0 | 0 | 0 | 1 | 2 | 0 | 1 | 0 | 0 | 0 | 0 | 0 | 0 | 0 | 0 | 0 | 0 | 0 |  0 | 0 | 0 | 0 | 0 | 1 | 2 | 0 | 2 | 0 | 1 | 0 | 0 | 1 | 0 | 0 | 0 | 0 | 0 | 1 |
21 | Gay, Pamela Lynn | The University of Texas at Austin | 2002 | female | 2 | 9 | 2014 | 4 | 59 | 2017 | 0 | 0 | 0 | 1 | 0 | 1 | 0 | 0 | 2 | 2 | 1 | 2 | 1 | 0 | 0 | 0 | 0 | 1 | 0 | 0 |  0 | 0 | 1 | 1 | 0 | 2 | 1 | 0 | 2 | 4 | 1 | 2 | 3 | 5 | 6 | 7 | 7 | 7 | 1 | 9 |
22 | Morales, Miguel Fitzhugh | UNIVERSITY OF CALIFORNIA, SANTA CRUZ | 2002 | male | 1 | 10 | 2012 | 5 | 99 | 2017 | 0 | 0 | 0 | 0 | 0 | 1 | 0 | 2 | 1 | 3 | 0 | 0 | 1 | 1 | 1 | 1 | 0 | 0 | 0 | 0 |  0 | 0 | 1 | 2 | 1 | 1 | 3 | 5 | 3 | 4 | 3 | 1 | 3 | 2 | 2 | 5 | 10 | 9 | 25 | 19 |
23 | Silvestri, Nicole Marie | FLORIDA INSTITUTE OF TECHNOLOGY | 2002 | female | 3 | 4 | 2012 | 6 | 50 | 2013 | 0 | 0 | 0 | 0 | 1 | 2 | 0 | 0 | 1 | 1 | 1 | 0 | 0 | 0 | 0 | 1 | 0 | 0 | 0 | 0 |  0 | 0 | 0 | 0 | 2 | 4 | 12 | 6 | 10 | 7 | 5 | 2 | 4 | 1 | 0 | 2 | 1 | 0 | 0 | 0 |
24 | Thompson, Robert Russell | UNIVERSITY OF WYOMING | 2002 | male | 4 | 4 | 2015 | 18 | 33 | 2017 | 0 | 0 | 1 | 0 | 0 | 3 | 0 | 0 | 0 | 0 | 1 | 0 | 0 | 0 | 0 | 1 | 0 | 1 | 1 | 0 |  1 | 4 | 3 | 2 | 3 | 5 | 3 | 0 | 4 | 2 | 4 | 1 | 0 | 0 | 1 | 2 | 2 | 6 | 4 | 3 |
25 | Walker, Chanda Bartlett | THE UNIVERSITY OF ARIZONA | 2002 | female | 1 | 0 | 2002 | 1 | 5 | 2013 | 0 | 0 | 0 | 0 | 0 | 1 | 0 | 0 | 0 | 0 | 0 | 0 | 0 | 0 | 0 | 0 | 0 | 0 | 0 | 0 |  0 | 0 | 0 | 0 | 0 | 1 | 0 | 1 | 1 | 0 | 0 | 0 | 1 | 1 | 0 | 0 | 1 | 0 | 0 | 0 |
26 | Wyatt, Michael Bruce | THE UNIVERSITY OF TENNESSEE | 2002 | male | 3 | 3 | 2004 | 3 | 35 | 2016 | 0 | 0 | 0 | 0 | 1 | 2 | 2 | 1 | 0 | 0 | 0 | 0 | 0 | 0 | 0 | 0 | 0 | 0 | 0 | 0 |  0 | 0 | 0 | 0 | 1 | 2 | 5 | 5 | 6 | 1 | 2 | 1 | 1 | 6 | 2 | 2 | 1 | 2 | 0 | 1 |
27 | Cash, Jennifer Lynn | UNIVERSITY OF WYOMING | 2002 | female | 2 | 1 | 2003 | 4 | 3 | 2014 | 0 | 1 | 0 | 0 | 0 | 1 | 1 | 0 | 0 | 0 | 0 | 0 | 0 | 0 | 0 | 0 | 0 | 0 | 0 | 0 |  0 | 1 | 2 | 0 | 0 | 1 | 2 | 0 | 0 | 0 | 0 | 0 | 0 | 0 | 0 | 0 | 0 | 1 | 0 | 0 |
28 | Ling, Yi | THE PENNSYLVANIA STATE UNIVERSITY | 2002 | male | 5 | 31 | 2017 | 9 | 53 | 2017 | 0 | 0 | 0 | 1 | 2 | 2 | 1 | 1 | 1 | 1 | 5 | 0 | 2 | 2 | 0 | 0 | 3 | 3 | 3 | 5 |  0 | 0 | 0 | 3 | 2 | 4 | 1 | 1 | 1 | 5 | 6 | 2 | 4 | 6 | 1 | 5 | 5 | 3 | 4 | 5 |
29 | Lithwick, Yoram | CALIFORNIA INSTITUTE OF TECHNOLOGY | 2002 | male | 3 | 12 | 2014 | 5 | 35 | 2017 | 0 | 0 | 0 | 0 | 2 | 1 | 1 | 0 | 0 | 0 | 3 | 0 | 1 | 0 | 3 | 2 | 0 | 2 | 0 | 0 |  0 | 0 | 1 | 0 | 2 | 2 | 1 | 2 | 2 | 1 | 5 | 0 | 1 | 0 | 5 | 3 | 4 | 6 | 1 | 3 |
30 | Scott, Jennifer Erin | THE UNIVERSITY OF ARIZONA | 2002 | female | 4 | 5 | 2015 | 7 | 124 | 2017 | 0 | 0 | 0 | 2 | 0 | 2 | 0 | 2 | 1 | 0 | 0 | 0 | 1 | 0 | 0 | 0 | 0 | 0 | 1 | 0 |  0 | 0 | 0 | 2 | 0 | 5 | 0 | 2 | 4 | 1 | 2 | 1 | 13 | 9 | 10 | 17 | 8 | 13 | 7 | 27 |
31 | Arnoult, Kenneth Maurice, Jr. | THE UNIVERSITY OF ALABAMA AT BIRMINGHAM | 2002 | male | 2 | 0 | 2002 | 3 | 0 | 2002 | 0 | 0 | 0 | 1 | 0 | 1 | 0 | 0 | 0 | 0 | 0 | 0 | 0 | 0 | 0 | 0 | 0 | 0 | 0 | 0 |  1 | 0 | 0 | 1 | 0 | 1 | 0 | 0 | 0 | 0 | 0 | 0 | 0 | 0 | 0 | 0 | 0 | 0 | 0 | 0 |
32 | Fox, George Ernest | RUTGERS THE STATE UNIVERSITY OF NEW JERSEY - NEW BRUNSWICK | 2002 | male | 1 | 3 | 2013 | 2 | 7 | 2013 | 0 | 0 | 0 | 0 | 0 | 1 | 0 | 0 | 1 | 0 | 0 | 0 | 0 | 0 | 0 | 1 | 1 | 0 | 0 | 0 |  0 | 0 | 0 | 0 | 1 | 1 | 1 | 1 | 1 | 1 | 0 | 0 | 1 | 0 | 0 | 1 | 1 | 0 | 0 | 0 |
33 | Pfahl, Eric D. | MASSACHUSETTS INSTITUTE OF TECHNOLOGY | 2002 | male | 5 | 8 | 2009 | 8 | 16 | 2009 | 0 | 0 | 0 | 0 | 1 | 4 | 1 | 1 | 3 | 1 | 0 | 1 | 1 | 0 | 0 | 0 | 0 | 0 | 0 | 0 |  0 | 0 | 0 | 1 | 2 | 5 | 1 | 3 | 6 | 2 | 2 | 1 | 1 | 0 | 0 | 0 | 0 | 0 | 0 | 0 |
34 | Renbarger, Thomas Kennith | NORTHWESTERN UNIVERSITY | 2002 | male | 1 | 1 | 2004 | 2 | 12 | 2013 | 0 | 0 | 0 | 0 | 0 | 1 | 0 | 1 | 0 | 0 | 0 | 0 | 0 | 0 | 0 | 0 | 0 | 0 | 0 | 0 |  0 | 0 | 0 | 1 | 0 | 1 | 2 | 1 | 0 | 0 | 3 | 0 | 0 | 2 | 0 | 0 | 4 | 0 | 0 | 0 |
35 | Kern, Brian | CALIFORNIA INSTITUTE OF TECHNOLOGY | 2002 | male | 3 | 4 | 2016 | 4 | 13 | 2016 | 0 | 0 | 0 | 0 | 0 | 3 | 1 | 0 | 1 | 0 | 0 | 0 | 0 | 0 | 0 | 0 | 0 | 0 | 0 | 2 |  0 | 0 | 0 | 0 | 1 | 3 | 1 | 2 | 1 | 0 | 1 | 0 | 1 | 0 | 0 | 0 | 0 | 0 | 1 | 6 |
36 | Nam, Max Sang | THE UNIVERSITY OF CONNECTICUT | 2002 | male | 1 | 0 | 2002 | 1 | 0 | 2002 | 0 | 0 | 0 | 0 | 0 | 1 | 0 | 0 | 0 | 0 | 0 | 0 | 0 | 0 | 0 | 0 | 0 | 0 | 0 | 0 |  0 | 0 | 0 | 0 | 0 | 1 | 0 | 0 | 0 | 0 | 0 | 0 | 0 | 0 | 0 | 0 | 0 | 0 | 0 | 0 |
37 | Bercik, David John | MICHIGAN STATE UNIVERSITY | 2002 | male | 1 | 1 | 2005 | 2 | 5 | 2015 | 0 | 0 | 0 | 0 | 0 | 1 | 0 | 0 | 1 | 0 | 0 | 0 | 0 | 0 | 0 | 0 | 0 | 0 | 0 | 0 |  0 | 0 | 0 | 0 | 0 | 2 | 0 | 1 | 1 | 0 | 0 | 0 | 0 | 1 | 0 | 1 | 0 | 0 | 1 | 0 |
38 | Stephens, Denise Catherine | NEW MEXICO STATE UNIVERSITY | 2002 | female | 3 | 4 | 2009 | 6 | 29 | 2017 | 0 | 1 | 0 | 0 | 1 | 1 | 1 | 1 | 0 | 1 | 0 | 0 | 1 | 0 | 0 | 0 | 0 | 0 | 0 | 0 |  0 | 1 | 2 | 0 | 1 | 2 | 1 | 3 | 1 | 3 | 4 | 3 | 3 | 0 | 2 | 1 | 1 | 1 | 1 | 2 |
39 | Scott, Michael Brian | UNIVERSITY OF CALIFORNIA, DAVIS | 2002 | male | 1 | 2 | 2014 | 1 | 13 | 2017 | 0 | 0 | 0 | 0 | 0 | 1 | 0 | 0 | 0 | 0 | 0 | 0 | 0 | 0 | 1 | 0 | 0 | 1 | 0 | 0 |  0 | 0 | 0 | 0 | 0 | 1 | 0 | 0 | 0 | 1 | 0 | 0 | 0 | 0 | 3 | 2 | 1 | 3 | 2 | 0 |
40 | Tregillis, Ian Lee | UNIVERSITY OF MINNESOTA | 2002 | male | 4 | 2 | 2004 | 6 | 6 | 2008 | 0 | 0 | 0 | 0 | 2 | 2 | 0 | 2 | 0 | 0 | 0 | 0 | 0 | 0 | 0 | 0 | 0 | 0 | 0 | 0 |  0 | 0 | 1 | 0 | 2 | 3 | 0 | 3 | 1 | 1 | 0 | 1 | 0 | 0 | 0 | 0 | 0 | 0 | 0 | 0 |
41 | Figueredo, Patricio Hernan | ARIZONA STATE UNIVERSITY | 2002 | male | 3 | 2 | 2004 | 6 | 3 | 2008 | 0 | 0 | 0 | 1 | 0 | 2 | 1 | 1 | 0 | 0 | 0 | 0 | 0 | 0 | 0 | 0 | 0 | 0 | 0 | 0 |  0 | 0 | 0 | 4 | 0 | 2 | 1 | 1 | 0 | 0 | 0 | 1 | 0 | 0 | 0 | 0 | 0 | 0 | 0 | 0 |
42 | Perera, Thushara Asanga | CASE WESTERN RESERVE UNIVERSITY | 2002 | male | 2 | 3 | 2013 | 11 | 39 | 2016 | 0 | 0 | 0 | 0 | 0 | 2 | 0 | 0 | 0 | 1 | 0 | 1 | 0 | 0 | 0 | 0 | 1 | 0 | 0 | 0 |  0 | 1 | 1 | 2 | 0 | 7 | 2 | 2 | 1 | 3 | 3 | 5 | 4 | 5 | 8 | 3 | 1 | 1 | 0 | 1 |
43 | Reinard, Alysha Ann | UNIVERSITY OF MICHIGAN | 2002 | female | 2 | 9 | 2012 | 4 | 17 | 2017 | 1 | 0 | 0 | 0 | 0 | 1 | 0 | 1 | 1 | 1 | 0 | 2 | 1 | 2 | 0 | 1 | 0 | 0 | 0 | 0 |  1 | 0 | 0 | 1 | 1 | 1 | 0 | 1 | 1 | 1 | 0 | 2 | 1 | 2 | 1 | 2 | 3 | 1 | 0 | 0 |
44 | Tran, Kim-Vy Huu | UNIVERSITY OF CALIFORNIA, SANTA CRUZ | 2002 | female | 3 | 13 | 2017 | 3 | 58 | 2017 | 0 | 0 | 1 | 0 | 1 | 1 | 2 | 2 | 2 | 0 | 1 | 1 | 1 | 1 | 0 | 0 | 1 | 0 | 1 | 0 |  0 | 0 | 1 | 0 | 1 | 1 | 2 | 2 | 6 | 2 | 3 | 3 | 1 | 2 | 3 | 3 | 2 | 6 | 6 | 11 |
45 | Williams, Benjamin Franklin | UNIVERSITY OF WASHINGTON | 2002 | male | 4 | 34 | 2015 | 9 | 143 | 2017 | 0 | 0 | 0 | 0 | 2 | 2 | 3 | 3 | 6 | 2 | 3 | 1 | 2 | 2 | 2 | 1 | 2 | 4 | 3 | 0 |  1 | 0 | 1 | 1 | 3 | 3 | 4 | 5 | 7 | 5 | 5 | 5 | 11 | 12 | 15 | 14 | 12 | 12 | 18 | 8 |
46 | Gibbons, Rachel Annette | UNIVERSITY OF MARYLAND COLLEGE PARK | 2002 | female | 2 | 1 | 2005 | 4 | 14 | 2013 | 0 | 0 | 0 | 0 | 1 | 1 | 0 | 0 | 1 | 0 | 0 | 0 | 0 | 0 | 0 | 0 | 0 | 0 | 0 | 0 |  0 | 0 | 0 | 1 | 2 | 1 | 2 | 1 | 5 | 2 | 2 | 1 | 0 | 0 | 0 | 0 | 1 | 0 | 0 | 0 |
47 | Lloyd, James Patrick | UNIVERSITY OF CALIFORNIA, BERKELEY | 2002 | male | 2 | 4 | 2013 | 11 | 47 | 2016 | 0 | 0 | 0 | 0 | 0 | 2 | 0 | 0 | 1 | 1 | 0 | 0 | 0 | 0 | 1 | 0 | 1 | 0 | 0 | 0 |  0 | 1 | 1 | 0 | 1 | 8 | 0 | 1 | 4 | 3 | 5 | 4 | 3 | 5 | 4 | 7 | 5 | 2 | 2 | 2 |
48 | Mao, Peter Hsih-Jen | CALIFORNIA INSTITUTE OF TECHNOLOGY | 2002 | male | 1 | 0 | 2002 | 2 | 3 | 2016 | 0 | 0 | 0 | 0 | 0 | 1 | 0 | 0 | 0 | 0 | 0 | 0 | 0 | 0 | 0 | 0 | 0 | 0 | 0 | 0 |  0 | 0 | 0 | 0 | 0 | 2 | 0 | 0 | 0 | 0 | 0 | 0 | 0 | 0 | 0 | 0 | 1 | 0 | 1 | 1 |
49 | Zager, Eric Louis | UNIVERSITY OF WASHINGTON | 2002 | male | 4 | 0 | 2002 | 6 | 0 | 2002 | 1 | 0 | 1 | 0 | 1 | 1 | 0 | 0 | 0 | 0 | 0 | 0 | 0 | 0 | 0 | 0 | 0 | 0 | 0 | 0 |  1 | 1 | 1 | 0 | 2 | 1 | 0 | 0 | 0 | 0 | 0 | 0 | 0 | 0 | 0 | 0 | 0 | 0 | 0 | 0 |
50 | Kulesa, Craig Alan | THE UNIVERSITY OF ARIZONA | 2002 | male | 1 | 1 | 2005 | 1 | 69 | 2015 | 0 | 0 | 0 | 0 | 0 | 1 | 0 | 0 | 1 | 0 | 0 | 0 | 0 | 0 | 0 | 0 | 0 | 0 | 0 | 0 |  0 | 0 | 0 | 0 | 0 | 1 | 1 | 4 | 5 | 6 | 2 | 6 | 8 | 10 | 3 | 7 | 7 | 5 | 5 | 0 |
51 | Hornschemeier, Ann Elizabeth | THE PENNSYLVANIA STATE UNIVERSITY | 2002 | female | 4 | 5 | 2006 | 20 | 87 | 2017 | 0 | 0 | 0 | 1 | 1 | 2 | 2 | 1 | 1 | 1 | 0 | 0 | 0 | 0 | 0 | 0 | 0 | 0 | 0 | 0 |  0 | 0 | 0 | 3 | 7 | 10 | 9 | 8 | 5 | 3 | 5 | 5 | 6 | 7 | 4 | 4 | 11 | 6 | 2 | 8 |
52 | Bloom, Joshua Simon | CALIFORNIA INSTITUTE OF TECHNOLOGY | 2002 | male | 14 | 13 | 2012 | 48 | 227 | 2017 | 3 | 3 | 3 | 0 | 2 | 3 | 5 | 1 | 0 | 1 | 1 | 1 | 1 | 0 | 1 | 2 | 0 | 0 | 0 | 0 |  6 | 11 | 9 | 5 | 7 | 10 | 13 | 8 | 6 | 15 | 14 | 13 | 19 | 22 | 32 | 30 | 21 | 19 | 8 | 5 |
53 | Meyer, Reed David | Yale University | 2002 | male | 1 | 3 | 2011 | 5 | 12 | 2012 | 0 | 0 | 0 | 0 | 0 | 1 | 1 | 0 | 0 | 1 | 0 | 0 | 0 | 0 | 1 | 0 | 0 | 0 | 0 | 0 |  0 | 0 | 1 | 1 | 0 | 3 | 1 | 1 | 0 | 2 | 2 | 2 | 0 | 0 | 2 | 2 | 0 | 0 | 0 | 0 |
54 | Hicks, Chris Wayne | NORTH CAROLINA STATE UNIVERSITY | 2002 | male | 1 | 0 | 2002 | 2 | 0 | 2002 | 0 | 0 | 0 | 0 | 0 | 1 | 0 | 0 | 0 | 0 | 0 | 0 | 0 | 0 | 0 | 0 | 0 | 0 | 0 | 0 |  0 | 1 | 0 | 0 | 0 | 1 | 0 | 0 | 0 | 0 | 0 | 0 | 0 | 0 | 0 | 0 | 0 | 0 | 0 | 0 |
55 | Kasper, Justin Christophe | MASSACHUSETTS INSTITUTE OF TECHNOLOGY | 2002 | male | 2 | 6 | 2016 | 4 | 115 | 2016 | 0 | 0 | 0 | 0 | 0 | 2 | 0 | 0 | 0 | 1 | 1 | 1 | 0 | 0 | 0 | 1 | 1 | 0 | 0 | 1 |  0 | 0 | 0 | 0 | 1 | 3 | 1 | 2 | 2 | 8 | 11 | 3 | 7 | 6 | 7 | 10 | 20 | 8 | 15 | 15 |
56 | Archbold, Gregory Clark | THE UNIVERSITY OF UTAH | 2002 | male | 1 | 1 | 2003 | 3 | 24 | 2010 | 0 | 0 | 0 | 0 | 0 | 1 | 1 | 0 | 0 | 0 | 0 | 0 | 0 | 0 | 0 | 0 | 0 | 0 | 0 | 0 |  0 | 0 | 1 | 0 | 0 | 2 | 1 | 5 | 4 | 4 | 3 | 3 | 1 | 3 | 0 | 0 | 0 | 0 | 0 | 0 |
57 | Benbow, Wystan R. | UNIVERSITY OF CALIFORNIA, SANTA CRUZ | 2002 | male | 2 | 7 | 2011 | 6 | 202 | 2017 | 0 | 0 | 0 | 0 | 1 | 1 | 0 | 0 | 2 | 0 | 0 | 3 | 0 | 0 | 2 | 0 | 0 | 0 | 0 | 0 |  0 | 0 | 1 | 2 | 2 | 1 | 4 | 6 | 24 | 14 | 11 | 28 | 20 | 13 | 18 | 11 | 10 | 13 | 12 | 11 |
58 | Cole, Arthur Lindsey | THE OHIO STATE UNIVERSITY | 2002 | male | 1 | 4 | 2012 | 5 | 48 | 2016 | 0 | 0 | 0 | 0 | 0 | 1 | 0 | 0 | 1 | 2 | 0 | 0 | 0 | 0 | 0 | 1 | 0 | 0 | 0 | 0 |  0 | 1 | 1 | 0 | 0 | 3 | 1 | 3 | 2 | 4 | 0 | 1 | 2 | 5 | 6 | 10 | 4 | 2 | 6 | 2 |
59 | Jha, Saurabh | HARVARD UNIVERSITY | 2002 | male | 6 | 3 | 2007 | 26 | 129 | 2017 | 1 | 0 | 1 | 2 | 1 | 1 | 0 | 0 | 0 | 2 | 1 | 0 | 0 | 0 | 0 | 0 | 0 | 0 | 0 | 0 |  4 | 3 | 3 | 7 | 4 | 5 | 13 | 6 | 7 | 8 | 8 | 12 | 7 | 10 | 11 | 14 | 6 | 11 | 5 | 9 |
60 | Li, Di | CORNELL UNIVERSITY | 2002 | male | 2 | 31 | 2017 | 5 | 112 | 2017 | 0 | 0 | 1 | 0 | 0 | 1 | 2 | 0 | 0 | 0 | 1 | 1 | 1 | 1 | 1 | 2 | 3 | 1 | 8 | 6 |  0 | 0 | 1 | 0 | 1 | 3 | 3 | 4 | 1 | 1 | 2 | 7 | 2 | 8 | 5 | 6 | 5 | 11 | 17 | 23 |
61 | Spaun, Nicole Angelique | BROWN UNIVERSITY | 2002 | female | 3 | 1 | 2003 | 7 | 1 | 2003 | 0 | 1 | 0 | 0 | 1 | 1 | 1 | 0 | 0 | 0 | 0 | 0 | 0 | 0 | 0 | 0 | 0 | 0 | 0 | 0 |  0 | 1 | 0 | 3 | 1 | 2 | 1 | 0 | 0 | 0 | 0 | 0 | 0 | 0 | 0 | 0 | 0 | 0 | 0 | 0 |
62 | Gupta, Sanjib Shankar | CLEMSON UNIVERSITY | 2002 | male | 5 | 9 | 2010 | 12 | 63 | 2016 | 0 | 1 | 1 | 0 | 1 | 2 | 0 | 1 | 0 | 3 | 2 | 2 | 0 | 1 | 0 | 0 | 0 | 0 | 0 | 0 |  0 | 2 | 3 | 3 | 1 | 3 | 2 | 1 | 0 | 6 | 4 | 5 | 7 | 8 | 4 | 1 | 2 | 11 | 7 | 5 |
63 | Montesi, Laurent Gilbert Joseph | MASSACHUSETTS INSTITUTE OF TECHNOLOGY | 2002 | male | 1 | 0 | 2002 | 1 | 18 | 2017 | 0 | 0 | 0 | 0 | 0 | 1 | 0 | 0 | 0 | 0 | 0 | 0 | 0 | 0 | 0 | 0 | 0 | 0 | 0 | 0 |  0 | 0 | 0 | 0 | 0 | 1 | 2 | 1 | 0 | 0 | 2 | 1 | 1 | 2 | 2 | 0 | 1 | 3 | 1 | 1 |
64 | Ferris, Justin Claus | THE UNIVERSITY OF ARIZONA | 2002 | male | 3 | 0 | 2002 | 6 | 10 | 2009 | 0 | 0 | 0 | 0 | 0 | 3 | 0 | 0 | 0 | 0 | 0 | 0 | 0 | 0 | 0 | 0 | 0 | 0 | 0 | 0 |  0 | 1 | 0 | 1 | 1 | 3 | 1 | 2 | 2 | 0 | 1 | 1 | 3 | 0 | 0 | 0 | 0 | 0 | 0 | 0 |
65 | Ahmad, Qazi Rushdy | BROWN UNIVERSITY | 2002 | male | 4 | 0 | 2002 | 5 | 1 | 2007 | 0 | 0 | 0 | 0 | 1 | 3 | 0 | 0 | 0 | 0 | 0 | 0 | 0 | 0 | 0 | 0 | 0 | 0 | 0 | 0 |  0 | 0 | 0 | 1 | 1 | 3 | 0 | 0 | 0 | 0 | 1 | 0 | 0 | 0 | 0 | 0 | 0 | 0 | 0 | 0 |
66 | Terzić, Balša | THE FLORIDA STATE UNIVERSITY | 2002 | male | 2 | 4 | 2007 | 3 | 8 | 2007 | 0 | 1 | 0 | 0 | 0 | 1 | 1 | 1 | 1 | 0 | 1 | 0 | 0 | 0 | 0 | 0 | 0 | 0 | 0 | 0 |  0 | 2 | 0 | 0 | 0 | 1 | 2 | 1 | 1 | 3 | 1 | 0 | 0 | 0 | 0 | 0 | 0 | 0 | 0 | 0 |
67 | Mallouris, Christoforos | THE UNIVERSITY OF CHICAGO | 2002 | male | 2 | 1 | 2003 | 5 | 1 | 2003 | 0 | 0 | 0 | 0 | 1 | 1 | 1 | 0 | 0 | 0 | 0 | 0 | 0 | 0 | 0 | 0 | 0 | 0 | 0 | 0 |  0 | 0 | 2 | 0 | 1 | 2 | 1 | 0 | 0 | 0 | 0 | 0 | 0 | 0 | 0 | 0 | 0 | 0 | 0 | 0 |
68 | Ipe, Alex Ike | CARLETON UNIVERSITY (CANADA) | 2002 | male | 1 | 0 | 2002 | 1 | 2 | 2008 | 0 | 0 | 0 | 0 | 0 | 1 | 0 | 0 | 0 | 0 | 0 | 0 | 0 | 0 | 0 | 0 | 0 | 0 | 0 | 0 |  0 | 0 | 0 | 0 | 0 | 1 | 0 | 0 | 0 | 0 | 0 | 2 | 0 | 0 | 0 | 0 | 0 | 0 | 0 | 0 |
69 | Crotty, Patrick R. | THE UNIVERSITY OF CHICAGO | 2002 | male | 2 | 3 | 2004 | 4 | 4 | 2004 | 0 | 0 | 0 | 0 | 0 | 2 | 2 | 1 | 0 | 0 | 0 | 0 | 0 | 0 | 0 | 0 | 0 | 0 | 0 | 0 |  0 | 0 | 0 | 0 | 1 | 3 | 3 | 1 | 0 | 0 | 0 | 0 | 0 | 0 | 0 | 0 | 0 | 0 | 0 | 0 |
70 | Kruschwitz, Craig Albert | CORNELL UNIVERSITY | 2002 | male | 2 | 0 | 2002 | 7 | 1 | 2003 | 0 | 0 | 0 | 0 | 1 | 1 | 0 | 0 | 0 | 0 | 0 | 0 | 0 | 0 | 0 | 0 | 0 | 0 | 0 | 0 |  0 | 0 | 1 | 3 | 1 | 2 | 1 | 0 | 0 | 0 | 0 | 0 | 0 | 0 | 0 | 0 | 0 | 0 | 0 | 0 |
71 | Ozel, Feryal | HARVARD UNIVERSITY | 2002 | female | 1 | 0 | 2002 | 8 | 83 | 2017 | 0 | 0 | 0 | 0 | 0 | 1 | 0 | 0 | 0 | 0 | 0 | 0 | 0 | 0 | 0 | 0 | 0 | 0 | 0 | 0 |  0 | 0 | 0 | 2 | 3 | 3 | 3 | 1 | 1 | 2 | 4 | 2 | 8 | 7 | 5 | 13 | 9 | 4 | 9 | 14 |
72 | Uglesich, Robert R. | COLUMBIA UNIVERSITY | 2002 | male | 1 | 1 | 2004 | 3 | 3 | 2006 | 0 | 0 | 0 | 0 | 0 | 1 | 0 | 1 | 0 | 0 | 0 | 0 | 0 | 0 | 0 | 0 | 0 | 0 | 0 | 0 |  0 | 0 | 0 | 2 | 0 | 1 | 0 | 2 | 0 | 1 | 0 | 0 | 0 | 0 | 0 | 0 | 0 | 0 | 0 | 0 |
73 | Birch, Aaron C. | STANFORD UNIVERSITY | 2002 | male | 5 | 10 | 2016 | 7 | 72 | 2017 | 0 | 1 | 0 | 1 | 2 | 1 | 0 | 2 | 0 | 0 | 2 | 0 | 1 | 1 | 2 | 0 | 1 | 0 | 0 | 1 |  0 | 1 | 0 | 1 | 2 | 3 | 0 | 4 | 2 | 6 | 5 | 5 | 4 | 5 | 3 | 7 | 6 | 8 | 5 | 9 |
74 | Tyler, Craig Edward | THE UNIVERSITY OF CHICAGO | 2002 | male | 3 | 0 | 2002 | 4 | 1 | 2003 | 0 | 0 | 0 | 0 | 1 | 2 | 0 | 0 | 0 | 0 | 0 | 0 | 0 | 0 | 0 | 0 | 0 | 0 | 0 | 0 |  0 | 0 | 0 | 0 | 2 | 2 | 1 | 0 | 0 | 0 | 0 | 0 | 0 | 0 | 0 | 0 | 0 | 0 | 0 | 0 |
75 | Coldwell, Charles Michael | HARVARD UNIVERSITY | 2002 | male | 1 | 0 | 2002 | 1 | 3 | 2007 | 0 | 0 | 0 | 0 | 0 | 1 | 0 | 0 | 0 | 0 | 0 | 0 | 0 | 0 | 0 | 0 | 0 | 0 | 0 | 0 |  0 | 0 | 0 | 0 | 0 | 1 | 0 | 2 | 0 | 0 | 1 | 0 | 0 | 0 | 0 | 0 | 0 | 0 | 0 | 0 |
76 | Alvi, Kashif | CALIFORNIA INSTITUTE OF TECHNOLOGY | 2002 | male | 4 | 1 | 2003 | 4 | 1 | 2003 | 0 | 0 | 0 | 1 | 1 | 2 | 1 | 0 | 0 | 0 | 0 | 0 | 0 | 0 | 0 | 0 | 0 | 0 | 0 | 0 |  0 | 0 | 0 | 1 | 1 | 2 | 1 | 0 | 0 | 0 | 0 | 0 | 0 | 0 | 0 | 0 | 0 | 0 | 0 | 0 |
77 | Telfer, Randal Crawford | THE JOHNS HOPKINS UNIVERSITY | 2002 | male | 5 | 0 | 2002 | 7 | 1 | 2007 | 0 | 1 | 0 | 1 | 0 | 3 | 0 | 0 | 0 | 0 | 0 | 0 | 0 | 0 | 0 | 0 | 0 | 0 | 0 | 0 |  1 | 2 | 0 | 1 | 0 | 3 | 0 | 0 | 0 | 0 | 1 | 0 | 0 | 0 | 0 | 0 | 0 | 0 | 0 | 0 |
78 | Wood, Benjamin Philip | THE UNIVERSITY OF WISCONSIN - MADISON | 2002 | male | 1 | 0 | 2002 | 9 | 1 | 2014 | 0 | 0 | 0 | 0 | 0 | 1 | 0 | 0 | 0 | 0 | 0 | 0 | 0 | 0 | 0 | 0 | 0 | 0 | 0 | 0 |  0 | 0 | 1 | 2 | 2 | 4 | 0 | 0 | 0 | 0 | 0 | 0 | 0 | 0 | 0 | 0 | 0 | 1 | 0 | 0 |
79 | Rouse, Roger Bruce | ARIZONA STATE UNIVERSITY | 2002 | male | 1 | 0 | 2002 | 1 | 0 | 2002 | 0 | 0 | 0 | 0 | 0 | 1 | 0 | 0 | 0 | 0 | 0 | 0 | 0 | 0 | 0 | 0 | 0 | 0 | 0 | 0 |  0 | 0 | 0 | 0 | 0 | 1 | 0 | 0 | 0 | 0 | 0 | 0 | 0 | 0 | 0 | 0 | 0 | 0 | 0 | 0 |
80 | Sheldon, Erin S. | UNIVERSITY OF MICHIGAN | 2002 | female | 3 | 6 | 2017 | 7 | 91 | 2017 | 0 | 0 | 0 | 0 | 1 | 2 | 0 | 1 | 0 | 0 | 0 | 0 | 2 | 0 | 0 | 1 | 0 | 1 | 0 | 0 |  0 | 0 | 0 | 3 | 1 | 3 | 3 | 3 | 2 | 3 | 5 | 7 | 9 | 2 | 8 | 8 | 6 | 6 | 5 | 18 |
81 | Bos, Brent Jon | THE UNIVERSITY OF ARIZONA | 2002 | male | 2 | 0 | 2002 | 4 | 4 | 2011 | 0 | 0 | 0 | 1 | 0 | 1 | 0 | 0 | 0 | 0 | 0 | 0 | 0 | 0 | 0 | 0 | 0 | 0 | 0 | 0 |  0 | 0 | 0 | 1 | 1 | 2 | 0 | 0 | 0 | 0 | 0 | 1 | 0 | 2 | 1 | 0 | 0 | 0 | 0 | 0 |
82 | Brain, David Andrew | UNIVERSITY OF COLORADO AT BOULDER | 2002 | male | 3 | 13 | 2016 | 7 | 127 | 2017 | 0 | 1 | 0 | 0 | 0 | 2 | 1 | 1 | 1 | 3 | 1 | 0 | 0 | 3 | 0 | 0 | 1 | 0 | 1 | 1 |  0 | 1 | 1 | 2 | 1 | 2 | 1 | 4 | 5 | 12 | 5 | 10 | 5 | 14 | 12 | 6 | 6 | 3 | 22 | 13 |
83 | Gretarsson, Andri Marcus | SYRACUSE UNIVERSITY | 2002 | male | 3 | 1 | 2007 | 8 | 120 | 2015 | 0 | 0 | 1 | 1 | 0 | 1 | 0 | 0 | 0 | 0 | 1 | 0 | 0 | 0 | 0 | 0 | 0 | 0 | 0 | 0 |  0 | 0 | 1 | 1 | 1 | 5 | 2 | 8 | 8 | 4 | 9 | 16 | 15 | 9 | 8 | 16 | 6 | 13 | 6 | 0 |
84 | Wong, Ah-San | CALIFORNIA INSTITUTE OF TECHNOLOGY | 2002 | male | 3 | 5 | 2005 | 6 | 17 | 2012 | 0 | 0 | 0 | 1 | 0 | 2 | 2 | 2 | 1 | 0 | 0 | 0 | 0 | 0 | 0 | 0 | 0 | 0 | 0 | 0 |  0 | 0 | 1 | 1 | 0 | 4 | 3 | 4 | 4 | 3 | 1 | 0 | 1 | 0 | 0 | 1 | 0 | 0 | 0 | 0 |
85 | Zellner, N. E. B. | Rensselaer Polytechnic Institute, Troy, NY | 2002 | None | 2 | 6 | 2015 | 8 | 8 | 2015 | 0 | 0 | 0 | 0 | 0 | 2 | 0 | 0 | 1 | 0 | 0 | 1 | 3 | 0 | 0 | 0 | 0 | 0 | 1 | 0 |  3 | 2 | 1 | 0 | 0 | 2 | 0 | 0 | 1 | 0 | 1 | 1 | 3 | 0 | 0 | 0 | 0 | 1 | 1 | 0 |
86 | Mulligan, Tamitha Lynne | UNIVERSITY OF CALIFORNIA, LOS ANGELES | 2002 | female | 7 | 5 | 2013 | 11 | 18 | 2013 | 0 | 1 | 1 | 1 | 3 | 1 | 0 | 0 | 1 | 0 | 0 | 2 | 1 | 0 | 0 | 0 | 1 | 0 | 0 | 0 |  1 | 1 | 1 | 1 | 4 | 3 | 0 | 0 | 3 | 0 | 0 | 4 | 2 | 2 | 1 | 3 | 3 | 0 | 0 | 0 |
87 | Halverson, Nils William | CALIFORNIA INSTITUTE OF TECHNOLOGY | 2002 | male | 2 | 1 | 2009 | 9 | 84 | 2017 | 0 | 0 | 0 | 0 | 0 | 2 | 0 | 0 | 0 | 0 | 0 | 0 | 1 | 0 | 0 | 0 | 0 | 0 | 0 | 0 |  0 | 0 | 1 | 2 | 0 | 6 | 3 | 0 | 1 | 1 | 0 | 2 | 4 | 8 | 9 | 12 | 12 | 11 | 14 | 6 |
88 | Papovich, Casey John | THE JOHNS HOPKINS UNIVERSITY | 2002 | male | 4 | 17 | 2016 | 7 | 194 | 2017 | 0 | 0 | 0 | 1 | 1 | 2 | 1 | 2 | 1 | 3 | 1 | 1 | 1 | 1 | 2 | 1 | 0 | 0 | 1 | 2 |  0 | 0 | 0 | 2 | 2 | 3 | 3 | 22 | 10 | 18 | 21 | 6 | 14 | 7 | 18 | 15 | 10 | 10 | 17 | 15 |
89 | Adelberger, Kurt Ludvig | CALIFORNIA INSTITUTE OF TECHNOLOGY | 2002 | male | 4 | 10 | 2006 | 27 | 35 | 2008 | 0 | 1 | 0 | 1 | 1 | 1 | 1 | 2 | 6 | 1 | 0 | 0 | 0 | 0 | 0 | 0 | 0 | 0 | 0 | 0 |  2 | 6 | 2 | 7 | 5 | 5 | 6 | 7 | 12 | 6 | 3 | 1 | 0 | 0 | 0 | 0 | 0 | 0 | 0 | 0 |
90 | Muno, Michael Patrick | MASSACHUSETTS INSTITUTE OF TECHNOLOGY | 2002 | male | 9 | 21 | 2009 | 18 | 45 | 2014 | 0 | 0 | 1 | 1 | 3 | 4 | 4 | 3 | 4 | 5 | 2 | 2 | 1 | 0 | 0 | 0 | 0 | 0 | 0 | 0 |  0 | 1 | 1 | 2 | 7 | 7 | 6 | 4 | 7 | 8 | 5 | 8 | 4 | 2 | 0 | 0 | 0 | 1 | 0 | 0 |
91 | Kitts, Bunnie Kathleen | WASHINGTON UNIVERSITY | 2002 | female | 1 | 1 | 2003 | 1 | 1 | 2003 | 0 | 0 | 0 | 0 | 0 | 1 | 1 | 0 | 0 | 0 | 0 | 0 | 0 | 0 | 0 | 0 | 0 | 0 | 0 | 0 |  0 | 0 | 0 | 0 | 0 | 1 | 1 | 0 | 0 | 0 | 0 | 0 | 0 | 0 | 0 | 0 | 0 | 0 | 0 | 0 |
92 | Miller, Nathan Andrew | THE UNIVERSITY OF WISCONSIN - MADISON | 2002 | male | 3 | 2 | 2009 | 7 | 42 | 2016 | 0 | 1 | 0 | 0 | 0 | 2 | 1 | 0 | 0 | 0 | 0 | 0 | 1 | 0 | 0 | 0 | 0 | 0 | 0 | 0 |  0 | 1 | 1 | 0 | 1 | 4 | 4 | 2 | 2 | 1 | 0 | 5 | 3 | 4 | 2 | 7 | 2 | 4 | 3 | 3 |
93 | Postma, Marieke | UNIVERSITY OF CALIFORNIA, LOS ANGELES | 2002 | female | 4 | 7 | 2017 | 6 | 33 | 2017 | 0 | 0 | 0 | 0 | 1 | 3 | 1 | 3 | 0 | 0 | 0 | 0 | 0 | 1 | 0 | 0 | 0 | 1 | 0 | 0 |  0 | 0 | 0 | 0 | 2 | 4 | 3 | 5 | 2 | 1 | 2 | 5 | 2 | 4 | 2 | 2 | 0 | 2 | 0 | 2 |
94 | Green, Janet Carol | UNIVERSITY OF CALIFORNIA, LOS ANGELES | 2002 | female | 2 | 3 | 2015 | 10 | 48 | 2016 | 0 | 0 | 0 | 0 | 1 | 1 | 0 | 2 | 0 | 0 | 0 | 0 | 0 | 0 | 0 | 0 | 0 | 0 | 1 | 0 |  1 | 1 | 0 | 4 | 2 | 2 | 1 | 7 | 1 | 5 | 1 | 1 | 1 | 8 | 3 | 2 | 4 | 7 | 5 | 2 |
95 | Slavin, Shawn Douglas | INDIANA UNIVERSITY | 2002 | male | 1 | 0 | 2002 | 2 | 2 | 2007 | 0 | 0 | 0 | 0 | 0 | 1 | 0 | 0 | 0 | 0 | 0 | 0 | 0 | 0 | 0 | 0 | 0 | 0 | 0 | 0 |  0 | 1 | 0 | 0 | 0 | 1 | 0 | 0 | 0 | 1 | 1 | 0 | 0 | 0 | 0 | 0 | 0 | 0 | 0 | 0 |
96 | Sommer, James Clarence | THE UNIVERSITY OF ALABAMA IN HUNTSVILLE | 2002 | male | 1 | 0 | 2002 | 2 | 0 | 2002 | 0 | 0 | 0 | 0 | 0 | 1 | 0 | 0 | 0 | 0 | 0 | 0 | 0 | 0 | 0 | 0 | 0 | 0 | 0 | 0 |  0 | 0 | 0 | 1 | 0 | 1 | 0 | 0 | 0 | 0 | 0 | 0 | 0 | 0 | 0 | 0 | 0 | 0 | 0 | 0 |
97 | Ward, John Strawn | CALIFORNIA INSTITUTE OF TECHNOLOGY | 2002 | male | 1 | 3 | 2007 | 2 | 30 | 2016 | 0 | 0 | 0 | 0 | 0 | 1 | 1 | 0 | 0 | 1 | 1 | 0 | 0 | 0 | 0 | 0 | 0 | 0 | 0 | 0 |  0 | 0 | 0 | 0 | 1 | 1 | 2 | 0 | 2 | 5 | 4 | 2 | 4 | 7 | 3 | 0 | 0 | 0 | 0 | 1 |
98 | von Braun, Kaspar | Carnegie Institution of Washington/DTM University of Michigan | 2002 | male | 5 | 8 | 2014 | 8 | 64 | 2017 | 0 | 1 | 0 | 0 | 1 | 3 | 1 | 0 | 1 | 0 | 0 | 1 | 1 | 0 | 2 | 1 | 0 | 1 | 0 | 0 |  1 | 1 | 0 | 0 | 2 | 4 | 1 | 0 | 2 | 0 | 0 | 3 | 5 | 2 | 10 | 12 | 6 | 8 | 7 | 6 |
99 | Nolta, Michael Robert | PRINCETON UNIVERSITY | 2002 | male | 1 | 3 | 2009 | 5 | 63 | 2016 | 0 | 0 | 0 | 0 | 0 | 1 | 1 | 1 | 0 | 0 | 0 | 0 | 1 | 0 | 0 | 0 | 0 | 0 | 0 | 0 |  0 | 0 | 2 | 0 | 0 | 3 | 7 | 1 | 0 | 0 | 5 | 0 | 8 | 3 | 16 | 6 | 10 | 5 | 1 | 1 |
100 | Siemens, Xavier | TUFTS UNIVERSITY | 2002 | male | 5 | 5 | 2013 | 6 | 213 | 2017 | 0 | 0 | 0 | 0 | 2 | 3 | 1 | 1 | 0 | 1 | 1 | 0 | 0 | 0 | 0 | 0 | 1 | 0 | 0 | 0 |  0 | 0 | 0 | 0 | 3 | 3 | 1 | 9 | 8 | 4 | 9 | 16 | 18 | 16 | 8 | 26 | 16 | 18 | 14 | 36 |
101 | Ueta, Toshiya | UNIVERSITY OF ILLINOIS AT URBANA-CHAMPAIGN | 2002 | male | 5 | 14 | 2017 | 8 | 49 | 2017 | 0 | 0 | 0 | 1 | 3 | 1 | 2 | 0 | 1 | 3 | 1 | 2 | 0 | 1 | 0 | 1 | 1 | 1 | 0 | 0 |  0 | 0 | 1 | 1 | 3 | 3 | 4 | 1 | 2 | 6 | 1 | 7 | 0 | 7 | 5 | 5 | 2 | 5 | 2 | 1 |
102 | Agnor, Craig Bruce | UNIVERSITY OF COLORADO AT BOULDER | 2002 | male | 3 | 3 | 2012 | 4 | 18 | 2015 | 0 | 0 | 1 | 0 | 0 | 2 | 0 | 1 | 0 | 1 | 0 | 0 | 0 | 0 | 0 | 1 | 0 | 0 | 0 | 0 |  0 | 1 | 1 | 0 | 0 | 2 | 1 | 1 | 0 | 3 | 0 | 2 | 0 | 3 | 0 | 3 | 1 | 2 | 2 | 0 |
103 | Frazin, Richard Alan | UNIVERSITY OF ILLINOIS AT URBANA-CHAMPAIGN | 2002 | male | 6 | 14 | 2016 | 9 | 37 | 2016 | 0 | 1 | 1 | 1 | 0 | 3 | 1 | 0 | 4 | 0 | 1 | 0 | 2 | 1 | 0 | 2 | 1 | 0 | 0 | 2 |  0 | 1 | 3 | 1 | 0 | 4 | 1 | 0 | 5 | 0 | 2 | 2 | 4 | 4 | 1 | 7 | 3 | 0 | 2 | 6 |
104 | Osten, Rachel Ann | UNIVERSITY OF COLORADO AT BOULDER | 2002 | female | 5 | 17 | 2016 | 12 | 38 | 2017 | 0 | 1 | 1 | 1 | 0 | 2 | 1 | 1 | 1 | 4 | 1 | 1 | 2 | 1 | 0 | 1 | 1 | 0 | 2 | 1 |  2 | 2 | 2 | 1 | 2 | 3 | 2 | 1 | 1 | 5 | 3 | 1 | 2 | 4 | 3 | 3 | 2 | 1 | 5 | 4 |
105 | Dyudina, Ulyana Anatolyevna | CALIFORNIA INSTITUTE OF TECHNOLOGY | 2002 | female | 3 | 9 | 2016 | 4 | 24 | 2017 | 0 | 0 | 0 | 0 | 1 | 2 | 0 | 1 | 1 | 0 | 1 | 1 | 1 | 1 | 0 | 0 | 1 | 0 | 0 | 2 |  0 | 0 | 0 | 0 | 1 | 3 | 0 | 1 | 5 | 1 | 2 | 2 | 2 | 1 | 3 | 0 | 2 | 1 | 0 | 3 |
106 | Neyman, Christopher R. | UNIVERSITY OF ILLINOIS AT URBANA-CHAMPAIGN | 2002 | male | 1 | 0 | 2002 | 2 | 11 | 2015 | 0 | 0 | 0 | 0 | 0 | 1 | 0 | 0 | 0 | 0 | 0 | 0 | 0 | 0 | 0 | 0 | 0 | 0 | 0 | 0 |  0 | 0 | 0 | 0 | 0 | 2 | 2 | 0 | 3 | 1 | 1 | 0 | 0 | 0 | 0 | 1 | 2 | 0 | 1 | 0 |
107 | Evans, Matthew John | CALIFORNIA INSTITUTE OF TECHNOLOGY | 2002 | male | 1 | 7 | 2015 | 1 | 192 | 2017 | 0 | 0 | 0 | 0 | 0 | 1 | 0 | 0 | 1 | 0 | 0 | 1 | 0 | 1 | 0 | 1 | 1 | 1 | 1 | 0 |  0 | 0 | 0 | 0 | 0 | 1 | 1 | 7 | 9 | 5 | 14 | 18 | 13 | 11 | 9 | 20 | 10 | 18 | 13 | 29 |
108 | Dave, Rahul Surendra | UNIVERSITY OF PENNSYLVANIA | 2002 | male | 2 | 0 | 2002 | 5 | 13 | 2010 | 0 | 0 | 0 | 0 | 0 | 2 | 0 | 0 | 0 | 0 | 0 | 0 | 0 | 0 | 0 | 0 | 0 | 0 | 0 | 0 |  0 | 2 | 1 | 0 | 0 | 2 | 2 | 0 | 0 | 2 | 0 | 2 | 4 | 3 | 0 | 0 | 0 | 0 | 0 | 0 |
109 | Welsch, Brian Thomas | MONTANA STATE UNIVERSITY | 2002 | male | 2 | 12 | 2016 | 3 | 36 | 2017 | 0 | 0 | 1 | 0 | 0 | 1 | 1 | 1 | 1 | 1 | 1 | 1 | 1 | 0 | 1 | 1 | 1 | 0 | 1 | 1 |  0 | 0 | 1 | 1 | 0 | 1 | 1 | 2 | 1 | 1 | 2 | 3 | 2 | 3 | 3 | 6 | 2 | 3 | 4 | 2 |
110 | Gogus, Ersin | THE UNIVERSITY OF ALABAMA IN HUNTSVILLE | 2002 | male | 1 | 0 | 2002 | 12 | 82 | 2017 | 0 | 0 | 0 | 0 | 0 | 1 | 0 | 0 | 0 | 0 | 0 | 0 | 0 | 0 | 0 | 0 | 0 | 0 | 0 | 0 |  0 | 1 | 1 | 2 | 4 | 4 | 4 | 3 | 2 | 8 | 7 | 1 | 1 | 10 | 6 | 9 | 7 | 8 | 10 | 3 |
111 | Eng, Chester | UNIVERSITY OF ILLINOIS AT URBANA-CHAMPAIGN | 2002 | male | 1 | 0 | 2002 | 1 | 0 | 2002 | 0 | 0 | 0 | 0 | 0 | 1 | 0 | 0 | 0 | 0 | 0 | 0 | 0 | 0 | 0 | 0 | 0 | 0 | 0 | 0 |  0 | 0 | 0 | 0 | 0 | 1 | 0 | 0 | 0 | 0 | 0 | 0 | 0 | 0 | 0 | 0 | 0 | 0 | 0 | 0 |
112 | Philhour, Byron Jacob | CALIFORNIA INSTITUTE OF TECHNOLOGY | 2002 | male | 2 | 0 | 2002 | 4 | 1 | 2003 | 0 | 1 | 0 | 0 | 0 | 1 | 0 | 0 | 0 | 0 | 0 | 0 | 0 | 0 | 0 | 0 | 0 | 0 | 0 | 0 |  0 | 1 | 0 | 2 | 0 | 1 | 1 | 0 | 0 | 0 | 0 | 0 | 0 | 0 | 0 | 0 | 0 | 0 | 0 | 0 |
113 | Covatto, Carl | ARIZONA STATE UNIVERSITY | 2002 | male | 2 | 1 | 2003 | 2 | 1 | 2003 | 0 | 0 | 0 | 1 | 0 | 1 | 1 | 0 | 0 | 0 | 0 | 0 | 0 | 0 | 0 | 0 | 0 | 0 | 0 | 0 |  0 | 0 | 0 | 1 | 0 | 1 | 1 | 0 | 0 | 0 | 0 | 0 | 0 | 0 | 0 | 0 | 0 | 0 | 0 | 0 |
114 | Tran, Huan The | PRINCETON UNIVERSITY | 2002 | male | 1 | 3 | 2008 | 5 | 13 | 2017 | 0 | 0 | 0 | 0 | 0 | 1 | 1 | 0 | 0 | 1 | 0 | 1 | 0 | 0 | 0 | 0 | 0 | 0 | 0 | 0 |  0 | 0 | 2 | 0 | 0 | 3 | 4 | 0 | 2 | 1 | 2 | 1 | 0 | 0 | 1 | 0 | 0 | 0 | 1 | 0 |
115 | Khoury, Justin | PRINCETON UNIVERSITY | 2002 | male | 6 | 19 | 2016 | 7 | 74 | 2017 | 0 | 0 | 0 | 0 | 2 | 4 | 1 | 3 | 0 | 0 | 1 | 0 | 3 | 1 | 4 | 1 | 1 | 2 | 1 | 1 |  0 | 0 | 0 | 0 | 3 | 4 | 1 | 8 | 1 | 3 | 4 | 3 | 6 | 6 | 10 | 9 | 5 | 7 | 7 | 3 |
116 | Wilson, Eric Hezekiah | UNIVERSITY OF MICHIGAN | 2002 | male | 2 | 5 | 2016 | 2 | 8 | 2016 | 0 | 0 | 0 | 1 | 0 | 1 | 2 | 1 | 0 | 0 | 0 | 0 | 1 | 0 | 0 | 0 | 0 | 0 | 0 | 1 |  0 | 0 | 0 | 1 | 0 | 1 | 2 | 1 | 0 | 1 | 0 | 0 | 3 | 0 | 0 | 0 | 0 | 0 | 0 | 1 |
117 | Toboada Fermin, Ignacio Jose | UNIVERSITY OF PENNSYLVANIA | 2002 | male | 1 | 0 | 2002 | 1 | 0 | 2002 | 0 | 0 | 0 | 0 | 0 | 1 | 0 | 0 | 0 | 0 | 0 | 0 | 0 | 0 | 0 | 0 | 0 | 0 | 0 | 0 |  0 | 0 | 0 | 0 | 0 | 1 | 0 | 0 | 0 | 0 | 0 | 0 | 0 | 0 | 0 | 0 | 0 | 0 | 0 | 0 |
118 | Chen, Li-Jen | UNIVERSITY OF WASHINGTON | 2002 | male | 11 | 26 | 2017 | 37 | 179 | 2017 | 2 | 0 | 0 | 6 | 0 | 3 | 2 | 5 | 5 | 0 | 1 | 3 | 0 | 0 | 1 | 3 | 1 | 1 | 1 | 2 |  5 | 3 | 5 | 10 | 3 | 11 | 9 | 12 | 13 | 11 | 5 | 6 | 5 | 3 | 14 | 13 | 16 | 17 | 22 | 26 |
119 | Baron, John Edward | STANFORD UNIVERSITY | 2002 | male | 2 | 1 | 2003 | 2 | 1 | 2003 | 0 | 1 | 0 | 0 | 0 | 1 | 1 | 0 | 0 | 0 | 0 | 0 | 0 | 0 | 0 | 0 | 0 | 0 | 0 | 0 |  0 | 1 | 0 | 0 | 0 | 1 | 1 | 0 | 0 | 0 | 0 | 0 | 0 | 0 | 0 | 0 | 0 | 0 | 0 | 0 |
120 | Stachyra, Andrew Lawrence | UNIVERSITY OF WASHINGTON | 2002 | male | 1 | 0 | 2002 | 13 | 14 | 2008 | 0 | 0 | 0 | 0 | 0 | 1 | 0 | 0 | 0 | 0 | 0 | 0 | 0 | 0 | 0 | 0 | 0 | 0 | 0 | 0 |  0 | 4 | 4 | 1 | 2 | 2 | 4 | 2 | 1 | 4 | 2 | 1 | 0 | 0 | 0 | 0 | 0 | 0 | 0 | 0 |
121 | Ortega Rodriguez, Manuel Antonio | STANFORD UNIVERSITY | 2002 | male | 1 | 0 | 2002 | 1 | 2 | 2017 | 0 | 0 | 0 | 0 | 0 | 1 | 0 | 0 | 0 | 0 | 0 | 0 | 0 | 0 | 0 | 0 | 0 | 0 | 0 | 0 |  0 | 0 | 0 | 0 | 0 | 1 | 0 | 0 | 0 | 0 | 0 | 0 | 0 | 0 | 0 | 0 | 0 | 1 | 0 | 0 |
122 | Ruskin, Steven William | UNIVERSITY OF NOTRE DAME | 2002 | male | 3 | 0 | 2002 | 3 | 0 | 2002 | 1 | 0 | 0 | 0 | 0 | 2 | 0 | 0 | 0 | 0 | 0 | 0 | 0 | 0 | 0 | 0 | 0 | 0 | 0 | 0 |  1 | 0 | 0 | 0 | 0 | 2 | 0 | 0 | 0 | 0 | 0 | 0 | 0 | 0 | 0 | 0 | 0 | 0 | 0 | 0 |
123 | Meier, David Stuart | UNIVERSITY OF CALIFORNIA, LOS ANGELES | 2002 | male | 7 | 8 | 2015 | 10 | 45 | 2017 | 0 | 0 | 0 | 1 | 3 | 3 | 0 | 1 | 1 | 0 | 0 | 1 | 0 | 1 | 1 | 1 | 0 | 1 | 1 | 0 |  0 | 0 | 0 | 1 | 3 | 6 | 2 | 2 | 2 | 1 | 2 | 5 | 1 | 1 | 2 | 1 | 4 | 3 | 10 | 5 |
124 | Arce Nazario, Hector G. | HARVARD UNIVERSITY | 2002 | male | 1 | 0 | 2002 | 1 | 0 | 2002 | 0 | 0 | 0 | 0 | 0 | 1 | 0 | 0 | 0 | 0 | 0 | 0 | 0 | 0 | 0 | 0 | 0 | 0 | 0 | 0 |  0 | 0 | 0 | 0 | 0 | 1 | 0 | 0 | 0 | 0 | 0 | 0 | 0 | 0 | 0 | 0 | 0 | 0 | 0 | 0 |
125 | Liang, Zhi | UNIVERSITY OF MASSACHUSETTS AMHERST | 2002 | male | 1 | 6 | 2017 | 1 | 20 | 2017 | 0 | 0 | 0 | 0 | 0 | 1 | 0 | 0 | 0 | 0 | 0 | 0 | 0 | 0 | 0 | 2 | 1 | 0 | 2 | 0 |  0 | 0 | 0 | 0 | 0 | 1 | 0 | 0 | 0 | 0 | 0 | 0 | 5 | 1 | 1 | 5 | 1 | 2 | 3 | 1 |
126 | Hong, Jaesub | COLUMBIA UNIVERSITY | 2002 | male | 3 | 12 | 2017 | 15 | 60 | 2017 | 0 | 0 | 0 | 0 | 0 | 3 | 0 | 2 | 1 | 0 | 0 | 0 | 1 | 0 | 1 | 2 | 1 | 0 | 0 | 3 |  7 | 4 | 0 | 0 | 0 | 4 | 2 | 4 | 3 | 3 | 0 | 2 | 2 | 3 | 3 | 9 | 8 | 3 | 5 | 9 |
127 | Darling, Jeremiah Kane | CORNELL UNIVERSITY | 2002 | male | 1 | 1 | 2009 | 1 | 16 | 2016 | 0 | 0 | 0 | 0 | 0 | 1 | 0 | 0 | 0 | 0 | 0 | 0 | 1 | 0 | 0 | 0 | 0 | 0 | 0 | 0 |  0 | 0 | 0 | 0 | 0 | 1 | 2 | 3 | 1 | 0 | 2 | 1 | 1 | 1 | 0 | 0 | 2 | 2 | 0 | 1 |
128 | Estrada, Paul Rene | CORNELL UNIVERSITY | 2002 | male | 2 | 5 | 2016 | 5 | 15 | 2017 | 1 | 0 | 0 | 0 | 0 | 1 | 1 | 0 | 0 | 1 | 0 | 1 | 0 | 0 | 0 | 0 | 0 | 0 | 1 | 1 |  1 | 1 | 1 | 0 | 0 | 2 | 3 | 0 | 0 | 2 | 0 | 1 | 2 | 2 | 0 | 0 | 0 | 1 | 1 | 1 |
129 | Fisher, Robert Taylor | UNIVERSITY OF CALIFORNIA, BERKELEY | 2002 | male | 1 | 3 | 2015 | 6 | 31 | 2017 | 0 | 0 | 0 | 0 | 0 | 1 | 0 | 1 | 0 | 0 | 0 | 0 | 1 | 0 | 0 | 0 | 0 | 0 | 1 | 0 |  0 | 0 | 4 | 1 | 0 | 1 | 0 | 1 | 1 | 1 | 0 | 3 | 1 | 0 | 2 | 3 | 6 | 5 | 4 | 2 |
130 | Wilson, John Christian | CORNELL UNIVERSITY | 2002 | male | 3 | 0 | 2002 | 23 | 69 | 2017 | 0 | 0 | 0 | 0 | 2 | 1 | 0 | 0 | 0 | 0 | 0 | 0 | 0 | 0 | 0 | 0 | 0 | 0 | 0 | 0 |  1 | 2 | 3 | 2 | 8 | 7 | 3 | 6 | 3 | 5 | 5 | 4 | 5 | 0 | 2 | 6 | 9 | 7 | 11 | 2 |
131 | Wu, Chun-Hsien | TUFTS UNIVERSITY | 2002 | male | 5 | 11 | 2016 | 7 | 59 | 2017 | 1 | 0 | 1 | 0 | 1 | 2 | 1 | 0 | 2 | 1 | 2 | 0 | 0 | 0 | 1 | 2 | 1 | 0 | 0 | 1 |  1 | 1 | 1 | 0 | 1 | 3 | 2 | 0 | 2 | 1 | 4 | 1 | 2 | 2 | 7 | 5 | 7 | 0 | 7 | 12 |
132 | Brown, Warren Ray | Harvard University | 2002 | male | 7 | 31 | 2017 | 12 | 100 | 2017 | 1 | 2 | 0 | 1 | 1 | 2 | 1 | 2 | 2 | 2 | 3 | 2 | 2 | 3 | 3 | 3 | 2 | 1 | 2 | 2 |  1 | 3 | 2 | 1 | 2 | 3 | 3 | 3 | 4 | 5 | 6 | 5 | 7 | 9 | 8 | 13 | 7 | 11 | 8 | 8 |
133 | Ivanov, Anton Borisovich | CALIFORNIA INSTITUTE OF TECHNOLOGY | 2002 | male | 5 | 0 | 2002 | 10 | 127 | 2016 | 0 | 2 | 0 | 1 | 1 | 1 | 0 | 0 | 0 | 0 | 0 | 0 | 0 | 0 | 0 | 0 | 0 | 0 | 0 | 0 |  0 | 3 | 1 | 2 | 3 | 1 | 2 | 8 | 9 | 4 | 11 | 17 | 15 | 9 | 9 | 19 | 7 | 13 | 2 | 2 |
134 | Hedman, Matthew Mckay | PRINCETON UNIVERSITY | 2002 | male | 3 | 27 | 2017 | 3 | 86 | 2017 | 0 | 0 | 0 | 0 | 1 | 2 | 0 | 0 | 0 | 0 | 3 | 0 | 3 | 3 | 2 | 2 | 5 | 3 | 3 | 2 |  0 | 0 | 0 | 0 | 1 | 2 | 1 | 0 | 2 | 2 | 4 | 6 | 7 | 10 | 4 | 5 | 13 | 9 | 7 | 11 |
135 | Nelson, Cailin Anne | UNIVERSITY OF CALIFORNIA, BERKELEY | 2002 | female | 4 | 0 | 2002 | 29 | 9 | 2012 | 0 | 0 | 0 | 1 | 1 | 2 | 0 | 0 | 0 | 0 | 0 | 0 | 0 | 0 | 0 | 0 | 0 | 0 | 0 | 0 |  0 | 1 | 1 | 10 | 13 | 4 | 2 | 2 | 2 | 0 | 0 | 0 | 0 | 0 | 0 | 3 | 0 | 0 | 0 | 0 |
136 | Burgh, Eric B. | THE JOHNS HOPKINS UNIVERSITY | 2002 | male | 3 | 4 | 2012 | 6 | 20 | 2014 | 0 | 0 | 0 | 1 | 0 | 2 | 0 | 0 | 0 | 0 | 2 | 0 | 0 | 1 | 0 | 1 | 0 | 0 | 0 | 0 |  0 | 0 | 1 | 2 | 0 | 3 | 0 | 1 | 0 | 1 | 4 | 2 | 1 | 2 | 2 | 4 | 2 | 1 | 0 | 0 |
137 | Siegel, Michael Hiram | UNIVERSITY OF VIRGINIA | 2002 | male | 4 | 11 | 2015 | 9 | 69 | 2017 | 0 | 0 | 0 | 1 | 1 | 2 | 0 | 0 | 2 | 1 | 1 | 1 | 1 | 1 | 1 | 1 | 0 | 1 | 1 | 0 |  0 | 0 | 3 | 1 | 1 | 4 | 2 | 1 | 4 | 3 | 3 | 4 | 5 | 7 | 6 | 5 | 4 | 3 | 7 | 10 |
138 | Zhang, Qing | THE JOHNS HOPKINS UNIVERSITY | 2002 | female | 5 | 52 | 2017 | 16 | 185 | 2017 | 1 | 0 | 1 | 1 | 1 | 1 | 1 | 0 | 1 | 0 | 3 | 1 | 2 | 4 | 4 | 10 | 5 | 7 | 5 | 7 |  1 | 2 | 6 | 2 | 2 | 3 | 2 | 8 | 9 | 6 | 11 | 7 | 10 | 9 | 20 | 23 | 17 | 20 | 15 | 17 |
139 | Burgasser, Adam Jonathan | CALIFORNIA INSTITUTE OF TECHNOLOGY | 2002 | male | 9 | 49 | 2016 | 20 | 161 | 2017 | 0 | 0 | 1 | 3 | 1 | 4 | 5 | 4 | 3 | 5 | 6 | 5 | 3 | 3 | 3 | 2 | 4 | 1 | 3 | 2 |  0 | 0 | 2 | 7 | 5 | 6 | 10 | 8 | 6 | 11 | 12 | 11 | 9 | 9 | 15 | 10 | 14 | 9 | 16 | 11 |
140 | Huang, Zhenping | UNIVERSITY OF VIRGINIA | 2002 | male | 3 | 19 | 2017 | 3 | 75 | 2017 | 0 | 1 | 1 | 0 | 0 | 1 | 1 | 0 | 1 | 2 | 3 | 1 | 1 | 1 | 2 | 1 | 2 | 1 | 1 | 1 |  0 | 1 | 1 | 0 | 0 | 1 | 2 | 1 | 4 | 5 | 8 | 4 | 2 | 2 | 3 | 7 | 7 | 5 | 5 | 17 |
141 | Knauth, D. C. | University of Toledo | 2002 | None | 4 | 7 | 2017 | 9 | 13 | 2017 | 0 | 0 | 0 | 1 | 2 | 1 | 4 | 1 | 0 | 1 | 0 | 0 | 0 | 0 | 0 | 0 | 0 | 0 | 0 | 0 |  2 | 1 | 0 | 1 | 4 | 1 | 6 | 3 | 1 | 1 | 0 | 0 | 1 | 0 | 0 | 0 | 0 | 0 | 0 | 0 |
142 | Lawlor, Timothy Matthew | UNIVERSITY OF DELAWARE | 2002 | male | 2 | 6 | 2015 | 2 | 7 | 2015 | 0 | 0 | 0 | 0 | 0 | 2 | 1 | 0 | 1 | 1 | 0 | 1 | 0 | 0 | 0 | 0 | 1 | 0 | 1 | 0 |  0 | 0 | 0 | 0 | 0 | 2 | 1 | 0 | 1 | 1 | 0 | 1 | 0 | 0 | 0 | 0 | 2 | 0 | 1 | 0 |
143 | Gardner, Sara Lee | THE UNIVERSITY OF ARIZONA | 2002 | female | 1 | 1 | 2016 | 1 | 1 | 2016 | 0 | 0 | 0 | 0 | 0 | 1 | 0 | 0 | 0 | 0 | 0 | 0 | 0 | 0 | 0 | 0 | 0 | 0 | 0 | 1 |  0 | 0 | 0 | 0 | 0 | 1 | 0 | 0 | 0 | 0 | 0 | 0 | 0 | 0 | 0 | 0 | 0 | 0 | 0 | 1 |
144 | Mack, Andrew Kar Lung | RUTGERS THE STATE UNIVERSITY OF NEW JERSEY - NEW BRUNSWICK | 2002 | male | 2 | 0 | 2002 | 3 | 1 | 2015 | 0 | 0 | 0 | 0 | 0 | 2 | 0 | 0 | 0 | 0 | 0 | 0 | 0 | 0 | 0 | 0 | 0 | 0 | 0 | 0 |  0 | 0 | 0 | 0 | 0 | 3 | 0 | 0 | 0 | 0 | 0 | 0 | 0 | 0 | 0 | 0 | 0 | 0 | 1 | 0 |
145 | Rafikov, Roman Ravilevich | PRINCETON UNIVERSITY | 2002 | male | 7 | 35 | 2017 | 11 | 72 | 2017 | 0 | 0 | 0 | 1 | 3 | 3 | 4 | 1 | 2 | 5 | 1 | 2 | 2 | 1 | 3 | 2 | 3 | 1 | 3 | 4 |  0 | 1 | 0 | 2 | 5 | 3 | 5 | 2 | 3 | 5 | 2 | 2 | 2 | 2 | 7 | 9 | 8 | 5 | 8 | 8 |
146 | Pan, Feenix Yuanfeng | THE UNIVERSITY OF ARIZONA | 2002 | male | 1 | 1 | 2004 | 1 | 1 | 2004 | 0 | 0 | 0 | 0 | 0 | 1 | 0 | 1 | 0 | 0 | 0 | 0 | 0 | 0 | 0 | 0 | 0 | 0 | 0 | 0 |  0 | 0 | 0 | 0 | 0 | 1 | 0 | 1 | 0 | 0 | 0 | 0 | 0 | 0 | 0 | 0 | 0 | 0 | 0 | 0 |
147 | Allen, Rhiannon Lynne | UNIVERSITY OF MICHIGAN | 2002 | female | 4 | 4 | 2013 | 12 | 238 | 2017 | 0 | 0 | 0 | 1 | 1 | 2 | 0 | 1 | 0 | 1 | 1 | 0 | 0 | 0 | 0 | 0 | 1 | 0 | 0 | 0 |  3 | 0 | 1 | 3 | 2 | 3 | 2 | 11 | 14 | 10 | 17 | 20 | 21 | 16 | 10 | 27 | 14 | 20 | 7 | 35 |
148 | Donmez, Orhan | DREXEL UNIVERSITY | 2002 | male | 1 | 1 | 2007 | 1 | 12 | 2014 | 0 | 0 | 0 | 0 | 0 | 1 | 0 | 0 | 0 | 0 | 1 | 0 | 0 | 0 | 0 | 0 | 0 | 0 | 0 | 0 |  0 | 0 | 0 | 0 | 0 | 1 | 0 | 1 | 0 | 3 | 2 | 0 | 0 | 1 | 1 | 1 | 0 | 3 | 0 | 0 |
149 | Choi, Philip Ilho | UNIVERSITY OF CALIFORNIA, SANTA CRUZ | 2002 | male | 3 | 2 | 2011 | 8 | 23 | 2015 | 1 | 0 | 0 | 0 | 0 | 2 | 0 | 0 | 0 | 1 | 0 | 0 | 0 | 0 | 1 | 0 | 0 | 0 | 0 | 0 |  4 | 0 | 0 | 1 | 0 | 3 | 0 | 7 | 3 | 4 | 3 | 1 | 0 | 2 | 2 | 0 | 0 | 0 | 1 | 0 |
150 | Doriese, William Bertrand | PRINCETON UNIVERSITY | 2002 | male | 1 | 0 | 2002 | 1 | 12 | 2015 | 0 | 0 | 0 | 0 | 0 | 1 | 0 | 0 | 0 | 0 | 0 | 0 | 0 | 0 | 0 | 0 | 0 | 0 | 0 | 0 |  0 | 0 | 0 | 0 | 0 | 1 | 0 | 0 | 1 | 1 | 0 | 2 | 0 | 2 | 1 | 3 | 1 | 0 | 1 | 0 |
151 | Aharonson, Oded | MASSACHUSETTS INSTITUTE OF TECHNOLOGY | 2002 | male | 4 | 6 | 2012 | 13 | 66 | 2017 | 0 | 1 | 0 | 0 | 1 | 2 | 1 | 2 | 0 | 1 | 0 | 0 | 1 | 0 | 0 | 1 | 0 | 0 | 0 | 0 |  0 | 3 | 1 | 2 | 3 | 4 | 2 | 4 | 2 | 3 | 6 | 10 | 4 | 4 | 5 | 5 | 5 | 9 | 3 | 2 |
152 | Davis, Michael Wayne | MICHIGAN STATE UNIVERSITY | 2002 | male | 2 | 3 | 2012 | 7 | 46 | 2016 | 0 | 0 | 0 | 1 | 0 | 1 | 0 | 0 | 0 | 0 | 1 | 0 | 0 | 0 | 1 | 1 | 0 | 0 | 0 | 0 |  0 | 2 | 1 | 3 | 0 | 1 | 1 | 1 | 0 | 2 | 10 | 2 | 2 | 5 | 4 | 9 | 5 | 1 | 3 | 1 |
153 | Vivas, Anna Katherina | Yale University | 2002 | female | 2 | 7 | 2016 | 5 | 32 | 2017 | 0 | 0 | 0 | 0 | 1 | 1 | 0 | 1 | 1 | 1 | 0 | 1 | 0 | 0 | 0 | 0 | 1 | 0 | 0 | 2 |  0 | 0 | 0 | 0 | 2 | 3 | 0 | 4 | 3 | 2 | 3 | 1 | 3 | 1 | 0 | 1 | 1 | 3 | 2 | 7 |
154 | Muench, August Albert | UNIVERSITY OF FLORIDA | 2002 | male | 4 | 3 | 2007 | 5 | 33 | 2015 | 0 | 0 | 0 | 1 | 1 | 2 | 1 | 0 | 0 | 0 | 2 | 0 | 0 | 0 | 0 | 0 | 0 | 0 | 0 | 0 |  0 | 0 | 0 | 2 | 1 | 2 | 3 | 2 | 4 | 5 | 3 | 5 | 5 | 3 | 0 | 0 | 0 | 2 | 1 | 0 |
155 | Skordis, Constantinos | UNIVERSITY OF CALIFORNIA, DAVIS | 2002 | male | 2 | 7 | 2015 | 7 | 33 | 2016 | 0 | 0 | 0 | 0 | 0 | 2 | 0 | 0 | 0 | 2 | 0 | 1 | 2 | 0 | 0 | 1 | 0 | 0 | 1 | 0 |  0 | 0 | 0 | 1 | 1 | 5 | 1 | 2 | 2 | 2 | 1 | 2 | 5 | 2 | 1 | 3 | 4 | 3 | 3 | 2 |
156 | Spitkovsky, Anatoly | UNIVERSITY OF CALIFORNIA, BERKELEY | 2002 | male | 2 | 5 | 2011 | 2 | 64 | 2017 | 0 | 0 | 0 | 0 | 0 | 2 | 0 | 1 | 0 | 1 | 0 | 2 | 0 | 0 | 1 | 0 | 0 | 0 | 0 | 0 |  0 | 0 | 0 | 0 | 0 | 2 | 0 | 3 | 3 | 3 | 0 | 5 | 7 | 4 | 7 | 8 | 5 | 6 | 9 | 3 |
157 | Sideris, Ioannis V. | UNIVERSITY OF FLORIDA | 2002 | male | 2 | 4 | 2009 | 6 | 10 | 2009 | 0 | 0 | 0 | 0 | 0 | 2 | 0 | 2 | 1 | 0 | 0 | 0 | 1 | 0 | 0 | 0 | 0 | 0 | 0 | 0 |  0 | 0 | 0 | 1 | 1 | 4 | 3 | 3 | 2 | 0 | 0 | 1 | 1 | 0 | 0 | 0 | 0 | 0 | 0 | 0 |
158 | Hugenberger, Scott Grant | UNIVERSITY OF CALIFORNIA, IRVINE | 2002 | male | 1 | 0 | 2002 | 8 | 2 | 2003 | 0 | 0 | 0 | 0 | 0 | 1 | 0 | 0 | 0 | 0 | 0 | 0 | 0 | 0 | 0 | 0 | 0 | 0 | 0 | 0 |  3 | 0 | 1 | 2 | 1 | 1 | 2 | 0 | 0 | 0 | 0 | 0 | 0 | 0 | 0 | 0 | 0 | 0 | 0 | 0 |
159 | Kim, Woong-Tae | UNIVERSITY OF MARYLAND COLLEGE PARK | 2002 | male | 8 | 32 | 2017 | 12 | 84 | 2017 | 0 | 1 | 2 | 1 | 1 | 3 | 4 | 1 | 1 | 2 | 4 | 2 | 1 | 2 | 1 | 4 | 2 | 4 | 1 | 2 |  0 | 2 | 3 | 2 | 1 | 4 | 4 | 2 | 2 | 3 | 15 | 4 | 2 | 4 | 2 | 4 | 6 | 9 | 6 | 10 |
160 | Miller, Jon Matthew | MASSACHUSETTS INSTITUTE OF TECHNOLOGY | 2002 | male | 9 | 43 | 2017 | 29 | 471 | 2017 | 0 | 1 | 0 | 0 | 2 | 6 | 3 | 5 | 3 | 5 | 1 | 4 | 3 | 2 | 2 | 2 | 3 | 2 | 4 | 3 |  1 | 3 | 0 | 0 | 8 | 17 | 14 | 14 | 17 | 12 | 8 | 22 | 34 | 34 | 37 | 45 | 56 | 56 | 44 | 57 |
161 | Poon, Ming Yan | RUTGERS THE STATE UNIVERSITY OF NEW JERSEY - NEW BRUNSWICK | 2002 | male | 3 | 1 | 2004 | 3 | 2 | 2004 | 0 | 0 | 0 | 0 | 1 | 2 | 0 | 1 | 0 | 0 | 0 | 0 | 0 | 0 | 0 | 0 | 0 | 0 | 0 | 0 |  0 | 0 | 0 | 0 | 1 | 2 | 0 | 2 | 0 | 0 | 0 | 0 | 0 | 0 | 0 | 0 | 0 | 0 | 0 | 0 |
162 | Romano, Patrizia | THE OHIO STATE UNIVERSITY | 2002 | female | 4 | 38 | 2017 | 13 | 231 | 2017 | 0 | 1 | 0 | 0 | 0 | 3 | 2 | 1 | 1 | 3 | 3 | 2 | 5 | 3 | 4 | 2 | 2 | 5 | 3 | 1 |  0 | 2 | 0 | 1 | 4 | 6 | 5 | 3 | 11 | 33 | 30 | 16 | 18 | 25 | 19 | 8 | 16 | 16 | 11 | 15 |
163 | Crumley, James Patrick | UNIVERSITY OF MINNESOTA | 2002 | male | 2 | 0 | 2002 | 5 | 0 | 2002 | 0 | 0 | 0 | 0 | 1 | 1 | 0 | 0 | 0 | 0 | 0 | 0 | 0 | 0 | 0 | 0 | 0 | 0 | 0 | 0 |  0 | 0 | 0 | 0 | 3 | 2 | 0 | 0 | 0 | 0 | 0 | 0 | 0 | 0 | 0 | 0 | 0 | 0 | 0 | 0 |
164 | Wright, Candace Oaxaca | BOSTON UNIVERSITY | 2002 | female | 2 | 5 | 2008 | 5 | 5 | 2008 | 0 | 0 | 0 | 1 | 0 | 1 | 1 | 1 | 0 | 0 | 2 | 1 | 0 | 0 | 0 | 0 | 0 | 0 | 0 | 0 |  0 | 0 | 0 | 1 | 2 | 2 | 1 | 1 | 0 | 0 | 2 | 1 | 0 | 0 | 0 | 0 | 0 | 0 | 0 | 0 |
165 | Yu, Qingjuan | PRINCETON UNIVERSITY | 2002 | None | 9 | 14 | 2016 | 14 | 32 | 2016 | 0 | 0 | 1 | 1 | 4 | 3 | 3 | 3 | 3 | 0 | 2 | 1 | 0 | 0 | 1 | 0 | 0 | 0 | 0 | 1 |  0 | 0 | 2 | 3 | 6 | 3 | 3 | 3 | 3 | 0 | 3 | 1 | 0 | 2 | 2 | 2 | 2 | 6 | 3 | 2 |
166 | Daghigh, Ramin Ghasemzadeh | UNIVERSITY OF MINNESOTA | 2002 | male | 2 | 15 | 2015 | 3 | 16 | 2015 | 0 | 0 | 0 | 0 | 0 | 2 | 3 | 0 | 1 | 3 | 2 | 1 | 2 | 0 | 1 | 1 | 0 | 0 | 1 | 0 |  0 | 0 | 0 | 0 | 0 | 3 | 3 | 0 | 1 | 3 | 2 | 1 | 2 | 0 | 2 | 1 | 0 | 0 | 1 | 0 |
167 | Emery, Joshua Patrick | THE UNIVERSITY OF ARIZONA | 2002 | male | 2 | 8 | 2015 | 5 | 77 | 2017 | 0 | 1 | 0 | 0 | 0 | 1 | 1 | 1 | 1 | 1 | 1 | 0 | 0 | 0 | 1 | 0 | 0 | 1 | 1 | 0 |  1 | 1 | 0 | 1 | 0 | 2 | 1 | 2 | 4 | 4 | 3 | 2 | 4 | 6 | 12 | 2 | 5 | 7 | 16 | 5 |
168 | Farese, Philip Carmine | UNIVERSITY OF CALIFORNIA, SANTA BARBARA | 2002 | male | 1 | 2 | 2004 | 11 | 6 | 2008 | 0 | 0 | 0 | 0 | 0 | 1 | 1 | 1 | 0 | 0 | 0 | 0 | 0 | 0 | 0 | 0 | 0 | 0 | 0 | 0 |  0 | 0 | 1 | 3 | 2 | 5 | 2 | 1 | 2 | 0 | 0 | 1 | 0 | 0 | 0 | 0 | 0 | 0 | 0 | 0 |
169 | Zlochower, Yosef Eliyahu | UNIVERSITY OF PITTSBURGH | 2002 | male | 1 | 6 | 2016 | 3 | 65 | 2017 | 0 | 0 | 0 | 0 | 0 | 1 | 1 | 0 | 1 | 0 | 0 | 0 | 0 | 0 | 1 | 1 | 0 | 0 | 1 | 1 |  0 | 0 | 0 | 0 | 1 | 2 | 1 | 0 | 2 | 4 | 6 | 5 | 5 | 7 | 10 | 5 | 4 | 5 | 3 | 7 |
170 | Gallagher, Sarah Connoran | THE PENNSYLVANIA STATE UNIVERSITY | 2002 | female | 6 | 11 | 2015 | 12 | 82 | 2016 | 0 | 0 | 1 | 0 | 2 | 3 | 0 | 3 | 2 | 1 | 2 | 1 | 0 | 1 | 0 | 0 | 0 | 0 | 1 | 0 |  0 | 0 | 2 | 1 | 4 | 5 | 4 | 4 | 3 | 7 | 8 | 4 | 2 | 6 | 6 | 6 | 7 | 7 | 6 | 12 |
171 | Jamkhedkar, Priya Prabhakar | THE UNIVERSITY OF ARIZONA | 2002 | female | 3 | 2 | 2005 | 5 | 3 | 2006 | 0 | 0 | 0 | 1 | 1 | 1 | 1 | 0 | 1 | 0 | 0 | 0 | 0 | 0 | 0 | 0 | 0 | 0 | 0 | 0 |  0 | 0 | 0 | 1 | 2 | 2 | 1 | 0 | 1 | 1 | 0 | 0 | 0 | 0 | 0 | 0 | 0 | 0 | 0 | 0 |
172 | Saab, Tarek | STANFORD UNIVERSITY | 2002 | male | 2 | 2 | 2008 | 11 | 28 | 2017 | 0 | 0 | 0 | 0 | 0 | 2 | 0 | 0 | 0 | 0 | 0 | 2 | 0 | 0 | 0 | 0 | 0 | 0 | 0 | 0 |  0 | 0 | 0 | 4 | 0 | 7 | 2 | 2 | 1 | 1 | 1 | 3 | 2 | 3 | 3 | 0 | 3 | 2 | 4 | 0 |
173 | Thompson, Todd Alan | THE UNIVERSITY OF ARIZONA | 2002 | male | 4 | 18 | 2016 | 5 | 103 | 2017 | 0 | 0 | 0 | 1 | 2 | 1 | 2 | 1 | 3 | 1 | 2 | 1 | 2 | 1 | 1 | 0 | 1 | 0 | 1 | 2 |  0 | 0 | 0 | 2 | 2 | 1 | 3 | 4 | 4 | 4 | 8 | 6 | 6 | 7 | 7 | 9 | 14 | 10 | 7 | 8 |
174 | Wanex, Lucas Freor | UNIVERSITY OF NEVADA, RENO | 2002 | male | 1 | 2 | 2007 | 1 | 4 | 2009 | 0 | 0 | 0 | 0 | 0 | 1 | 0 | 0 | 1 | 0 | 1 | 0 | 0 | 0 | 0 | 0 | 0 | 0 | 0 | 0 |  0 | 0 | 0 | 0 | 0 | 1 | 0 | 0 | 1 | 0 | 2 | 0 | 1 | 0 | 0 | 0 | 0 | 0 | 0 | 0 |
175 | Webster, Zodiac Tracy | UNIVERSITY OF CALIFORNIA, BERKELEY | 2002 | male | 1 | 1 | 2003 | 3 | 1 | 2003 | 0 | 0 | 0 | 0 | 0 | 1 | 1 | 0 | 0 | 0 | 0 | 0 | 0 | 0 | 0 | 0 | 0 | 0 | 0 | 0 |  0 | 1 | 0 | 0 | 0 | 2 | 1 | 0 | 0 | 0 | 0 | 0 | 0 | 0 | 0 | 0 | 0 | 0 | 0 | 0 |
176 | An, Jin Hyeok | THE OHIO STATE UNIVERSITY | 2002 | male | 4 | 19 | 2017 | 14 | 44 | 2017 | 0 | 0 | 0 | 0 | 1 | 3 | 1 | 2 | 2 | 3 | 1 | 0 | 1 | 0 | 3 | 2 | 2 | 0 | 0 | 1 |  1 | 0 | 0 | 1 | 6 | 6 | 3 | 3 | 8 | 5 | 1 | 1 | 4 | 2 | 5 | 3 | 2 | 2 | 1 | 3 |
177 | Bekhor, Steven Haskell | UNIVERSITY OF MICHIGAN | 2002 | male | 1 | 1 | 2003 | 1 | 1 | 2003 | 0 | 0 | 0 | 0 | 0 | 1 | 1 | 0 | 0 | 0 | 0 | 0 | 0 | 0 | 0 | 0 | 0 | 0 | 0 | 0 |  0 | 0 | 0 | 0 | 0 | 1 | 1 | 0 | 0 | 0 | 0 | 0 | 0 | 0 | 0 | 0 | 0 | 0 | 0 | 0 |
178 | Chuss, David Thomas | NORTHWESTERN UNIVERSITY | 2002 | male | 1 | 7 | 2016 | 2 | 26 | 2016 | 0 | 0 | 0 | 0 | 0 | 1 | 1 | 0 | 0 | 0 | 0 | 1 | 0 | 0 | 0 | 3 | 0 | 1 | 0 | 1 |  0 | 1 | 0 | 0 | 0 | 1 | 2 | 1 | 0 | 4 | 0 | 4 | 0 | 0 | 2 | 3 | 2 | 3 | 1 | 4 |
179 | Fromerth, Michael John | THE UNIVERSITY OF ARIZONA | 2002 | male | 4 | 0 | 2002 | 5 | 1 | 2003 | 0 | 0 | 0 | 1 | 2 | 1 | 0 | 0 | 0 | 0 | 0 | 0 | 0 | 0 | 0 | 0 | 0 | 0 | 0 | 0 |  0 | 0 | 0 | 1 | 2 | 2 | 1 | 0 | 0 | 0 | 0 | 0 | 0 | 0 | 0 | 0 | 0 | 0 | 0 | 0 |
180 | Jarvis, Robert Michael | UNIVERSITY OF MICHIGAN | 2002 | male | 2 | 0 | 2002 | 2 | 0 | 2002 | 0 | 1 | 0 | 0 | 0 | 1 | 0 | 0 | 0 | 0 | 0 | 0 | 0 | 0 | 0 | 0 | 0 | 0 | 0 | 0 |  0 | 1 | 0 | 0 | 0 | 1 | 0 | 0 | 0 | 0 | 0 | 0 | 0 | 0 | 0 | 0 | 0 | 0 | 0 | 0 |
181 | Gelino, Christopher Ryan | NEW MEXICO STATE UNIVERSITY | 2002 | male | 3 | 5 | 2014 | 6 | 59 | 2016 | 0 | 0 | 1 | 0 | 0 | 2 | 0 | 0 | 0 | 1 | 0 | 0 | 0 | 2 | 1 | 0 | 0 | 1 | 0 | 0 |  0 | 1 | 2 | 0 | 1 | 2 | 0 | 0 | 0 | 2 | 1 | 4 | 1 | 5 | 7 | 4 | 9 | 11 | 6 | 9 |
182 | Ganguly, Rajib | THE PENNSYLVANIA STATE UNIVERSITY | 2002 | male | 6 | 8 | 2013 | 6 | 21 | 2013 | 0 | 1 | 1 | 0 | 3 | 1 | 1 | 0 | 1 | 1 | 2 | 2 | 0 | 0 | 0 | 0 | 1 | 0 | 0 | 0 |  0 | 1 | 1 | 0 | 3 | 1 | 2 | 1 | 2 | 2 | 3 | 2 | 1 | 1 | 2 | 0 | 5 | 0 | 0 | 0 |
183 | Garrison, David | THE PENNSYLVANIA STATE UNIVERSITY | 2002 | male | 1 | 2 | 2013 | 7 | 19 | 2017 | 0 | 0 | 0 | 0 | 0 | 1 | 0 | 0 | 0 | 0 | 1 | 0 | 0 | 0 | 0 | 0 | 1 | 0 | 0 | 0 |  2 | 1 | 1 | 2 | 0 | 1 | 3 | 2 | 1 | 2 | 1 | 2 | 2 | 1 | 2 | 1 | 1 | 0 | 0 | 0 |
184 | Johnson, Michael Thomas | UNIVERSITY OF MINNESOTA | 2002 | male | 2 | 3 | 2009 | 18 | 15 | 2016 | 0 | 0 | 0 | 0 | 1 | 1 | 2 | 0 | 0 | 0 | 0 | 0 | 1 | 0 | 0 | 0 | 0 | 0 | 0 | 0 |  3 | 6 | 1 | 0 | 5 | 3 | 4 | 1 | 0 | 0 | 0 | 0 | 4 | 0 | 0 | 1 | 2 | 0 | 1 | 2 |
185 | Kaghashvili, Edisher Kh. | UNIVERSITY OF NEW HAMPSHIRE | 2002 | male | 4 | 6 | 2013 | 4 | 10 | 2013 | 0 | 0 | 2 | 1 | 0 | 1 | 1 | 1 | 0 | 1 | 0 | 0 | 1 | 0 | 0 | 1 | 1 | 0 | 0 | 0 |  0 | 0 | 2 | 1 | 0 | 1 | 1 | 1 | 0 | 2 | 1 | 0 | 1 | 0 | 0 | 2 | 2 | 0 | 0 | 0 |
186 | Nykyri, Katariina | UNIVERSITY OF ALASKA FAIRBANKS | 2002 | female | 2 | 9 | 2016 | 2 | 27 | 2016 | 0 | 0 | 0 | 0 | 1 | 1 | 1 | 2 | 0 | 0 | 0 | 0 | 0 | 0 | 2 | 1 | 2 | 0 | 0 | 1 |  0 | 0 | 0 | 0 | 1 | 1 | 1 | 3 | 2 | 0 | 0 | 1 | 0 | 0 | 4 | 1 | 5 | 2 | 4 | 4 |
187 | Pan, Kaike | THE UNIVERSITY OF TOLEDO | 2002 | male | 5 | 2 | 2005 | 6 | 143 | 2017 | 2 | 1 | 0 | 0 | 1 | 1 | 0 | 1 | 1 | 0 | 0 | 0 | 0 | 0 | 0 | 0 | 0 | 0 | 0 | 0 |  2 | 1 | 0 | 0 | 2 | 1 | 1 | 1 | 1 | 2 | 3 | 9 | 8 | 5 | 5 | 22 | 22 | 10 | 17 | 22 |
188 | Ramos, Christopher | PURDUE UNIVERSITY | 2002 | male | 1 | 2 | 2012 | 1 | 2 | 2012 | 0 | 0 | 0 | 0 | 0 | 1 | 1 | 0 | 0 | 0 | 0 | 0 | 0 | 0 | 0 | 1 | 0 | 0 | 0 | 0 |  0 | 0 | 0 | 0 | 0 | 1 | 1 | 0 | 0 | 0 | 0 | 0 | 0 | 0 | 0 | 1 | 0 | 0 | 0 | 0 |
189 | Hearn, Nathan Charles | UNIVERSITY OF ILLINOIS AT URBANA-CHAMPAIGN | 2002 | male | 2 | 1 | 2007 | 3 | 11 | 2012 | 0 | 0 | 0 | 0 | 1 | 1 | 0 | 0 | 0 | 0 | 1 | 0 | 0 | 0 | 0 | 0 | 0 | 0 | 0 | 0 |  0 | 1 | 0 | 0 | 1 | 1 | 2 | 0 | 0 | 0 | 2 | 0 | 3 | 3 | 0 | 1 | 0 | 0 | 0 | 0 |
190 | Kalemci, Emrah | UNIVERSITY OF CALIFORNIA, SAN DIEGO | 2002 | male | 3 | 10 | 2016 | 4 | 39 | 2016 | 0 | 0 | 0 | 0 | 1 | 2 | 1 | 1 | 1 | 3 | 1 | 0 | 0 | 0 | 0 | 0 | 1 | 1 | 0 | 1 |  0 | 0 | 0 | 0 | 2 | 2 | 3 | 3 | 1 | 6 | 3 | 2 | 5 | 0 | 0 | 5 | 3 | 3 | 2 | 3 |
191 | Salim, Samir | THE OHIO STATE UNIVERSITY | 2002 | male | 5 | 13 | 2016 | 10 | 69 | 2016 | 0 | 0 | 1 | 1 | 0 | 3 | 2 | 1 | 1 | 0 | 1 | 0 | 1 | 1 | 0 | 2 | 0 | 2 | 1 | 1 |  0 | 0 | 2 | 1 | 3 | 4 | 4 | 3 | 8 | 3 | 16 | 1 | 4 | 4 | 5 | 9 | 3 | 3 | 3 | 3 |
192 | Johnson, Natasha Mia | WASHINGTON UNIVERSITY | 2002 | female | 3 | 3 | 2012 | 5 | 18 | 2016 | 0 | 0 | 0 | 1 | 0 | 2 | 2 | 0 | 0 | 0 | 0 | 0 | 0 | 0 | 0 | 1 | 0 | 0 | 0 | 0 |  0 | 0 | 2 | 1 | 0 | 2 | 2 | 0 | 1 | 3 | 1 | 1 | 0 | 1 | 0 | 3 | 1 | 1 | 1 | 3 |
193 | Pilling, Terry Glenn | NORTH DAKOTA STATE UNIVERSITY | 2002 | male | 1 | 2 | 2008 | 1 | 6 | 2010 | 0 | 0 | 0 | 0 | 0 | 1 | 0 | 1 | 0 | 0 | 0 | 1 | 0 | 0 | 0 | 0 | 0 | 0 | 0 | 0 |  0 | 0 | 0 | 0 | 0 | 1 | 0 | 1 | 0 | 0 | 1 | 2 | 1 | 1 | 0 | 0 | 0 | 0 | 0 | 0 |
194 | Rivera, Eugenio Jose | STATE UNIVERSITY OF NEW YORK AT STONY BROOK | 2002 | male | 3 | 4 | 2010 | 6 | 28 | 2017 | 0 | 0 | 0 | 1 | 1 | 1 | 0 | 0 | 1 | 0 | 1 | 0 | 0 | 2 | 0 | 0 | 0 | 0 | 0 | 0 |  0 | 0 | 0 | 1 | 4 | 1 | 0 | 0 | 1 | 1 | 1 | 1 | 4 | 6 | 1 | 5 | 1 | 4 | 1 | 0 |
195 | Kempner, Joshua Cal | UNIVERSITY OF VIRGINIA | 2002 | male | 5 | 3 | 2004 | 8 | 10 | 2011 | 0 | 0 | 1 | 1 | 1 | 2 | 1 | 2 | 0 | 0 | 0 | 0 | 0 | 0 | 0 | 0 | 0 | 0 | 0 | 0 |  0 | 0 | 1 | 3 | 1 | 3 | 1 | 4 | 2 | 1 | 0 | 1 | 0 | 0 | 1 | 0 | 0 | 0 | 0 | 0 |
196 | Morgan, Nicholas D. | MASSACHUSETTS INSTITUTE OF TECHNOLOGY | 2002 | male | 8 | 9 | 2010 | 14 | 23 | 2017 | 2 | 0 | 2 | 1 | 2 | 1 | 2 | 1 | 1 | 1 | 1 | 2 | 0 | 1 | 0 | 0 | 0 | 0 | 0 | 0 |  2 | 0 | 3 | 2 | 3 | 4 | 2 | 2 | 1 | 3 | 6 | 3 | 1 | 3 | 1 | 0 | 0 | 0 | 0 | 0 |
197 | Hoffman, Jennifer Lyn | University of Wisconsin 475 N. Charter St. Madison, WI, 53706, USA | 2002 | female | 2 | 4 | 2011 | 3 | 33 | 2017 | 0 | 1 | 0 | 0 | 0 | 1 | 1 | 0 | 1 | 0 | 0 | 1 | 0 | 0 | 1 | 0 | 0 | 0 | 0 | 0 |  0 | 1 | 0 | 0 | 0 | 2 | 2 | 0 | 1 | 3 | 1 | 4 | 1 | 0 | 3 | 1 | 0 | 6 | 8 | 2 |
198 | Qin, Gang | UNIVERSITY OF DELAWARE | 2002 | male | 3 | 18 | 2016 | 3 | 46 | 2017 | 0 | 0 | 0 | 0 | 0 | 3 | 0 | 1 | 1 | 2 | 1 | 2 | 2 | 0 | 1 | 2 | 2 | 2 | 1 | 1 |  0 | 0 | 0 | 0 | 0 | 3 | 1 | 3 | 1 | 2 | 2 | 2 | 3 | 1 | 4 | 7 | 5 | 4 | 5 | 5 |
199 | Cartledge, S. I. B. | NORTHWESTERN UNIVERSITY | 2002 | None | 1 | 0 | 2002 | 1 | 0 | 2002 | 0 | 0 | 0 | 0 | 0 | 1 | 0 | 0 | 0 | 0 | 0 | 0 | 0 | 0 | 0 | 0 | 0 | 0 | 0 | 0 |  0 | 0 | 0 | 0 | 0 | 1 | 0 | 0 | 0 | 0 | 0 | 0 | 0 | 0 | 0 | 0 | 0 | 0 | 0 | 0 |
200 | Gim, Dong Woo | TEXAS A&M UNIVERSITY | 2002 | male | 1 | 1 | 2005 | 1 | 1 | 2005 | 0 | 0 | 0 | 0 | 0 | 1 | 0 | 0 | 1 | 0 | 0 | 0 | 0 | 0 | 0 | 0 | 0 | 0 | 0 | 0 |  0 | 0 | 0 | 0 | 0 | 1 | 0 | 0 | 1 | 0 | 0 | 0 | 0 | 0 | 0 | 0 | 0 | 0 | 0 | 0 |
201 | Stewart-Mukhopadhyay, Sarah Toby | CALIFORNIA INSTITUTE OF TECHNOLOGY | 2002 | female | 1 | 0 | 2002 | 1 | 1 | 2010 | 0 | 0 | 0 | 0 | 0 | 1 | 0 | 0 | 0 | 0 | 0 | 0 | 0 | 0 | 0 | 0 | 0 | 0 | 0 | 0 |  0 | 0 | 0 | 0 | 0 | 1 | 0 | 0 | 0 | 0 | 0 | 0 | 0 | 1 | 0 | 0 | 0 | 0 | 0 | 0 |
202 | Swift, Carrie M. | UNIVERSITY OF MICHIGAN | 2002 | female | 1 | 0 | 2002 | 1 | 1 | 2016 | 0 | 0 | 0 | 0 | 0 | 1 | 0 | 0 | 0 | 0 | 0 | 0 | 0 | 0 | 0 | 0 | 0 | 0 | 0 | 0 |  0 | 0 | 0 | 0 | 0 | 1 | 0 | 0 | 0 | 0 | 0 | 0 | 0 | 0 | 0 | 0 | 0 | 0 | 0 | 1 |
203 | Sudarsky, David L. | THE UNIVERSITY OF ARIZONA | 2002 | male | 4 | 2 | 2005 | 9 | 17 | 2013 | 1 | 1 | 0 | 1 | 0 | 1 | 1 | 0 | 1 | 0 | 0 | 0 | 0 | 0 | 0 | 0 | 0 | 0 | 0 | 0 |  2 | 1 | 0 | 3 | 1 | 2 | 7 | 2 | 3 | 2 | 1 | 0 | 0 | 0 | 0 | 1 | 1 | 0 | 0 | 0 |
204 | Sylvestre, Julien | MASSACHUSETTS INSTITUTE OF TECHNOLOGY | 2002 | male | 3 | 6 | 2004 | 3 | 25 | 2009 | 0 | 0 | 0 | 0 | 1 | 2 | 4 | 2 | 0 | 0 | 0 | 0 | 0 | 0 | 0 | 0 | 0 | 0 | 0 | 0 |  0 | 0 | 0 | 0 | 1 | 2 | 5 | 8 | 7 | 2 | 1 | 1 | 1 | 0 | 0 | 0 | 0 | 0 | 0 | 0 |
205 | Miller, Scott Timothy | UNIVERSITY OF MARYLAND COLLEGE PARK | 2002 | male | 5 | 8 | 2014 | 20 | 43 | 2016 | 1 | 2 | 0 | 1 | 0 | 1 | 2 | 0 | 0 | 0 | 0 | 0 | 1 | 2 | 1 | 0 | 1 | 1 | 0 | 0 |  5 | 4 | 4 | 3 | 2 | 2 | 4 | 3 | 3 | 0 | 4 | 4 | 4 | 2 | 6 | 4 | 4 | 3 | 0 | 2 |
206 | Kjornrattanawanich, Benjawan | UNIVERSITY OF CALIFORNIA, DAVIS | 2002 | female | 1 | 1 | 2006 | 1 | 4 | 2008 | 0 | 0 | 0 | 0 | 0 | 1 | 0 | 0 | 0 | 1 | 0 | 0 | 0 | 0 | 0 | 0 | 0 | 0 | 0 | 0 |  0 | 0 | 0 | 0 | 0 | 1 | 0 | 1 | 1 | 1 | 0 | 1 | 0 | 0 | 0 | 0 | 0 | 0 | 0 | 0 |
207 | Sheins, Andrew Ives | UNIVERSITY OF CALIFORNIA, SANTA CRUZ | 2002 | male | 1 | 0 | 2002 | 1 | 0 | 2002 | 0 | 0 | 0 | 0 | 0 | 1 | 0 | 0 | 0 | 0 | 0 | 0 | 0 | 0 | 0 | 0 | 0 | 0 | 0 | 0 |  0 | 0 | 0 | 0 | 0 | 1 | 0 | 0 | 0 | 0 | 0 | 0 | 0 | 0 | 0 | 0 | 0 | 0 | 0 | 0 |
208 | Scranton, Ryan Eugene | THE UNIVERSITY OF CHICAGO | 2002 | male | 3 | 2 | 2005 | 10 | 52 | 2016 | 0 | 0 | 0 | 0 | 0 | 3 | 1 | 0 | 1 | 0 | 0 | 0 | 0 | 0 | 0 | 0 | 0 | 0 | 0 | 0 |  0 | 0 | 1 | 0 | 1 | 8 | 6 | 9 | 4 | 9 | 2 | 4 | 5 | 3 | 4 | 1 | 1 | 0 | 2 | 2 |
209 | Gustafsson, Magnus Sven | THE UNIVERSITY OF TEXAS AT AUSTIN | 2002 | male | 2 | 9 | 2015 | 2 | 61 | 2017 | 0 | 0 | 0 | 0 | 1 | 1 | 2 | 0 | 0 | 3 | 0 | 1 | 0 | 2 | 0 | 0 | 0 | 0 | 1 | 0 |  0 | 0 | 0 | 0 | 1 | 1 | 3 | 1 | 0 | 3 | 3 | 2 | 0 | 12 | 4 | 14 | 2 | 4 | 8 | 4 |
210 | Steiner, Andrew William | STATE UNIVERSITY OF NEW YORK AT STONY BROOK | 2002 | male | 4 | 15 | 2016 | 7 | 40 | 2017 | 0 | 0 | 0 | 1 | 1 | 2 | 0 | 0 | 3 | 1 | 0 | 1 | 2 | 1 | 0 | 2 | 2 | 0 | 2 | 1 |  0 | 0 | 0 | 2 | 3 | 2 | 1 | 1 | 3 | 5 | 0 | 3 | 5 | 1 | 1 | 3 | 2 | 5 | 5 | 4 |
211 | Cummings, Lowell Alden | NEW MEXICO STATE UNIVERSITY | 2002 | male | 1 | 1 | 2012 | 1 | 1 | 2012 | 0 | 0 | 0 | 0 | 0 | 1 | 0 | 0 | 0 | 0 | 0 | 0 | 0 | 0 | 0 | 1 | 0 | 0 | 0 | 0 |  0 | 0 | 0 | 0 | 0 | 1 | 0 | 0 | 0 | 0 | 0 | 0 | 0 | 0 | 0 | 1 | 0 | 0 | 0 | 0 |
212 | Braje, Timothy Matthew | STANFORD UNIVERSITY | 2002 | male | 5 | 0 | 2002 | 6 | 0 | 2002 | 0 | 0 | 0 | 1 | 1 | 3 | 0 | 0 | 0 | 0 | 0 | 0 | 0 | 0 | 0 | 0 | 0 | 0 | 0 | 0 |  0 | 0 | 0 | 1 | 1 | 4 | 0 | 0 | 0 | 0 | 0 | 0 | 0 | 0 | 0 | 0 | 0 | 0 | 0 | 0 |
213 | Gross, Robert Jason | FLORIDA ATLANTIC UNIVERSITY | 2002 | male | 1 | 0 | 2002 | 3 | 0 | 2002 | 0 | 0 | 0 | 0 | 0 | 1 | 0 | 0 | 0 | 0 | 0 | 0 | 0 | 0 | 0 | 0 | 0 | 0 | 0 | 0 |  0 | 1 | 1 | 0 | 0 | 1 | 0 | 0 | 0 | 0 | 0 | 0 | 0 | 0 | 0 | 0 | 0 | 0 | 0 | 0 |
214 | Mendez, Bryan Jeffrey | UNIVERSITY OF CALIFORNIA, BERKELEY | 2002 | male | 1 | 0 | 2002 | 1 | 2 | 2010 | 0 | 0 | 0 | 0 | 0 | 1 | 0 | 0 | 0 | 0 | 0 | 0 | 0 | 0 | 0 | 0 | 0 | 0 | 0 | 0 |  0 | 0 | 0 | 0 | 0 | 1 | 0 | 0 | 0 | 0 | 0 | 1 | 0 | 1 | 0 | 0 | 0 | 0 | 0 | 0 |
215 | Mohanty, Subhanjoy | UNIVERSITY OF CALIFORNIA, BERKELEY | 2002 | None | 8 | 18 | 2013 | 14 | 154 | 2016 | 0 | 3 | 0 | 1 | 1 | 3 | 2 | 5 | 2 | 1 | 1 | 1 | 2 | 1 | 0 | 1 | 2 | 0 | 0 | 0 |  0 | 3 | 0 | 3 | 1 | 7 | 7 | 15 | 14 | 6 | 16 | 21 | 17 | 12 | 9 | 18 | 4 | 2 | 8 | 5 |
216 | Orta Ortiz de Zarate, Jose Alejandro | UNIVERSITY OF MIAMI | 2002 | male | 1 | 0 | 2002 | 1 | 0 | 2002 | 0 | 0 | 0 | 0 | 0 | 1 | 0 | 0 | 0 | 0 | 0 | 0 | 0 | 0 | 0 | 0 | 0 | 0 | 0 | 0 |  0 | 0 | 0 | 0 | 0 | 1 | 0 | 0 | 0 | 0 | 0 | 0 | 0 | 0 | 0 | 0 | 0 | 0 | 0 | 0 |
217 | Cai, Michael Jun | UNIVERSITY OF CALIFORNIA, BERKELEY | 2002 | male | 1 | 1 | 2010 | 1 | 4 | 2012 | 0 | 0 | 0 | 0 | 0 | 1 | 0 | 0 | 0 | 0 | 0 | 0 | 0 | 1 | 0 | 0 | 0 | 0 | 0 | 0 |  0 | 0 | 0 | 0 | 0 | 1 | 0 | 0 | 0 | 0 | 0 | 0 | 1 | 1 | 1 | 1 | 0 | 0 | 0 | 0 |
218 | Dalal, Neal | UNIVERSITY OF CALIFORNIA, SAN DIEGO | 2002 | male | 8 | 8 | 2010 | 16 | 40 | 2017 | 0 | 1 | 0 | 1 | 3 | 3 | 2 | 1 | 1 | 1 | 0 | 2 | 0 | 1 | 0 | 0 | 0 | 0 | 0 | 0 |  0 | 1 | 2 | 3 | 6 | 4 | 2 | 3 | 3 | 1 | 3 | 3 | 1 | 2 | 6 | 1 | 1 | 2 | 4 | 7 |
219 | Harvin, James Allen | Center for High Angular Resolution Astronomy, Department of Physics and Astronomy, Georgia State University | 2002 | male | 2 | 1 | 2004 | 4 | 6 | 2007 | 0 | 0 | 0 | 0 | 0 | 2 | 0 | 1 | 0 | 0 | 0 | 0 | 0 | 0 | 0 | 0 | 0 | 0 | 0 | 0 |  0 | 0 | 0 | 0 | 2 | 2 | 1 | 1 | 1 | 2 | 1 | 0 | 0 | 0 | 0 | 0 | 0 | 0 | 0 | 0 |
220 | Kerr, Andrew William | UNIVERSITY OF MISSOURI - COLUMBIA | 2002 | male | 1 | 1 | 2003 | 1 | 1 | 2003 | 0 | 0 | 0 | 0 | 0 | 1 | 1 | 0 | 0 | 0 | 0 | 0 | 0 | 0 | 0 | 0 | 0 | 0 | 0 | 0 |  0 | 0 | 0 | 0 | 0 | 1 | 1 | 0 | 0 | 0 | 0 | 0 | 0 | 0 | 0 | 0 | 0 | 0 | 0 | 0 |
221 | Rest, Armin | UNIVERSITY OF WASHINGTON | 2002 | male | 2 | 11 | 2014 | 7 | 142 | 2017 | 0 | 0 | 0 | 0 | 1 | 1 | 0 | 0 | 2 | 0 | 0 | 2 | 0 | 0 | 3 | 3 | 0 | 1 | 0 | 0 |  0 | 0 | 0 | 1 | 3 | 3 | 2 | 1 | 4 | 5 | 6 | 8 | 6 | 10 | 12 | 13 | 16 | 17 | 19 | 18 |
222 | Koehn, Patrick Leo | UNIVERSITY OF MICHIGAN | 2002 | male | 2 | 1 | 2007 | 2 | 9 | 2008 | 0 | 0 | 0 | 0 | 0 | 2 | 0 | 0 | 0 | 0 | 1 | 0 | 0 | 0 | 0 | 0 | 0 | 0 | 0 | 0 |  0 | 0 | 0 | 0 | 0 | 2 | 0 | 2 | 0 | 1 | 4 | 2 | 0 | 0 | 0 | 0 | 0 | 0 | 0 | 0 |
223 | Liu, Siming | THE UNIVERSITY OF ARIZONA | 2002 | male | 8 | 42 | 2017 | 27 | 162 | 2017 | 0 | 0 | 1 | 1 | 2 | 4 | 2 | 3 | 2 | 6 | 2 | 2 | 1 | 1 | 4 | 7 | 3 | 4 | 3 | 1 |  7 | 0 | 4 | 3 | 7 | 6 | 6 | 19 | 12 | 11 | 8 | 7 | 7 | 11 | 16 | 17 | 14 | 12 | 12 | 7 |
224 | Gilbert, Andrea Margaret | UNIVERSITY OF CALIFORNIA, BERKELEY | 2002 | female | 2 | 6 | 2017 | 13 | 28 | 2017 | 0 | 0 | 0 | 1 | 0 | 1 | 0 | 0 | 0 | 0 | 1 | 0 | 1 | 1 | 0 | 0 | 1 | 0 | 1 | 0 |  0 | 0 | 0 | 7 | 3 | 3 | 2 | 1 | 1 | 3 | 2 | 1 | 1 | 1 | 0 | 0 | 3 | 3 | 6 | 3 |
225 | Matt, Sean Patrick | UNIVERSITY OF WASHINGTON | 2002 | male | 3 | 15 | 2015 | 5 | 35 | 2017 | 0 | 0 | 0 | 1 | 0 | 2 | 3 | 2 | 2 | 1 | 0 | 2 | 0 | 1 | 1 | 2 | 0 | 0 | 1 | 0 |  0 | 0 | 0 | 2 | 1 | 2 | 3 | 2 | 2 | 1 | 0 | 4 | 2 | 3 | 1 | 5 | 2 | 2 | 5 | 2 |
226 | Ardila, David Ruben | UNIVERSITY OF CALIFORNIA, BERKELEY | 2002 | male | 5 | 8 | 2015 | 7 | 73 | 2017 | 0 | 0 | 0 | 2 | 0 | 3 | 0 | 2 | 2 | 0 | 1 | 0 | 0 | 1 | 0 | 0 | 1 | 0 | 1 | 0 |  0 | 0 | 0 | 2 | 2 | 3 | 7 | 10 | 11 | 5 | 3 | 2 | 2 | 7 | 7 | 2 | 9 | 5 | 2 | 0 |
227 | Patterson, James Douglas | UNIVERSITY OF KANSAS | 2002 | male | 3 | 6 | 2016 | 8 | 29 | 2017 | 1 | 0 | 0 | 0 | 1 | 1 | 1 | 0 | 0 | 1 | 0 | 0 | 0 | 0 | 0 | 1 | 0 | 1 | 1 | 1 |  1 | 1 | 1 | 2 | 2 | 1 | 4 | 2 | 0 | 1 | 3 | 1 | 1 | 0 | 4 | 2 | 1 | 2 | 2 | 4 |
228 | Reil, Kevin Alexander | THE UNIVERSITY OF UTAH | 2002 | male | 1 | 2 | 2008 | 3 | 64 | 2017 | 0 | 0 | 0 | 0 | 0 | 1 | 0 | 0 | 1 | 0 | 0 | 1 | 0 | 0 | 0 | 0 | 0 | 0 | 0 | 0 |  0 | 0 | 1 | 0 | 0 | 2 | 0 | 6 | 4 | 9 | 4 | 9 | 3 | 4 | 0 | 0 | 0 | 0 | 5 | 14 |
229 | Schirato, Richard C. | UNIVERSITY OF CALIFORNIA, SAN DIEGO | 2002 | male | 1 | 0 | 2002 | 1 | 3 | 2010 | 0 | 0 | 0 | 0 | 0 | 1 | 0 | 0 | 0 | 0 | 0 | 0 | 0 | 0 | 0 | 0 | 0 | 0 | 0 | 0 |  0 | 0 | 0 | 0 | 0 | 1 | 0 | 0 | 1 | 0 | 0 | 0 | 1 | 1 | 0 | 0 | 0 | 0 | 0 | 0 |
230 | Wilkins, Scott Jay | UNIVERSITY OF NEVADA, RENO | 2002 | male | 2 | 1 | 2003 | 2 | 10 | 2017 | 0 | 0 | 0 | 0 | 0 | 2 | 1 | 0 | 0 | 0 | 0 | 0 | 0 | 0 | 0 | 0 | 0 | 0 | 0 | 0 |  0 | 0 | 0 | 0 | 0 | 2 | 1 | 1 | 0 | 1 | 0 | 0 | 0 | 0 | 1 | 1 | 2 | 0 | 1 | 1 |
231 | Weinstein, Michael Abraham | THE PENNSYLVANIA STATE UNIVERSITY | 2002 | male | 1 | 1 | 2004 | 4 | 3 | 2004 | 0 | 0 | 0 | 0 | 0 | 1 | 0 | 1 | 0 | 0 | 0 | 0 | 0 | 0 | 0 | 0 | 0 | 0 | 0 | 0 |  0 | 0 | 0 | 0 | 2 | 2 | 1 | 2 | 0 | 0 | 0 | 0 | 0 | 0 | 0 | 0 | 0 | 0 | 0 | 0 |
232 | Smith, Miles Walter Eldon | UNIVERSITY OF WASHINGTON | 2002 | male | 1 | 2 | 2016 | 9 | 159 | 2017 | 0 | 0 | 0 | 0 | 0 | 1 | 0 | 0 | 0 | 0 | 0 | 0 | 0 | 0 | 0 | 0 | 1 | 0 | 0 | 1 |  0 | 1 | 3 | 2 | 0 | 3 | 2 | 11 | 11 | 5 | 5 | 7 | 4 | 3 | 9 | 7 | 24 | 19 | 26 | 14 |
233 | Sickafoose, Amanda Anne | UNIVERSITY OF COLORADO AT BOULDER | 2002 | female | 4 | 0 | 2002 | 5 | 43 | 2017 | 0 | 0 | 0 | 1 | 1 | 2 | 0 | 0 | 0 | 0 | 0 | 0 | 0 | 0 | 0 | 0 | 0 | 0 | 0 | 0 |  0 | 0 | 0 | 1 | 1 | 3 | 0 | 0 | 2 | 4 | 1 | 2 | 1 | 4 | 5 | 6 | 5 | 6 | 5 | 1 |
234 | Williams, Kurtis Allen | UNIVERSITY OF CALIFORNIA, SANTA CRUZ | 2002 | male | 3 | 13 | 2016 | 5 | 58 | 2017 | 0 | 1 | 0 | 0 | 1 | 1 | 0 | 3 | 0 | 2 | 1 | 1 | 1 | 1 | 0 | 0 | 2 | 0 | 1 | 1 |  0 | 1 | 0 | 1 | 1 | 2 | 1 | 3 | 2 | 6 | 2 | 6 | 3 | 5 | 2 | 2 | 3 | 10 | 3 | 8 |
235 | Rielage, Keith | WASHINGTON UNIVERSITY | 2002 | male | 3 | 1 | 2015 | 4 | 18 | 2015 | 0 | 0 | 1 | 0 | 1 | 1 | 0 | 0 | 0 | 0 | 0 | 0 | 0 | 0 | 0 | 0 | 0 | 0 | 1 | 0 |  0 | 0 | 2 | 0 | 1 | 1 | 0 | 0 | 4 | 1 | 1 | 1 | 1 | 2 | 2 | 0 | 2 | 2 | 2 | 0 |
236 | Seo, Youngho | UNIVERSITY OF CALIFORNIA, LOS ANGELES | 2002 | male | 2 | 1 | 2007 | 3 | 2 | 2012 | 1 | 0 | 0 | 0 | 0 | 1 | 0 | 0 | 0 | 0 | 1 | 0 | 0 | 0 | 0 | 0 | 0 | 0 | 0 | 0 |  1 | 0 | 0 | 1 | 0 | 1 | 0 | 0 | 0 | 0 | 1 | 0 | 0 | 0 | 0 | 1 | 0 | 0 | 0 | 0 |
237 | Belle, Kunegunda Elise | UNIVERSITY OF WYOMING | 2002 | female | 5 | 3 | 2005 | 8 | 5 | 2014 | 0 | 1 | 0 | 2 | 0 | 2 | 1 | 1 | 1 | 0 | 0 | 0 | 0 | 0 | 0 | 0 | 0 | 0 | 0 | 0 |  0 | 3 | 0 | 2 | 0 | 3 | 1 | 1 | 1 | 0 | 0 | 0 | 1 | 0 | 0 | 0 | 0 | 1 | 0 | 0 |
238 | Gordon, Bruce Edward | UNIVERSITY OF NEW HAMPSHIRE | 2002 | male | 2 | 0 | 2002 | 2 | 0 | 2002 | 0 | 0 | 1 | 0 | 0 | 1 | 0 | 0 | 0 | 0 | 0 | 0 | 0 | 0 | 0 | 0 | 0 | 0 | 0 | 0 |  0 | 0 | 1 | 0 | 0 | 1 | 0 | 0 | 0 | 0 | 0 | 0 | 0 | 0 | 0 | 0 | 0 | 0 | 0 | 0 |
239 | Kim, Jinyoung Serena | STATE UNIVERSITY OF NEW YORK AT STONY BROOK | 2002 | male | 1 | 8 | 2016 | 19 | 147 | 2017 | 0 | 0 | 0 | 0 | 0 | 1 | 0 | 0 | 2 | 1 | 0 | 0 | 0 | 1 | 2 | 0 | 0 | 0 | 1 | 1 |  0 | 3 | 4 | 1 | 5 | 6 | 7 | 3 | 8 | 7 | 6 | 12 | 6 | 1 | 8 | 5 | 9 | 5 | 24 | 36 |
240 | Gerardy, Christopher Lowell | DARTMOUTH COLLEGE | 2002 | male | 5 | 3 | 2007 | 11 | 23 | 2015 | 0 | 0 | 0 | 1 | 1 | 3 | 0 | 1 | 0 | 0 | 2 | 0 | 0 | 0 | 0 | 0 | 0 | 0 | 0 | 0 |  0 | 0 | 2 | 1 | 2 | 6 | 1 | 3 | 0 | 8 | 4 | 1 | 2 | 1 | 1 | 0 | 1 | 0 | 1 | 0 |
241 | Monnelly, Glen Pickslay | MASSACHUSETTS INSTITUTE OF TECHNOLOGY | 2002 | male | 1 | 0 | 2002 | 5 | 9 | 2005 | 0 | 0 | 0 | 0 | 0 | 1 | 0 | 0 | 0 | 0 | 0 | 0 | 0 | 0 | 0 | 0 | 0 | 0 | 0 | 0 |  0 | 0 | 1 | 0 | 0 | 4 | 5 | 3 | 1 | 0 | 0 | 0 | 0 | 0 | 0 | 0 | 0 | 0 | 0 | 0 |
242 | Manning, Curtis Van Dyke | UNIVERSITY OF CALIFORNIA, BERKELEY | 2002 | male | 4 | 0 | 2002 | 4 | 0 | 2002 | 0 | 1 | 0 | 1 | 1 | 1 | 0 | 0 | 0 | 0 | 0 | 0 | 0 | 0 | 0 | 0 | 0 | 0 | 0 | 0 |  0 | 1 | 0 | 1 | 1 | 1 | 0 | 0 | 0 | 0 | 0 | 0 | 0 | 0 | 0 | 0 | 0 | 0 | 0 | 0 |
243 | Boone, Lowell Matthew | UNIVERSITY OF CALIFORNIA, SANTA CRUZ | 2002 | male | 2 | 0 | 2002 | 8 | 6 | 2005 | 0 | 0 | 0 | 0 | 0 | 2 | 0 | 0 | 0 | 0 | 0 | 0 | 0 | 0 | 0 | 0 | 0 | 0 | 0 | 0 |  0 | 0 | 1 | 0 | 4 | 3 | 3 | 2 | 1 | 0 | 0 | 0 | 0 | 0 | 0 | 0 | 0 | 0 | 0 | 0 |
244 | Razzaque, Md. Soebur | UNIVERSITY OF KANSAS | 2002 | male | 1 | 0 | 2002 | 1 | 0 | 2002 | 0 | 0 | 0 | 0 | 0 | 1 | 0 | 0 | 0 | 0 | 0 | 0 | 0 | 0 | 0 | 0 | 0 | 0 | 0 | 0 |  0 | 0 | 0 | 0 | 0 | 1 | 0 | 0 | 0 | 0 | 0 | 0 | 0 | 0 | 0 | 0 | 0 | 0 | 0 | 0 |
245 | Rabii, Bahman | UNIVERSITY OF CALIFORNIA, BERKELEY | 2002 | male | 1 | 1 | 2006 | 12 | 8 | 2007 | 0 | 0 | 0 | 0 | 0 | 1 | 0 | 0 | 0 | 1 | 0 | 0 | 0 | 0 | 0 | 0 | 0 | 0 | 0 | 0 |  0 | 0 | 0 | 2 | 6 | 4 | 3 | 2 | 0 | 1 | 2 | 0 | 0 | 0 | 0 | 0 | 0 | 0 | 0 | 0 |
246 | Theoret, Claude G. | MCGILL UNIVERSITY (CANADA) | 2002 | male | 1 | 0 | 2002 | 8 | 33 | 2006 | 0 | 0 | 0 | 0 | 0 | 1 | 0 | 0 | 0 | 0 | 0 | 0 | 0 | 0 | 0 | 0 | 0 | 0 | 0 | 0 |  0 | 0 | 1 | 0 | 4 | 3 | 1 | 3 | 17 | 12 | 0 | 0 | 0 | 0 | 0 | 0 | 0 | 0 | 0 | 0 |
247 | Vallisneri, Michele | CALIFORNIA INSTITUTE OF TECHNOLOGY | 2002 | male | 2 | 11 | 2017 | 4 | 150 | 2017 | 0 | 0 | 0 | 1 | 0 | 1 | 0 | 0 | 2 | 0 | 1 | 2 | 1 | 0 | 1 | 2 | 1 | 0 | 0 | 0 |  0 | 0 | 0 | 1 | 1 | 2 | 2 | 11 | 12 | 7 | 14 | 14 | 12 | 11 | 8 | 13 | 5 | 17 | 9 | 13 |
248 | Gao, Sijie | THE UNIVERSITY OF CHICAGO | 2002 | male | 3 | 13 | 2013 | 4 | 38 | 2016 | 0 | 0 | 0 | 1 | 1 | 1 | 2 | 1 | 2 | 1 | 1 | 2 | 0 | 0 | 2 | 0 | 2 | 0 | 0 | 0 |  1 | 0 | 0 | 1 | 1 | 1 | 4 | 2 | 3 | 3 | 3 | 6 | 2 | 0 | 4 | 0 | 2 | 4 | 3 | 2 |
249 | Hardtke, Rellen Renee | THE UNIVERSITY OF WISCONSIN - MADISON | 2002 | None | 2 | 1 | 2003 | 14 | 39 | 2009 | 0 | 0 | 0 | 0 | 1 | 1 | 1 | 0 | 0 | 0 | 0 | 0 | 0 | 0 | 0 | 0 | 0 | 0 | 0 | 0 |  0 | 1 | 2 | 2 | 4 | 5 | 9 | 9 | 5 | 5 | 4 | 5 | 2 | 0 | 0 | 0 | 0 | 0 | 0 | 0 |
250 | Jessup, Kandis Lea | UNIVERSITY OF MICHIGAN | 2002 | female | 2 | 6 | 2015 | 3 | 12 | 2017 | 0 | 0 | 0 | 1 | 0 | 1 | 0 | 1 | 0 | 0 | 1 | 0 | 0 | 0 | 0 | 1 | 1 | 0 | 2 | 0 |  0 | 0 | 0 | 2 | 0 | 1 | 0 | 1 | 0 | 0 | 2 | 0 | 0 | 0 | 0 | 1 | 2 | 0 | 4 | 0 |
251 | Chen, Christine Hsiao-Ching | UNIVERSITY OF CALIFORNIA, LOS ANGELES | 2002 | female | 1 | 5 | 2011 | 8 | 61 | 2016 | 0 | 0 | 0 | 0 | 0 | 1 | 0 | 0 | 1 | 0 | 0 | 1 | 1 | 1 | 1 | 0 | 0 | 0 | 0 | 0 |  0 | 1 | 1 | 2 | 0 | 4 | 1 | 2 | 2 | 0 | 4 | 9 | 9 | 4 | 4 | 8 | 2 | 6 | 6 | 4 |
252 | Shirley, Yancy Leonard | The University of Texas at Austin | 2002 | male | 3 | 7 | 2015 | 5 | 70 | 2017 | 0 | 0 | 0 | 1 | 0 | 2 | 1 | 0 | 1 | 0 | 1 | 0 | 0 | 0 | 2 | 0 | 1 | 0 | 1 | 0 |  0 | 0 | 0 | 1 | 1 | 3 | 3 | 2 | 5 | 2 | 4 | 5 | 5 | 7 | 9 | 2 | 6 | 5 | 9 | 3 |
253 | Caveny, Scott Andrew | The University of Texas at Austin | 2002 | male | 1 | 2 | 2003 | 1 | 3 | 2011 | 0 | 0 | 0 | 0 | 0 | 1 | 2 | 0 | 0 | 0 | 0 | 0 | 0 | 0 | 0 | 0 | 0 | 0 | 0 | 0 |  0 | 0 | 0 | 0 | 0 | 1 | 2 | 0 | 0 | 0 | 0 | 0 | 0 | 0 | 1 | 0 | 0 | 0 | 0 | 0 |
