n | name | university | phd_year | gender | fa_n_pubs_pre_phd | fa_n_pubs_prost_phd | fa_year_last | all_n_pubs_pre_phd | all_n_pubs_prost_phd | all_year_last |  fa_1991 | fa_1992 | fa_1993 | fa_1994 | fa_1995 | fa_1996 | fa_1997 | fa_1998 | fa_1999 | fa_2000 | fa_2001 | fa_2002 | fa_2003 | fa_2004 | fa_2005 | fa_2006 | fa_2007 | fa_2008 | fa_2009 | fa_2010 | fa_2011 | fa_2012 | fa_2013 | fa_2014 | fa_2015 | fa_2016 |  all_1991 | all_1992 | all_1993 | all_1994 | all_1995 | all_1996 | all_1997 | all_1998 | all_1999 | all_2000 | all_2001 | all_2002 | all_2003 | all_2004 | all_2005 | all_2006 | all_2007 | all_2008 | all_2009 | all_2010 | all_2011 | all_2012 | all_2013 | all_2014 | all_2015 | all_2016 | foo
1 | Siess, Lionel | Space Telescope Science Institute, 3700 San Martin drive, Baltimore, MD 21218, USA | 1996 | male | 3 | 19 | 2014 | 4 | 56 | 2016 | 0 | 0 | 0 | 0 | 0 | 3 | 3 | 0 | 3 | 1 | 0 | 1 | 2 | 1 | 1 | 1 | 1 | 1 | 1 | 1 | 0 | 0 | 1 | 1 | 0 | 0 |  0 | 0 | 0 | 0 | 0 | 4 | 4 | 1 | 4 | 1 | 1 | 1 | 2 | 2 | 3 | 4 | 3 | 1 | 4 | 2 | 2 | 3 | 3 | 8 | 4 | 3 |
2 | Lee, Hee-Won | California Institute of Technology | 1996 | male | 9 | 43 | 2016 | 17 | 95 | 2017 | 0 | 0 | 0 | 2 | 3 | 4 | 8 | 8 | 2 | 4 | 2 | 1 | 3 | 2 | 3 | 1 | 2 | 1 | 1 | 0 | 1 | 1 | 1 | 1 | 0 | 1 |  1 | 1 | 0 | 4 | 5 | 6 | 10 | 8 | 4 | 9 | 9 | 7 | 6 | 6 | 5 | 1 | 5 | 4 | 2 | 2 | 2 | 2 | 2 | 4 | 4 | 2 |
3 | Wolk, Scott J. | Harvard--Smithsonian Center for Astrophysics Cambridge, Massachusetts, USA | 1996 | male | 2 | 13 | 2015 | 8 | 124 | 2017 | 0 | 0 | 0 | 0 | 0 | 2 | 0 | 0 | 0 | 0 | 0 | 1 | 0 | 1 | 1 | 2 | 0 | 1 | 1 | 2 | 1 | 0 | 2 | 0 | 1 | 0 |  0 | 0 | 0 | 0 | 2 | 6 | 2 | 2 | 0 | 3 | 3 | 3 | 6 | 6 | 7 | 5 | 6 | 4 | 5 | 9 | 10 | 10 | 11 | 9 | 8 | 9 |
4 | Zhang, Qizhou | 60 Garden Street, Cambridge, MA 02138, USA | 1996 | None | 9 | 53 | 2017 | 16 | 290 | 2017 | 0 | 0 | 1 | 2 | 3 | 3 | 2 | 2 | 1 | 1 | 1 | 1 | 0 | 0 | 1 | 0 | 4 | 0 | 2 | 2 | 4 | 8 | 5 | 7 | 4 | 5 |  1 | 0 | 3 | 4 | 4 | 4 | 2 | 4 | 5 | 3 | 2 | 3 | 1 | 15 | 13 | 13 | 20 | 9 | 15 | 16 | 26 | 29 | 22 | 27 | 23 | 27 |
5 | van Belle, G. T. | University of Wyoming | 1996 | None | 2 | 16 | 2016 | 4 | 70 | 2017 | 0 | 0 | 0 | 0 | 0 | 2 | 1 | 0 | 2 | 0 | 1 | 1 | 0 | 0 | 1 | 1 | 1 | 2 | 3 | 0 | 0 | 1 | 1 | 0 | 0 | 1 |  0 | 0 | 0 | 0 | 0 | 4 | 1 | 4 | 5 | 1 | 2 | 5 | 2 | 0 | 5 | 3 | 5 | 3 | 3 | 1 | 4 | 3 | 10 | 4 | 4 | 2 |
6 | Bahukutumbi, Radha Pillapakkam | CALIFORNIA INSTITUTE OF TECHNOLOGY. | 1996 | female | 1 | 0 | 1996 | 1 | 0 | 1996 | 0 | 0 | 0 | 0 | 0 | 1 | 0 | 0 | 0 | 0 | 0 | 0 | 0 | 0 | 0 | 0 | 0 | 0 | 0 | 0 | 0 | 0 | 0 | 0 | 0 | 0 |  0 | 0 | 0 | 0 | 0 | 1 | 0 | 0 | 0 | 0 | 0 | 0 | 0 | 0 | 0 | 0 | 0 | 0 | 0 | 0 | 0 | 0 | 0 | 0 | 0 | 0 |
7 | Cranmer, Steven R. | Bartol Research Institute, University of Delaware | 1996 | male | 5 | 36 | 2017 | 13 | 87 | 2017 | 0 | 0 | 2 | 0 | 1 | 2 | 0 | 2 | 3 | 2 | 1 | 1 | 1 | 1 | 2 | 0 | 1 | 2 | 4 | 3 | 1 | 2 | 2 | 3 | 2 | 2 |  3 | 0 | 2 | 2 | 3 | 3 | 6 | 4 | 11 | 3 | 3 | 4 | 2 | 2 | 2 | 1 | 1 | 5 | 6 | 8 | 3 | 4 | 3 | 7 | 3 | 8 |
8 | Titus, T. | University of Wyoming | 1996 | None | 1 | 7 | 2015 | 1 | 55 | 2017 | 0 | 0 | 0 | 0 | 0 | 1 | 1 | 0 | 0 | 0 | 1 | 0 | 1 | 1 | 1 | 0 | 0 | 1 | 0 | 0 | 0 | 0 | 0 | 0 | 1 | 0 |  0 | 0 | 0 | 0 | 0 | 1 | 1 | 0 | 0 | 1 | 3 | 0 | 2 | 2 | 6 | 2 | 3 | 9 | 5 | 5 | 1 | 2 | 2 | 4 | 6 | 0 |
9 | Lindsay, Gretchen Marie | UNIVERSITY OF CALIFORNIA, LOS ANGELES. | 1996 | female | 4 | 2 | 1999 | 4 | 3 | 1999 | 0 | 0 | 0 | 1 | 2 | 1 | 0 | 0 | 2 | 0 | 0 | 0 | 0 | 0 | 0 | 0 | 0 | 0 | 0 | 0 | 0 | 0 | 0 | 0 | 0 | 0 |  0 | 0 | 0 | 1 | 2 | 1 | 1 | 0 | 2 | 0 | 0 | 0 | 0 | 0 | 0 | 0 | 0 | 0 | 0 | 0 | 0 | 0 | 0 | 0 | 0 | 0 |
10 | Jensen, Eric L. N. | Department of Physics and Astronomy, Arizona State University, P. O. Box 1504, Tempe, AZ 85287, USA | 1996 | male | 5 | 9 | 2014 | 6 | 52 | 2017 | 0 | 0 | 1 | 1 | 0 | 3 | 1 | 1 | 0 | 0 | 0 | 1 | 1 | 1 | 1 | 0 | 1 | 0 | 1 | 0 | 0 | 0 | 0 | 1 | 0 | 0 |  0 | 0 | 1 | 1 | 1 | 3 | 2 | 3 | 1 | 2 | 0 | 1 | 1 | 1 | 1 | 0 | 1 | 2 | 1 | 1 | 4 | 4 | 4 | 6 | 5 | 8 |
11 | Howard, Eric M. | Department of Physics and Astronomy, University of Massachusetts, LGRT, Amherst, MA 01003-4525, USA | 1996 | male | 3 | 4 | 2005 | 8 | 8 | 2006 | 0 | 0 | 0 | 1 | 0 | 2 | 2 | 1 | 0 | 0 | 0 | 0 | 0 | 0 | 1 | 0 | 0 | 0 | 0 | 0 | 0 | 0 | 0 | 0 | 0 | 0 |  0 | 0 | 0 | 3 | 1 | 4 | 2 | 1 | 0 | 1 | 0 | 1 | 1 | 0 | 1 | 1 | 0 | 0 | 0 | 0 | 0 | 0 | 0 | 0 | 0 | 0 |
12 | McCracken, Dorothy Jill | SYRACUSE UNIVERSITY. | 1996 | female | 1 | 0 | 1996 | 1 | 0 | 1996 | 0 | 0 | 0 | 0 | 0 | 1 | 0 | 0 | 0 | 0 | 0 | 0 | 0 | 0 | 0 | 0 | 0 | 0 | 0 | 0 | 0 | 0 | 0 | 0 | 0 | 0 |  0 | 0 | 0 | 0 | 0 | 1 | 0 | 0 | 0 | 0 | 0 | 0 | 0 | 0 | 0 | 0 | 0 | 0 | 0 | 0 | 0 | 0 | 0 | 0 | 0 | 0 |
13 | Kirkland, Matt Wayne | THE UNIVERSITY OF TEXAS AT DALLAS. | 1996 | male | 1 | 0 | 1996 | 1 | 1 | 1999 | 0 | 0 | 0 | 0 | 0 | 1 | 0 | 0 | 0 | 0 | 0 | 0 | 0 | 0 | 0 | 0 | 0 | 0 | 0 | 0 | 0 | 0 | 0 | 0 | 0 | 0 |  0 | 0 | 0 | 0 | 0 | 1 | 0 | 0 | 1 | 0 | 0 | 0 | 0 | 0 | 0 | 0 | 0 | 0 | 0 | 0 | 0 | 0 | 0 | 0 | 0 | 0 |
14 | Dixon, William Van Dyke | THE JOHNS HOPKINS UNIVERSITY. | 1996 | male | 6 | 8 | 2008 | 13 | 21 | 2011 | 0 | 0 | 0 | 1 | 1 | 4 | 0 | 2 | 0 | 0 | 2 | 1 | 0 | 1 | 0 | 1 | 0 | 1 | 0 | 0 | 0 | 0 | 0 | 0 | 0 | 0 |  3 | 1 | 1 | 1 | 2 | 5 | 1 | 2 | 0 | 2 | 2 | 2 | 0 | 3 | 0 | 2 | 2 | 2 | 2 | 0 | 1 | 0 | 0 | 0 | 0 | 0 |
15 | Eisenstein, Daniel James | HARVARD UNIVERSITY. | 1996 | male | 4 | 22 | 2011 | 5 | 289 | 2017 | 0 | 0 | 0 | 0 | 2 | 2 | 2 | 4 | 2 | 0 | 2 | 0 | 2 | 1 | 3 | 2 | 2 | 1 | 0 | 0 | 1 | 0 | 0 | 0 | 0 | 0 |  0 | 0 | 0 | 0 | 3 | 2 | 2 | 6 | 4 | 2 | 4 | 9 | 23 | 20 | 23 | 26 | 22 | 12 | 8 | 7 | 15 | 22 | 20 | 14 | 14 | 19 |
16 | Fierro, Joseph Miguel | STANFORD UNIVERSITY. | 1996 | male | 5 | 1 | 1998 | 36 | 1 | 1998 | 0 | 0 | 1 | 1 | 2 | 1 | 0 | 1 | 0 | 0 | 0 | 0 | 0 | 0 | 0 | 0 | 0 | 0 | 0 | 0 | 0 | 0 | 0 | 0 | 0 | 0 |  1 | 1 | 4 | 7 | 8 | 15 | 0 | 1 | 0 | 0 | 0 | 0 | 0 | 0 | 0 | 0 | 0 | 0 | 0 | 0 | 0 | 0 | 0 | 0 | 0 | 0 |
17 | Gurwell, Mark Andrew | CALIFORNIA INSTITUTE OF TECHNOLOGY. | 1996 | male | 5 | 5 | 2007 | 7 | 128 | 2017 | 0 | 0 | 1 | 0 | 3 | 1 | 0 | 0 | 0 | 2 | 0 | 0 | 0 | 1 | 1 | 0 | 1 | 0 | 0 | 0 | 0 | 0 | 0 | 0 | 0 | 0 |  0 | 1 | 1 | 0 | 3 | 2 | 0 | 0 | 1 | 3 | 0 | 0 | 0 | 3 | 3 | 3 | 2 | 7 | 8 | 15 | 24 | 10 | 13 | 8 | 15 | 10 |
18 | Lobanov, Andrew P. | New Mexico Institute of Mining and Technology | 1996 | male | 1 | 15 | 2015 | 4 | 68 | 2016 | 0 | 0 | 0 | 0 | 0 | 1 | 1 | 3 | 2 | 2 | 2 | 0 | 1 | 0 | 1 | 0 | 0 | 0 | 0 | 0 | 1 | 1 | 0 | 0 | 1 | 0 |  0 | 0 | 0 | 1 | 2 | 1 | 2 | 5 | 6 | 5 | 3 | 0 | 2 | 1 | 2 | 2 | 1 | 2 | 0 | 2 | 7 | 8 | 7 | 2 | 6 | 5 |
19 | Gao, Yu | STATE UNIVERSITY OF NEW YORK AT STONY BROOK | 1996 | male | 3 | 38 | 2017 | 6 | 205 | 2017 | 1 | 0 | 1 | 0 | 0 | 1 | 2 | 0 | 1 | 2 | 2 | 1 | 5 | 4 | 2 | 2 | 2 | 4 | 1 | 0 | 2 | 1 | 3 | 3 | 0 | 0 |  1 | 1 | 1 | 1 | 0 | 2 | 3 | 3 | 3 | 4 | 7 | 5 | 10 | 8 | 6 | 7 | 10 | 8 | 11 | 16 | 9 | 18 | 17 | 19 | 21 | 11 |
20 | Schultz, David Michael | STATE UNIVERSITY OF NEW YORK AT ALBANY. | 1996 | male | 4 | 2 | 2007 | 4 | 3 | 2016 | 0 | 1 | 2 | 0 | 0 | 1 | 0 | 1 | 0 | 0 | 0 | 0 | 0 | 0 | 0 | 0 | 1 | 0 | 0 | 0 | 0 | 0 | 0 | 0 | 0 | 0 |  0 | 1 | 2 | 0 | 0 | 1 | 0 | 1 | 0 | 0 | 0 | 0 | 0 | 0 | 0 | 0 | 1 | 0 | 0 | 0 | 0 | 0 | 0 | 0 | 0 | 1 |
21 | Chen, Pei-Long | CALIFORNIA INSTITUTE OF TECHNOLOGY. | 1996 | male | 1 | 4 | 2015 | 2 | 45 | 2017 | 0 | 0 | 0 | 0 | 0 | 1 | 0 | 0 | 0 | 0 | 0 | 0 | 0 | 0 | 0 | 1 | 0 | 0 | 0 | 0 | 0 | 0 | 0 | 1 | 2 | 0 |  0 | 0 | 0 | 1 | 0 | 1 | 0 | 0 | 0 | 0 | 0 | 0 | 0 | 0 | 1 | 3 | 5 | 5 | 3 | 3 | 3 | 4 | 3 | 1 | 4 | 8 |
22 | Farley, David Rushton | UNIVERSITY OF CALIFORNIA, SAN DIEGO. | 1996 | male | 2 | 2 | 2000 | 2 | 8 | 2016 | 0 | 0 | 0 | 0 | 0 | 2 | 0 | 0 | 1 | 1 | 0 | 0 | 0 | 0 | 0 | 0 | 0 | 0 | 0 | 0 | 0 | 0 | 0 | 0 | 0 | 0 |  0 | 0 | 0 | 0 | 0 | 2 | 0 | 1 | 1 | 4 | 0 | 0 | 0 | 0 | 0 | 0 | 0 | 0 | 0 | 0 | 0 | 0 | 1 | 0 | 0 | 1 |
23 | Rao, Vithal Rajaram | RENSSELAER POLYTECHNIC INSTITUTE. | 1996 | male | 1 | 0 | 1996 | 1 | 0 | 1996 | 0 | 0 | 0 | 0 | 0 | 1 | 0 | 0 | 0 | 0 | 0 | 0 | 0 | 0 | 0 | 0 | 0 | 0 | 0 | 0 | 0 | 0 | 0 | 0 | 0 | 0 |  0 | 0 | 0 | 0 | 0 | 1 | 0 | 0 | 0 | 0 | 0 | 0 | 0 | 0 | 0 | 0 | 0 | 0 | 0 | 0 | 0 | 0 | 0 | 0 | 0 | 0 |
24 | Liou, Yu-Chieng | THE UNIVERSITY OF OKLAHOMA. | 1996 | male | 1 | 1 | 1997 | 1 | 1 | 1997 | 0 | 0 | 0 | 0 | 0 | 1 | 1 | 0 | 0 | 0 | 0 | 0 | 0 | 0 | 0 | 0 | 0 | 0 | 0 | 0 | 0 | 0 | 0 | 0 | 0 | 0 |  0 | 0 | 0 | 0 | 0 | 1 | 1 | 0 | 0 | 0 | 0 | 0 | 0 | 0 | 0 | 0 | 0 | 0 | 0 | 0 | 0 | 0 | 0 | 0 | 0 | 0 |
25 | Havlak, Karl Jason | TEXAS TECH UNIVERSITY. | 1996 | male | 1 | 0 | 1996 | 1 | 0 | 1996 | 0 | 0 | 0 | 0 | 0 | 1 | 0 | 0 | 0 | 0 | 0 | 0 | 0 | 0 | 0 | 0 | 0 | 0 | 0 | 0 | 0 | 0 | 0 | 0 | 0 | 0 |  0 | 0 | 0 | 0 | 0 | 1 | 0 | 0 | 0 | 0 | 0 | 0 | 0 | 0 | 0 | 0 | 0 | 0 | 0 | 0 | 0 | 0 | 0 | 0 | 0 | 0 |
26 | Jancic, Dubravka | THE UNIVERSITY OF TEXAS AT AUSTIN. | 1996 | female | 1 | 0 | 1996 | 1 | 0 | 1996 | 0 | 0 | 0 | 0 | 0 | 1 | 0 | 0 | 0 | 0 | 0 | 0 | 0 | 0 | 0 | 0 | 0 | 0 | 0 | 0 | 0 | 0 | 0 | 0 | 0 | 0 |  0 | 0 | 0 | 0 | 0 | 1 | 0 | 0 | 0 | 0 | 0 | 0 | 0 | 0 | 0 | 0 | 0 | 0 | 0 | 0 | 0 | 0 | 0 | 0 | 0 | 0 |
27 | He, Lun Xiong | IOWA STATE UNIVERSITY. | 1996 | male | 1 | 1 | 2004 | 1 | 6 | 2017 | 0 | 0 | 0 | 0 | 0 | 1 | 0 | 0 | 0 | 0 | 0 | 0 | 0 | 1 | 0 | 0 | 0 | 0 | 0 | 0 | 0 | 0 | 0 | 0 | 0 | 0 |  0 | 0 | 0 | 0 | 0 | 1 | 0 | 1 | 0 | 1 | 1 | 0 | 0 | 1 | 0 | 0 | 0 | 0 | 0 | 0 | 1 | 0 | 0 | 0 | 0 | 0 |
28 | Kinney, William H. | UNIVERSITY OF COLORADO AT BOULDER. | 1996 | male | 4 | 23 | 2016 | 4 | 63 | 2017 | 0 | 0 | 0 | 0 | 1 | 3 | 2 | 2 | 2 | 1 | 2 | 1 | 1 | 1 | 1 | 2 | 0 | 3 | 1 | 1 | 0 | 1 | 0 | 0 | 1 | 1 |  0 | 0 | 0 | 0 | 1 | 3 | 3 | 2 | 2 | 2 | 4 | 4 | 4 | 2 | 3 | 4 | 5 | 4 | 4 | 2 | 2 | 3 | 2 | 1 | 5 | 3 |
29 | Law, Colin Christian | RICE UNIVERSITY. | 1996 | male | 2 | 2 | 2004 | 2 | 17 | 2015 | 0 | 0 | 0 | 0 | 1 | 1 | 1 | 0 | 0 | 0 | 0 | 0 | 0 | 1 | 0 | 0 | 0 | 0 | 0 | 0 | 0 | 0 | 0 | 0 | 0 | 0 |  0 | 0 | 0 | 0 | 1 | 1 | 1 | 0 | 1 | 1 | 0 | 2 | 1 | 1 | 1 | 0 | 0 | 0 | 1 | 0 | 1 | 1 | 2 | 1 | 3 | 0 |
30 | McLaughlin, Gail Catherine | UNIVERSITY OF CALIFORNIA, SAN DIEGO. | 1996 | female | 6 | 10 | 2011 | 7 | 56 | 2017 | 0 | 0 | 0 | 0 | 1 | 5 | 1 | 0 | 3 | 0 | 0 | 2 | 0 | 1 | 1 | 0 | 1 | 0 | 0 | 0 | 1 | 0 | 0 | 0 | 0 | 0 |  0 | 1 | 0 | 0 | 1 | 5 | 1 | 1 | 4 | 0 | 0 | 2 | 4 | 4 | 2 | 6 | 2 | 5 | 4 | 1 | 3 | 5 | 1 | 2 | 1 | 7 |
31 | Seon, Jongho | THE UNIVERSITY OF IOWA. | 1996 | male | 5 | 6 | 2001 | 6 | 19 | 2015 | 0 | 0 | 0 | 0 | 2 | 3 | 1 | 1 | 1 | 2 | 1 | 0 | 0 | 0 | 0 | 0 | 0 | 0 | 0 | 0 | 0 | 0 | 0 | 0 | 0 | 0 |  0 | 0 | 1 | 0 | 2 | 3 | 1 | 1 | 1 | 4 | 3 | 1 | 0 | 0 | 0 | 0 | 0 | 0 | 0 | 1 | 0 | 1 | 2 | 2 | 2 | 0 |
32 | Hu, Xihai | RICE UNIVERSITY. | 1996 | male | 3 | 12 | 2015 | 5 | 35 | 2017 | 0 | 0 | 0 | 0 | 1 | 2 | 0 | 0 | 0 | 0 | 3 | 0 | 0 | 0 | 2 | 3 | 1 | 1 | 1 | 0 | 0 | 0 | 0 | 0 | 1 | 0 |  0 | 0 | 1 | 0 | 2 | 2 | 0 | 0 | 0 | 0 | 4 | 0 | 1 | 0 | 4 | 4 | 3 | 5 | 1 | 0 | 0 | 0 | 2 | 3 | 3 | 4 |
33 | Yan, Lin | CALIFORNIA INSTITUTE OF TECHNOLOGY. | 1996 | female | 5 | 15 | 2017 | 10 | 130 | 2017 | 0 | 0 | 0 | 1 | 1 | 3 | 0 | 1 | 1 | 1 | 0 | 0 | 1 | 3 | 2 | 0 | 1 | 0 | 0 | 1 | 1 | 0 | 1 | 0 | 1 | 0 |  0 | 1 | 0 | 1 | 2 | 6 | 1 | 1 | 4 | 2 | 1 | 3 | 1 | 8 | 8 | 7 | 13 | 3 | 10 | 12 | 10 | 10 | 7 | 6 | 7 | 6 |
34 | Zhang, Yali | TEMPLE UNIVERSITY. | 1996 | female | 9 | 125 | 2017 | 19 | 530 | 2017 | 0 | 2 | 3 | 0 | 0 | 4 | 2 | 4 | 5 | 2 | 4 | 8 | 6 | 7 | 14 | 9 | 8 | 6 | 2 | 3 | 10 | 6 | 6 | 8 | 5 | 9 |  2 | 2 | 5 | 1 | 2 | 7 | 3 | 4 | 9 | 24 | 9 | 14 | 24 | 15 | 43 | 22 | 21 | 40 | 29 | 14 | 33 | 30 | 21 | 29 | 43 | 76 |
35 | Alvarez, Donald L. | PRINCETON UNIVERSITY. | 1996 | male | 2 | 0 | 1996 | 2 | 3 | 2000 | 0 | 0 | 1 | 0 | 0 | 1 | 0 | 0 | 0 | 0 | 0 | 0 | 0 | 0 | 0 | 0 | 0 | 0 | 0 | 0 | 0 | 0 | 0 | 0 | 0 | 0 |  0 | 0 | 1 | 0 | 0 | 1 | 0 | 0 | 1 | 2 | 0 | 0 | 0 | 0 | 0 | 0 | 0 | 0 | 0 | 0 | 0 | 0 | 0 | 0 | 0 | 0 |
36 | Bowman, Harold Brian | UNIVERSITY OF CALIFORNIA, SAN DIEGO. | 1996 | male | 1 | 0 | 1996 | 4 | 0 | 1996 | 0 | 0 | 0 | 0 | 0 | 1 | 0 | 0 | 0 | 0 | 0 | 0 | 0 | 0 | 0 | 0 | 0 | 0 | 0 | 0 | 0 | 0 | 0 | 0 | 0 | 0 |  0 | 0 | 3 | 0 | 0 | 1 | 0 | 0 | 0 | 0 | 0 | 0 | 0 | 0 | 0 | 0 | 0 | 0 | 0 | 0 | 0 | 0 | 0 | 0 | 0 | 0 |
37 | Chakrabarty, Deepto | Division of Physics, Mathematics, and Astronomy, California Insititute of Technology, Pasadena, CA | 1996 | male | 6 | 45 | 2017 | 11 | 193 | 2017 | 1 | 0 | 1 | 1 | 1 | 2 | 9 | 4 | 1 | 1 | 4 | 2 | 3 | 2 | 3 | 1 | 2 | 3 | 2 | 2 | 1 | 0 | 1 | 2 | 1 | 0 |  1 | 0 | 1 | 2 | 1 | 6 | 16 | 7 | 7 | 3 | 18 | 12 | 13 | 8 | 7 | 7 | 9 | 8 | 9 | 9 | 5 | 9 | 8 | 13 | 9 | 12 |
38 | Dorman, Victoria | PRINCETON UNIVERSITY. | 1996 | female | 4 | 0 | 1996 | 6 | 0 | 1996 | 0 | 0 | 1 | 0 | 2 | 1 | 0 | 0 | 0 | 0 | 0 | 0 | 0 | 0 | 0 | 0 | 0 | 0 | 0 | 0 | 0 | 0 | 0 | 0 | 0 | 0 |  0 | 0 | 2 | 0 | 3 | 1 | 0 | 0 | 0 | 0 | 0 | 0 | 0 | 0 | 0 | 0 | 0 | 0 | 0 | 0 | 0 | 0 | 0 | 0 | 0 | 0 |
39 | Newton, Elizabeth Kay | UNIVERSITY OF ALABAMA IN HUNTSVILLE. | 1996 | female | 3 | 1 | 1997 | 4 | 3 | 2001 | 0 | 0 | 0 | 0 | 1 | 2 | 1 | 0 | 0 | 0 | 0 | 0 | 0 | 0 | 0 | 0 | 0 | 0 | 0 | 0 | 0 | 0 | 0 | 0 | 0 | 0 |  0 | 0 | 0 | 0 | 1 | 3 | 1 | 1 | 0 | 0 | 1 | 0 | 0 | 0 | 0 | 0 | 0 | 0 | 0 | 0 | 0 | 0 | 0 | 0 | 0 | 0 |
40 | O'Neill, Christopher M. | CORNELL UNIVERSITY. | 1996 | male | 1 | 7 | 2014 | 3 | 11 | 2016 | 0 | 0 | 0 | 0 | 0 | 1 | 0 | 0 | 0 | 0 | 0 | 0 | 0 | 0 | 1 | 0 | 4 | 0 | 0 | 0 | 0 | 0 | 1 | 1 | 0 | 0 |  0 | 0 | 1 | 1 | 0 | 1 | 0 | 0 | 0 | 0 | 0 | 0 | 0 | 0 | 1 | 0 | 4 | 1 | 1 | 0 | 0 | 0 | 1 | 1 | 1 | 1 |
41 | Penn, Michael James | STANFORD UNIVERSITY. | 1996 | male | 8 | 13 | 2017 | 12 | 25 | 2017 | 0 | 0 | 1 | 4 | 1 | 2 | 1 | 0 | 1 | 1 | 0 | 1 | 3 | 2 | 0 | 1 | 1 | 0 | 0 | 0 | 1 | 0 | 0 | 0 | 0 | 0 |  0 | 0 | 1 | 5 | 1 | 5 | 1 | 1 | 2 | 2 | 0 | 2 | 3 | 2 | 1 | 1 | 1 | 0 | 0 | 2 | 1 | 1 | 1 | 1 | 1 | 1 |
42 | Quigley, Mark Francis | THE CATHOLIC UNIVERSITY OF AMERICA. | 1996 | male | 1 | 1 | 2007 | 1 | 4 | 2007 | 0 | 0 | 0 | 0 | 0 | 1 | 0 | 0 | 0 | 0 | 0 | 0 | 0 | 0 | 0 | 0 | 1 | 0 | 0 | 0 | 0 | 0 | 0 | 0 | 0 | 0 |  0 | 0 | 0 | 0 | 0 | 1 | 0 | 0 | 0 | 0 | 2 | 0 | 1 | 0 | 0 | 0 | 1 | 0 | 0 | 0 | 0 | 0 | 0 | 0 | 0 | 0 |
43 | Rilee, Michael Lee | CORNELL UNIVERSITY. | 1996 | male | 1 | 1 | 2001 | 3 | 2 | 2001 | 0 | 0 | 0 | 0 | 0 | 1 | 0 | 0 | 0 | 0 | 1 | 0 | 0 | 0 | 0 | 0 | 0 | 0 | 0 | 0 | 0 | 0 | 0 | 0 | 0 | 0 |  0 | 0 | 0 | 2 | 0 | 1 | 0 | 1 | 0 | 0 | 1 | 0 | 0 | 0 | 0 | 0 | 0 | 0 | 0 | 0 | 0 | 0 | 0 | 0 | 0 | 0 |
44 | Small, Todd A. | CALIFORNIA INSTITUTE OF TECHNOLOGY. | 1996 | male | 2 | 5 | 1999 | 8 | 90 | 2011 | 0 | 1 | 0 | 0 | 0 | 1 | 3 | 1 | 1 | 0 | 0 | 0 | 0 | 0 | 0 | 0 | 0 | 0 | 0 | 0 | 0 | 0 | 0 | 0 | 0 | 0 |  1 | 2 | 0 | 3 | 1 | 1 | 3 | 1 | 1 | 0 | 0 | 0 | 0 | 0 | 35 | 5 | 36 | 3 | 3 | 2 | 1 | 0 | 0 | 0 | 0 | 0 |
45 | Trice, James Hampton | UNIVERSITY OF KENTUCKY. | 1996 | male | 1 | 0 | 1996 | 1 | 0 | 1996 | 0 | 0 | 0 | 0 | 0 | 1 | 0 | 0 | 0 | 0 | 0 | 0 | 0 | 0 | 0 | 0 | 0 | 0 | 0 | 0 | 0 | 0 | 0 | 0 | 0 | 0 |  0 | 0 | 0 | 0 | 0 | 1 | 0 | 0 | 0 | 0 | 0 | 0 | 0 | 0 | 0 | 0 | 0 | 0 | 0 | 0 | 0 | 0 | 0 | 0 | 0 | 0 |
46 | Uglum, John Raymond, III | STANFORD UNIVERSITY. | 1996 | male | 2 | 0 | 1996 | 7 | 0 | 1996 | 0 | 1 | 0 | 0 | 0 | 1 | 0 | 0 | 0 | 0 | 0 | 0 | 0 | 0 | 0 | 0 | 0 | 0 | 0 | 0 | 0 | 0 | 0 | 0 | 0 | 0 |  0 | 1 | 1 | 1 | 2 | 2 | 0 | 0 | 0 | 0 | 0 | 0 | 0 | 0 | 0 | 0 | 0 | 0 | 0 | 0 | 0 | 0 | 0 | 0 | 0 | 0 |
47 | van Zee, Liese Ellen | CORNELL UNIVERSITY. | 1996 | female | 3 | 17 | 2006 | 3 | 51 | 2017 | 0 | 0 | 0 | 0 | 1 | 2 | 4 | 4 | 1 | 2 | 2 | 0 | 0 | 2 | 0 | 2 | 0 | 0 | 0 | 0 | 0 | 0 | 0 | 0 | 0 | 0 |  0 | 0 | 0 | 0 | 1 | 2 | 4 | 5 | 1 | 5 | 4 | 0 | 1 | 2 | 3 | 3 | 0 | 0 | 3 | 4 | 2 | 3 | 1 | 4 | 2 | 3 |
48 | Wallington, Sylvanie | HARVARD UNIVERSITY. | 1996 | female | 5 | 0 | 1996 | 7 | 0 | 1996 | 0 | 0 | 1 | 1 | 1 | 2 | 0 | 0 | 0 | 0 | 0 | 0 | 0 | 0 | 0 | 0 | 0 | 0 | 0 | 0 | 0 | 0 | 0 | 0 | 0 | 0 |  0 | 2 | 1 | 1 | 1 | 2 | 0 | 0 | 0 | 0 | 0 | 0 | 0 | 0 | 0 | 0 | 0 | 0 | 0 | 0 | 0 | 0 | 0 | 0 | 0 | 0 |
49 | Frayer, David Theodore | UNIVERSITY OF VIRGINIA. | 1996 | male | 2 | 18 | 2015 | 4 | 164 | 2017 | 0 | 0 | 0 | 1 | 0 | 1 | 2 | 3 | 2 | 1 | 0 | 0 | 1 | 2 | 0 | 2 | 0 | 1 | 1 | 0 | 1 | 0 | 0 | 0 | 2 | 0 |  1 | 0 | 1 | 1 | 0 | 1 | 4 | 4 | 4 | 3 | 5 | 1 | 4 | 25 | 5 | 7 | 11 | 9 | 12 | 27 | 17 | 7 | 9 | 1 | 4 | 1 |
50 | Getaneh, Misganaw | TEMPLE UNIVERSITY. | 1996 | male | 1 | 0 | 1996 | 2 | 0 | 1996 | 0 | 0 | 0 | 0 | 0 | 1 | 0 | 0 | 0 | 0 | 0 | 0 | 0 | 0 | 0 | 0 | 0 | 0 | 0 | 0 | 0 | 0 | 0 | 0 | 0 | 0 |  0 | 0 | 0 | 0 | 0 | 2 | 0 | 0 | 0 | 0 | 0 | 0 | 0 | 0 | 0 | 0 | 0 | 0 | 0 | 0 | 0 | 0 | 0 | 0 | 0 | 0 |
51 | Hendrix, Douglas Lee | UNIVERSITY OF CALIFORNIA, IRVINE. | 1996 | male | 3 | 0 | 1996 | 4 | 1 | 1997 | 0 | 0 | 0 | 0 | 0 | 3 | 0 | 0 | 0 | 0 | 0 | 0 | 0 | 0 | 0 | 0 | 0 | 0 | 0 | 0 | 0 | 0 | 0 | 0 | 0 | 0 |  0 | 0 | 0 | 0 | 1 | 3 | 1 | 0 | 0 | 0 | 0 | 0 | 0 | 0 | 0 | 0 | 0 | 0 | 0 | 0 | 0 | 0 | 0 | 0 | 0 | 0 |
52 | Im, Myungshin | THE JOHNS HOPKINS UNIVERSITY. | 1996 | None | 4 | 11 | 2015 | 13 | 168 | 2017 | 0 | 0 | 0 | 0 | 2 | 2 | 1 | 0 | 1 | 0 | 1 | 2 | 0 | 1 | 1 | 0 | 1 | 0 | 0 | 1 | 0 | 0 | 0 | 0 | 2 | 0 |  0 | 0 | 1 | 2 | 5 | 5 | 4 | 1 | 1 | 0 | 2 | 3 | 1 | 8 | 8 | 7 | 11 | 10 | 11 | 14 | 10 | 16 | 9 | 12 | 27 | 6 |
53 | Kundic, Tomislav | PRINCETON UNIVERSITY. | 1996 | male | 5 | 2 | 1997 | 8 | 10 | 2003 | 0 | 0 | 2 | 0 | 2 | 1 | 2 | 0 | 0 | 0 | 0 | 0 | 0 | 0 | 0 | 0 | 0 | 0 | 0 | 0 | 0 | 0 | 0 | 0 | 0 | 0 |  0 | 0 | 2 | 0 | 3 | 3 | 4 | 1 | 1 | 2 | 0 | 1 | 1 | 0 | 0 | 0 | 0 | 0 | 0 | 0 | 0 | 0 | 0 | 0 | 0 | 0 |
54 | Larkin, James Edwin | CALIFORNIA INSTITUTE OF TECHNOLOGY. | 1996 | male | 5 | 5 | 2006 | 10 | 73 | 2017 | 0 | 0 | 0 | 2 | 1 | 2 | 0 | 1 | 1 | 2 | 0 | 0 | 0 | 0 | 0 | 1 | 0 | 0 | 0 | 0 | 0 | 0 | 0 | 0 | 0 | 0 |  0 | 0 | 0 | 5 | 2 | 3 | 1 | 3 | 2 | 12 | 3 | 5 | 3 | 2 | 2 | 5 | 6 | 2 | 3 | 1 | 0 | 2 | 1 | 3 | 7 | 6 |
55 | McCarthy, Thomas K. | THE UNIVERSITY OF TEXAS AT DALLAS. | 1996 | male | 1 | 0 | 1996 | 1 | 14 | 2010 | 0 | 0 | 0 | 0 | 0 | 1 | 0 | 0 | 0 | 0 | 0 | 0 | 0 | 0 | 0 | 0 | 0 | 0 | 0 | 0 | 0 | 0 | 0 | 0 | 0 | 0 |  0 | 0 | 0 | 0 | 0 | 1 | 0 | 0 | 0 | 0 | 0 | 0 | 0 | 0 | 0 | 0 | 0 | 0 | 0 | 14 | 0 | 0 | 0 | 0 | 0 | 0 |
56 | Weisstein, Eric Wolfgang | CALIFORNIA INSTITUTE OF TECHNOLOGY. | 1996 | male | 3 | 0 | 1996 | 8 | 2 | 2002 | 0 | 0 | 0 | 1 | 0 | 2 | 0 | 0 | 0 | 0 | 0 | 0 | 0 | 0 | 0 | 0 | 0 | 0 | 0 | 0 | 0 | 0 | 0 | 0 | 0 | 0 |  0 | 0 | 0 | 1 | 2 | 5 | 0 | 1 | 0 | 0 | 0 | 1 | 0 | 0 | 0 | 0 | 0 | 0 | 0 | 0 | 0 | 0 | 0 | 0 | 0 | 0 |
57 | Shepherd, Deborah Susan | THE UNIVERSITY OF WISCONSIN - MADISON. | 1996 | female | 4 | 14 | 2013 | 7 | 40 | 2016 | 0 | 0 | 0 | 0 | 1 | 3 | 1 | 2 | 1 | 1 | 2 | 1 | 1 | 3 | 0 | 0 | 1 | 0 | 0 | 0 | 0 | 0 | 1 | 0 | 0 | 0 |  0 | 2 | 1 | 0 | 1 | 3 | 1 | 4 | 2 | 6 | 4 | 3 | 2 | 5 | 0 | 0 | 2 | 2 | 2 | 1 | 1 | 1 | 3 | 0 | 0 | 1 |
58 | Kandhadai, Vijaya Ganapathi | THE UNIVERSITY OF WISCONSIN - MADISON. | 1996 | female | 1 | 0 | 1996 | 14 | 8 | 2001 | 0 | 0 | 0 | 0 | 0 | 1 | 0 | 0 | 0 | 0 | 0 | 0 | 0 | 0 | 0 | 0 | 0 | 0 | 0 | 0 | 0 | 0 | 0 | 0 | 0 | 0 |  0 | 0 | 3 | 0 | 10 | 1 | 3 | 0 | 2 | 1 | 2 | 0 | 0 | 0 | 0 | 0 | 0 | 0 | 0 | 0 | 0 | 0 | 0 | 0 | 0 | 0 |
59 | Opansky, Brian Joseph | UNIVERSITY OF COLORADO AT BOULDER. | 1996 | male | 1 | 0 | 1996 | 2 | 0 | 1996 | 0 | 0 | 0 | 0 | 0 | 1 | 0 | 0 | 0 | 0 | 0 | 0 | 0 | 0 | 0 | 0 | 0 | 0 | 0 | 0 | 0 | 0 | 0 | 0 | 0 | 0 |  0 | 0 | 1 | 0 | 0 | 1 | 0 | 0 | 0 | 0 | 0 | 0 | 0 | 0 | 0 | 0 | 0 | 0 | 0 | 0 | 0 | 0 | 0 | 0 | 0 | 0 |
60 | Payne, Peter Ellis | THE CLAREMONT GRADUATE UNIVERSITY. | 1996 | male | 2 | 0 | 1996 | 2 | 0 | 1996 | 0 | 0 | 0 | 0 | 1 | 1 | 0 | 0 | 0 | 0 | 0 | 0 | 0 | 0 | 0 | 0 | 0 | 0 | 0 | 0 | 0 | 0 | 0 | 0 | 0 | 0 |  0 | 0 | 0 | 0 | 1 | 1 | 0 | 0 | 0 | 0 | 0 | 0 | 0 | 0 | 0 | 0 | 0 | 0 | 0 | 0 | 0 | 0 | 0 | 0 | 0 | 0 |
61 | Reyes-Ruiz, Mauricio | RICE UNIVERSITY. | 1996 | male | 3 | 12 | 2015 | 5 | 30 | 2017 | 0 | 0 | 0 | 0 | 1 | 2 | 1 | 0 | 2 | 1 | 1 | 0 | 0 | 0 | 0 | 0 | 1 | 1 | 0 | 3 | 0 | 1 | 0 | 0 | 1 | 0 |  0 | 0 | 1 | 0 | 2 | 2 | 1 | 0 | 2 | 2 | 1 | 1 | 0 | 1 | 0 | 0 | 1 | 2 | 1 | 4 | 1 | 2 | 1 | 0 | 7 | 2 |
62 | Suzuki, Jeff A. | BOSTON UNIVERSITY. | 1996 | male | 1 | 3 | 2016 | 16 | 74 | 2016 | 0 | 0 | 0 | 0 | 0 | 1 | 0 | 0 | 0 | 0 | 0 | 0 | 0 | 0 | 0 | 0 | 0 | 0 | 0 | 0 | 0 | 1 | 0 | 0 | 1 | 1 |  0 | 0 | 3 | 2 | 6 | 5 | 8 | 3 | 0 | 3 | 10 | 5 | 13 | 3 | 8 | 1 | 1 | 9 | 0 | 0 | 0 | 3 | 3 | 1 | 1 | 2 |
63 | Tamblyn, Peter | THE UNIVERSITY OF ARIZONA. | 1996 | male | 4 | 0 | 1996 | 9 | 10 | 2014 | 0 | 0 | 2 | 0 | 0 | 2 | 0 | 0 | 0 | 0 | 0 | 0 | 0 | 0 | 0 | 0 | 0 | 0 | 0 | 0 | 0 | 0 | 0 | 0 | 0 | 0 |  0 | 0 | 3 | 2 | 0 | 4 | 0 | 1 | 1 | 0 | 0 | 0 | 0 | 0 | 0 | 0 | 1 | 1 | 0 | 2 | 0 | 2 | 1 | 1 | 0 | 0 |
64 | Fang, Yihu | COLUMBIA UNIVERSITY. | 1996 | male | 5 | 2 | 2010 | 7 | 12 | 2017 | 1 | 0 | 0 | 0 | 2 | 2 | 0 | 1 | 0 | 0 | 0 | 0 | 0 | 0 | 0 | 0 | 0 | 0 | 0 | 1 | 0 | 0 | 0 | 0 | 0 | 0 |  1 | 0 | 0 | 2 | 2 | 2 | 0 | 2 | 0 | 1 | 0 | 0 | 0 | 0 | 1 | 0 | 0 | 0 | 0 | 1 | 0 | 0 | 0 | 2 | 1 | 2 |
65 | Kim, Eun-Jin | THE UNIVERSITY OF CHICAGO. | 1996 | female | 2 | 14 | 2011 | 6 | 37 | 2016 | 0 | 0 | 0 | 0 | 0 | 2 | 1 | 0 | 1 | 0 | 2 | 2 | 1 | 1 | 1 | 0 | 2 | 1 | 0 | 1 | 1 | 0 | 0 | 0 | 0 | 0 |  0 | 0 | 0 | 0 | 1 | 5 | 1 | 0 | 1 | 0 | 2 | 2 | 2 | 1 | 2 | 2 | 6 | 4 | 2 | 3 | 1 | 1 | 2 | 2 | 0 | 3 |
66 | Lamkin, Kenneth Lee | UNIVERSITY OF NOTRE DAME. | 1996 | male | 1 | 0 | 1996 | 6 | 0 | 1996 | 0 | 0 | 0 | 0 | 0 | 1 | 0 | 0 | 0 | 0 | 0 | 0 | 0 | 0 | 0 | 0 | 0 | 0 | 0 | 0 | 0 | 0 | 0 | 0 | 0 | 0 |  0 | 1 | 2 | 0 | 2 | 1 | 0 | 0 | 0 | 0 | 0 | 0 | 0 | 0 | 0 | 0 | 0 | 0 | 0 | 0 | 0 | 0 | 0 | 0 | 0 | 0 |
67 | Yancopoulos, Sophia | COLUMBIA UNIVERSITY. | 1996 | female | 2 | 0 | 1996 | 3 | 0 | 1996 | 0 | 0 | 0 | 1 | 0 | 1 | 0 | 0 | 0 | 0 | 0 | 0 | 0 | 0 | 0 | 0 | 0 | 0 | 0 | 0 | 0 | 0 | 0 | 0 | 0 | 0 |  0 | 1 | 0 | 1 | 0 | 1 | 0 | 0 | 0 | 0 | 0 | 0 | 0 | 0 | 0 | 0 | 0 | 0 | 0 | 0 | 0 | 0 | 0 | 0 | 0 | 0 |
68 | Lyons, James Richard | CALIFORNIA INSTITUTE OF TECHNOLOGY. | 1996 | male | 4 | 13 | 2014 | 5 | 31 | 2017 | 0 | 1 | 0 | 0 | 1 | 2 | 0 | 0 | 1 | 0 | 1 | 0 | 2 | 0 | 4 | 0 | 1 | 1 | 2 | 0 | 0 | 0 | 0 | 1 | 0 | 0 |  0 | 1 | 1 | 0 | 1 | 2 | 0 | 1 | 1 | 0 | 1 | 0 | 3 | 0 | 5 | 1 | 3 | 2 | 4 | 0 | 0 | 1 | 3 | 3 | 0 | 2 |
69 | Putney, Angela | CALIFORNIA INSTITUTE OF TECHNOLOGY. | 1996 | female | 5 | 1 | 1997 | 8 | 1 | 1997 | 0 | 0 | 0 | 0 | 3 | 2 | 1 | 0 | 0 | 0 | 0 | 0 | 0 | 0 | 0 | 0 | 0 | 0 | 0 | 0 | 0 | 0 | 0 | 0 | 0 | 0 |  1 | 0 | 1 | 0 | 4 | 2 | 1 | 0 | 0 | 0 | 0 | 0 | 0 | 0 | 0 | 0 | 0 | 0 | 0 | 0 | 0 | 0 | 0 | 0 | 0 | 0 |
70 | Riess, Adam Guy | HARVARD UNIVERSITY. | 1996 | male | 5 | 26 | 2016 | 7 | 164 | 2017 | 0 | 0 | 0 | 0 | 2 | 3 | 2 | 2 | 4 | 2 | 1 | 0 | 0 | 2 | 1 | 1 | 1 | 0 | 2 | 1 | 2 | 3 | 0 | 1 | 0 | 1 |  0 | 0 | 0 | 1 | 2 | 4 | 2 | 7 | 8 | 5 | 7 | 4 | 4 | 8 | 7 | 7 | 7 | 10 | 8 | 11 | 8 | 15 | 7 | 13 | 12 | 13 |
71 | Smith, Randall Knowles | THE UNIVERSITY OF WISCONSIN - MADISON. | 1996 | male | 2 | 41 | 2016 | 7 | 172 | 2017 | 0 | 0 | 0 | 0 | 0 | 2 | 0 | 2 | 0 | 1 | 3 | 1 | 0 | 0 | 1 | 2 | 2 | 4 | 4 | 3 | 3 | 5 | 5 | 2 | 2 | 1 |  0 | 1 | 1 | 0 | 1 | 4 | 0 | 4 | 3 | 2 | 8 | 4 | 4 | 7 | 5 | 7 | 6 | 8 | 11 | 9 | 13 | 16 | 17 | 11 | 12 | 18 |
72 | Tarkenton, Grey Mckaughan | THE UNIVERSITY OF TEXAS AT AUSTIN. | 1996 | male | 1 | 0 | 1996 | 1 | 0 | 1996 | 0 | 0 | 0 | 0 | 0 | 1 | 0 | 0 | 0 | 0 | 0 | 0 | 0 | 0 | 0 | 0 | 0 | 0 | 0 | 0 | 0 | 0 | 0 | 0 | 0 | 0 |  0 | 0 | 0 | 0 | 0 | 1 | 0 | 0 | 0 | 0 | 0 | 0 | 0 | 0 | 0 | 0 | 0 | 0 | 0 | 0 | 0 | 0 | 0 | 0 | 0 | 0 |
73 | Grama, Ananth Y. | UNIVERSITY OF MINNESOTA. | 1996 | male | 1 | 0 | 1996 | 1 | 0 | 1996 | 0 | 0 | 0 | 0 | 0 | 1 | 0 | 0 | 0 | 0 | 0 | 0 | 0 | 0 | 0 | 0 | 0 | 0 | 0 | 0 | 0 | 0 | 0 | 0 | 0 | 0 |  0 | 0 | 0 | 0 | 0 | 1 | 0 | 0 | 0 | 0 | 0 | 0 | 0 | 0 | 0 | 0 | 0 | 0 | 0 | 0 | 0 | 0 | 0 | 0 | 0 | 0 |
74 | Hillis, Neil Alan | UNIVERSITY OF CALIFORNIA, IRVINE. | 1996 | male | 1 | 0 | 1996 | 1 | 0 | 1996 | 0 | 0 | 0 | 0 | 0 | 1 | 0 | 0 | 0 | 0 | 0 | 0 | 0 | 0 | 0 | 0 | 0 | 0 | 0 | 0 | 0 | 0 | 0 | 0 | 0 | 0 |  0 | 0 | 0 | 0 | 0 | 1 | 0 | 0 | 0 | 0 | 0 | 0 | 0 | 0 | 0 | 0 | 0 | 0 | 0 | 0 | 0 | 0 | 0 | 0 | 0 | 0 |
75 | Kane, Brian Douglas | Phillips Laboratory/GPOB, 29 Randolph Road, Hanscom AFB, MA 01731, USA | 1996 | male | 4 | 1 | 1997 | 5 | 2 | 1998 | 0 | 0 | 1 | 1 | 1 | 1 | 1 | 0 | 0 | 0 | 0 | 0 | 0 | 0 | 0 | 0 | 0 | 0 | 0 | 0 | 0 | 0 | 0 | 0 | 0 | 0 |  1 | 0 | 1 | 1 | 1 | 1 | 1 | 1 | 0 | 0 | 0 | 0 | 0 | 0 | 0 | 0 | 0 | 0 | 0 | 0 | 0 | 0 | 0 | 0 | 0 | 0 |
76 | Azzam, Walid Jamil | STANFORD UNIVERSITY. | 1996 | male | 1 | 7 | 2016 | 1 | 11 | 2016 | 0 | 0 | 0 | 0 | 0 | 1 | 0 | 0 | 0 | 0 | 0 | 0 | 0 | 0 | 0 | 2 | 0 | 0 | 1 | 0 | 1 | 1 | 1 | 0 | 0 | 1 |  0 | 0 | 0 | 0 | 0 | 1 | 0 | 0 | 0 | 0 | 0 | 0 | 0 | 0 | 0 | 2 | 1 | 0 | 1 | 0 | 1 | 1 | 1 | 1 | 1 | 2 |
77 | Barry, Donald James | GEORGIA STATE UNIVERSITY. | 1996 | male | 1 | 1 | 2002 | 6 | 36 | 2016 | 0 | 0 | 0 | 0 | 0 | 1 | 0 | 0 | 0 | 0 | 0 | 1 | 0 | 0 | 0 | 0 | 0 | 0 | 0 | 0 | 0 | 0 | 0 | 0 | 0 | 0 |  0 | 1 | 1 | 0 | 0 | 4 | 1 | 0 | 1 | 0 | 2 | 1 | 0 | 10 | 5 | 0 | 4 | 2 | 0 | 1 | 3 | 3 | 0 | 1 | 1 | 1 |
78 | Carini, Paolo | STANFORD UNIVERSITY. | 1996 | male | 3 | 0 | 1996 | 6 | 2 | 1997 | 1 | 1 | 0 | 0 | 0 | 1 | 0 | 0 | 0 | 0 | 0 | 0 | 0 | 0 | 0 | 0 | 0 | 0 | 0 | 0 | 0 | 0 | 0 | 0 | 0 | 0 |  1 | 2 | 0 | 1 | 1 | 1 | 2 | 0 | 0 | 0 | 0 | 0 | 0 | 0 | 0 | 0 | 0 | 0 | 0 | 0 | 0 | 0 | 0 | 0 | 0 | 0 |
79 | Dehner, Benjamin T. | IOWA STATE UNIVERSITY. | 1996 | male | 2 | 0 | 1996 | 3 | 0 | 1996 | 0 | 0 | 0 | 0 | 1 | 1 | 0 | 0 | 0 | 0 | 0 | 0 | 0 | 0 | 0 | 0 | 0 | 0 | 0 | 0 | 0 | 0 | 0 | 0 | 0 | 0 |  0 | 0 | 0 | 0 | 1 | 2 | 0 | 0 | 0 | 0 | 0 | 0 | 0 | 0 | 0 | 0 | 0 | 0 | 0 | 0 | 0 | 0 | 0 | 0 | 0 | 0 |
80 | Ferrarese, Laura | THE JOHNS HOPKINS UNIVERSITY. | 1996 | female | 5 | 16 | 2016 | 17 | 146 | 2017 | 0 | 0 | 0 | 1 | 0 | 4 | 1 | 1 | 1 | 3 | 1 | 1 | 2 | 0 | 1 | 2 | 1 | 0 | 0 | 0 | 0 | 1 | 0 | 0 | 0 | 1 |  0 | 0 | 2 | 6 | 1 | 8 | 4 | 9 | 10 | 9 | 6 | 1 | 2 | 9 | 6 | 8 | 8 | 6 | 4 | 7 | 4 | 7 | 7 | 10 | 11 | 15 |
81 | Vasisht, Gautam | California Institute of Technology | 1996 | male | 4 | 3 | 2000 | 9 | 69 | 2017 | 0 | 0 | 0 | 1 | 1 | 2 | 2 | 0 | 0 | 1 | 0 | 0 | 0 | 0 | 0 | 0 | 0 | 0 | 0 | 0 | 0 | 0 | 0 | 0 | 0 | 0 |  0 | 0 | 2 | 2 | 3 | 2 | 4 | 2 | 4 | 3 | 3 | 2 | 3 | 0 | 3 | 1 | 0 | 2 | 4 | 6 | 4 | 7 | 4 | 1 | 8 | 6 |
82 | Shelton, Robin Lynn | THE UNIVERSITY OF WISCONSIN - MADISON. | 1996 | male | 2 | 15 | 2012 | 2 | 55 | 2017 | 0 | 0 | 0 | 1 | 0 | 1 | 0 | 2 | 2 | 0 | 1 | 1 | 1 | 2 | 0 | 1 | 1 | 0 | 2 | 1 | 0 | 1 | 0 | 0 | 0 | 0 |  0 | 0 | 0 | 1 | 0 | 1 | 0 | 3 | 3 | 3 | 3 | 3 | 1 | 4 | 1 | 2 | 3 | 1 | 7 | 6 | 1 | 3 | 1 | 4 | 4 | 1 |
83 | Cherdack, Robert Neil | COLUMBIA UNIVERSITY. | 1996 | male | 1 | 0 | 1996 | 1 | 0 | 1996 | 0 | 0 | 0 | 0 | 0 | 1 | 0 | 0 | 0 | 0 | 0 | 0 | 0 | 0 | 0 | 0 | 0 | 0 | 0 | 0 | 0 | 0 | 0 | 0 | 0 | 0 |  0 | 0 | 0 | 0 | 0 | 1 | 0 | 0 | 0 | 0 | 0 | 0 | 0 | 0 | 0 | 0 | 0 | 0 | 0 | 0 | 0 | 0 | 0 | 0 | 0 | 0 |
84 | Fowler, James Robert | THE UNIVERSITY OF CHICAGO. | 1996 | male | 1 | 0 | 1996 | 2 | 10 | 2015 | 0 | 0 | 0 | 0 | 0 | 1 | 0 | 0 | 0 | 0 | 0 | 0 | 0 | 0 | 0 | 0 | 0 | 0 | 0 | 0 | 0 | 0 | 0 | 0 | 0 | 0 |  0 | 1 | 0 | 0 | 0 | 1 | 1 | 1 | 0 | 0 | 0 | 0 | 0 | 0 | 0 | 2 | 1 | 0 | 0 | 0 | 1 | 1 | 1 | 1 | 1 | 0 |
85 | Kargatis, Vincent Emanuel | RICE UNIVERSITY. | 1996 | male | 4 | 0 | 1996 | 6 | 0 | 1996 | 0 | 0 | 0 | 2 | 1 | 1 | 0 | 0 | 0 | 0 | 0 | 0 | 0 | 0 | 0 | 0 | 0 | 0 | 0 | 0 | 0 | 0 | 0 | 0 | 0 | 0 |  0 | 0 | 0 | 3 | 1 | 2 | 0 | 0 | 0 | 0 | 0 | 0 | 0 | 0 | 0 | 0 | 0 | 0 | 0 | 0 | 0 | 0 | 0 | 0 | 0 | 0 |
86 | Mbonye, Manasse Rwabuzisoni | THE UNIVERSITY OF CONNECTICUT. | 1996 | male | 1 | 7 | 2012 | 1 | 11 | 2017 | 0 | 0 | 0 | 0 | 0 | 1 | 0 | 0 | 1 | 0 | 0 | 0 | 1 | 2 | 1 | 0 | 0 | 1 | 0 | 0 | 0 | 1 | 0 | 0 | 0 | 0 |  0 | 0 | 0 | 0 | 0 | 1 | 0 | 1 | 2 | 0 | 0 | 0 | 2 | 2 | 1 | 0 | 0 | 1 | 0 | 0 | 0 | 1 | 0 | 0 | 0 | 0 |
87 | Hajian, Arsen Rosdom | CORNELL UNIVERSITY. | 1996 | male | 7 | 6 | 2007 | 11 | 39 | 2016 | 0 | 0 | 1 | 0 | 2 | 4 | 2 | 1 | 0 | 0 | 1 | 0 | 0 | 0 | 0 | 0 | 2 | 0 | 0 | 0 | 0 | 0 | 0 | 0 | 0 | 0 |  0 | 0 | 2 | 1 | 2 | 6 | 4 | 3 | 2 | 3 | 5 | 2 | 3 | 3 | 1 | 3 | 2 | 0 | 1 | 2 | 2 | 0 | 1 | 1 | 0 | 1 |
88 | Shorey, Peter A. | UNIVERSITY OF MAINE. | 1996 | male | 1 | 0 | 1996 | 1 | 1 | 1997 | 0 | 0 | 0 | 0 | 0 | 1 | 0 | 0 | 0 | 0 | 0 | 0 | 0 | 0 | 0 | 0 | 0 | 0 | 0 | 0 | 0 | 0 | 0 | 0 | 0 | 0 |  0 | 0 | 0 | 0 | 0 | 1 | 1 | 0 | 0 | 0 | 0 | 0 | 0 | 0 | 0 | 0 | 0 | 0 | 0 | 0 | 0 | 0 | 0 | 0 | 0 | 0 |
89 | Kuhn, Olga Patricia | HARVARD UNIVERSITY. | 1996 | female | 2 | 2 | 2004 | 5 | 12 | 2012 | 0 | 0 | 0 | 0 | 1 | 1 | 0 | 0 | 0 | 0 | 1 | 0 | 0 | 1 | 0 | 0 | 0 | 0 | 0 | 0 | 0 | 0 | 0 | 0 | 0 | 0 |  0 | 0 | 0 | 2 | 2 | 1 | 0 | 0 | 2 | 0 | 1 | 0 | 1 | 2 | 0 | 1 | 1 | 1 | 1 | 0 | 1 | 1 | 0 | 0 | 0 | 0 |
90 | Ivezic, Zeljko | UNIVERSITY OF KENTUCKY. | 1996 | male | 2 | 23 | 2010 | 5 | 304 | 2017 | 0 | 0 | 0 | 0 | 1 | 1 | 2 | 2 | 1 | 0 | 0 | 0 | 0 | 8 | 8 | 0 | 0 | 1 | 0 | 1 | 0 | 0 | 0 | 0 | 0 | 0 |  0 | 0 | 1 | 0 | 1 | 3 | 7 | 3 | 2 | 16 | 27 | 32 | 27 | 35 | 27 | 14 | 14 | 20 | 9 | 19 | 12 | 14 | 7 | 9 | 5 | 4 |
91 | Katsavounidis, Erotokritos C. | CALIFORNIA INSTITUTE OF TECHNOLOGY. | 1996 | male | 1 | 0 | 1996 | 12 | 186 | 2017 | 0 | 0 | 0 | 0 | 0 | 1 | 0 | 0 | 0 | 0 | 0 | 0 | 0 | 0 | 0 | 0 | 0 | 0 | 0 | 0 | 0 | 0 | 0 | 0 | 0 | 0 |  0 | 4 | 1 | 3 | 2 | 2 | 6 | 3 | 5 | 1 | 1 | 2 | 6 | 9 | 10 | 3 | 8 | 19 | 14 | 10 | 7 | 16 | 8 | 13 | 6 | 27 |
92 | Lubecke, Victor Manuel | CALIFORNIA INSTITUTE OF TECHNOLOGY. | 1996 | male | 1 | 0 | 1996 | 1 | 0 | 1996 | 0 | 0 | 0 | 0 | 0 | 1 | 0 | 0 | 0 | 0 | 0 | 0 | 0 | 0 | 0 | 0 | 0 | 0 | 0 | 0 | 0 | 0 | 0 | 0 | 0 | 0 |  0 | 0 | 0 | 0 | 0 | 1 | 0 | 0 | 0 | 0 | 0 | 0 | 0 | 0 | 0 | 0 | 0 | 0 | 0 | 0 | 0 | 0 | 0 | 0 | 0 | 0 |
93 | Montes, Marcos Jordan | STANFORD UNIVERSITY. | 1996 | male | 2 | 5 | 2014 | 3 | 14 | 2014 | 0 | 0 | 0 | 0 | 1 | 1 | 2 | 1 | 0 | 1 | 0 | 0 | 0 | 0 | 0 | 0 | 0 | 0 | 0 | 0 | 0 | 0 | 0 | 1 | 0 | 0 |  0 | 0 | 1 | 0 | 1 | 1 | 2 | 3 | 1 | 1 | 2 | 1 | 2 | 0 | 0 | 0 | 0 | 0 | 0 | 0 | 1 | 0 | 0 | 1 | 0 | 0 |
94 | Gladman, Brett James | CORNELL UNIVERSITY. | 1996 | male | 7 | 21 | 2012 | 7 | 97 | 2017 | 1 | 0 | 1 | 0 | 1 | 4 | 3 | 3 | 0 | 3 | 2 | 1 | 0 | 0 | 2 | 1 | 0 | 1 | 3 | 1 | 0 | 1 | 0 | 0 | 0 | 0 |  1 | 0 | 1 | 0 | 1 | 4 | 5 | 6 | 1 | 6 | 3 | 3 | 2 | 4 | 5 | 7 | 4 | 6 | 6 | 5 | 4 | 7 | 4 | 1 | 4 | 7 |
95 | Hansen, Bradley Miles Stougaard | CALIFORNIA INSTITUTE OF TECHNOLOGY. | 1996 | male | 1 | 9 | 2017 | 2 | 29 | 2017 | 0 | 0 | 0 | 0 | 0 | 1 | 1 | 2 | 1 | 0 | 0 | 0 | 0 | 0 | 0 | 0 | 0 | 0 | 0 | 0 | 0 | 0 | 1 | 1 | 2 | 0 |  0 | 0 | 1 | 0 | 0 | 1 | 1 | 4 | 1 | 0 | 1 | 0 | 2 | 2 | 1 | 2 | 2 | 4 | 0 | 0 | 1 | 1 | 1 | 2 | 2 | 1 |
96 | Kennefick, Julia Dusk | CALIFORNIA INSTITUTE OF TECHNOLOGY. | 1996 | female | 4 | 2 | 2008 | 4 | 15 | 2016 | 0 | 0 | 0 | 0 | 2 | 2 | 1 | 0 | 0 | 0 | 0 | 0 | 0 | 0 | 0 | 0 | 0 | 1 | 0 | 0 | 0 | 0 | 0 | 0 | 0 | 0 |  0 | 0 | 0 | 0 | 2 | 2 | 1 | 1 | 1 | 0 | 0 | 1 | 0 | 0 | 0 | 0 | 0 | 3 | 0 | 0 | 1 | 2 | 2 | 1 | 1 | 1 |
97 | Leonard, Richard Edward | THE OHIO STATE UNIVERSITY. | 1996 | male | 2 | 0 | 1996 | 2 | 1 | 1998 | 0 | 0 | 0 | 0 | 0 | 2 | 0 | 0 | 0 | 0 | 0 | 0 | 0 | 0 | 0 | 0 | 0 | 0 | 0 | 0 | 0 | 0 | 0 | 0 | 0 | 0 |  0 | 0 | 0 | 0 | 0 | 2 | 0 | 1 | 0 | 0 | 0 | 0 | 0 | 0 | 0 | 0 | 0 | 0 | 0 | 0 | 0 | 0 | 0 | 0 | 0 | 0 |
98 | Mallozzi, Robert S. | UNIVERSITY OF ALABAMA IN HUNTSVILLE. | 1996 | male | 3 | 1 | 2000 | 14 | 12 | 2013 | 0 | 0 | 0 | 0 | 1 | 2 | 0 | 0 | 0 | 1 | 0 | 0 | 0 | 0 | 0 | 0 | 0 | 0 | 0 | 0 | 0 | 0 | 0 | 0 | 0 | 0 |  0 | 0 | 0 | 4 | 3 | 7 | 1 | 2 | 2 | 5 | 0 | 1 | 0 | 0 | 0 | 0 | 0 | 0 | 0 | 0 | 0 | 0 | 1 | 0 | 0 | 0 |
99 | Powell, John Morgan | BRIGHAM YOUNG UNIVERSITY. | 1996 | male | 2 | 1 | 2001 | 5 | 56 | 2017 | 0 | 0 | 0 | 0 | 1 | 1 | 0 | 0 | 0 | 0 | 1 | 0 | 0 | 0 | 0 | 0 | 0 | 0 | 0 | 0 | 0 | 0 | 0 | 0 | 0 | 0 |  0 | 0 | 0 | 1 | 2 | 2 | 1 | 2 | 0 | 0 | 2 | 1 | 0 | 0 | 0 | 0 | 0 | 0 | 0 | 0 | 0 | 0 | 0 | 9 | 4 | 27 |
100 | Baganoff, Frederick Keith | UNIVERSITY OF CALIFORNIA, LOS ANGELES. | 1996 | male | 2 | 2 | 2003 | 8 | 62 | 2017 | 0 | 0 | 0 | 0 | 1 | 1 | 0 | 0 | 0 | 0 | 1 | 0 | 1 | 0 | 0 | 0 | 0 | 0 | 0 | 0 | 0 | 0 | 0 | 0 | 0 | 0 |  0 | 1 | 1 | 0 | 4 | 2 | 0 | 2 | 0 | 1 | 2 | 1 | 5 | 5 | 6 | 3 | 2 | 5 | 2 | 3 | 1 | 2 | 6 | 6 | 5 | 3 |
101 | Maldacena, Juan Martin | PRINCETON UNIVERSITY. | 1996 | male | 2 | 15 | 2016 | 6 | 26 | 2016 | 0 | 0 | 0 | 0 | 0 | 2 | 5 | 3 | 1 | 1 | 0 | 0 | 1 | 1 | 0 | 0 | 0 | 0 | 0 | 0 | 1 | 0 | 1 | 0 | 0 | 1 |  0 | 0 | 0 | 0 | 0 | 6 | 6 | 5 | 1 | 2 | 0 | 0 | 2 | 1 | 0 | 1 | 0 | 0 | 0 | 0 | 1 | 0 | 1 | 1 | 1 | 4 |
102 | Pachoulakis, Ioannis | UNIVERSITY OF PENNSYLVANIA. | 1996 | male | 3 | 0 | 1996 | 11 | 2 | 1998 | 0 | 0 | 0 | 0 | 0 | 3 | 0 | 0 | 0 | 0 | 0 | 0 | 0 | 0 | 0 | 0 | 0 | 0 | 0 | 0 | 0 | 0 | 0 | 0 | 0 | 0 |  0 | 1 | 2 | 2 | 1 | 5 | 1 | 1 | 0 | 0 | 0 | 0 | 0 | 0 | 0 | 0 | 0 | 0 | 0 | 0 | 0 | 0 | 0 | 0 | 0 | 0 |
103 | Afflerbach, Andrew Lee | THE UNIVERSITY OF WISCONSIN - MADISON. | 1996 | male | 3 | 1 | 1997 | 3 | 1 | 1997 | 0 | 0 | 0 | 1 | 0 | 2 | 1 | 0 | 0 | 0 | 0 | 0 | 0 | 0 | 0 | 0 | 0 | 0 | 0 | 0 | 0 | 0 | 0 | 0 | 0 | 0 |  0 | 0 | 0 | 1 | 0 | 2 | 1 | 0 | 0 | 0 | 0 | 0 | 0 | 0 | 0 | 0 | 0 | 0 | 0 | 0 | 0 | 0 | 0 | 0 | 0 | 0 |
104 | Buchholz, James Richard | UNIVERSITY OF CALIFORNIA, RIVERSIDE. | 1996 | male | 1 | 0 | 1996 | 2 | 1 | 2004 | 0 | 0 | 0 | 0 | 0 | 1 | 0 | 0 | 0 | 0 | 0 | 0 | 0 | 0 | 0 | 0 | 0 | 0 | 0 | 0 | 0 | 0 | 0 | 0 | 0 | 0 |  0 | 0 | 1 | 0 | 0 | 1 | 0 | 0 | 0 | 0 | 0 | 0 | 0 | 1 | 0 | 0 | 0 | 0 | 0 | 0 | 0 | 0 | 0 | 0 | 0 | 0 |
105 | Collins, Charles Aloysius | MASSACHUSETTS INSTITUTE OF TECHNOLOGY. | 1996 | male | 4 | 4 | 2000 | 20 | 75 | 2016 | 0 | 1 | 0 | 0 | 1 | 2 | 1 | 1 | 1 | 1 | 0 | 0 | 0 | 0 | 0 | 0 | 0 | 0 | 0 | 0 | 0 | 0 | 0 | 0 | 0 | 0 |  1 | 3 | 2 | 5 | 5 | 4 | 7 | 6 | 6 | 6 | 3 | 6 | 4 | 8 | 4 | 1 | 2 | 2 | 2 | 2 | 3 | 1 | 2 | 1 | 2 | 7 |
106 | Depree, Christopher Gordon | THE UNIVERSITY OF NORTH CAROLINA AT CHAPEL HILL. | 1996 | male | 1 | 0 | 1996 | 3 | 2 | 2005 | 0 | 0 | 0 | 0 | 0 | 1 | 0 | 0 | 0 | 0 | 0 | 0 | 0 | 0 | 0 | 0 | 0 | 0 | 0 | 0 | 0 | 0 | 0 | 0 | 0 | 0 |  0 | 0 | 0 | 0 | 1 | 2 | 0 | 0 | 0 | 1 | 0 | 0 | 0 | 0 | 1 | 0 | 0 | 0 | 0 | 0 | 0 | 0 | 0 | 0 | 0 | 0 |
107 | Ferrera, Antonio | TUFTS UNIVERSITY. | 1996 | male | 3 | 2 | 1999 | 3 | 4 | 2008 | 0 | 0 | 0 | 0 | 1 | 2 | 0 | 1 | 1 | 0 | 0 | 0 | 0 | 0 | 0 | 0 | 0 | 0 | 0 | 0 | 0 | 0 | 0 | 0 | 0 | 0 |  0 | 0 | 0 | 0 | 1 | 2 | 0 | 1 | 1 | 0 | 1 | 0 | 0 | 0 | 0 | 0 | 0 | 1 | 0 | 0 | 0 | 0 | 0 | 0 | 0 | 0 |
108 | Gaffney, Niall Ives | THE UNIVERSITY OF TEXAS AT AUSTIN. | 1996 | male | 4 | 0 | 1996 | 8 | 1 | 2007 | 0 | 1 | 1 | 0 | 1 | 1 | 0 | 0 | 0 | 0 | 0 | 0 | 0 | 0 | 0 | 0 | 0 | 0 | 0 | 0 | 0 | 0 | 0 | 0 | 0 | 0 |  0 | 2 | 2 | 1 | 2 | 1 | 0 | 0 | 0 | 0 | 0 | 0 | 0 | 0 | 0 | 0 | 1 | 0 | 0 | 0 | 0 | 0 | 0 | 0 | 0 | 0 |
109 | Lebach, Daniel Eugene | HARVARD UNIVERSITY. | 1996 | male | 2 | 2 | 2012 | 4 | 14 | 2015 | 0 | 0 | 0 | 0 | 1 | 1 | 0 | 0 | 1 | 0 | 0 | 0 | 0 | 0 | 0 | 0 | 0 | 0 | 0 | 0 | 0 | 1 | 0 | 0 | 0 | 0 |  0 | 0 | 0 | 0 | 1 | 3 | 0 | 0 | 1 | 0 | 0 | 1 | 1 | 1 | 1 | 0 | 0 | 0 | 0 | 0 | 0 | 7 | 0 | 0 | 2 | 0 |
110 | Marcus, David Alan | ARIZONA STATE UNIVERSITY. | 1996 | male | 1 | 1 | 1997 | 1 | 1 | 1997 | 0 | 0 | 0 | 0 | 0 | 1 | 1 | 0 | 0 | 0 | 0 | 0 | 0 | 0 | 0 | 0 | 0 | 0 | 0 | 0 | 0 | 0 | 0 | 0 | 0 | 0 |  0 | 0 | 0 | 0 | 0 | 1 | 1 | 0 | 0 | 0 | 0 | 0 | 0 | 0 | 0 | 0 | 0 | 0 | 0 | 0 | 0 | 0 | 0 | 0 | 0 | 0 |
111 | Petruzzo, Joseph James, III | UNIVERSITY OF ALABAMA IN HUNTSVILLE. | 1996 | male | 2 | 0 | 1996 | 2 | 0 | 1996 | 0 | 0 | 0 | 0 | 1 | 1 | 0 | 0 | 0 | 0 | 0 | 0 | 0 | 0 | 0 | 0 | 0 | 0 | 0 | 0 | 0 | 0 | 0 | 0 | 0 | 0 |  0 | 0 | 0 | 0 | 1 | 1 | 0 | 0 | 0 | 0 | 0 | 0 | 0 | 0 | 0 | 0 | 0 | 0 | 0 | 0 | 0 | 0 | 0 | 0 | 0 | 0 |
112 | Richman, Hayley Renee | COLUMBIA UNIVERSITY. | 1996 | female | 4 | 0 | 1996 | 5 | 2 | 1998 | 1 | 0 | 0 | 1 | 0 | 2 | 0 | 0 | 0 | 0 | 0 | 0 | 0 | 0 | 0 | 0 | 0 | 0 | 0 | 0 | 0 | 0 | 0 | 0 | 0 | 0 |  2 | 0 | 0 | 1 | 0 | 2 | 0 | 2 | 0 | 0 | 0 | 0 | 0 | 0 | 0 | 0 | 0 | 0 | 0 | 0 | 0 | 0 | 0 | 0 | 0 | 0 |
113 | Stergioulas, Nikolaos | THE UNIVERSITY OF WISCONSIN - MILWAUKEE. | 1996 | male | 2 | 11 | 2014 | 2 | 69 | 2016 | 0 | 0 | 0 | 0 | 1 | 1 | 0 | 2 | 1 | 1 | 1 | 0 | 1 | 1 | 0 | 0 | 0 | 0 | 1 | 0 | 2 | 0 | 0 | 1 | 0 | 0 |  0 | 0 | 0 | 0 | 1 | 1 | 1 | 3 | 4 | 4 | 6 | 4 | 1 | 3 | 1 | 2 | 3 | 1 | 2 | 1 | 8 | 2 | 5 | 10 | 3 | 5 |
114 | Wirth, Gregory David | UNIVERSITY OF CALIFORNIA, SANTA CRUZ. | 1996 | male | 2 | 4 | 2015 | 7 | 20 | 2016 | 0 | 0 | 0 | 1 | 0 | 1 | 1 | 0 | 0 | 0 | 0 | 0 | 0 | 2 | 0 | 0 | 0 | 0 | 0 | 0 | 0 | 0 | 0 | 0 | 1 | 0 |  1 | 1 | 0 | 3 | 1 | 1 | 2 | 0 | 1 | 5 | 1 | 1 | 0 | 2 | 0 | 0 | 0 | 0 | 1 | 0 | 1 | 0 | 1 | 2 | 2 | 1 |
115 | Swain, Mark Raboin | THE UNIVERSITY OF ROCHESTER. | 1996 | male | 1 | 12 | 2014 | 1 | 47 | 2017 | 0 | 0 | 0 | 0 | 0 | 1 | 0 | 2 | 1 | 0 | 0 | 0 | 1 | 0 | 0 | 1 | 0 | 2 | 2 | 1 | 0 | 0 | 1 | 1 | 0 | 0 |  0 | 0 | 0 | 0 | 0 | 1 | 0 | 2 | 1 | 0 | 1 | 1 | 2 | 1 | 3 | 2 | 2 | 4 | 3 | 7 | 0 | 5 | 2 | 4 | 3 | 3 |
116 | Werner, Robert Allen | THE UNIVERSITY OF TEXAS AT AUSTIN. | 1996 | male | 3 | 14 | 2012 | 4 | 29 | 2012 | 0 | 0 | 0 | 1 | 0 | 2 | 1 | 0 | 0 | 0 | 0 | 0 | 1 | 0 | 2 | 3 | 1 | 1 | 1 | 0 | 1 | 3 | 0 | 0 | 0 | 0 |  0 | 0 | 0 | 1 | 0 | 3 | 1 | 0 | 0 | 2 | 0 | 0 | 3 | 0 | 5 | 7 | 2 | 3 | 2 | 0 | 1 | 3 | 0 | 0 | 0 | 0 |
117 | Hersh, Benjamin Vaughn Augustine | UNIVERSITY OF NEW HAMPSHIRE. | 1996 | male | 1 | 0 | 1996 | 2 | 0 | 1996 | 0 | 0 | 0 | 0 | 0 | 1 | 0 | 0 | 0 | 0 | 0 | 0 | 0 | 0 | 0 | 0 | 0 | 0 | 0 | 0 | 0 | 0 | 0 | 0 | 0 | 0 |  0 | 0 | 0 | 0 | 0 | 2 | 0 | 0 | 0 | 0 | 0 | 0 | 0 | 0 | 0 | 0 | 0 | 0 | 0 | 0 | 0 | 0 | 0 | 0 | 0 | 0 |
118 | Kalligas, Dimitri George | STANFORD UNIVERSITY. | 1996 | male | 4 | 0 | 1996 | 7 | 3 | 1998 | 0 | 1 | 0 | 0 | 2 | 1 | 0 | 0 | 0 | 0 | 0 | 0 | 0 | 0 | 0 | 0 | 0 | 0 | 0 | 0 | 0 | 0 | 0 | 0 | 0 | 0 |  0 | 1 | 0 | 0 | 4 | 2 | 1 | 2 | 0 | 0 | 0 | 0 | 0 | 0 | 0 | 0 | 0 | 0 | 0 | 0 | 0 | 0 | 0 | 0 | 0 | 0 |
119 | Boisseau, John Richelieu | THE UNIVERSITY OF TEXAS AT AUSTIN. | 1996 | male | 3 | 0 | 1996 | 5 | 0 | 1996 | 1 | 0 | 0 | 0 | 0 | 2 | 0 | 0 | 0 | 0 | 0 | 0 | 0 | 0 | 0 | 0 | 0 | 0 | 0 | 0 | 0 | 0 | 0 | 0 | 0 | 0 |  1 | 0 | 1 | 0 | 0 | 3 | 0 | 0 | 0 | 0 | 0 | 0 | 0 | 0 | 0 | 0 | 0 | 0 | 0 | 0 | 0 | 0 | 0 | 0 | 0 | 0 |
120 | Casper, Paul Henry | THE UNIVERSITY OF WISCONSIN - MILWAUKEE. | 1996 | male | 2 | 0 | 1996 | 6 | 0 | 1996 | 0 | 0 | 0 | 0 | 1 | 1 | 0 | 0 | 0 | 0 | 0 | 0 | 0 | 0 | 0 | 0 | 0 | 0 | 0 | 0 | 0 | 0 | 0 | 0 | 0 | 0 |  0 | 0 | 0 | 2 | 2 | 2 | 0 | 0 | 0 | 0 | 0 | 0 | 0 | 0 | 0 | 0 | 0 | 0 | 0 | 0 | 0 | 0 | 0 | 0 | 0 | 0 |
121 | Penny, Laura R. | GEORGIA STATE UNIVERSITY. | 1996 | female | 5 | 10 | 2016 | 9 | 23 | 2016 | 0 | 0 | 2 | 0 | 0 | 3 | 3 | 0 | 1 | 0 | 1 | 1 | 0 | 1 | 0 | 0 | 0 | 1 | 1 | 0 | 0 | 0 | 0 | 0 | 0 | 1 |  0 | 0 | 4 | 0 | 1 | 4 | 6 | 2 | 2 | 0 | 2 | 4 | 0 | 1 | 0 | 0 | 0 | 2 | 1 | 0 | 0 | 1 | 0 | 1 | 0 | 1 |
122 | Sayer, Ronald Winston | PRINCETON UNIVERSITY. | 1996 | male | 2 | 1 | 1997 | 3 | 2 | 1997 | 0 | 0 | 0 | 0 | 0 | 2 | 1 | 0 | 0 | 0 | 0 | 0 | 0 | 0 | 0 | 0 | 0 | 0 | 0 | 0 | 0 | 0 | 0 | 0 | 0 | 0 |  0 | 0 | 0 | 0 | 0 | 3 | 2 | 0 | 0 | 0 | 0 | 0 | 0 | 0 | 0 | 0 | 0 | 0 | 0 | 0 | 0 | 0 | 0 | 0 | 0 | 0 |
123 | Halasinski, Thomas Michael | MICHIGAN STATE UNIVERSITY. | 1996 | male | 1 | 1 | 2005 | 1 | 2 | 2005 | 0 | 0 | 0 | 0 | 0 | 1 | 0 | 0 | 0 | 0 | 0 | 0 | 0 | 0 | 1 | 0 | 0 | 0 | 0 | 0 | 0 | 0 | 0 | 0 | 0 | 0 |  0 | 0 | 0 | 0 | 0 | 1 | 0 | 0 | 0 | 0 | 0 | 1 | 0 | 0 | 1 | 0 | 0 | 0 | 0 | 0 | 0 | 0 | 0 | 0 | 0 | 0 |
124 | Koshut, Thomas Michael | UNIVERSITY OF ALABAMA IN HUNTSVILLE. | 1996 | male | 3 | 1 | 1998 | 13 | 10 | 2002 | 0 | 0 | 0 | 0 | 1 | 2 | 0 | 1 | 0 | 0 | 0 | 0 | 0 | 0 | 0 | 0 | 0 | 0 | 0 | 0 | 0 | 0 | 0 | 0 | 0 | 0 |  0 | 0 | 2 | 4 | 1 | 6 | 1 | 2 | 4 | 2 | 0 | 1 | 0 | 0 | 0 | 0 | 0 | 0 | 0 | 0 | 0 | 0 | 0 | 0 | 0 | 0 |
125 | Lee, Sangjin | THE UNIVERSITY OF CHICAGO. | 1996 | male | 13 | 41 | 2017 | 29 | 218 | 2017 | 2 | 3 | 0 | 1 | 3 | 4 | 2 | 3 | 0 | 0 | 1 | 2 | 3 | 1 | 4 | 4 | 1 | 2 | 2 | 0 | 3 | 1 | 3 | 2 | 4 | 2 |  5 | 4 | 0 | 5 | 8 | 7 | 6 | 6 | 4 | 3 | 9 | 5 | 3 | 2 | 6 | 9 | 5 | 5 | 20 | 31 | 27 | 28 | 14 | 8 | 12 | 9 |
126 | Mezhlumian, Arthur | STANFORD UNIVERSITY. | 1996 | male | 3 | 0 | 1996 | 10 | 0 | 1996 | 0 | 0 | 0 | 1 | 1 | 1 | 0 | 0 | 0 | 0 | 0 | 0 | 0 | 0 | 0 | 0 | 0 | 0 | 0 | 0 | 0 | 0 | 0 | 0 | 0 | 0 |  0 | 1 | 1 | 2 | 3 | 3 | 0 | 0 | 0 | 0 | 0 | 0 | 0 | 0 | 0 | 0 | 0 | 0 | 0 | 0 | 0 | 0 | 0 | 0 | 0 | 0 |
127 | Westerberg, Karl Michael | PRINCETON UNIVERSITY. | 1996 | male | 1 | 0 | 1996 | 1 | 0 | 1996 | 0 | 0 | 0 | 0 | 0 | 1 | 0 | 0 | 0 | 0 | 0 | 0 | 0 | 0 | 0 | 0 | 0 | 0 | 0 | 0 | 0 | 0 | 0 | 0 | 0 | 0 |  0 | 0 | 0 | 0 | 0 | 1 | 0 | 0 | 0 | 0 | 0 | 0 | 0 | 0 | 0 | 0 | 0 | 0 | 0 | 0 | 0 | 0 | 0 | 0 | 0 | 0 |
128 | Hampton, Donald Loyd | UNIVERSITY OF ALASKA FAIRBANKS. | 1996 | male | 2 | 6 | 2010 | 10 | 46 | 2017 | 0 | 0 | 0 | 0 | 0 | 2 | 0 | 0 | 0 | 0 | 0 | 0 | 0 | 0 | 1 | 0 | 0 | 0 | 0 | 5 | 0 | 0 | 0 | 0 | 0 | 0 |  0 | 1 | 0 | 1 | 2 | 6 | 1 | 2 | 0 | 0 | 0 | 0 | 1 | 0 | 2 | 1 | 2 | 2 | 1 | 6 | 4 | 8 | 2 | 4 | 7 | 2 |
129 | Kranze, Richard Harlow | TEXAS CHRISTIAN UNIVERSITY. | 1996 | male | 1 | 0 | 1996 | 1 | 0 | 1996 | 0 | 0 | 0 | 0 | 0 | 1 | 0 | 0 | 0 | 0 | 0 | 0 | 0 | 0 | 0 | 0 | 0 | 0 | 0 | 0 | 0 | 0 | 0 | 0 | 0 | 0 |  0 | 0 | 0 | 0 | 0 | 1 | 0 | 0 | 0 | 0 | 0 | 0 | 0 | 0 | 0 | 0 | 0 | 0 | 0 | 0 | 0 | 0 | 0 | 0 | 0 | 0 |
130 | Lee, Theodore Tsezun | STANFORD UNIVERSITY. | 1996 | male | 4 | 1 | 1997 | 8 | 26 | 2016 | 0 | 0 | 1 | 0 | 1 | 2 | 1 | 0 | 0 | 0 | 0 | 0 | 0 | 0 | 0 | 0 | 0 | 0 | 0 | 0 | 0 | 0 | 0 | 0 | 0 | 0 |  0 | 0 | 2 | 1 | 1 | 4 | 2 | 0 | 0 | 1 | 0 | 0 | 2 | 0 | 1 | 2 | 0 | 4 | 4 | 4 | 1 | 0 | 1 | 2 | 0 | 2 |
131 | McGraw, Patrick Neal | CALIFORNIA INSTITUTE OF TECHNOLOGY. | 1996 | male | 1 | 1 | 1998 | 1 | 1 | 1998 | 0 | 0 | 0 | 0 | 0 | 1 | 0 | 1 | 0 | 0 | 0 | 0 | 0 | 0 | 0 | 0 | 0 | 0 | 0 | 0 | 0 | 0 | 0 | 0 | 0 | 0 |  0 | 0 | 0 | 0 | 0 | 1 | 0 | 1 | 0 | 0 | 0 | 0 | 0 | 0 | 0 | 0 | 0 | 0 | 0 | 0 | 0 | 0 | 0 | 0 | 0 | 0 |
132 | Schweitzer, Andrea E. | THE UNIVERSITY OF WISCONSIN - MADISON. | 1996 | female | 2 | 1 | 1999 | 2 | 10 | 2007 | 0 | 0 | 0 | 0 | 1 | 1 | 0 | 0 | 1 | 0 | 0 | 0 | 0 | 0 | 0 | 0 | 0 | 0 | 0 | 0 | 0 | 0 | 0 | 0 | 0 | 0 |  0 | 0 | 0 | 0 | 1 | 1 | 0 | 0 | 2 | 0 | 1 | 1 | 2 | 1 | 0 | 0 | 3 | 0 | 0 | 0 | 0 | 0 | 0 | 0 | 0 | 0 |
133 | Baker, Richard Gerard | THE UNIVERSITY OF MICHIGAN. | 1996 | male | 1 | 6 | 2010 | 13 | 19 | 2011 | 0 | 0 | 0 | 0 | 0 | 1 | 0 | 0 | 0 | 1 | 0 | 0 | 0 | 0 | 0 | 0 | 0 | 1 | 2 | 2 | 0 | 0 | 0 | 0 | 0 | 0 |  2 | 3 | 0 | 3 | 3 | 2 | 6 | 2 | 0 | 1 | 0 | 0 | 0 | 0 | 0 | 0 | 0 | 3 | 4 | 2 | 1 | 0 | 0 | 0 | 0 | 0 |
134 | Worden, John Randall | UNIVERSITY OF COLORADO AT BOULDER. | 1996 | male | 1 | 9 | 2013 | 2 | 168 | 2017 | 0 | 0 | 0 | 0 | 0 | 1 | 0 | 2 | 2 | 1 | 1 | 0 | 0 | 0 | 0 | 0 | 1 | 0 | 0 | 0 | 0 | 1 | 1 | 0 | 0 | 0 |  0 | 1 | 0 | 0 | 0 | 1 | 0 | 3 | 2 | 2 | 1 | 0 | 0 | 6 | 8 | 3 | 10 | 15 | 14 | 8 | 8 | 18 | 8 | 14 | 8 | 28 |
135 | Banicescu, Ioana | POLYTECHNIC UNIVERSITY. | 1996 | female | 1 | 0 | 1996 | 1 | 0 | 1996 | 0 | 0 | 0 | 0 | 0 | 1 | 0 | 0 | 0 | 0 | 0 | 0 | 0 | 0 | 0 | 0 | 0 | 0 | 0 | 0 | 0 | 0 | 0 | 0 | 0 | 0 |  0 | 0 | 0 | 0 | 0 | 1 | 0 | 0 | 0 | 0 | 0 | 0 | 0 | 0 | 0 | 0 | 0 | 0 | 0 | 0 | 0 | 0 | 0 | 0 | 0 | 0 |
