n | name | university | phd_year | gender | fa_n_pubs_pre_phd | fa_n_pubs_prost_phd | fa_year_last | all_n_pubs_pre_phd | all_n_pubs_prost_phd | all_year_last |  fa_1980 | fa_1981 | fa_1982 | fa_1983 | fa_1984 | fa_1985 | fa_1986 | fa_1987 | fa_1988 | fa_1989 | fa_1990 | fa_1991 | fa_1992 | fa_1993 | fa_1994 | fa_1995 | fa_1996 | fa_1997 | fa_1998 | fa_1999 | fa_2000 | fa_2001 | fa_2002 | fa_2003 | fa_2004 | fa_2005 | fa_2006 | fa_2007 | fa_2008 | fa_2009 | fa_2010 | fa_2011 | fa_2012 | fa_2013 | fa_2014 | fa_2015 | fa_2016 |  all_1980 | all_1981 | all_1982 | all_1983 | all_1984 | all_1985 | all_1986 | all_1987 | all_1988 | all_1989 | all_1990 | all_1991 | all_1992 | all_1993 | all_1994 | all_1995 | all_1996 | all_1997 | all_1998 | all_1999 | all_2000 | all_2001 | all_2002 | all_2003 | all_2004 | all_2005 | all_2006 | all_2007 | all_2008 | all_2009 | all_2010 | all_2011 | all_2012 | all_2013 | all_2014 | all_2015 | all_2016 | foo
1 | Stevens, K. B. | Naval Postgraduate School, Monterey, CA. | 1985 | None | 1 | 0 | 1985 | 1 | 3 | 2016 | 0 | 0 | 0 | 0 | 0 | 1 | 0 | 0 | 0 | 0 | 0 | 0 | 0 | 0 | 0 | 0 | 0 | 0 | 0 | 0 | 0 | 0 | 0 | 0 | 0 | 0 | 0 | 0 | 0 | 0 | 0 | 0 | 0 | 0 | 0 | 0 | 0 |  0 | 0 | 0 | 0 | 0 | 1 | 0 | 0 | 0 | 0 | 0 | 0 | 0 | 0 | 0 | 0 | 0 | 0 | 0 | 0 | 0 | 0 | 0 | 0 | 0 | 0 | 0 | 0 | 1 | 0 | 0 | 0 | 0 | 1 | 0 | 0 | 1 |
2 | Heckathorn, W. G. | Illinois Univ., Urbana-Champaign. | 1985 | None | 1 | 0 | 1985 | 1 | 1 | 1989 | 0 | 0 | 0 | 0 | 0 | 1 | 0 | 0 | 0 | 0 | 0 | 0 | 0 | 0 | 0 | 0 | 0 | 0 | 0 | 0 | 0 | 0 | 0 | 0 | 0 | 0 | 0 | 0 | 0 | 0 | 0 | 0 | 0 | 0 | 0 | 0 | 0 |  0 | 0 | 0 | 0 | 0 | 1 | 0 | 0 | 0 | 1 | 0 | 0 | 0 | 0 | 0 | 0 | 0 | 0 | 0 | 0 | 0 | 0 | 0 | 0 | 0 | 0 | 0 | 0 | 0 | 0 | 0 | 0 | 0 | 0 | 0 | 0 | 0 |
3 | Karawas, G. K. | Case Western Reserve Univ., Cleveland, OH. | 1985 | None | 1 | 0 | 1985 | 1 | 0 | 1985 | 0 | 0 | 0 | 0 | 0 | 1 | 0 | 0 | 0 | 0 | 0 | 0 | 0 | 0 | 0 | 0 | 0 | 0 | 0 | 0 | 0 | 0 | 0 | 0 | 0 | 0 | 0 | 0 | 0 | 0 | 0 | 0 | 0 | 0 | 0 | 0 | 0 |  0 | 0 | 0 | 0 | 0 | 1 | 0 | 0 | 0 | 0 | 0 | 0 | 0 | 0 | 0 | 0 | 0 | 0 | 0 | 0 | 0 | 0 | 0 | 0 | 0 | 0 | 0 | 0 | 0 | 0 | 0 | 0 | 0 | 0 | 0 | 0 | 0 |
4 | Schipper, Leon Jay | UNIVERSITY OF CALIFORNIA, BERKELEY. | 1985 | male | 1 | 0 | 1985 | 1 | 0 | 1985 | 0 | 0 | 0 | 0 | 0 | 1 | 0 | 0 | 0 | 0 | 0 | 0 | 0 | 0 | 0 | 0 | 0 | 0 | 0 | 0 | 0 | 0 | 0 | 0 | 0 | 0 | 0 | 0 | 0 | 0 | 0 | 0 | 0 | 0 | 0 | 0 | 0 |  0 | 0 | 0 | 0 | 0 | 1 | 0 | 0 | 0 | 0 | 0 | 0 | 0 | 0 | 0 | 0 | 0 | 0 | 0 | 0 | 0 | 0 | 0 | 0 | 0 | 0 | 0 | 0 | 0 | 0 | 0 | 0 | 0 | 0 | 0 | 0 | 0 |
5 | Cruz, J. Y. | Ohio State University, Columbus. | 1985 | None | 1 | 16 | 2008 | 1 | 26 | 2012 | 0 | 0 | 0 | 0 | 0 | 1 | 0 | 0 | 0 | 0 | 0 | 1 | 0 | 0 | 0 | 0 | 2 | 4 | 3 | 3 | 2 | 0 | 0 | 0 | 0 | 0 | 0 | 0 | 1 | 0 | 0 | 0 | 0 | 0 | 0 | 0 | 0 |  0 | 0 | 0 | 0 | 0 | 1 | 0 | 0 | 0 | 0 | 1 | 1 | 0 | 0 | 0 | 0 | 2 | 4 | 3 | 3 | 2 | 0 | 0 | 0 | 2 | 3 | 3 | 0 | 1 | 0 | 0 | 0 | 1 | 0 | 0 | 0 | 0 |
6 | Kamada, R. F. | California Univ., Davis. | 1985 | None | 2 | 0 | 1985 | 2 | 0 | 1985 | 0 | 0 | 0 | 0 | 0 | 2 | 0 | 0 | 0 | 0 | 0 | 0 | 0 | 0 | 0 | 0 | 0 | 0 | 0 | 0 | 0 | 0 | 0 | 0 | 0 | 0 | 0 | 0 | 0 | 0 | 0 | 0 | 0 | 0 | 0 | 0 | 0 |  0 | 0 | 0 | 0 | 0 | 2 | 0 | 0 | 0 | 0 | 0 | 0 | 0 | 0 | 0 | 0 | 0 | 0 | 0 | 0 | 0 | 0 | 0 | 0 | 0 | 0 | 0 | 0 | 0 | 0 | 0 | 0 | 0 | 0 | 0 | 0 | 0 |
7 | Stacy, John Gregory | UNIVERSITY OF MARYLAND COLLEGE PARK. | 1985 | male | 4 | 13 | 2008 | 4 | 52 | 2008 | 1 | 0 | 2 | 0 | 0 | 1 | 0 | 1 | 1 | 1 | 1 | 2 | 0 | 0 | 0 | 0 | 2 | 1 | 0 | 0 | 1 | 0 | 0 | 1 | 0 | 0 | 0 | 0 | 2 | 0 | 0 | 0 | 0 | 0 | 0 | 0 | 0 |  1 | 0 | 2 | 0 | 0 | 1 | 0 | 1 | 1 | 1 | 2 | 2 | 0 | 12 | 3 | 7 | 6 | 4 | 2 | 1 | 1 | 0 | 1 | 1 | 1 | 1 | 3 | 0 | 2 | 0 | 0 | 0 | 0 | 0 | 0 | 0 | 0 |
8 | Bishop, J. E. | Rice Univ., Houston, TX. | 1985 | None | 2 | 8 | 2004 | 2 | 22 | 2015 | 0 | 0 | 0 | 1 | 0 | 1 | 0 | 0 | 0 | 1 | 1 | 0 | 0 | 0 | 1 | 0 | 0 | 0 | 0 | 1 | 0 | 2 | 0 | 1 | 1 | 0 | 0 | 0 | 0 | 0 | 0 | 0 | 0 | 0 | 0 | 0 | 0 |  0 | 0 | 0 | 1 | 0 | 1 | 0 | 0 | 0 | 2 | 1 | 1 | 1 | 0 | 1 | 0 | 0 | 0 | 1 | 2 | 0 | 5 | 1 | 2 | 2 | 0 | 0 | 1 | 1 | 0 | 0 | 0 | 0 | 0 | 0 | 1 | 0 |
9 | Glen, William Thomas Graham | MCMASTER UNIVERSITY (CANADA). | 1985 | male | 2 | 0 | 1985 | 2 | 0 | 1985 | 0 | 1 | 0 | 0 | 0 | 1 | 0 | 0 | 0 | 0 | 0 | 0 | 0 | 0 | 0 | 0 | 0 | 0 | 0 | 0 | 0 | 0 | 0 | 0 | 0 | 0 | 0 | 0 | 0 | 0 | 0 | 0 | 0 | 0 | 0 | 0 | 0 |  0 | 1 | 0 | 0 | 0 | 1 | 0 | 0 | 0 | 0 | 0 | 0 | 0 | 0 | 0 | 0 | 0 | 0 | 0 | 0 | 0 | 0 | 0 | 0 | 0 | 0 | 0 | 0 | 0 | 0 | 0 | 0 | 0 | 0 | 0 | 0 | 0 |
10 | Hernquist, Lars Eric | CALIFORNIA INSTITUTE OF TECHNOLOGY. | 1985 | male | 4 | 37 | 2003 | 7 | 446 | 2017 | 0 | 0 | 0 | 0 | 2 | 2 | 0 | 3 | 2 | 5 | 2 | 6 | 6 | 8 | 0 | 3 | 1 | 0 | 0 | 0 | 0 | 0 | 0 | 1 | 0 | 0 | 0 | 0 | 0 | 0 | 0 | 0 | 0 | 0 | 0 | 0 | 0 |  0 | 0 | 2 | 1 | 2 | 2 | 0 | 3 | 3 | 5 | 2 | 12 | 11 | 12 | 9 | 11 | 12 | 19 | 11 | 12 | 7 | 20 | 14 | 19 | 20 | 23 | 26 | 21 | 27 | 21 | 23 | 10 | 12 | 13 | 16 | 24 | 17 |
11 | St. Cyr, Orville Chris | UNIVERSITY OF FLORIDA. | 1985 | male | 1 | 7 | 2015 | 1 | 77 | 2016 | 0 | 0 | 0 | 0 | 0 | 1 | 1 | 0 | 0 | 0 | 0 | 1 | 0 | 0 | 0 | 1 | 0 | 0 | 0 | 1 | 1 | 0 | 0 | 0 | 0 | 0 | 0 | 0 | 0 | 1 | 0 | 0 | 0 | 0 | 0 | 1 | 0 |  0 | 0 | 0 | 0 | 0 | 1 | 2 | 0 | 0 | 0 | 0 | 1 | 0 | 1 | 2 | 1 | 0 | 6 | 9 | 2 | 5 | 4 | 3 | 2 | 2 | 1 | 2 | 3 | 9 | 5 | 3 | 4 | 2 | 3 | 1 | 2 | 2 |
12 | Remillard, Ronald Alan | MASSACHUSETTS INSTITUTE OF TECHNOLOGY. | 1985 | male | 4 | 22 | 2006 | 14 | 184 | 2017 | 1 | 0 | 0 | 0 | 1 | 2 | 2 | 0 | 0 | 1 | 0 | 2 | 2 | 1 | 2 | 1 | 1 | 0 | 0 | 3 | 0 | 0 | 2 | 0 | 1 | 1 | 3 | 0 | 0 | 0 | 0 | 0 | 0 | 0 | 0 | 0 | 0 |  2 | 1 | 0 | 4 | 2 | 5 | 6 | 2 | 2 | 2 | 4 | 8 | 4 | 2 | 4 | 5 | 8 | 6 | 7 | 12 | 8 | 8 | 9 | 2 | 8 | 4 | 6 | 3 | 1 | 10 | 5 | 9 | 8 | 10 | 7 | 9 | 4 |
13 | Schneider, Glenn H. | UNIVERSITY OF FLORIDA. | 1985 | male | 1 | 15 | 2016 | 3 | 100 | 2017 | 0 | 0 | 0 | 0 | 0 | 1 | 0 | 0 | 1 | 1 | 0 | 0 | 0 | 1 | 0 | 0 | 0 | 0 | 1 | 1 | 0 | 1 | 0 | 1 | 2 | 1 | 2 | 0 | 0 | 1 | 0 | 0 | 0 | 0 | 1 | 0 | 1 |  0 | 1 | 0 | 0 | 1 | 1 | 0 | 1 | 1 | 1 | 1 | 0 | 0 | 2 | 0 | 1 | 0 | 1 | 9 | 6 | 6 | 5 | 2 | 1 | 3 | 4 | 3 | 4 | 3 | 8 | 2 | 4 | 4 | 4 | 4 | 6 | 11 |
14 | Spillar, Earl Joseph | PRINCETON UNIVERSITY. | 1985 | male | 1 | 6 | 2011 | 4 | 14 | 2011 | 0 | 0 | 0 | 0 | 0 | 1 | 0 | 0 | 0 | 0 | 1 | 1 | 1 | 2 | 0 | 0 | 0 | 0 | 0 | 0 | 0 | 0 | 0 | 0 | 0 | 0 | 0 | 0 | 0 | 0 | 0 | 1 | 0 | 0 | 0 | 0 | 0 |  1 | 2 | 0 | 0 | 0 | 1 | 2 | 0 | 0 | 1 | 2 | 1 | 1 | 2 | 0 | 0 | 0 | 2 | 0 | 1 | 1 | 0 | 0 | 0 | 0 | 0 | 0 | 0 | 0 | 0 | 0 | 1 | 0 | 0 | 0 | 0 | 0 |
15 | Brown, Dale Calvin | UNIVERSITY OF MARYLAND COLLEGE PARK. | 1985 | male | 1 | 9 | 2013 | 3 | 29 | 2016 | 0 | 0 | 0 | 0 | 0 | 1 | 0 | 0 | 0 | 0 | 0 | 0 | 0 | 0 | 0 | 0 | 1 | 0 | 0 | 0 | 0 | 0 | 0 | 1 | 0 | 1 | 3 | 0 | 1 | 1 | 0 | 0 | 0 | 1 | 0 | 0 | 0 |  0 | 0 | 0 | 2 | 0 | 1 | 0 | 0 | 0 | 0 | 0 | 0 | 0 | 0 | 0 | 0 | 2 | 0 | 2 | 0 | 0 | 0 | 0 | 3 | 1 | 2 | 3 | 0 | 1 | 4 | 0 | 0 | 1 | 3 | 3 | 1 | 3 |
16 | Meen, J. K. | Pennsylvania State University, University Park. | 1985 | None | 1 | 0 | 1985 | 1 | 1 | 2006 | 0 | 0 | 0 | 0 | 0 | 1 | 0 | 0 | 0 | 0 | 0 | 0 | 0 | 0 | 0 | 0 | 0 | 0 | 0 | 0 | 0 | 0 | 0 | 0 | 0 | 0 | 0 | 0 | 0 | 0 | 0 | 0 | 0 | 0 | 0 | 0 | 0 |  0 | 0 | 0 | 0 | 0 | 1 | 0 | 0 | 0 | 0 | 0 | 0 | 0 | 0 | 0 | 0 | 0 | 0 | 0 | 0 | 0 | 0 | 0 | 0 | 0 | 0 | 1 | 0 | 0 | 0 | 0 | 0 | 0 | 0 | 0 | 0 | 0 |
17 | Eastes, Richard Wayne | THE JOHNS HOPKINS UNIVERSITY. | 1985 | male | 2 | 7 | 2011 | 6 | 23 | 2014 | 0 | 0 | 0 | 0 | 0 | 2 | 0 | 1 | 0 | 0 | 0 | 0 | 2 | 0 | 0 | 0 | 1 | 0 | 0 | 0 | 1 | 0 | 0 | 0 | 1 | 0 | 0 | 0 | 0 | 0 | 0 | 1 | 0 | 0 | 0 | 0 | 0 |  0 | 1 | 1 | 0 | 1 | 3 | 1 | 1 | 0 | 1 | 0 | 0 | 3 | 4 | 0 | 0 | 1 | 0 | 0 | 0 | 1 | 0 | 0 | 0 | 1 | 0 | 2 | 3 | 1 | 1 | 0 | 1 | 1 | 0 | 1 | 0 | 0 |
18 | Shen, Tsung-Cheng | UNIVERSITY OF MARYLAND COLLEGE PARK. | 1985 | male | 2 | 1 | 1987 | 3 | 1 | 1987 | 0 | 0 | 0 | 0 | 0 | 2 | 0 | 1 | 0 | 0 | 0 | 0 | 0 | 0 | 0 | 0 | 0 | 0 | 0 | 0 | 0 | 0 | 0 | 0 | 0 | 0 | 0 | 0 | 0 | 0 | 0 | 0 | 0 | 0 | 0 | 0 | 0 |  0 | 0 | 0 | 1 | 0 | 2 | 0 | 1 | 0 | 0 | 0 | 0 | 0 | 0 | 0 | 0 | 0 | 0 | 0 | 0 | 0 | 0 | 0 | 0 | 0 | 0 | 0 | 0 | 0 | 0 | 0 | 0 | 0 | 0 | 0 | 0 | 0 |
19 | Zahnle, Kevin John | THE UNIVERSITY OF MICHIGAN. | 1985 | male | 3 | 35 | 2016 | 3 | 116 | 2017 | 0 | 0 | 1 | 0 | 0 | 2 | 2 | 0 | 1 | 0 | 3 | 1 | 3 | 1 | 1 | 2 | 1 | 0 | 1 | 0 | 0 | 1 | 0 | 3 | 0 | 1 | 1 | 1 | 4 | 1 | 0 | 1 | 0 | 0 | 2 | 2 | 2 |  0 | 0 | 1 | 0 | 0 | 2 | 3 | 0 | 1 | 3 | 4 | 1 | 3 | 3 | 2 | 4 | 1 | 3 | 2 | 2 | 3 | 6 | 3 | 4 | 2 | 4 | 2 | 3 | 7 | 7 | 5 | 8 | 3 | 7 | 6 | 5 | 5 |
20 | Henden, A. A. | Indiana Univ., Bloomington. | 1985 | None | 4 | 40 | 2016 | 4 | 227 | 2017 | 1 | 0 | 0 | 0 | 1 | 2 | 0 | 0 | 0 | 0 | 0 | 0 | 0 | 0 | 0 | 1 | 2 | 2 | 1 | 1 | 3 | 6 | 1 | 2 | 3 | 0 | 2 | 4 | 1 | 0 | 3 | 0 | 2 | 3 | 2 | 0 | 1 |  1 | 0 | 0 | 0 | 1 | 2 | 0 | 0 | 0 | 0 | 0 | 0 | 0 | 0 | 0 | 2 | 2 | 3 | 3 | 5 | 16 | 17 | 21 | 13 | 22 | 8 | 14 | 11 | 14 | 7 | 16 | 15 | 12 | 9 | 8 | 5 | 2 |
21 | Huang, Yi-Long | COLUMBIA UNIVERSITY. | 1985 | male | 8 | 21 | 2016 | 12 | 80 | 2017 | 0 | 2 | 0 | 4 | 0 | 2 | 2 | 4 | 0 | 0 | 0 | 0 | 0 | 1 | 1 | 0 | 0 | 0 | 0 | 0 | 0 | 0 | 0 | 0 | 0 | 0 | 1 | 2 | 1 | 1 | 0 | 2 | 0 | 0 | 3 | 2 | 1 |  1 | 3 | 1 | 4 | 1 | 2 | 3 | 4 | 2 | 0 | 1 | 0 | 1 | 3 | 3 | 1 | 0 | 0 | 0 | 4 | 0 | 2 | 2 | 3 | 2 | 1 | 2 | 2 | 2 | 4 | 0 | 4 | 2 | 2 | 7 | 10 | 7 |
22 | Burns, Michael Shane | UNIVERSITY OF CALIFORNIA, BERKELEY. | 1985 | male | 1 | 1 | 1989 | 3 | 18 | 2013 | 0 | 0 | 0 | 0 | 0 | 1 | 0 | 0 | 0 | 1 | 0 | 0 | 0 | 0 | 0 | 0 | 0 | 0 | 0 | 0 | 0 | 0 | 0 | 0 | 0 | 0 | 0 | 0 | 0 | 0 | 0 | 0 | 0 | 0 | 0 | 0 | 0 |  0 | 0 | 0 | 2 | 0 | 1 | 0 | 1 | 1 | 2 | 0 | 0 | 0 | 0 | 0 | 0 | 0 | 1 | 1 | 0 | 0 | 0 | 0 | 2 | 1 | 3 | 0 | 1 | 1 | 2 | 1 | 0 | 0 | 1 | 0 | 0 | 0 |
23 | Vrtilek, Saeqa Dil | COLUMBIA UNIVERSITY. | 1985 | None | 2 | 20 | 2013 | 4 | 63 | 2016 | 0 | 0 | 0 | 0 | 0 | 2 | 2 | 0 | 2 | 0 | 1 | 2 | 0 | 1 | 2 | 0 | 2 | 1 | 0 | 0 | 0 | 2 | 0 | 1 | 0 | 1 | 1 | 0 | 1 | 0 | 0 | 0 | 0 | 1 | 0 | 0 | 0 |  0 | 0 | 0 | 1 | 0 | 3 | 3 | 0 | 2 | 1 | 1 | 3 | 0 | 2 | 3 | 2 | 3 | 3 | 1 | 1 | 3 | 10 | 1 | 5 | 2 | 3 | 1 | 1 | 2 | 2 | 2 | 0 | 1 | 2 | 0 | 2 | 1 |
24 | Worek, Thaddeus Francis | UNIVERSITY OF PITTSBURGH. | 1985 | male | 1 | 7 | 2001 | 2 | 7 | 2001 | 0 | 0 | 0 | 0 | 0 | 1 | 1 | 0 | 1 | 0 | 0 | 0 | 0 | 0 | 0 | 0 | 1 | 0 | 1 | 0 | 1 | 2 | 0 | 0 | 0 | 0 | 0 | 0 | 0 | 0 | 0 | 0 | 0 | 0 | 0 | 0 | 0 |  0 | 0 | 1 | 0 | 0 | 1 | 1 | 0 | 1 | 0 | 0 | 0 | 0 | 0 | 0 | 0 | 1 | 0 | 1 | 0 | 1 | 2 | 0 | 0 | 0 | 0 | 0 | 0 | 0 | 0 | 0 | 0 | 0 | 0 | 0 | 0 | 0 |
25 | Arnold, Clifford Nicholas | THE UNIVERSITY OF MICHIGAN. | 1985 | male | 1 | 2 | 1986 | 1 | 3 | 1988 | 0 | 0 | 0 | 0 | 0 | 1 | 2 | 0 | 0 | 0 | 0 | 0 | 0 | 0 | 0 | 0 | 0 | 0 | 0 | 0 | 0 | 0 | 0 | 0 | 0 | 0 | 0 | 0 | 0 | 0 | 0 | 0 | 0 | 0 | 0 | 0 | 0 |  0 | 0 | 0 | 0 | 0 | 1 | 2 | 0 | 1 | 0 | 0 | 0 | 0 | 0 | 0 | 0 | 0 | 0 | 0 | 0 | 0 | 0 | 0 | 0 | 0 | 0 | 0 | 0 | 0 | 0 | 0 | 0 | 0 | 0 | 0 | 0 | 0 |
26 | Boice, Daniel Craig | NEW MEXICO STATE UNIVERSITY. | 1985 | male | 2 | 6 | 2007 | 3 | 52 | 2016 | 0 | 1 | 0 | 0 | 0 | 1 | 2 | 0 | 0 | 0 | 1 | 0 | 0 | 0 | 0 | 1 | 0 | 0 | 0 | 0 | 0 | 0 | 1 | 0 | 0 | 0 | 0 | 1 | 0 | 0 | 0 | 0 | 0 | 0 | 0 | 0 | 0 |  0 | 1 | 1 | 0 | 0 | 1 | 2 | 1 | 3 | 3 | 1 | 1 | 2 | 2 | 2 | 2 | 2 | 2 | 2 | 0 | 0 | 2 | 4 | 2 | 5 | 2 | 1 | 6 | 0 | 1 | 0 | 0 | 1 | 0 | 1 | 0 | 2 |
27 | Crenshaw, Daniel Michael | THE OHIO STATE UNIVERSITY. | 1985 | male | 3 | 33 | 2015 | 6 | 156 | 2017 | 0 | 0 | 1 | 0 | 0 | 2 | 2 | 0 | 2 | 0 | 2 | 1 | 0 | 1 | 0 | 1 | 2 | 0 | 1 | 2 | 4 | 3 | 1 | 3 | 1 | 1 | 0 | 1 | 0 | 1 | 2 | 0 | 1 | 0 | 0 | 1 | 0 |  0 | 0 | 1 | 1 | 1 | 3 | 2 | 1 | 2 | 0 | 2 | 2 | 0 | 2 | 3 | 5 | 5 | 6 | 9 | 7 | 13 | 12 | 7 | 9 | 5 | 8 | 4 | 7 | 6 | 5 | 7 | 4 | 2 | 2 | 3 | 8 | 4 |
28 | Gaume, R. A., Jr. | Iowa Univ., Iowa City. | 1985 | None | 0 | 0 | 1985 | 0 | 0 | 1985 | 0 | 0 | 0 | 0 | 0 | 0 | 0 | 0 | 0 | 0 | 0 | 0 | 0 | 0 | 0 | 0 | 0 | 0 | 0 | 0 | 0 | 0 | 0 | 0 | 0 | 0 | 0 | 0 | 0 | 0 | 0 | 0 | 0 | 0 | 0 | 0 | 0 |  0 | 0 | 0 | 0 | 0 | 0 | 0 | 0 | 0 | 0 | 0 | 0 | 0 | 0 | 0 | 0 | 0 | 0 | 0 | 0 | 0 | 0 | 0 | 0 | 0 | 0 | 0 | 0 | 0 | 0 | 0 | 0 | 0 | 0 | 0 | 0 | 0 |
29 | Hopkins, E. J. | Wisconsin Univ., Madison. | 1985 | None | 2 | 0 | 1985 | 2 | 0 | 1985 | 0 | 0 | 0 | 0 | 0 | 2 | 0 | 0 | 0 | 0 | 0 | 0 | 0 | 0 | 0 | 0 | 0 | 0 | 0 | 0 | 0 | 0 | 0 | 0 | 0 | 0 | 0 | 0 | 0 | 0 | 0 | 0 | 0 | 0 | 0 | 0 | 0 |  0 | 0 | 0 | 0 | 0 | 2 | 0 | 0 | 0 | 0 | 0 | 0 | 0 | 0 | 0 | 0 | 0 | 0 | 0 | 0 | 0 | 0 | 0 | 0 | 0 | 0 | 0 | 0 | 0 | 0 | 0 | 0 | 0 | 0 | 0 | 0 | 0 |
30 | Joseph, Craig Leslie | THE OHIO STATE UNIVERSITY. | 1985 | male | 3 | 3 | 2013 | 7 | 14 | 2013 | 0 | 0 | 0 | 0 | 1 | 2 | 0 | 0 | 0 | 0 | 0 | 0 | 0 | 1 | 0 | 0 | 0 | 0 | 0 | 0 | 0 | 1 | 0 | 0 | 0 | 0 | 0 | 0 | 0 | 0 | 0 | 0 | 0 | 1 | 0 | 0 | 0 |  0 | 2 | 0 | 0 | 1 | 4 | 0 | 0 | 0 | 0 | 0 | 0 | 0 | 1 | 1 | 0 | 0 | 0 | 3 | 1 | 1 | 3 | 1 | 1 | 0 | 1 | 0 | 0 | 0 | 0 | 0 | 0 | 0 | 1 | 0 | 0 | 0 |
31 | Kern, James Robert | CLEMSON UNIVERSITY. | 1985 | male | 1 | 1 | 1986 | 1 | 23 | 2015 | 0 | 0 | 0 | 0 | 0 | 1 | 1 | 0 | 0 | 0 | 0 | 0 | 0 | 0 | 0 | 0 | 0 | 0 | 0 | 0 | 0 | 0 | 0 | 0 | 0 | 0 | 0 | 0 | 0 | 0 | 0 | 0 | 0 | 0 | 0 | 0 | 0 |  0 | 0 | 0 | 0 | 0 | 1 | 1 | 1 | 1 | 0 | 0 | 0 | 0 | 0 | 0 | 0 | 0 | 0 | 0 | 0 | 0 | 0 | 1 | 0 | 8 | 7 | 2 | 0 | 0 | 0 | 0 | 0 | 0 | 0 | 1 | 1 | 0 |
32 | Westpfahl, David John, Jr. | MONTANA STATE UNIVERSITY. | 1985 | male | 1 | 3 | 1999 | 1 | 17 | 2017 | 0 | 0 | 0 | 0 | 0 | 1 | 0 | 0 | 0 | 0 | 0 | 0 | 0 | 0 | 0 | 0 | 0 | 0 | 1 | 2 | 0 | 0 | 0 | 0 | 0 | 0 | 0 | 0 | 0 | 0 | 0 | 0 | 0 | 0 | 0 | 0 | 0 |  0 | 0 | 0 | 0 | 0 | 1 | 0 | 0 | 0 | 1 | 0 | 0 | 1 | 0 | 0 | 1 | 1 | 0 | 2 | 3 | 1 | 0 | 0 | 1 | 0 | 0 | 0 | 0 | 0 | 0 | 0 | 3 | 2 | 0 | 0 | 0 | 0 |
33 | Ueyoshi, Kyozo | OREGON STATE UNIVERSITY. | 1985 | male | 1 | 0 | 1985 | 1 | 1 | 2009 | 0 | 0 | 0 | 0 | 0 | 1 | 0 | 0 | 0 | 0 | 0 | 0 | 0 | 0 | 0 | 0 | 0 | 0 | 0 | 0 | 0 | 0 | 0 | 0 | 0 | 0 | 0 | 0 | 0 | 0 | 0 | 0 | 0 | 0 | 0 | 0 | 0 |  0 | 0 | 0 | 0 | 0 | 1 | 0 | 0 | 0 | 0 | 0 | 0 | 0 | 0 | 0 | 0 | 0 | 0 | 0 | 0 | 0 | 0 | 0 | 0 | 0 | 0 | 0 | 0 | 0 | 1 | 0 | 0 | 0 | 0 | 0 | 0 | 0 |
34 | Jones, Joseph Heilman | CLEMSON UNIVERSITY. | 1985 | male | 15 | 50 | 2016 | 22 | 126 | 2017 | 2 | 0 | 2 | 3 | 1 | 7 | 4 | 1 | 4 | 3 | 4 | 5 | 3 | 5 | 4 | 4 | 1 | 0 | 1 | 0 | 0 | 0 | 0 | 1 | 1 | 4 | 1 | 1 | 1 | 0 | 0 | 0 | 0 | 0 | 0 | 1 | 1 |  2 | 1 | 4 | 4 | 3 | 8 | 6 | 6 | 10 | 7 | 6 | 6 | 4 | 8 | 5 | 11 | 4 | 4 | 4 | 3 | 4 | 0 | 2 | 4 | 4 | 5 | 2 | 2 | 2 | 2 | 0 | 1 | 1 | 0 | 2 | 4 | 5 |
35 | Kahn, Ronald Nathan | HARVARD UNIVERSITY. | 1985 | male | 2 | 1 | 1990 | 5 | 6 | 2011 | 0 | 0 | 0 | 0 | 1 | 1 | 0 | 0 | 0 | 0 | 1 | 0 | 0 | 0 | 0 | 0 | 0 | 0 | 0 | 0 | 0 | 0 | 0 | 0 | 0 | 0 | 0 | 0 | 0 | 0 | 0 | 0 | 0 | 0 | 0 | 0 | 0 |  0 | 0 | 1 | 1 | 2 | 1 | 0 | 0 | 1 | 0 | 1 | 0 | 0 | 0 | 0 | 0 | 0 | 1 | 0 | 0 | 0 | 0 | 0 | 0 | 1 | 0 | 1 | 0 | 0 | 0 | 0 | 1 | 0 | 0 | 0 | 0 | 0 |
36 | Lau, Koon H. | CALIFORNIA INSTITUTE OF TECHNOLOGY. | 1985 | male | 4 | 0 | 1985 | 8 | 12 | 1999 | 0 | 0 | 0 | 2 | 0 | 2 | 0 | 0 | 0 | 0 | 0 | 0 | 0 | 0 | 0 | 0 | 0 | 0 | 0 | 0 | 0 | 0 | 0 | 0 | 0 | 0 | 0 | 0 | 0 | 0 | 0 | 0 | 0 | 0 | 0 | 0 | 0 |  0 | 1 | 0 | 4 | 0 | 3 | 0 | 0 | 1 | 1 | 0 | 1 | 1 | 2 | 1 | 1 | 0 | 0 | 2 | 2 | 0 | 0 | 0 | 0 | 0 | 0 | 0 | 0 | 0 | 0 | 0 | 0 | 0 | 0 | 0 | 0 | 0 |
37 | Maithreyan, T. | Boston University, MA. | 1985 | None | 1 | 0 | 1985 | 1 | 0 | 1985 | 0 | 0 | 0 | 0 | 0 | 1 | 0 | 0 | 0 | 0 | 0 | 0 | 0 | 0 | 0 | 0 | 0 | 0 | 0 | 0 | 0 | 0 | 0 | 0 | 0 | 0 | 0 | 0 | 0 | 0 | 0 | 0 | 0 | 0 | 0 | 0 | 0 |  0 | 0 | 0 | 0 | 0 | 1 | 0 | 0 | 0 | 0 | 0 | 0 | 0 | 0 | 0 | 0 | 0 | 0 | 0 | 0 | 0 | 0 | 0 | 0 | 0 | 0 | 0 | 0 | 0 | 0 | 0 | 0 | 0 | 0 | 0 | 0 | 0 |
38 | Baron, Edward Arthur | STATE UNIVERSITY OF NEW YORK AT STONY BROOK. | 1985 | male | 3 | 34 | 2015 | 3 | 184 | 2017 | 0 | 0 | 0 | 0 | 0 | 3 | 0 | 4 | 1 | 2 | 1 | 0 | 1 | 2 | 1 | 2 | 3 | 0 | 1 | 2 | 1 | 0 | 0 | 2 | 2 | 0 | 1 | 2 | 1 | 1 | 0 | 0 | 2 | 0 | 1 | 1 | 0 |  0 | 0 | 0 | 0 | 0 | 3 | 1 | 7 | 2 | 2 | 3 | 2 | 3 | 2 | 2 | 10 | 7 | 8 | 3 | 14 | 7 | 7 | 14 | 5 | 7 | 5 | 9 | 12 | 9 | 7 | 6 | 3 | 8 | 6 | 4 | 4 | 2 |
39 | Caillault, Jean-Pierre | COLUMBIA UNIVERSITY. | 1985 | male | 5 | 13 | 1995 | 6 | 36 | 2001 | 0 | 0 | 1 | 0 | 1 | 3 | 3 | 0 | 1 | 2 | 3 | 2 | 0 | 0 | 1 | 1 | 0 | 0 | 0 | 0 | 0 | 0 | 0 | 0 | 0 | 0 | 0 | 0 | 0 | 0 | 0 | 0 | 0 | 0 | 0 | 0 | 0 |  0 | 0 | 2 | 0 | 1 | 3 | 4 | 0 | 2 | 3 | 4 | 2 | 1 | 1 | 4 | 5 | 2 | 3 | 0 | 3 | 1 | 1 | 0 | 0 | 0 | 0 | 0 | 0 | 0 | 0 | 0 | 0 | 0 | 0 | 0 | 0 | 0 |
40 | Showalter, Mark Robert | CORNELL UNIVERSITY. | 1985 | male | 3 | 19 | 2015 | 6 | 93 | 2017 | 0 | 0 | 1 | 0 | 0 | 2 | 1 | 1 | 0 | 0 | 1 | 2 | 1 | 1 | 0 | 1 | 2 | 0 | 1 | 1 | 0 | 0 | 0 | 0 | 1 | 0 | 2 | 1 | 1 | 0 | 0 | 1 | 0 | 0 | 0 | 1 | 0 |  1 | 0 | 1 | 1 | 0 | 3 | 1 | 1 | 0 | 1 | 2 | 2 | 1 | 2 | 0 | 2 | 6 | 0 | 1 | 3 | 0 | 0 | 0 | 4 | 6 | 4 | 7 | 7 | 4 | 3 | 3 | 4 | 5 | 3 | 3 | 7 | 10 |
41 | Thompson, Kevin William | PRINCETON UNIVERSITY. | 1985 | male | 2 | 2 | 1991 | 9 | 30 | 2015 | 1 | 0 | 0 | 0 | 0 | 1 | 0 | 0 | 0 | 0 | 0 | 2 | 0 | 0 | 0 | 0 | 0 | 0 | 0 | 0 | 0 | 0 | 0 | 0 | 0 | 0 | 0 | 0 | 0 | 0 | 0 | 0 | 0 | 0 | 0 | 0 | 0 |  2 | 0 | 1 | 1 | 2 | 3 | 2 | 1 | 4 | 2 | 1 | 4 | 3 | 0 | 0 | 1 | 0 | 1 | 2 | 2 | 1 | 0 | 0 | 1 | 2 | 0 | 1 | 1 | 0 | 0 | 0 | 0 | 0 | 0 | 0 | 1 | 0 |
42 | Vietri, Mario | PRINCETON UNIVERSITY. | 1985 | male | 4 | 23 | 2007 | 5 | 78 | 2015 | 0 | 0 | 0 | 1 | 0 | 3 | 1 | 0 | 0 | 0 | 0 | 0 | 0 | 0 | 0 | 3 | 2 | 4 | 4 | 3 | 1 | 2 | 0 | 2 | 0 | 0 | 0 | 1 | 0 | 0 | 0 | 0 | 0 | 0 | 0 | 0 | 0 |  0 | 0 | 0 | 1 | 0 | 4 | 3 | 0 | 1 | 1 | 2 | 2 | 2 | 1 | 0 | 4 | 2 | 5 | 5 | 14 | 6 | 4 | 2 | 2 | 4 | 5 | 3 | 4 | 3 | 2 | 0 | 0 | 0 | 0 | 0 | 1 | 0 |
43 | Woods, Thomas Nee | THE JOHNS HOPKINS UNIVERSITY. | 1985 | male | 3 | 30 | 2017 | 3 | 142 | 2017 | 0 | 0 | 0 | 0 | 0 | 3 | 1 | 1 | 0 | 0 | 1 | 0 | 0 | 1 | 0 | 1 | 1 | 1 | 2 | 0 | 3 | 0 | 2 | 1 | 1 | 3 | 2 | 0 | 2 | 2 | 0 | 1 | 1 | 0 | 1 | 1 | 0 |  0 | 0 | 0 | 0 | 0 | 3 | 2 | 2 | 0 | 1 | 1 | 0 | 1 | 5 | 1 | 3 | 1 | 3 | 6 | 4 | 6 | 5 | 2 | 2 | 5 | 13 | 9 | 5 | 7 | 6 | 7 | 9 | 8 | 5 | 4 | 11 | 5 |
44 | Newell, P. K. | California Univ., San Diego. | 1985 | None | 1 | 0 | 1985 | 2 | 6 | 2011 | 0 | 0 | 0 | 0 | 0 | 1 | 0 | 0 | 0 | 0 | 0 | 0 | 0 | 0 | 0 | 0 | 0 | 0 | 0 | 0 | 0 | 0 | 0 | 0 | 0 | 0 | 0 | 0 | 0 | 0 | 0 | 0 | 0 | 0 | 0 | 0 | 0 |  0 | 0 | 0 | 0 | 0 | 2 | 0 | 0 | 0 | 0 | 0 | 0 | 0 | 1 | 0 | 0 | 0 | 0 | 0 | 1 | 0 | 0 | 0 | 1 | 1 | 1 | 0 | 0 | 0 | 0 | 0 | 1 | 0 | 0 | 0 | 0 | 0 |
45 | Ottusch, John Jacob | UNIVERSITY OF CALIFORNIA, BERKELEY. | 1985 | male | 1 | 0 | 1985 | 1 | 1 | 1987 | 0 | 0 | 0 | 0 | 0 | 1 | 0 | 0 | 0 | 0 | 0 | 0 | 0 | 0 | 0 | 0 | 0 | 0 | 0 | 0 | 0 | 0 | 0 | 0 | 0 | 0 | 0 | 0 | 0 | 0 | 0 | 0 | 0 | 0 | 0 | 0 | 0 |  0 | 0 | 0 | 0 | 0 | 1 | 0 | 1 | 0 | 0 | 0 | 0 | 0 | 0 | 0 | 0 | 0 | 0 | 0 | 0 | 0 | 0 | 0 | 0 | 0 | 0 | 0 | 0 | 0 | 0 | 0 | 0 | 0 | 0 | 0 | 0 | 0 |
46 | Peterfreund, A. R. | Arizona State University, Tempe. | 1985 | None | 2 | 0 | 1985 | 5 | 0 | 1985 | 0 | 1 | 0 | 0 | 0 | 1 | 0 | 0 | 0 | 0 | 0 | 0 | 0 | 0 | 0 | 0 | 0 | 0 | 0 | 0 | 0 | 0 | 0 | 0 | 0 | 0 | 0 | 0 | 0 | 0 | 0 | 0 | 0 | 0 | 0 | 0 | 0 |  1 | 1 | 1 | 0 | 0 | 2 | 0 | 0 | 0 | 0 | 0 | 0 | 0 | 0 | 0 | 0 | 0 | 0 | 0 | 0 | 0 | 0 | 0 | 0 | 0 | 0 | 0 | 0 | 0 | 0 | 0 | 0 | 0 | 0 | 0 | 0 | 0 |
47 | Ratcliff, Stephen Jackson | PRINCETON UNIVERSITY. | 1985 | male | 3 | 5 | 1993 | 5 | 13 | 1998 | 0 | 0 | 1 | 0 | 1 | 1 | 0 | 1 | 0 | 0 | 0 | 0 | 3 | 1 | 0 | 0 | 0 | 0 | 0 | 0 | 0 | 0 | 0 | 0 | 0 | 0 | 0 | 0 | 0 | 0 | 0 | 0 | 0 | 0 | 0 | 0 | 0 |  0 | 0 | 1 | 1 | 2 | 1 | 0 | 1 | 2 | 0 | 1 | 0 | 4 | 1 | 2 | 0 | 0 | 1 | 1 | 0 | 0 | 0 | 0 | 0 | 0 | 0 | 0 | 0 | 0 | 0 | 0 | 0 | 0 | 0 | 0 | 0 | 0 |
48 | Neal, Parris Cornel | UTAH STATE UNIVERSITY. | 1985 | male | 1 | 0 | 1985 | 1 | 1 | 1991 | 0 | 0 | 0 | 0 | 0 | 1 | 0 | 0 | 0 | 0 | 0 | 0 | 0 | 0 | 0 | 0 | 0 | 0 | 0 | 0 | 0 | 0 | 0 | 0 | 0 | 0 | 0 | 0 | 0 | 0 | 0 | 0 | 0 | 0 | 0 | 0 | 0 |  0 | 0 | 0 | 0 | 0 | 1 | 0 | 0 | 0 | 0 | 0 | 1 | 0 | 0 | 0 | 0 | 0 | 0 | 0 | 0 | 0 | 0 | 0 | 0 | 0 | 0 | 0 | 0 | 0 | 0 | 0 | 0 | 0 | 0 | 0 | 0 | 0 |
49 | Paris, M. V. | Georgia Institute of Technology, Atlanta. | 1985 | None | 1 | 1 | 2014 | 2 | 2 | 2016 | 0 | 0 | 0 | 0 | 0 | 1 | 0 | 0 | 0 | 0 | 0 | 0 | 0 | 0 | 0 | 0 | 0 | 0 | 0 | 0 | 0 | 0 | 0 | 0 | 0 | 0 | 0 | 0 | 0 | 0 | 0 | 0 | 0 | 0 | 1 | 0 | 0 |  0 | 0 | 0 | 0 | 1 | 1 | 0 | 0 | 0 | 0 | 0 | 0 | 0 | 0 | 0 | 0 | 0 | 0 | 0 | 0 | 0 | 0 | 0 | 0 | 0 | 0 | 0 | 0 | 0 | 0 | 0 | 0 | 0 | 0 | 1 | 0 | 1 |
50 | Schaefer, Robert Karl | BRANDEIS UNIVERSITY. | 1985 | male | 1 | 10 | 1996 | 3 | 34 | 2017 | 0 | 0 | 0 | 0 | 0 | 1 | 0 | 0 | 0 | 2 | 0 | 1 | 1 | 2 | 1 | 1 | 2 | 0 | 0 | 0 | 0 | 0 | 0 | 0 | 0 | 0 | 0 | 0 | 0 | 0 | 0 | 0 | 0 | 0 | 0 | 0 | 0 |  0 | 1 | 0 | 1 | 0 | 1 | 1 | 0 | 0 | 2 | 1 | 1 | 3 | 3 | 3 | 4 | 5 | 4 | 0 | 0 | 0 | 1 | 2 | 0 | 0 | 0 | 0 | 0 | 0 | 0 | 0 | 0 | 1 | 0 | 0 | 1 | 1 |
51 | Iafigliola, Rocco | MCGILL UNIVERSITY (CANADA). | 1985 | male | 1 | 0 | 1985 | 1 | 0 | 1985 | 0 | 0 | 0 | 0 | 0 | 1 | 0 | 0 | 0 | 0 | 0 | 0 | 0 | 0 | 0 | 0 | 0 | 0 | 0 | 0 | 0 | 0 | 0 | 0 | 0 | 0 | 0 | 0 | 0 | 0 | 0 | 0 | 0 | 0 | 0 | 0 | 0 |  0 | 0 | 0 | 0 | 0 | 1 | 0 | 0 | 0 | 0 | 0 | 0 | 0 | 0 | 0 | 0 | 0 | 0 | 0 | 0 | 0 | 0 | 0 | 0 | 0 | 0 | 0 | 0 | 0 | 0 | 0 | 0 | 0 | 0 | 0 | 0 | 0 |
52 | Krisher, T. P. | Washington Univ., Seattle. | 1985 | None | 4 | 15 | 1997 | 4 | 23 | 1998 | 0 | 0 | 0 | 0 | 0 | 4 | 0 | 1 | 1 | 1 | 3 | 3 | 0 | 3 | 1 | 0 | 1 | 1 | 0 | 0 | 0 | 0 | 0 | 0 | 0 | 0 | 0 | 0 | 0 | 0 | 0 | 0 | 0 | 0 | 0 | 0 | 0 |  0 | 0 | 0 | 0 | 0 | 4 | 0 | 2 | 1 | 1 | 3 | 3 | 1 | 5 | 1 | 1 | 2 | 2 | 1 | 0 | 0 | 0 | 0 | 0 | 0 | 0 | 0 | 0 | 0 | 0 | 0 | 0 | 0 | 0 | 0 | 0 | 0 |
53 | Martin, J. M. | Stanford Univ., CA. | 1985 | None | 4 | 19 | 2014 | 8 | 164 | 2016 | 0 | 2 | 0 | 0 | 1 | 1 | 0 | 0 | 2 | 3 | 1 | 1 | 0 | 1 | 0 | 1 | 0 | 1 | 0 | 1 | 0 | 2 | 1 | 0 | 0 | 1 | 0 | 0 | 0 | 0 | 0 | 0 | 0 | 2 | 2 | 0 | 0 |  0 | 2 | 2 | 0 | 2 | 2 | 0 | 0 | 2 | 4 | 3 | 4 | 0 | 5 | 5 | 5 | 1 | 6 | 1 | 4 | 5 | 5 | 3 | 1 | 3 | 10 | 16 | 14 | 18 | 17 | 4 | 3 | 4 | 9 | 6 | 3 | 3 |
54 | Shaw, Richard Allen | UNIVERSITY OF ILLINOIS AT URBANA-CHAMPAIGN. | 1985 | male | 4 | 9 | 2010 | 6 | 58 | 2016 | 0 | 0 | 1 | 0 | 0 | 3 | 0 | 1 | 1 | 1 | 0 | 0 | 0 | 0 | 0 | 1 | 0 | 0 | 0 | 0 | 0 | 1 | 0 | 0 | 0 | 0 | 1 | 2 | 0 | 0 | 1 | 0 | 0 | 0 | 0 | 0 | 0 |  0 | 0 | 1 | 1 | 1 | 3 | 0 | 3 | 5 | 3 | 3 | 2 | 0 | 1 | 1 | 2 | 1 | 1 | 1 | 0 | 1 | 1 | 1 | 3 | 1 | 1 | 1 | 4 | 1 | 1 | 4 | 2 | 2 | 0 | 1 | 6 | 5 |
55 | Wolfire, Mark Guy | THE UNIVERSITY OF WISCONSIN - MADISON. | 1985 | male | 2 | 16 | 2011 | 3 | 92 | 2017 | 0 | 0 | 0 | 0 | 0 | 2 | 1 | 2 | 1 | 1 | 1 | 1 | 0 | 2 | 1 | 2 | 0 | 0 | 0 | 0 | 0 | 0 | 0 | 1 | 0 | 0 | 0 | 0 | 1 | 0 | 1 | 1 | 0 | 0 | 0 | 0 | 0 |  0 | 0 | 0 | 0 | 1 | 2 | 1 | 2 | 1 | 1 | 2 | 1 | 0 | 2 | 1 | 3 | 1 | 0 | 3 | 1 | 2 | 0 | 1 | 3 | 4 | 7 | 4 | 6 | 2 | 2 | 5 | 6 | 10 | 5 | 4 | 7 | 2 |
56 | Lambert, John Vincent | NEW MEXICO STATE UNIVERSITY. | 1985 | male | 1 | 1 | 2015 | 1 | 7 | 2015 | 0 | 0 | 0 | 0 | 0 | 1 | 0 | 0 | 0 | 0 | 0 | 0 | 0 | 0 | 0 | 0 | 0 | 0 | 0 | 0 | 0 | 0 | 0 | 0 | 0 | 0 | 0 | 0 | 0 | 0 | 0 | 0 | 0 | 0 | 0 | 1 | 0 |  0 | 0 | 0 | 0 | 0 | 1 | 0 | 0 | 0 | 0 | 0 | 0 | 0 | 0 | 0 | 0 | 0 | 1 | 1 | 1 | 0 | 0 | 0 | 0 | 0 | 1 | 0 | 1 | 0 | 0 | 0 | 0 | 0 | 0 | 0 | 2 | 0 |
57 | Merilan, Michael Preston | THE OHIO STATE UNIVERSITY. | 1985 | male | 1 | 0 | 1985 | 4 | 0 | 1985 | 0 | 0 | 0 | 0 | 0 | 1 | 0 | 0 | 0 | 0 | 0 | 0 | 0 | 0 | 0 | 0 | 0 | 0 | 0 | 0 | 0 | 0 | 0 | 0 | 0 | 0 | 0 | 0 | 0 | 0 | 0 | 0 | 0 | 0 | 0 | 0 | 0 |  0 | 3 | 0 | 0 | 0 | 1 | 0 | 0 | 0 | 0 | 0 | 0 | 0 | 0 | 0 | 0 | 0 | 0 | 0 | 0 | 0 | 0 | 0 | 0 | 0 | 0 | 0 | 0 | 0 | 0 | 0 | 0 | 0 | 0 | 0 | 0 | 0 |
58 | Nandkumar, Radha | UNIVERSITY OF ILLINOIS AT URBANA-CHAMPAIGN. | 1985 | female | 2 | 0 | 1985 | 4 | 2 | 1993 | 0 | 0 | 0 | 0 | 1 | 1 | 0 | 0 | 0 | 0 | 0 | 0 | 0 | 0 | 0 | 0 | 0 | 0 | 0 | 0 | 0 | 0 | 0 | 0 | 0 | 0 | 0 | 0 | 0 | 0 | 0 | 0 | 0 | 0 | 0 | 0 | 0 |  1 | 0 | 0 | 0 | 1 | 2 | 1 | 0 | 0 | 0 | 0 | 0 | 0 | 1 | 0 | 0 | 0 | 0 | 0 | 0 | 0 | 0 | 0 | 0 | 0 | 0 | 0 | 0 | 0 | 0 | 0 | 0 | 0 | 0 | 0 | 0 | 0 |
59 | Olowin, Ronald Paul | THE UNIVERSITY OF OKLAHOMA. | 1985 | male | 1 | 3 | 1989 | 1 | 13 | 2011 | 0 | 0 | 0 | 0 | 0 | 1 | 0 | 0 | 2 | 1 | 0 | 0 | 0 | 0 | 0 | 0 | 0 | 0 | 0 | 0 | 0 | 0 | 0 | 0 | 0 | 0 | 0 | 0 | 0 | 0 | 0 | 0 | 0 | 0 | 0 | 0 | 0 |  0 | 0 | 0 | 0 | 0 | 1 | 0 | 0 | 3 | 5 | 0 | 0 | 0 | 1 | 0 | 1 | 0 | 0 | 0 | 1 | 0 | 0 | 0 | 0 | 0 | 0 | 0 | 0 | 0 | 0 | 0 | 2 | 0 | 0 | 0 | 0 | 0 |
60 | Popp, Bruce Donald | HARVARD UNIVERSITY. | 1985 | male | 1 | 0 | 1985 | 2 | 3 | 1989 | 0 | 0 | 0 | 0 | 0 | 1 | 0 | 0 | 0 | 0 | 0 | 0 | 0 | 0 | 0 | 0 | 0 | 0 | 0 | 0 | 0 | 0 | 0 | 0 | 0 | 0 | 0 | 0 | 0 | 0 | 0 | 0 | 0 | 0 | 0 | 0 | 0 |  0 | 1 | 0 | 0 | 0 | 1 | 1 | 0 | 1 | 1 | 0 | 0 | 0 | 0 | 0 | 0 | 0 | 0 | 0 | 0 | 0 | 0 | 0 | 0 | 0 | 0 | 0 | 0 | 0 | 0 | 0 | 0 | 0 | 0 | 0 | 0 | 0 |
61 | Raga, Alejandro Cristian | UNIVERSITY OF WASHINGTON. | 1985 | male | 2 | 110 | 2016 | 2 | 340 | 2017 | 0 | 0 | 0 | 0 | 0 | 2 | 5 | 3 | 4 | 4 | 3 | 4 | 4 | 6 | 2 | 4 | 3 | 4 | 4 | 1 | 5 | 3 | 5 | 1 | 4 | 2 | 0 | 2 | 3 | 4 | 3 | 4 | 6 | 4 | 2 | 7 | 4 |  0 | 0 | 0 | 0 | 0 | 2 | 7 | 5 | 6 | 8 | 7 | 12 | 7 | 12 | 6 | 16 | 12 | 11 | 13 | 6 | 13 | 11 | 10 | 10 | 15 | 15 | 9 | 11 | 11 | 17 | 15 | 13 | 14 | 11 | 13 | 13 | 8 |
62 | Sahai, Raghvendra | CALIFORNIA INSTITUTE OF TECHNOLOGY. | 1985 | male | 2 | 53 | 2017 | 3 | 125 | 2017 | 0 | 0 | 0 | 0 | 0 | 2 | 0 | 1 | 1 | 1 | 2 | 1 | 2 | 1 | 1 | 2 | 0 | 1 | 3 | 5 | 4 | 0 | 1 | 3 | 0 | 2 | 1 | 2 | 4 | 1 | 1 | 3 | 3 | 1 | 1 | 2 | 1 |  0 | 0 | 1 | 0 | 0 | 2 | 1 | 2 | 1 | 1 | 4 | 1 | 4 | 1 | 3 | 3 | 1 | 1 | 7 | 5 | 6 | 1 | 3 | 5 | 4 | 5 | 7 | 6 | 7 | 6 | 4 | 6 | 7 | 4 | 7 | 3 | 4 |
63 | Tresch-Fienberg, Richard Mark | HARVARD UNIVERSITY. | 1985 | male | 1 | 1 | 1987 | 4 | 2 | 2004 | 0 | 0 | 0 | 0 | 0 | 1 | 0 | 1 | 0 | 0 | 0 | 0 | 0 | 0 | 0 | 0 | 0 | 0 | 0 | 0 | 0 | 0 | 0 | 0 | 0 | 0 | 0 | 0 | 0 | 0 | 0 | 0 | 0 | 0 | 0 | 0 | 0 |  0 | 0 | 0 | 0 | 1 | 3 | 0 | 1 | 0 | 0 | 0 | 0 | 0 | 0 | 0 | 0 | 0 | 0 | 0 | 0 | 0 | 0 | 0 | 0 | 1 | 0 | 0 | 0 | 0 | 0 | 0 | 0 | 0 | 0 | 0 | 0 | 0 |
64 | Jones, Michael David | WASHINGTON UNIVERSITY. | 1985 | male | 2 | 7 | 2017 | 10 | 37 | 2017 | 0 | 0 | 0 | 0 | 0 | 2 | 0 | 0 | 0 | 0 | 0 | 0 | 0 | 1 | 0 | 1 | 0 | 0 | 0 | 0 | 0 | 0 | 0 | 0 | 0 | 0 | 0 | 0 | 0 | 0 | 0 | 0 | 0 | 1 | 2 | 0 | 1 |  0 | 0 | 0 | 8 | 0 | 2 | 0 | 2 | 1 | 0 | 1 | 1 | 0 | 2 | 0 | 3 | 3 | 0 | 0 | 0 | 0 | 3 | 0 | 0 | 2 | 0 | 0 | 0 | 0 | 4 | 1 | 0 | 3 | 2 | 3 | 3 | 2 |
65 | Kang, Young Woon | UNIVERSITY OF FLORIDA. | 1985 | male | 1 | 28 | 2013 | 3 | 83 | 2015 | 0 | 0 | 0 | 0 | 0 | 1 | 0 | 0 | 0 | 1 | 1 | 1 | 3 | 2 | 1 | 0 | 0 | 3 | 2 | 2 | 1 | 2 | 1 | 1 | 2 | 0 | 0 | 1 | 1 | 0 | 1 | 0 | 1 | 1 | 0 | 0 | 0 |  0 | 0 | 1 | 0 | 0 | 2 | 0 | 0 | 0 | 1 | 1 | 2 | 4 | 2 | 2 | 0 | 2 | 3 | 3 | 2 | 3 | 4 | 5 | 4 | 7 | 2 | 4 | 3 | 6 | 5 | 4 | 0 | 4 | 3 | 3 | 4 | 0 |
66 | Lupton, R. H. | Princeton Univ., NJ. | 1985 | None | 2 | 6 | 1999 | 2 | 219 | 2016 | 0 | 0 | 1 | 0 | 0 | 1 | 1 | 2 | 0 | 2 | 0 | 0 | 0 | 0 | 0 | 0 | 0 | 0 | 0 | 1 | 0 | 0 | 0 | 0 | 0 | 0 | 0 | 0 | 0 | 0 | 0 | 0 | 0 | 0 | 0 | 0 | 0 |  0 | 0 | 1 | 0 | 0 | 1 | 1 | 2 | 0 | 2 | 0 | 0 | 0 | 0 | 0 | 1 | 0 | 0 | 2 | 4 | 12 | 19 | 20 | 17 | 25 | 19 | 17 | 10 | 10 | 3 | 13 | 14 | 7 | 6 | 7 | 5 | 3 |
67 | Nelan, Edmund Paul | DARTMOUTH COLLEGE. | 1985 | male | 2 | 4 | 2013 | 2 | 60 | 2017 | 0 | 0 | 0 | 0 | 0 | 2 | 0 | 0 | 0 | 0 | 0 | 0 | 0 | 0 | 0 | 0 | 0 | 0 | 0 | 0 | 0 | 0 | 0 | 0 | 1 | 0 | 0 | 1 | 0 | 0 | 1 | 0 | 0 | 1 | 0 | 0 | 0 |  0 | 0 | 0 | 0 | 0 | 2 | 0 | 1 | 0 | 1 | 0 | 2 | 2 | 4 | 1 | 1 | 0 | 2 | 3 | 2 | 1 | 2 | 4 | 2 | 2 | 1 | 2 | 3 | 1 | 2 | 4 | 3 | 2 | 2 | 3 | 3 | 2 |
68 | Ondrechen, Marc Philip | UNIVERSITY OF MINNESOTA. | 1985 | male | 3 | 2 | 1989 | 4 | 2 | 1989 | 0 | 0 | 0 | 1 | 0 | 2 | 0 | 0 | 0 | 2 | 0 | 0 | 0 | 0 | 0 | 0 | 0 | 0 | 0 | 0 | 0 | 0 | 0 | 0 | 0 | 0 | 0 | 0 | 0 | 0 | 0 | 0 | 0 | 0 | 0 | 0 | 0 |  0 | 0 | 0 | 2 | 0 | 2 | 0 | 0 | 0 | 2 | 0 | 0 | 0 | 0 | 0 | 0 | 0 | 0 | 0 | 0 | 0 | 0 | 0 | 0 | 0 | 0 | 0 | 0 | 0 | 0 | 0 | 0 | 0 | 0 | 0 | 0 | 0 |
69 | Pennington, Robert Lee | RICE UNIVERSITY. | 1985 | male | 3 | 1 | 1993 | 3 | 5 | 1993 | 0 | 0 | 1 | 1 | 0 | 1 | 0 | 0 | 0 | 0 | 0 | 0 | 0 | 1 | 0 | 0 | 0 | 0 | 0 | 0 | 0 | 0 | 0 | 0 | 0 | 0 | 0 | 0 | 0 | 0 | 0 | 0 | 0 | 0 | 0 | 0 | 0 |  0 | 0 | 1 | 1 | 0 | 1 | 0 | 1 | 1 | 0 | 0 | 0 | 2 | 1 | 0 | 0 | 0 | 0 | 0 | 0 | 0 | 0 | 0 | 0 | 0 | 0 | 0 | 0 | 0 | 0 | 0 | 0 | 0 | 0 | 0 | 0 | 0 |
70 | Rauber, J. D. | North Carolina Univ., Chapel Hill. | 1985 | None | 2 | 0 | 1985 | 3 | 0 | 1985 | 0 | 0 | 0 | 0 | 0 | 2 | 0 | 0 | 0 | 0 | 0 | 0 | 0 | 0 | 0 | 0 | 0 | 0 | 0 | 0 | 0 | 0 | 0 | 0 | 0 | 0 | 0 | 0 | 0 | 0 | 0 | 0 | 0 | 0 | 0 | 0 | 0 |  0 | 0 | 0 | 0 | 1 | 2 | 0 | 0 | 0 | 0 | 0 | 0 | 0 | 0 | 0 | 0 | 0 | 0 | 0 | 0 | 0 | 0 | 0 | 0 | 0 | 0 | 0 | 0 | 0 | 0 | 0 | 0 | 0 | 0 | 0 | 0 | 0 |
71 | Simonetti, John Harold | CORNELL UNIVERSITY. | 1985 | male | 3 | 8 | 2011 | 3 | 27 | 2017 | 0 | 0 | 0 | 0 | 1 | 2 | 2 | 0 | 0 | 0 | 1 | 1 | 1 | 1 | 0 | 0 | 1 | 0 | 0 | 0 | 0 | 0 | 0 | 0 | 0 | 0 | 0 | 0 | 0 | 0 | 0 | 1 | 0 | 0 | 0 | 0 | 0 |  0 | 0 | 0 | 0 | 1 | 2 | 2 | 0 | 0 | 0 | 1 | 1 | 2 | 2 | 0 | 0 | 1 | 1 | 1 | 0 | 1 | 0 | 1 | 0 | 0 | 0 | 0 | 2 | 2 | 0 | 1 | 1 | 0 | 0 | 1 | 3 | 2 |
72 | Toot, George David | UNIVERSITY OF COLORADO AT BOULDER. | 1985 | male | 1 | 1 | 1987 | 2 | 1 | 1987 | 0 | 0 | 0 | 0 | 0 | 1 | 0 | 1 | 0 | 0 | 0 | 0 | 0 | 0 | 0 | 0 | 0 | 0 | 0 | 0 | 0 | 0 | 0 | 0 | 0 | 0 | 0 | 0 | 0 | 0 | 0 | 0 | 0 | 0 | 0 | 0 | 0 |  0 | 0 | 1 | 0 | 0 | 1 | 0 | 1 | 0 | 0 | 0 | 0 | 0 | 0 | 0 | 0 | 0 | 0 | 0 | 0 | 0 | 0 | 0 | 0 | 0 | 0 | 0 | 0 | 0 | 0 | 0 | 0 | 0 | 0 | 0 | 0 | 0 |
73 | Zhang, K. S. | Illinois Univ., Urbana-Champaign. | 1985 | None | 2 | 21 | 2013 | 2 | 77 | 2017 | 0 | 0 | 0 | 0 | 0 | 2 | 0 | 0 | 0 | 0 | 0 | 0 | 1 | 1 | 2 | 2 | 3 | 2 | 0 | 0 | 1 | 0 | 0 | 1 | 3 | 0 | 0 | 0 | 1 | 1 | 0 | 1 | 0 | 2 | 0 | 0 | 0 |  0 | 0 | 0 | 0 | 0 | 2 | 0 | 0 | 0 | 0 | 1 | 0 | 1 | 1 | 2 | 3 | 5 | 4 | 0 | 2 | 2 | 1 | 0 | 1 | 4 | 2 | 0 | 4 | 3 | 4 | 4 | 3 | 7 | 7 | 6 | 3 | 5 |
74 | Anderson, Scott Frederic | UNIVERSITY OF WASHINGTON. | 1985 | male | 6 | 13 | 2008 | 12 | 231 | 2017 | 0 | 0 | 0 | 5 | 0 | 1 | 0 | 3 | 0 | 0 | 0 | 0 | 0 | 1 | 1 | 0 | 0 | 1 | 1 | 1 | 0 | 1 | 0 | 1 | 0 | 1 | 0 | 1 | 1 | 0 | 0 | 0 | 0 | 0 | 0 | 0 | 0 |  0 | 1 | 2 | 6 | 1 | 2 | 0 | 5 | 4 | 4 | 0 | 4 | 3 | 3 | 2 | 1 | 6 | 2 | 3 | 5 | 6 | 10 | 14 | 16 | 15 | 13 | 16 | 9 | 14 | 15 | 8 | 13 | 10 | 4 | 7 | 9 | 7 |
75 | Bradley, Steven Ever | UNIVERSITY OF CALIFORNIA, SAN DIEGO. | 1985 | male | 1 | 1 | 1986 | 1 | 5 | 2009 | 0 | 0 | 0 | 0 | 0 | 1 | 1 | 0 | 0 | 0 | 0 | 0 | 0 | 0 | 0 | 0 | 0 | 0 | 0 | 0 | 0 | 0 | 0 | 0 | 0 | 0 | 0 | 0 | 0 | 0 | 0 | 0 | 0 | 0 | 0 | 0 | 0 |  0 | 0 | 0 | 0 | 0 | 1 | 2 | 1 | 0 | 0 | 0 | 0 | 0 | 0 | 0 | 0 | 0 | 0 | 0 | 0 | 0 | 0 | 1 | 0 | 0 | 0 | 0 | 0 | 0 | 1 | 0 | 0 | 0 | 0 | 0 | 0 | 0 |
76 | Clemens, Dan Percival | UNIVERSITY OF MASSACHUSETTS. | 1985 | male | 3 | 21 | 2016 | 9 | 90 | 2017 | 0 | 0 | 0 | 1 | 0 | 2 | 1 | 1 | 5 | 1 | 2 | 1 | 1 | 0 | 0 | 0 | 2 | 0 | 0 | 0 | 0 | 0 | 0 | 0 | 0 | 0 | 0 | 1 | 0 | 0 | 0 | 0 | 4 | 1 | 0 | 0 | 1 |  0 | 0 | 0 | 2 | 4 | 3 | 4 | 4 | 7 | 1 | 3 | 3 | 2 | 2 | 4 | 3 | 2 | 2 | 4 | 1 | 2 | 2 | 2 | 3 | 3 | 5 | 2 | 4 | 1 | 3 | 1 | 1 | 9 | 3 | 2 | 1 | 3 |
77 | David, Laurence Paul | INDIANA UNIVERSITY. | 1985 | female | 4 | 28 | 2014 | 4 | 102 | 2017 | 0 | 0 | 0 | 0 | 2 | 2 | 0 | 2 | 1 | 2 | 2 | 2 | 3 | 1 | 1 | 1 | 1 | 1 | 0 | 1 | 1 | 1 | 0 | 0 | 1 | 1 | 1 | 0 | 1 | 1 | 0 | 1 | 1 | 0 | 1 | 0 | 0 |  0 | 0 | 0 | 0 | 2 | 2 | 0 | 2 | 2 | 3 | 3 | 2 | 3 | 3 | 1 | 1 | 1 | 3 | 3 | 3 | 6 | 6 | 3 | 3 | 5 | 4 | 1 | 1 | 2 | 5 | 6 | 7 | 4 | 4 | 5 | 7 | 2 |
78 | Gaetz, Terrance Joseph | CORNELL UNIVERSITY. | 1985 | male | 2 | 9 | 2007 | 2 | 43 | 2017 | 0 | 0 | 0 | 1 | 0 | 1 | 0 | 1 | 2 | 2 | 1 | 1 | 0 | 0 | 0 | 0 | 0 | 0 | 0 | 0 | 1 | 0 | 0 | 0 | 0 | 0 | 0 | 1 | 0 | 0 | 0 | 0 | 0 | 0 | 0 | 0 | 0 |  0 | 0 | 0 | 1 | 0 | 1 | 0 | 1 | 2 | 2 | 1 | 1 | 0 | 0 | 0 | 0 | 0 | 0 | 0 | 0 | 2 | 0 | 0 | 1 | 4 | 1 | 3 | 2 | 3 | 2 | 4 | 4 | 1 | 3 | 1 | 2 | 2 |
79 | Kamada, Ray Francis | UNIVERSITY OF CALIFORNIA, DAVIS. | 1985 | male | 2 | 0 | 1985 | 2 | 0 | 1985 | 0 | 0 | 0 | 0 | 0 | 2 | 0 | 0 | 0 | 0 | 0 | 0 | 0 | 0 | 0 | 0 | 0 | 0 | 0 | 0 | 0 | 0 | 0 | 0 | 0 | 0 | 0 | 0 | 0 | 0 | 0 | 0 | 0 | 0 | 0 | 0 | 0 |  0 | 0 | 0 | 0 | 0 | 2 | 0 | 0 | 0 | 0 | 0 | 0 | 0 | 0 | 0 | 0 | 0 | 0 | 0 | 0 | 0 | 0 | 0 | 0 | 0 | 0 | 0 | 0 | 0 | 0 | 0 | 0 | 0 | 0 | 0 | 0 | 0 |
80 | Salih, Subhi Kamil | THE UNIVERSITY OF WISCONSIN - MADISON. | 1985 | male | 4 | 1 | 1990 | 5 | 4 | 2006 | 0 | 0 | 0 | 1 | 0 | 3 | 0 | 0 | 0 | 0 | 1 | 0 | 0 | 0 | 0 | 0 | 0 | 0 | 0 | 0 | 0 | 0 | 0 | 0 | 0 | 0 | 0 | 0 | 0 | 0 | 0 | 0 | 0 | 0 | 0 | 0 | 0 |  0 | 0 | 1 | 1 | 0 | 3 | 0 | 1 | 0 | 0 | 1 | 0 | 0 | 0 | 1 | 0 | 0 | 0 | 0 | 0 | 0 | 0 | 0 | 0 | 0 | 0 | 1 | 0 | 0 | 0 | 0 | 0 | 0 | 0 | 0 | 0 | 0 |
81 | Rohwer, Richard James | THE UNIVERSITY OF TEXAS AT AUSTIN. | 1985 | male | 1 | 1 | 1986 | 1 | 1 | 1986 | 0 | 0 | 0 | 0 | 0 | 1 | 1 | 0 | 0 | 0 | 0 | 0 | 0 | 0 | 0 | 0 | 0 | 0 | 0 | 0 | 0 | 0 | 0 | 0 | 0 | 0 | 0 | 0 | 0 | 0 | 0 | 0 | 0 | 0 | 0 | 0 | 0 |  0 | 0 | 0 | 0 | 0 | 1 | 1 | 0 | 0 | 0 | 0 | 0 | 0 | 0 | 0 | 0 | 0 | 0 | 0 | 0 | 0 | 0 | 0 | 0 | 0 | 0 | 0 | 0 | 0 | 0 | 0 | 0 | 0 | 0 | 0 | 0 | 0 |
82 | Bornmann, Patricia Lee | UNIVERSITY OF COLORADO AT BOULDER. | 1985 | female | 3 | 12 | 1994 | 5 | 18 | 2005 | 0 | 0 | 0 | 0 | 0 | 3 | 0 | 1 | 1 | 1 | 2 | 2 | 3 | 0 | 2 | 0 | 0 | 0 | 0 | 0 | 0 | 0 | 0 | 0 | 0 | 0 | 0 | 0 | 0 | 0 | 0 | 0 | 0 | 0 | 0 | 0 | 0 |  0 | 0 | 1 | 1 | 0 | 3 | 0 | 2 | 1 | 1 | 2 | 3 | 3 | 0 | 3 | 0 | 0 | 0 | 0 | 1 | 0 | 0 | 0 | 0 | 0 | 2 | 0 | 0 | 0 | 0 | 0 | 0 | 0 | 0 | 0 | 0 | 0 |
83 | Krisher, Timothy Philip | WASHINGTON UNIVERSITY. | 1985 | male | 4 | 15 | 1997 | 4 | 23 | 1998 | 0 | 0 | 0 | 0 | 0 | 4 | 0 | 1 | 1 | 1 | 3 | 3 | 0 | 3 | 1 | 0 | 1 | 1 | 0 | 0 | 0 | 0 | 0 | 0 | 0 | 0 | 0 | 0 | 0 | 0 | 0 | 0 | 0 | 0 | 0 | 0 | 0 |  0 | 0 | 0 | 0 | 0 | 4 | 0 | 2 | 1 | 1 | 3 | 3 | 1 | 5 | 1 | 1 | 2 | 2 | 1 | 0 | 0 | 0 | 0 | 0 | 0 | 0 | 0 | 0 | 0 | 0 | 0 | 0 | 0 | 0 | 0 | 0 | 0 |
84 | Robinson, Walter A. | COLUMBIA UNIVERSITY. | 1985 | male | 1 | 6 | 2003 | 1 | 14 | 2011 | 0 | 0 | 0 | 0 | 0 | 1 | 3 | 0 | 0 | 0 | 0 | 1 | 0 | 0 | 0 | 0 | 0 | 0 | 0 | 0 | 0 | 0 | 1 | 1 | 0 | 0 | 0 | 0 | 0 | 0 | 0 | 0 | 0 | 0 | 0 | 0 | 0 |  0 | 0 | 0 | 0 | 0 | 1 | 3 | 0 | 0 | 0 | 0 | 2 | 1 | 0 | 0 | 0 | 0 | 0 | 1 | 1 | 0 | 0 | 2 | 1 | 1 | 0 | 0 | 0 | 0 | 1 | 0 | 1 | 0 | 0 | 0 | 0 | 0 |
85 | Rauber, Joel David | THE UNIVERSITY OF NORTH CAROLINA AT CHAPEL HILL. | 1985 | male | 2 | 0 | 1985 | 3 | 0 | 1985 | 0 | 0 | 0 | 0 | 0 | 2 | 0 | 0 | 0 | 0 | 0 | 0 | 0 | 0 | 0 | 0 | 0 | 0 | 0 | 0 | 0 | 0 | 0 | 0 | 0 | 0 | 0 | 0 | 0 | 0 | 0 | 0 | 0 | 0 | 0 | 0 | 0 |  0 | 0 | 0 | 0 | 1 | 2 | 0 | 0 | 0 | 0 | 0 | 0 | 0 | 0 | 0 | 0 | 0 | 0 | 0 | 0 | 0 | 0 | 0 | 0 | 0 | 0 | 0 | 0 | 0 | 0 | 0 | 0 | 0 | 0 | 0 | 0 | 0 |
86 | Chen, Chia-Rong | THE UNIVERSITY OF IOWA. | 1985 | None | 3 | 8 | 2011 | 4 | 72 | 2016 | 0 | 0 | 0 | 0 | 0 | 3 | 1 | 1 | 0 | 0 | 0 | 0 | 0 | 0 | 0 | 0 | 1 | 0 | 0 | 0 | 0 | 0 | 0 | 0 | 0 | 1 | 0 | 0 | 1 | 1 | 1 | 1 | 0 | 0 | 0 | 0 | 0 |  0 | 0 | 0 | 0 | 0 | 4 | 1 | 1 | 0 | 0 | 1 | 1 | 0 | 2 | 0 | 1 | 1 | 0 | 1 | 1 | 2 | 0 | 3 | 1 | 2 | 2 | 0 | 3 | 9 | 9 | 4 | 4 | 8 | 4 | 5 | 3 | 3 |
87 | Haegel, Nancy Marie | UNIVERSITY OF CALIFORNIA, BERKELEY. | 1985 | female | 2 | 2 | 1993 | 2 | 5 | 2005 | 0 | 0 | 0 | 0 | 0 | 2 | 1 | 0 | 0 | 0 | 0 | 0 | 0 | 1 | 0 | 0 | 0 | 0 | 0 | 0 | 0 | 0 | 0 | 0 | 0 | 0 | 0 | 0 | 0 | 0 | 0 | 0 | 0 | 0 | 0 | 0 | 0 |  0 | 0 | 0 | 0 | 0 | 2 | 2 | 0 | 0 | 0 | 0 | 0 | 0 | 1 | 0 | 0 | 1 | 0 | 0 | 0 | 0 | 0 | 0 | 0 | 0 | 1 | 0 | 0 | 0 | 0 | 0 | 0 | 0 | 0 | 0 | 0 | 0 |
88 | Lindner, Bernhard Leo | UNIVERSITY OF COLORADO AT BOULDER. | 1985 | male | 3 | 3 | 1995 | 3 | 3 | 1995 | 0 | 0 | 0 | 0 | 0 | 3 | 0 | 0 | 0 | 0 | 1 | 0 | 0 | 0 | 0 | 2 | 0 | 0 | 0 | 0 | 0 | 0 | 0 | 0 | 0 | 0 | 0 | 0 | 0 | 0 | 0 | 0 | 0 | 0 | 0 | 0 | 0 |  0 | 0 | 0 | 0 | 0 | 3 | 0 | 0 | 0 | 0 | 1 | 0 | 0 | 0 | 0 | 2 | 0 | 0 | 0 | 0 | 0 | 0 | 0 | 0 | 0 | 0 | 0 | 0 | 0 | 0 | 0 | 0 | 0 | 0 | 0 | 0 | 0 |
89 | Bishop, James Edward | RICE UNIVERSITY. | 1985 | male | 4 | 20 | 2007 | 4 | 39 | 2015 | 0 | 0 | 0 | 1 | 0 | 3 | 0 | 2 | 0 | 3 | 1 | 1 | 1 | 1 | 1 | 0 | 1 | 0 | 1 | 2 | 0 | 2 | 0 | 2 | 1 | 0 | 0 | 1 | 0 | 0 | 0 | 0 | 0 | 0 | 0 | 0 | 0 |  0 | 0 | 0 | 1 | 0 | 3 | 0 | 2 | 0 | 4 | 1 | 2 | 2 | 5 | 1 | 0 | 1 | 0 | 2 | 3 | 0 | 5 | 1 | 3 | 2 | 0 | 0 | 3 | 1 | 0 | 0 | 0 | 0 | 0 | 0 | 1 | 0 |
90 | Hitchman, Matthew Harold | UNIVERSITY OF WASHINGTON. | 1985 | male | 1 | 2 | 1994 | 2 | 9 | 2009 | 0 | 0 | 0 | 0 | 0 | 1 | 0 | 1 | 0 | 0 | 0 | 0 | 0 | 0 | 1 | 0 | 0 | 0 | 0 | 0 | 0 | 0 | 0 | 0 | 0 | 0 | 0 | 0 | 0 | 0 | 0 | 0 | 0 | 0 | 0 | 0 | 0 |  0 | 0 | 0 | 0 | 0 | 2 | 0 | 1 | 1 | 0 | 1 | 0 | 0 | 0 | 1 | 0 | 0 | 0 | 1 | 0 | 1 | 1 | 0 | 1 | 0 | 0 | 0 | 0 | 0 | 1 | 0 | 0 | 0 | 0 | 0 | 0 | 0 |
91 | Sandford, Scott Alan | WASHINGTON UNIVERSITY. | 1985 | male | 6 | 35 | 2013 | 9 | 162 | 2015 | 0 | 0 | 1 | 1 | 2 | 2 | 3 | 1 | 2 | 1 | 2 | 3 | 0 | 5 | 1 | 1 | 2 | 2 | 0 | 0 | 1 | 2 | 2 | 0 | 1 | 0 | 1 | 1 | 1 | 0 | 2 | 0 | 0 | 1 | 0 | 0 | 0 |  0 | 0 | 2 | 1 | 4 | 2 | 3 | 2 | 4 | 4 | 4 | 7 | 2 | 11 | 6 | 3 | 4 | 6 | 1 | 5 | 2 | 5 | 6 | 4 | 10 | 6 | 5 | 5 | 10 | 7 | 6 | 5 | 4 | 3 | 19 | 3 | 0 |
92 | Bozyan, Elizabeth Pike | THE UNIVERSITY OF TEXAS AT AUSTIN. | 1985 | female | 1 | 2 | 1992 | 2 | 3 | 1997 | 0 | 0 | 0 | 0 | 0 | 1 | 0 | 0 | 0 | 0 | 1 | 0 | 1 | 0 | 0 | 0 | 0 | 0 | 0 | 0 | 0 | 0 | 0 | 0 | 0 | 0 | 0 | 0 | 0 | 0 | 0 | 0 | 0 | 0 | 0 | 0 | 0 |  1 | 0 | 0 | 0 | 0 | 1 | 0 | 0 | 0 | 0 | 1 | 0 | 1 | 0 | 0 | 0 | 0 | 1 | 0 | 0 | 0 | 0 | 0 | 0 | 0 | 0 | 0 | 0 | 0 | 0 | 0 | 0 | 0 | 0 | 0 | 0 | 0 |
93 | Blau, Steven Kennith | MASSACHUSETTS INSTITUTE OF TECHNOLOGY. | 1985 | male | 1 | 11 | 2015 | 1 | 11 | 2015 | 0 | 0 | 0 | 0 | 0 | 1 | 0 | 1 | 0 | 2 | 0 | 0 | 0 | 0 | 0 | 1 | 0 | 0 | 0 | 0 | 0 | 0 | 1 | 1 | 1 | 0 | 0 | 0 | 1 | 0 | 0 | 0 | 1 | 0 | 0 | 2 | 0 |  0 | 0 | 0 | 0 | 0 | 1 | 0 | 1 | 0 | 2 | 0 | 0 | 0 | 0 | 0 | 1 | 0 | 0 | 0 | 0 | 0 | 0 | 1 | 1 | 1 | 0 | 0 | 0 | 1 | 0 | 0 | 0 | 1 | 0 | 0 | 2 | 0 |
94 | Lawrence, Gregory Allan | UNIVERSITY OF CALIFORNIA, BERKELEY. | 1985 | male | 1 | 0 | 1985 | 1 | 14 | 2013 | 0 | 0 | 0 | 0 | 0 | 1 | 0 | 0 | 0 | 0 | 0 | 0 | 0 | 0 | 0 | 0 | 0 | 0 | 0 | 0 | 0 | 0 | 0 | 0 | 0 | 0 | 0 | 0 | 0 | 0 | 0 | 0 | 0 | 0 | 0 | 0 | 0 |  0 | 0 | 0 | 0 | 0 | 1 | 0 | 0 | 0 | 0 | 0 | 0 | 0 | 0 | 0 | 0 | 3 | 0 | 2 | 0 | 0 | 1 | 0 | 1 | 1 | 0 | 1 | 1 | 0 | 0 | 0 | 2 | 0 | 2 | 0 | 0 | 0 |
95 | Bougher, Stephen Wesley | THE UNIVERSITY OF MICHIGAN. | 1985 | male | 2 | 34 | 2017 | 5 | 143 | 2017 | 0 | 0 | 0 | 0 | 1 | 1 | 1 | 0 | 3 | 0 | 2 | 1 | 0 | 1 | 3 | 2 | 1 | 1 | 1 | 2 | 1 | 1 | 2 | 0 | 1 | 1 | 3 | 0 | 1 | 1 | 0 | 0 | 0 | 0 | 0 | 4 | 0 |  1 | 1 | 0 | 0 | 1 | 2 | 2 | 2 | 3 | 0 | 2 | 3 | 3 | 5 | 4 | 2 | 3 | 2 | 3 | 3 | 1 | 3 | 5 | 2 | 3 | 3 | 4 | 4 | 7 | 5 | 13 | 3 | 5 | 3 | 6 | 25 | 7 |
96 | Paige, David Abbey, Jr. | CALIFORNIA INSTITUTE OF TECHNOLOGY. | 1985 | male | 2 | 12 | 2013 | 2 | 83 | 2017 | 0 | 0 | 0 | 0 | 0 | 2 | 0 | 0 | 0 | 0 | 1 | 0 | 3 | 0 | 3 | 0 | 0 | 0 | 0 | 0 | 0 | 0 | 0 | 0 | 0 | 2 | 0 | 0 | 0 | 0 | 2 | 0 | 0 | 1 | 0 | 0 | 0 |  0 | 0 | 0 | 0 | 0 | 2 | 0 | 0 | 0 | 0 | 1 | 2 | 6 | 1 | 3 | 0 | 2 | 0 | 0 | 1 | 5 | 5 | 0 | 2 | 0 | 4 | 1 | 4 | 2 | 1 | 7 | 5 | 4 | 6 | 3 | 6 | 5 |
97 | Bassan, Massimo | STANFORD UNIVERSITY. | 1985 | male | 2 | 9 | 2016 | 2 | 76 | 2016 | 0 | 0 | 0 | 0 | 1 | 1 | 0 | 0 | 1 | 0 | 2 | 0 | 0 | 0 | 1 | 0 | 0 | 0 | 0 | 0 | 0 | 0 | 0 | 0 | 0 | 0 | 0 | 0 | 0 | 0 | 1 | 1 | 0 | 2 | 0 | 0 | 1 |  0 | 0 | 0 | 0 | 1 | 1 | 0 | 0 | 1 | 3 | 3 | 3 | 1 | 2 | 1 | 1 | 3 | 2 | 0 | 7 | 3 | 2 | 8 | 4 | 3 | 3 | 4 | 2 | 6 | 1 | 3 | 1 | 2 | 5 | 0 | 1 | 1 |
98 | Johnson, Bettye Carol | HARVARD UNIVERSITY. | 1985 | female | 3 | 6 | 2014 | 6 | 80 | 2017 | 0 | 0 | 0 | 1 | 1 | 1 | 1 | 0 | 0 | 0 | 0 | 0 | 0 | 0 | 0 | 0 | 0 | 0 | 0 | 0 | 0 | 0 | 0 | 0 | 0 | 0 | 0 | 0 | 0 | 0 | 0 | 0 | 3 | 0 | 2 | 0 | 0 |  0 | 0 | 1 | 2 | 2 | 1 | 1 | 0 | 0 | 4 | 0 | 0 | 1 | 0 | 0 | 0 | 0 | 0 | 0 | 0 | 0 | 0 | 0 | 0 | 3 | 8 | 4 | 8 | 14 | 16 | 5 | 1 | 5 | 2 | 2 | 1 | 4 |
99 | Barrett, Paul Everett | THE LOUISIANA STATE UNIVERSITY AND AGRICULTURAL AND MECHANICAL COL. | 1985 | male | 3 | 8 | 1997 | 3 | 46 | 2014 | 0 | 0 | 0 | 0 | 1 | 2 | 0 | 1 | 3 | 1 | 0 | 0 | 0 | 0 | 0 | 1 | 1 | 1 | 0 | 0 | 0 | 0 | 0 | 0 | 0 | 0 | 0 | 0 | 0 | 0 | 0 | 0 | 0 | 0 | 0 | 0 | 0 |  0 | 0 | 0 | 0 | 1 | 2 | 1 | 1 | 4 | 3 | 1 | 1 | 2 | 1 | 2 | 5 | 1 | 3 | 1 | 0 | 0 | 0 | 0 | 2 | 1 | 2 | 2 | 3 | 3 | 4 | 0 | 1 | 1 | 0 | 1 | 0 | 0 |
100 | Lang, Frederic Lyle | MASSACHUSETTS INSTITUTE OF TECHNOLOGY. | 1985 | male | 3 | 1 | 1987 | 11 | 2 | 1990 | 0 | 1 | 0 | 0 | 0 | 2 | 0 | 1 | 0 | 0 | 0 | 0 | 0 | 0 | 0 | 0 | 0 | 0 | 0 | 0 | 0 | 0 | 0 | 0 | 0 | 0 | 0 | 0 | 0 | 0 | 0 | 0 | 0 | 0 | 0 | 0 | 0 |  0 | 4 | 1 | 2 | 2 | 2 | 0 | 1 | 0 | 0 | 1 | 0 | 0 | 0 | 0 | 0 | 0 | 0 | 0 | 0 | 0 | 0 | 0 | 0 | 0 | 0 | 0 | 0 | 0 | 0 | 0 | 0 | 0 | 0 | 0 | 0 | 0 |
101 | Chakrabarti, Sandip Kumar | THE UNIVERSITY OF CHICAGO. | 1985 | male | 8 | 108 | 2015 | 13 | 306 | 2017 | 2 | 0 | 1 | 0 | 1 | 4 | 3 | 1 | 5 | 7 | 7 | 2 | 8 | 7 | 4 | 3 | 10 | 2 | 4 | 4 | 6 | 4 | 3 | 2 | 3 | 6 | 5 | 2 | 1 | 2 | 1 | 1 | 1 | 0 | 1 | 3 | 0 |  3 | 0 | 1 | 0 | 2 | 7 | 6 | 2 | 7 | 8 | 12 | 3 | 9 | 12 | 10 | 5 | 13 | 3 | 6 | 8 | 13 | 14 | 16 | 3 | 9 | 21 | 7 | 6 | 8 | 8 | 12 | 17 | 12 | 9 | 10 | 18 | 14 |
102 | Hopkins, Edward John | THE UNIVERSITY OF WISCONSIN - MADISON. | 1985 | male | 2 | 0 | 1985 | 2 | 0 | 1985 | 0 | 0 | 0 | 0 | 0 | 2 | 0 | 0 | 0 | 0 | 0 | 0 | 0 | 0 | 0 | 0 | 0 | 0 | 0 | 0 | 0 | 0 | 0 | 0 | 0 | 0 | 0 | 0 | 0 | 0 | 0 | 0 | 0 | 0 | 0 | 0 | 0 |  0 | 0 | 0 | 0 | 0 | 2 | 0 | 0 | 0 | 0 | 0 | 0 | 0 | 0 | 0 | 0 | 0 | 0 | 0 | 0 | 0 | 0 | 0 | 0 | 0 | 0 | 0 | 0 | 0 | 0 | 0 | 0 | 0 | 0 | 0 | 0 | 0 |
103 | Melia, Fulvio | MASSACHUSETTS INSTITUTE OF TECHNOLOGY. | 1985 | male | 3 | 83 | 2017 | 4 | 198 | 2017 | 0 | 0 | 0 | 0 | 0 | 3 | 2 | 4 | 8 | 5 | 2 | 7 | 6 | 2 | 1 | 1 | 1 | 1 | 2 | 1 | 2 | 5 | 1 | 0 | 0 | 1 | 0 | 1 | 0 | 2 | 0 | 3 | 5 | 4 | 3 | 7 | 3 |  0 | 0 | 0 | 1 | 0 | 3 | 3 | 7 | 8 | 5 | 3 | 8 | 7 | 6 | 4 | 5 | 8 | 10 | 5 | 5 | 8 | 11 | 5 | 3 | 3 | 9 | 9 | 5 | 7 | 4 | 4 | 6 | 8 | 5 | 6 | 11 | 6 |
104 | Murphy, David Charles | MASSACHUSETTS INSTITUTE OF TECHNOLOGY. | 1985 | male | 2 | 6 | 2013 | 2 | 83 | 2017 | 0 | 0 | 0 | 0 | 0 | 2 | 1 | 0 | 0 | 0 | 0 | 1 | 0 | 0 | 1 | 1 | 0 | 0 | 0 | 0 | 0 | 0 | 0 | 1 | 0 | 0 | 0 | 0 | 0 | 0 | 0 | 0 | 0 | 1 | 0 | 0 | 0 |  0 | 0 | 0 | 0 | 0 | 2 | 1 | 1 | 1 | 1 | 0 | 1 | 1 | 1 | 2 | 1 | 0 | 2 | 2 | 0 | 1 | 1 | 4 | 1 | 3 | 1 | 4 | 1 | 1 | 1 | 2 | 1 | 13 | 12 | 15 | 6 | 1 |
105 | Rairden, Richard Louis | THE UNIVERSITY OF IOWA. | 1985 | male | 3 | 4 | 2000 | 5 | 15 | 2012 | 0 | 0 | 0 | 1 | 0 | 2 | 1 | 0 | 0 | 1 | 0 | 0 | 0 | 0 | 0 | 1 | 0 | 0 | 0 | 0 | 1 | 0 | 0 | 0 | 0 | 0 | 0 | 0 | 0 | 0 | 0 | 0 | 0 | 0 | 0 | 0 | 0 |  1 | 0 | 0 | 1 | 0 | 3 | 2 | 0 | 0 | 1 | 1 | 1 | 1 | 1 | 0 | 2 | 0 | 1 | 0 | 0 | 2 | 0 | 0 | 0 | 0 | 0 | 0 | 1 | 0 | 0 | 0 | 0 | 2 | 0 | 0 | 0 | 0 |
106 | Kim, Hyung Kook | THE PENNSYLVANIA STATE UNIVERSITY. | 1985 | male | 1 | 10 | 2015 | 1 | 95 | 2017 | 0 | 0 | 0 | 0 | 0 | 1 | 0 | 0 | 1 | 0 | 0 | 0 | 0 | 0 | 0 | 0 | 0 | 1 | 0 | 0 | 1 | 0 | 0 | 0 | 0 | 0 | 0 | 0 | 0 | 1 | 2 | 1 | 0 | 1 | 1 | 1 | 0 |  0 | 0 | 0 | 0 | 0 | 1 | 0 | 0 | 1 | 0 | 0 | 0 | 0 | 0 | 0 | 0 | 0 | 1 | 0 | 4 | 3 | 4 | 2 | 6 | 2 | 0 | 0 | 0 | 2 | 3 | 9 | 9 | 21 | 11 | 4 | 8 | 2 |
107 | Aguilar-Chiu, Luis Alberto | UNIVERSITY OF CALIFORNIA, BERKELEY. | 1985 | male | 1 | 0 | 1985 | 6 | 14 | 2016 | 0 | 0 | 0 | 0 | 0 | 1 | 0 | 0 | 0 | 0 | 0 | 0 | 0 | 0 | 0 | 0 | 0 | 0 | 0 | 0 | 0 | 0 | 0 | 0 | 0 | 0 | 0 | 0 | 0 | 0 | 0 | 0 | 0 | 0 | 0 | 0 | 0 |  0 | 0 | 1 | 1 | 0 | 4 | 1 | 0 | 0 | 0 | 0 | 0 | 1 | 0 | 1 | 1 | 0 | 0 | 0 | 0 | 0 | 0 | 1 | 1 | 0 | 0 | 0 | 1 | 1 | 0 | 0 | 1 | 1 | 0 | 0 | 2 | 2 |
108 | Brainerd, Jerome James | HARVARD UNIVERSITY. | 1985 | male | 1 | 24 | 2000 | 1 | 29 | 2000 | 0 | 0 | 0 | 0 | 0 | 1 | 0 | 4 | 0 | 3 | 0 | 2 | 3 | 1 | 2 | 1 | 2 | 1 | 2 | 0 | 3 | 0 | 0 | 0 | 0 | 0 | 0 | 0 | 0 | 0 | 0 | 0 | 0 | 0 | 0 | 0 | 0 |  0 | 0 | 0 | 0 | 0 | 1 | 0 | 4 | 0 | 3 | 0 | 2 | 3 | 1 | 2 | 2 | 4 | 1 | 2 | 2 | 3 | 0 | 0 | 0 | 0 | 0 | 0 | 0 | 0 | 0 | 0 | 0 | 0 | 0 | 0 | 0 | 0 |
109 | Cioffi, Denis Felix | UNIVERSITY OF COLORADO AT BOULDER. | 1985 | male | 2 | 3 | 1992 | 4 | 6 | 2004 | 1 | 0 | 0 | 0 | 0 | 1 | 0 | 0 | 1 | 0 | 0 | 1 | 1 | 0 | 0 | 0 | 0 | 0 | 0 | 0 | 0 | 0 | 0 | 0 | 0 | 0 | 0 | 0 | 0 | 0 | 0 | 0 | 0 | 0 | 0 | 0 | 0 |  2 | 0 | 0 | 1 | 0 | 1 | 0 | 0 | 1 | 2 | 0 | 1 | 1 | 0 | 0 | 0 | 0 | 0 | 0 | 0 | 0 | 0 | 0 | 0 | 1 | 0 | 0 | 0 | 0 | 0 | 0 | 0 | 0 | 0 | 0 | 0 | 0 |
110 | Murphy, Ronald James | UNIVERSITY OF MARYLAND COLLEGE PARK. | 1985 | male | 4 | 22 | 2016 | 8 | 73 | 2017 | 0 | 0 | 0 | 0 | 1 | 3 | 0 | 1 | 1 | 0 | 2 | 1 | 0 | 1 | 0 | 0 | 1 | 1 | 1 | 1 | 0 | 0 | 0 | 3 | 0 | 2 | 0 | 2 | 0 | 1 | 0 | 1 | 1 | 0 | 1 | 0 | 1 |  1 | 0 | 0 | 3 | 1 | 3 | 1 | 4 | 2 | 0 | 2 | 2 | 1 | 2 | 0 | 2 | 1 | 3 | 3 | 2 | 0 | 5 | 5 | 9 | 4 | 2 | 3 | 3 | 3 | 2 | 1 | 2 | 3 | 0 | 3 | 1 | 1 |
111 | Mastichiadis, Apostolos | BOSTON UNIVERSITY. | 1985 | male | 1 | 36 | 2016 | 1 | 101 | 2017 | 0 | 0 | 0 | 0 | 0 | 1 | 2 | 1 | 1 | 1 | 2 | 6 | 1 | 1 | 2 | 3 | 3 | 1 | 0 | 1 | 0 | 0 | 2 | 0 | 0 | 1 | 1 | 1 | 3 | 1 | 0 | 0 | 0 | 1 | 0 | 0 | 1 |  0 | 0 | 0 | 0 | 0 | 1 | 2 | 2 | 1 | 2 | 3 | 9 | 5 | 2 | 4 | 5 | 6 | 3 | 1 | 7 | 0 | 2 | 4 | 3 | 2 | 3 | 3 | 2 | 7 | 3 | 0 | 4 | 3 | 4 | 3 | 4 | 1 |
112 | Hsu, Jinchung | THE UNIVERSITY OF TEXAS AT AUSTIN. | 1985 | None | 7 | 1 | 1986 | 10 | 14 | 2011 | 1 | 1 | 1 | 1 | 1 | 2 | 1 | 0 | 0 | 0 | 0 | 0 | 0 | 0 | 0 | 0 | 0 | 0 | 0 | 0 | 0 | 0 | 0 | 0 | 0 | 0 | 0 | 0 | 0 | 0 | 0 | 0 | 0 | 0 | 0 | 0 | 0 |  2 | 2 | 2 | 1 | 1 | 2 | 1 | 0 | 1 | 1 | 1 | 0 | 1 | 1 | 0 | 0 | 0 | 0 | 4 | 2 | 0 | 0 | 0 | 0 | 0 | 0 | 0 | 1 | 0 | 0 | 0 | 1 | 0 | 0 | 0 | 0 | 0 |
113 | Jensen, Bruce Philip | THE UNIVERSITY OF TEXAS AT AUSTIN. | 1985 | male | 1 | 9 | 1995 | 1 | 14 | 2003 | 0 | 0 | 0 | 0 | 0 | 1 | 1 | 0 | 2 | 2 | 0 | 1 | 2 | 0 | 0 | 1 | 0 | 0 | 0 | 0 | 0 | 0 | 0 | 0 | 0 | 0 | 0 | 0 | 0 | 0 | 0 | 0 | 0 | 0 | 0 | 0 | 0 |  0 | 0 | 0 | 0 | 0 | 1 | 2 | 0 | 2 | 2 | 0 | 1 | 4 | 0 | 0 | 1 | 0 | 0 | 0 | 1 | 0 | 0 | 0 | 1 | 0 | 0 | 0 | 0 | 0 | 0 | 0 | 0 | 0 | 0 | 0 | 0 | 0 |
114 | Smith, Billy Ray, Jr. | THE UNIVERSITY OF NORTH CAROLINA AT CHAPEL HILL. | 1985 | male | 3 | 4 | 2008 | 5 | 40 | 2017 | 0 | 1 | 0 | 1 | 0 | 1 | 0 | 0 | 0 | 0 | 0 | 0 | 0 | 0 | 0 | 0 | 0 | 1 | 0 | 0 | 0 | 0 | 0 | 0 | 1 | 0 | 1 | 0 | 1 | 0 | 0 | 0 | 0 | 0 | 0 | 0 | 0 |  1 | 1 | 0 | 1 | 1 | 1 | 3 | 2 | 0 | 2 | 2 | 1 | 0 | 0 | 0 | 1 | 0 | 2 | 0 | 0 | 1 | 0 | 1 | 1 | 1 | 2 | 1 | 1 | 2 | 1 | 3 | 0 | 1 | 2 | 1 | 0 | 1 |
115 | Band, David Louis | HARVARD UNIVERSITY. | 1985 | male | 3 | 41 | 2009 | 5 | 88 | 2009 | 0 | 0 | 0 | 0 | 1 | 2 | 2 | 2 | 3 | 3 | 1 | 0 | 3 | 4 | 3 | 4 | 2 | 2 | 2 | 2 | 0 | 1 | 1 | 1 | 1 | 1 | 1 | 0 | 1 | 1 | 0 | 0 | 0 | 0 | 0 | 0 | 0 |  0 | 1 | 0 | 0 | 2 | 2 | 2 | 2 | 3 | 3 | 1 | 0 | 4 | 5 | 7 | 8 | 4 | 8 | 4 | 12 | 2 | 3 | 3 | 1 | 2 | 2 | 4 | 1 | 1 | 6 | 0 | 0 | 0 | 0 | 0 | 0 | 0 |
116 | Shrader, Chris R. | RUTGERS THE STATE UNIVERSITY OF NEW JERSEY - NEW BRUNSWICK. | 1985 | male | 1 | 17 | 2015 | 2 | 82 | 2017 | 0 | 0 | 0 | 0 | 0 | 1 | 1 | 0 | 0 | 0 | 0 | 0 | 0 | 2 | 2 | 1 | 2 | 2 | 1 | 2 | 0 | 0 | 0 | 1 | 0 | 0 | 0 | 1 | 0 | 0 | 1 | 0 | 0 | 0 | 0 | 1 | 0 |  0 | 0 | 1 | 0 | 0 | 1 | 1 | 0 | 0 | 0 | 1 | 1 | 1 | 3 | 6 | 4 | 6 | 5 | 5 | 4 | 3 | 2 | 2 | 8 | 2 | 4 | 5 | 2 | 1 | 2 | 3 | 0 | 2 | 1 | 3 | 3 | 1 |
117 | Torres, Ana Victoria | UNIVERSITY OF COLORADO AT BOULDER. | 1985 | female | 2 | 10 | 2004 | 2 | 39 | 2013 | 0 | 0 | 0 | 0 | 1 | 1 | 1 | 3 | 2 | 0 | 1 | 1 | 0 | 1 | 0 | 0 | 0 | 0 | 0 | 0 | 0 | 0 | 0 | 0 | 1 | 0 | 0 | 0 | 0 | 0 | 0 | 0 | 0 | 0 | 0 | 0 | 0 |  0 | 0 | 0 | 0 | 1 | 1 | 3 | 3 | 2 | 0 | 2 | 1 | 0 | 1 | 1 | 1 | 0 | 1 | 0 | 0 | 0 | 0 | 0 | 3 | 5 | 2 | 9 | 3 | 0 | 0 | 0 | 0 | 1 | 1 | 0 | 0 | 0 |
118 | Kaplan, George Harry | UNIVERSITY OF MARYLAND COLLEGE PARK. | 1985 | male | 3 | 3 | 2003 | 8 | 15 | 2006 | 1 | 0 | 1 | 0 | 0 | 1 | 0 | 0 | 0 | 1 | 0 | 0 | 0 | 0 | 0 | 0 | 0 | 0 | 1 | 0 | 0 | 0 | 0 | 1 | 0 | 0 | 0 | 0 | 0 | 0 | 0 | 0 | 0 | 0 | 0 | 0 | 0 |  3 | 1 | 2 | 0 | 1 | 1 | 0 | 0 | 4 | 5 | 1 | 1 | 0 | 0 | 0 | 0 | 0 | 0 | 1 | 0 | 0 | 0 | 0 | 1 | 0 | 1 | 1 | 0 | 0 | 0 | 0 | 0 | 0 | 0 | 0 | 0 | 0 |
119 | Lindner, B. L. | Colorado Univ., Boulder. | 1985 | None | 3 | 8 | 1995 | 3 | 8 | 1995 | 0 | 0 | 0 | 0 | 0 | 3 | 0 | 0 | 1 | 0 | 1 | 0 | 1 | 2 | 0 | 3 | 0 | 0 | 0 | 0 | 0 | 0 | 0 | 0 | 0 | 0 | 0 | 0 | 0 | 0 | 0 | 0 | 0 | 0 | 0 | 0 | 0 |  0 | 0 | 0 | 0 | 0 | 3 | 0 | 0 | 1 | 0 | 1 | 0 | 1 | 2 | 0 | 3 | 0 | 0 | 0 | 0 | 0 | 0 | 0 | 0 | 0 | 0 | 0 | 0 | 0 | 0 | 0 | 0 | 0 | 0 | 0 | 0 | 0 |
120 | Mamon, Gary Allan | PRINCETON UNIVERSITY. | 1985 | male | 2 | 20 | 2013 | 3 | 118 | 2017 | 0 | 0 | 1 | 0 | 0 | 1 | 1 | 2 | 1 | 1 | 0 | 0 | 1 | 0 | 0 | 0 | 0 | 0 | 0 | 0 | 0 | 1 | 1 | 0 | 1 | 2 | 3 | 0 | 1 | 0 | 2 | 1 | 1 | 1 | 0 | 0 | 0 |  0 | 0 | 2 | 0 | 0 | 1 | 1 | 3 | 1 | 3 | 0 | 1 | 2 | 1 | 2 | 1 | 2 | 2 | 0 | 3 | 5 | 5 | 3 | 1 | 4 | 7 | 4 | 4 | 5 | 7 | 3 | 8 | 4 | 7 | 9 | 7 | 8 |
121 | Orlati, Maria-Antonietta | CASE WESTERN RESERVE UNIVERSITY. | 1985 | female | 1 | 1 | 1987 | 1 | 1 | 1987 | 0 | 0 | 0 | 0 | 0 | 1 | 0 | 1 | 0 | 0 | 0 | 0 | 0 | 0 | 0 | 0 | 0 | 0 | 0 | 0 | 0 | 0 | 0 | 0 | 0 | 0 | 0 | 0 | 0 | 0 | 0 | 0 | 0 | 0 | 0 | 0 | 0 |  0 | 0 | 0 | 0 | 0 | 1 | 0 | 1 | 0 | 0 | 0 | 0 | 0 | 0 | 0 | 0 | 0 | 0 | 0 | 0 | 0 | 0 | 0 | 0 | 0 | 0 | 0 | 0 | 0 | 0 | 0 | 0 | 0 | 0 | 0 | 0 | 0 |
122 | Sharpton, V. L. | Brown Univ., Providence, RI. | 1985 | None | 4 | 15 | 2014 | 6 | 49 | 2014 | 0 | 0 | 1 | 1 | 0 | 2 | 1 | 2 | 2 | 1 | 2 | 0 | 1 | 2 | 0 | 1 | 0 | 1 | 0 | 0 | 0 | 0 | 0 | 0 | 0 | 0 | 0 | 0 | 0 | 0 | 0 | 0 | 0 | 1 | 1 | 0 | 0 |  0 | 0 | 1 | 1 | 0 | 4 | 1 | 3 | 6 | 2 | 2 | 4 | 6 | 6 | 2 | 2 | 2 | 1 | 0 | 0 | 1 | 1 | 1 | 1 | 1 | 2 | 2 | 0 | 0 | 1 | 0 | 0 | 0 | 1 | 1 | 0 | 0 |
123 | Wilson, Kenneth Earl | THE UNIVERSITY OF TEXAS AT AUSTIN. | 1985 | male | 2 | 13 | 2009 | 2 | 26 | 2013 | 0 | 1 | 0 | 0 | 0 | 1 | 0 | 0 | 0 | 0 | 1 | 0 | 0 | 1 | 0 | 2 | 1 | 1 | 0 | 1 | 0 | 0 | 1 | 2 | 0 | 1 | 0 | 0 | 1 | 1 | 0 | 0 | 0 | 0 | 0 | 0 | 0 |  0 | 1 | 0 | 0 | 0 | 1 | 0 | 1 | 0 | 0 | 1 | 0 | 0 | 1 | 0 | 3 | 3 | 1 | 1 | 1 | 0 | 0 | 1 | 2 | 1 | 5 | 0 | 0 | 1 | 1 | 1 | 0 | 1 | 1 | 0 | 0 | 0 |
124 | Paige, D. A., Jr. | California Institute of Technology, Pasadena. | 1985 | None | 0 | 0 | 1985 | 0 | 0 | 1985 | 0 | 0 | 0 | 0 | 0 | 0 | 0 | 0 | 0 | 0 | 0 | 0 | 0 | 0 | 0 | 0 | 0 | 0 | 0 | 0 | 0 | 0 | 0 | 0 | 0 | 0 | 0 | 0 | 0 | 0 | 0 | 0 | 0 | 0 | 0 | 0 | 0 |  0 | 0 | 0 | 0 | 0 | 0 | 0 | 0 | 0 | 0 | 0 | 0 | 0 | 0 | 0 | 0 | 0 | 0 | 0 | 0 | 0 | 0 | 0 | 0 | 0 | 0 | 0 | 0 | 0 | 0 | 0 | 0 | 0 | 0 | 0 | 0 | 0 |
125 | Benson, Robert Henry | TEXAS A&M UNIVERSITY. | 1985 | male | 4 | 0 | 1985 | 6 | 2 | 2006 | 0 | 3 | 0 | 0 | 0 | 1 | 0 | 0 | 0 | 0 | 0 | 0 | 0 | 0 | 0 | 0 | 0 | 0 | 0 | 0 | 0 | 0 | 0 | 0 | 0 | 0 | 0 | 0 | 0 | 0 | 0 | 0 | 0 | 0 | 0 | 0 | 0 |  1 | 3 | 1 | 0 | 0 | 1 | 0 | 0 | 0 | 0 | 0 | 0 | 0 | 0 | 0 | 0 | 0 | 0 | 0 | 0 | 0 | 0 | 0 | 1 | 0 | 0 | 1 | 0 | 0 | 0 | 0 | 0 | 0 | 0 | 0 | 0 | 0 |
126 | Henden, Arne Anthon | INDIANA UNIVERSITY. | 1985 | male | 4 | 44 | 2016 | 4 | 287 | 2017 | 1 | 0 | 0 | 0 | 1 | 2 | 0 | 0 | 0 | 0 | 0 | 0 | 0 | 0 | 0 | 1 | 2 | 2 | 1 | 1 | 3 | 6 | 1 | 2 | 3 | 0 | 2 | 5 | 3 | 0 | 3 | 0 | 3 | 3 | 2 | 0 | 1 |  1 | 0 | 0 | 0 | 1 | 2 | 0 | 0 | 0 | 0 | 0 | 0 | 0 | 0 | 0 | 2 | 2 | 3 | 3 | 5 | 16 | 19 | 25 | 17 | 25 | 14 | 18 | 16 | 16 | 11 | 22 | 17 | 15 | 16 | 14 | 7 | 2 |
127 | Wang, Wan-Xian | UNIVERSITY OF FLORIDA. | 1985 | male | 1 | 32 | 2015 | 2 | 126 | 2016 | 0 | 0 | 0 | 0 | 0 | 1 | 0 | 1 | 0 | 0 | 0 | 0 | 0 | 0 | 0 | 0 | 0 | 0 | 1 | 2 | 0 | 1 | 1 | 0 | 2 | 3 | 4 | 4 | 4 | 1 | 2 | 1 | 2 | 1 | 1 | 1 | 0 |  1 | 0 | 0 | 0 | 0 | 1 | 1 | 1 | 0 | 0 | 0 | 0 | 1 | 0 | 0 | 0 | 0 | 0 | 1 | 2 | 2 | 1 | 2 | 2 | 12 | 8 | 14 | 10 | 17 | 10 | 6 | 3 | 8 | 6 | 8 | 6 | 5 |
128 | Breneman, H. Herbert | CALIFORNIA INSTITUTE OF TECHNOLOGY. | 1985 | male | 6 | 0 | 1985 | 6 | 20 | 2004 | 0 | 0 | 0 | 1 | 0 | 5 | 0 | 0 | 0 | 0 | 0 | 0 | 0 | 0 | 0 | 0 | 0 | 0 | 0 | 0 | 0 | 0 | 0 | 0 | 0 | 0 | 0 | 0 | 0 | 0 | 0 | 0 | 0 | 0 | 0 | 0 | 0 |  0 | 0 | 0 | 1 | 0 | 5 | 0 | 0 | 0 | 0 | 0 | 0 | 1 | 0 | 2 | 1 | 0 | 1 | 5 | 3 | 3 | 2 | 0 | 1 | 1 | 0 | 0 | 0 | 0 | 0 | 0 | 0 | 0 | 0 | 0 | 0 | 0 |
129 | Cutri, Roc Michael | THE UNIVERSITY OF ARIZONA. | 1985 | male | 8 | 5 | 1994 | 9 | 128 | 2017 | 1 | 1 | 1 | 0 | 2 | 3 | 0 | 0 | 1 | 1 | 0 | 0 | 1 | 1 | 1 | 0 | 0 | 0 | 0 | 0 | 0 | 0 | 0 | 0 | 0 | 0 | 0 | 0 | 0 | 0 | 0 | 0 | 0 | 0 | 0 | 0 | 0 |  1 | 1 | 1 | 0 | 2 | 4 | 0 | 2 | 2 | 2 | 0 | 1 | 1 | 1 | 4 | 2 | 3 | 0 | 5 | 3 | 10 | 3 | 6 | 7 | 2 | 3 | 8 | 4 | 4 | 2 | 5 | 10 | 14 | 4 | 8 | 8 | 3 |
130 | Hessman, Frederic Victor | THE UNIVERSITY OF TEXAS AT AUSTIN. | 1985 | male | 2 | 24 | 2017 | 3 | 90 | 2017 | 0 | 0 | 0 | 0 | 1 | 1 | 1 | 1 | 0 | 3 | 2 | 2 | 1 | 0 | 0 | 1 | 0 | 2 | 0 | 1 | 3 | 1 | 0 | 0 | 0 | 0 | 2 | 1 | 0 | 0 | 0 | 1 | 0 | 0 | 0 | 1 | 0 |  0 | 0 | 0 | 0 | 1 | 2 | 1 | 2 | 2 | 3 | 3 | 3 | 1 | 2 | 0 | 1 | 1 | 4 | 1 | 5 | 5 | 3 | 3 | 1 | 1 | 0 | 5 | 3 | 0 | 3 | 4 | 5 | 7 | 10 | 2 | 4 | 3 |
131 | Jou, Ben Jonq-Dao | UNIVERSITY OF WASHINGTON. | 1985 | male | 1 | 0 | 1985 | 1 | 0 | 1985 | 0 | 0 | 0 | 0 | 0 | 1 | 0 | 0 | 0 | 0 | 0 | 0 | 0 | 0 | 0 | 0 | 0 | 0 | 0 | 0 | 0 | 0 | 0 | 0 | 0 | 0 | 0 | 0 | 0 | 0 | 0 | 0 | 0 | 0 | 0 | 0 | 0 |  0 | 0 | 0 | 0 | 0 | 1 | 0 | 0 | 0 | 0 | 0 | 0 | 0 | 0 | 0 | 0 | 0 | 0 | 0 | 0 | 0 | 0 | 0 | 0 | 0 | 0 | 0 | 0 | 0 | 0 | 0 | 0 | 0 | 0 | 0 | 0 | 0 |
132 | Barthelmy, Scott Douglas | WASHINGTON UNIVERSITY. | 1985 | male | 4 | 9 | 2008 | 4 | 187 | 2017 | 0 | 0 | 0 | 2 | 0 | 2 | 0 | 1 | 0 | 0 | 0 | 0 | 0 | 0 | 1 | 1 | 0 | 1 | 0 | 0 | 0 | 0 | 0 | 0 | 0 | 3 | 0 | 1 | 1 | 0 | 0 | 0 | 0 | 0 | 0 | 0 | 0 |  0 | 0 | 0 | 2 | 0 | 2 | 0 | 1 | 0 | 2 | 1 | 2 | 0 | 1 | 2 | 8 | 4 | 9 | 2 | 10 | 3 | 1 | 3 | 0 | 2 | 17 | 32 | 12 | 14 | 9 | 11 | 7 | 7 | 9 | 6 | 2 | 8 |
133 | Coleman, Paul Henry | UNIVERSITY OF PITTSBURGH. | 1985 | male | 3 | 5 | 1995 | 3 | 13 | 2013 | 0 | 0 | 0 | 0 | 0 | 3 | 0 | 0 | 1 | 0 | 1 | 0 | 2 | 0 | 0 | 1 | 0 | 0 | 0 | 0 | 0 | 0 | 0 | 0 | 0 | 0 | 0 | 0 | 0 | 0 | 0 | 0 | 0 | 0 | 0 | 0 | 0 |  0 | 0 | 0 | 0 | 0 | 3 | 0 | 0 | 1 | 1 | 1 | 0 | 3 | 0 | 1 | 2 | 1 | 0 | 0 | 1 | 0 | 0 | 0 | 0 | 0 | 0 | 0 | 0 | 0 | 0 | 1 | 0 | 0 | 1 | 0 | 0 | 0 |
134 | Rairden, R. L. | Iowa Univ., Iowa City. | 1985 | None | 3 | 4 | 2000 | 5 | 17 | 2012 | 0 | 0 | 0 | 1 | 0 | 2 | 1 | 0 | 0 | 1 | 0 | 0 | 0 | 0 | 0 | 1 | 0 | 0 | 0 | 0 | 1 | 0 | 0 | 0 | 0 | 0 | 0 | 0 | 0 | 0 | 0 | 0 | 0 | 0 | 0 | 0 | 0 |  1 | 0 | 0 | 1 | 0 | 3 | 2 | 0 | 0 | 1 | 1 | 1 | 1 | 1 | 0 | 2 | 0 | 1 | 0 | 0 | 3 | 0 | 0 | 0 | 1 | 0 | 0 | 1 | 0 | 0 | 0 | 0 | 2 | 0 | 0 | 0 | 0 |
135 | Shure, Mark Alan | CORNELL UNIVERSITY. | 1985 | male | 4 | 2 | 1995 | 11 | 33 | 2013 | 0 | 0 | 0 | 2 | 1 | 1 | 0 | 0 | 0 | 0 | 0 | 0 | 0 | 0 | 1 | 1 | 0 | 0 | 0 | 0 | 0 | 0 | 0 | 0 | 0 | 0 | 0 | 0 | 0 | 0 | 0 | 0 | 0 | 0 | 0 | 0 | 0 |  0 | 0 | 2 | 3 | 4 | 2 | 1 | 1 | 1 | 5 | 3 | 2 | 3 | 2 | 2 | 4 | 3 | 0 | 1 | 0 | 1 | 1 | 0 | 0 | 0 | 2 | 0 | 0 | 0 | 0 | 0 | 0 | 0 | 1 | 0 | 0 | 0 |
136 | McKee, M. Randall | THE PENNSYLVANIA STATE UNIVERSITY. | 1985 | male | 1 | 2 | 1991 | 4 | 2 | 1991 | 0 | 0 | 0 | 0 | 0 | 1 | 0 | 0 | 0 | 0 | 1 | 1 | 0 | 0 | 0 | 0 | 0 | 0 | 0 | 0 | 0 | 0 | 0 | 0 | 0 | 0 | 0 | 0 | 0 | 0 | 0 | 0 | 0 | 0 | 0 | 0 | 0 |  0 | 2 | 0 | 0 | 0 | 2 | 0 | 0 | 0 | 0 | 1 | 1 | 0 | 0 | 0 | 0 | 0 | 0 | 0 | 0 | 0 | 0 | 0 | 0 | 0 | 0 | 0 | 0 | 0 | 0 | 0 | 0 | 0 | 0 | 0 | 0 | 0 |
137 | Klimchuk, James Andrew | UNIVERSITY OF COLORADO AT BOULDER. | 1985 | male | 1 | 27 | 2016 | 4 | 115 | 2017 | 0 | 0 | 0 | 0 | 0 | 1 | 0 | 2 | 2 | 2 | 1 | 1 | 3 | 0 | 0 | 2 | 0 | 0 | 0 | 0 | 2 | 2 | 0 | 1 | 2 | 0 | 1 | 0 | 1 | 0 | 1 | 0 | 1 | 0 | 1 | 1 | 1 |  0 | 1 | 1 | 1 | 0 | 1 | 1 | 3 | 2 | 2 | 2 | 3 | 5 | 0 | 4 | 4 | 0 | 2 | 2 | 4 | 5 | 5 | 0 | 6 | 5 | 2 | 8 | 2 | 3 | 5 | 4 | 5 | 7 | 7 | 5 | 6 | 4 |
138 | Levreault, Russell Martin | THE UNIVERSITY OF TEXAS AT AUSTIN. | 1985 | male | 3 | 3 | 1988 | 7 | 9 | 1994 | 0 | 0 | 0 | 1 | 1 | 1 | 0 | 1 | 2 | 0 | 0 | 0 | 0 | 0 | 0 | 0 | 0 | 0 | 0 | 0 | 0 | 0 | 0 | 0 | 0 | 0 | 0 | 0 | 0 | 0 | 0 | 0 | 0 | 0 | 0 | 0 | 0 |  0 | 1 | 0 | 1 | 3 | 2 | 1 | 3 | 2 | 0 | 1 | 1 | 0 | 0 | 1 | 0 | 0 | 0 | 0 | 0 | 0 | 0 | 0 | 0 | 0 | 0 | 0 | 0 | 0 | 0 | 0 | 0 | 0 | 0 | 0 | 0 | 0 |
139 | Christou, Julian Charles | NEW MEXICO STATE UNIVERSITY. | 1985 | male | 4 | 13 | 2006 | 5 | 48 | 2013 | 1 | 1 | 0 | 0 | 0 | 2 | 3 | 1 | 2 | 0 | 0 | 3 | 0 | 1 | 0 | 1 | 0 | 0 | 0 | 0 | 0 | 0 | 0 | 0 | 1 | 0 | 1 | 0 | 0 | 0 | 0 | 0 | 0 | 0 | 0 | 0 | 0 |  1 | 1 | 0 | 0 | 0 | 3 | 7 | 1 | 5 | 2 | 0 | 4 | 1 | 5 | 0 | 3 | 1 | 1 | 1 | 0 | 2 | 0 | 1 | 0 | 2 | 1 | 1 | 0 | 4 | 2 | 3 | 0 | 0 | 1 | 0 | 0 | 0 |
140 | Dehainaut, Christopher Roy | THE UNIVERSITY OF NEW MEXICO. | 1985 | male | 1 | 0 | 1985 | 1 | 1 | 1995 | 0 | 0 | 0 | 0 | 0 | 1 | 0 | 0 | 0 | 0 | 0 | 0 | 0 | 0 | 0 | 0 | 0 | 0 | 0 | 0 | 0 | 0 | 0 | 0 | 0 | 0 | 0 | 0 | 0 | 0 | 0 | 0 | 0 | 0 | 0 | 0 | 0 |  0 | 0 | 0 | 0 | 0 | 1 | 0 | 0 | 0 | 0 | 0 | 0 | 0 | 0 | 0 | 1 | 0 | 0 | 0 | 0 | 0 | 0 | 0 | 0 | 0 | 0 | 0 | 0 | 0 | 0 | 0 | 0 | 0 | 0 | 0 | 0 | 0 |
141 | Bobrowsky, Matthew Simon | UNIVERSITY OF MARYLAND COLLEGE PARK. | 1985 | male | 1 | 10 | 2005 | 4 | 26 | 2017 | 0 | 0 | 0 | 0 | 0 | 1 | 0 | 0 | 0 | 1 | 0 | 0 | 0 | 0 | 1 | 1 | 0 | 0 | 1 | 2 | 1 | 0 | 0 | 0 | 0 | 3 | 0 | 0 | 0 | 0 | 0 | 0 | 0 | 0 | 0 | 0 | 0 |  0 | 2 | 0 | 1 | 0 | 1 | 0 | 0 | 0 | 1 | 0 | 0 | 0 | 0 | 1 | 1 | 0 | 0 | 2 | 2 | 2 | 0 | 1 | 2 | 2 | 3 | 0 | 1 | 0 | 2 | 1 | 0 | 0 | 1 | 2 | 1 | 0 |
142 | Suen, W. M. | California Institute of Technology, Pasadena. | 1985 | None | 1 | 12 | 1994 | 2 | 63 | 2014 | 0 | 0 | 0 | 0 | 0 | 1 | 2 | 4 | 3 | 2 | 0 | 0 | 0 | 0 | 1 | 0 | 0 | 0 | 0 | 0 | 0 | 0 | 0 | 0 | 0 | 0 | 0 | 0 | 0 | 0 | 0 | 0 | 0 | 0 | 0 | 0 | 0 |  0 | 0 | 0 | 0 | 0 | 2 | 3 | 4 | 3 | 3 | 1 | 1 | 1 | 3 | 3 | 9 | 4 | 2 | 5 | 4 | 3 | 1 | 2 | 2 | 1 | 1 | 2 | 1 | 0 | 2 | 0 | 1 | 0 | 0 | 1 | 0 | 0 |
143 | Schumaker, Bonny Laura | CALIFORNIA INSTITUTE OF TECHNOLOGY. | 1985 | male | 2 | 2 | 2003 | 2 | 3 | 2004 | 0 | 0 | 0 | 1 | 0 | 1 | 0 | 0 | 1 | 0 | 0 | 0 | 0 | 0 | 0 | 0 | 0 | 0 | 0 | 0 | 0 | 0 | 0 | 1 | 0 | 0 | 0 | 0 | 0 | 0 | 0 | 0 | 0 | 0 | 0 | 0 | 0 |  0 | 0 | 0 | 1 | 0 | 1 | 0 | 0 | 1 | 0 | 0 | 0 | 0 | 0 | 0 | 0 | 0 | 0 | 0 | 0 | 0 | 0 | 0 | 1 | 1 | 0 | 0 | 0 | 0 | 0 | 0 | 0 | 0 | 0 | 0 | 0 | 0 |
144 | Borysow, Aleksandra | THE UNIVERSITY OF TEXAS AT AUSTIN. | 1985 | female | 2 | 21 | 2002 | 2 | 35 | 2002 | 0 | 0 | 0 | 0 | 1 | 1 | 3 | 3 | 0 | 2 | 2 | 2 | 2 | 2 | 1 | 0 | 0 | 1 | 0 | 0 | 1 | 1 | 1 | 0 | 0 | 0 | 0 | 0 | 0 | 0 | 0 | 0 | 0 | 0 | 0 | 0 | 0 |  0 | 0 | 0 | 0 | 1 | 1 | 4 | 5 | 2 | 3 | 2 | 2 | 2 | 3 | 1 | 2 | 1 | 3 | 0 | 1 | 2 | 1 | 1 | 0 | 0 | 0 | 0 | 0 | 0 | 0 | 0 | 0 | 0 | 0 | 0 | 0 | 0 |
145 | Song, Dar-Yuan | THE UNIVERSITY OF ARIZONA. | 1985 | male | 3 | 0 | 1985 | 4 | 0 | 1985 | 0 | 0 | 0 | 1 | 0 | 2 | 0 | 0 | 0 | 0 | 0 | 0 | 0 | 0 | 0 | 0 | 0 | 0 | 0 | 0 | 0 | 0 | 0 | 0 | 0 | 0 | 0 | 0 | 0 | 0 | 0 | 0 | 0 | 0 | 0 | 0 | 0 |  0 | 0 | 1 | 1 | 0 | 2 | 0 | 0 | 0 | 0 | 0 | 0 | 0 | 0 | 0 | 0 | 0 | 0 | 0 | 0 | 0 | 0 | 0 | 0 | 0 | 0 | 0 | 0 | 0 | 0 | 0 | 0 | 0 | 0 | 0 | 0 | 0 |
146 | Stark, Glenn | UNIVERSITY OF CALIFORNIA, BERKELEY. | 1985 | male | 1 | 11 | 2014 | 1 | 29 | 2016 | 0 | 0 | 0 | 0 | 0 | 1 | 0 | 0 | 0 | 0 | 0 | 1 | 2 | 1 | 1 | 0 | 0 | 0 | 1 | 2 | 1 | 0 | 1 | 0 | 0 | 0 | 0 | 0 | 0 | 0 | 0 | 0 | 0 | 0 | 1 | 0 | 0 |  0 | 0 | 0 | 0 | 0 | 1 | 2 | 0 | 1 | 0 | 0 | 3 | 3 | 1 | 2 | 1 | 0 | 0 | 1 | 2 | 1 | 0 | 1 | 1 | 0 | 0 | 0 | 0 | 1 | 1 | 0 | 2 | 1 | 2 | 2 | 0 | 1 |
147 | Skelton, Robert Thomas | CALIFORNIA INSTITUTE OF TECHNOLOGY. | 1985 | male | 2 | 3 | 2015 | 3 | 15 | 2017 | 0 | 0 | 0 | 1 | 0 | 1 | 1 | 1 | 0 | 0 | 0 | 0 | 0 | 0 | 0 | 0 | 0 | 0 | 0 | 0 | 0 | 0 | 0 | 0 | 0 | 0 | 0 | 0 | 0 | 0 | 0 | 0 | 0 | 0 | 0 | 1 | 0 |  0 | 0 | 0 | 1 | 1 | 1 | 1 | 1 | 0 | 0 | 0 | 0 | 0 | 1 | 0 | 0 | 4 | 1 | 0 | 1 | 1 | 0 | 0 | 0 | 0 | 1 | 0 | 0 | 1 | 0 | 0 | 0 | 0 | 0 | 1 | 1 | 0 |
148 | Brames, Bryan Joseph | THE UNIVERSITY OF ROCHESTER. | 1985 | male | 3 | 0 | 1985 | 5 | 0 | 1985 | 0 | 1 | 0 | 0 | 0 | 2 | 0 | 0 | 0 | 0 | 0 | 0 | 0 | 0 | 0 | 0 | 0 | 0 | 0 | 0 | 0 | 0 | 0 | 0 | 0 | 0 | 0 | 0 | 0 | 0 | 0 | 0 | 0 | 0 | 0 | 0 | 0 |  0 | 1 | 2 | 0 | 0 | 2 | 0 | 0 | 0 | 0 | 0 | 0 | 0 | 0 | 0 | 0 | 0 | 0 | 0 | 0 | 0 | 0 | 0 | 0 | 0 | 0 | 0 | 0 | 0 | 0 | 0 | 0 | 0 | 0 | 0 | 0 | 0 |
149 | Chernoff, David Fisher | UNIVERSITY OF CALIFORNIA, BERKELEY. | 1985 | male | 3 | 9 | 2015 | 3 | 36 | 2015 | 0 | 0 | 1 | 1 | 0 | 1 | 2 | 2 | 0 | 2 | 1 | 0 | 0 | 1 | 0 | 0 | 0 | 0 | 0 | 0 | 0 | 0 | 0 | 0 | 0 | 0 | 0 | 0 | 0 | 0 | 0 | 0 | 0 | 0 | 0 | 1 | 0 |  0 | 0 | 1 | 1 | 0 | 1 | 2 | 2 | 2 | 2 | 3 | 2 | 2 | 3 | 1 | 1 | 1 | 4 | 1 | 0 | 0 | 1 | 1 | 0 | 1 | 0 | 0 | 0 | 0 | 0 | 1 | 1 | 0 | 2 | 2 | 1 | 0 |
150 | Graham, Steven Lee | OHIO UNIVERSITY. | 1985 | male | 1 | 1 | 2006 | 2 | 5 | 2006 | 0 | 0 | 0 | 0 | 0 | 1 | 0 | 0 | 0 | 0 | 0 | 0 | 0 | 0 | 0 | 0 | 0 | 0 | 0 | 0 | 0 | 0 | 0 | 0 | 0 | 0 | 1 | 0 | 0 | 0 | 0 | 0 | 0 | 0 | 0 | 0 | 0 |  0 | 0 | 0 | 0 | 0 | 2 | 0 | 0 | 0 | 0 | 0 | 0 | 0 | 0 | 0 | 0 | 0 | 0 | 0 | 0 | 0 | 0 | 0 | 1 | 0 | 2 | 2 | 0 | 0 | 0 | 0 | 0 | 0 | 0 | 0 | 0 | 0 |
151 | Araki, Suguru | MASSACHUSETTS INSTITUTE OF TECHNOLOGY. | 1985 | male | 2 | 5 | 1991 | 2 | 7 | 1991 | 0 | 0 | 0 | 1 | 0 | 1 | 1 | 1 | 1 | 0 | 0 | 2 | 0 | 0 | 0 | 0 | 0 | 0 | 0 | 0 | 0 | 0 | 0 | 0 | 0 | 0 | 0 | 0 | 0 | 0 | 0 | 0 | 0 | 0 | 0 | 0 | 0 |  0 | 0 | 0 | 1 | 0 | 1 | 1 | 1 | 1 | 1 | 1 | 2 | 0 | 0 | 0 | 0 | 0 | 0 | 0 | 0 | 0 | 0 | 0 | 0 | 0 | 0 | 0 | 0 | 0 | 0 | 0 | 0 | 0 | 0 | 0 | 0 | 0 |
152 | Brames, B. J. | Rochester Univ., NY. | 1985 | None | 3 | 0 | 1985 | 5 | 0 | 1985 | 0 | 1 | 0 | 0 | 0 | 2 | 0 | 0 | 0 | 0 | 0 | 0 | 0 | 0 | 0 | 0 | 0 | 0 | 0 | 0 | 0 | 0 | 0 | 0 | 0 | 0 | 0 | 0 | 0 | 0 | 0 | 0 | 0 | 0 | 0 | 0 | 0 |  0 | 1 | 2 | 0 | 0 | 2 | 0 | 0 | 0 | 0 | 0 | 0 | 0 | 0 | 0 | 0 | 0 | 0 | 0 | 0 | 0 | 0 | 0 | 0 | 0 | 0 | 0 | 0 | 0 | 0 | 0 | 0 | 0 | 0 | 0 | 0 | 0 |
153 | Wijekumar, Vythilingam | THE OHIO STATE UNIVERSITY. | 1985 | None | 1 | 0 | 1985 | 1 | 2 | 1990 | 0 | 0 | 0 | 0 | 0 | 1 | 0 | 0 | 0 | 0 | 0 | 0 | 0 | 0 | 0 | 0 | 0 | 0 | 0 | 0 | 0 | 0 | 0 | 0 | 0 | 0 | 0 | 0 | 0 | 0 | 0 | 0 | 0 | 0 | 0 | 0 | 0 |  0 | 0 | 0 | 0 | 0 | 1 | 1 | 0 | 0 | 0 | 1 | 0 | 0 | 0 | 0 | 0 | 0 | 0 | 0 | 0 | 0 | 0 | 0 | 0 | 0 | 0 | 0 | 0 | 0 | 0 | 0 | 0 | 0 | 0 | 0 | 0 | 0 |
154 | Kassim, Abd Mohamad | UNIVERSITY OF ALABAMA AT BIRMINGHAM. | 1985 | male | 4 | 1 | 1989 | 5 | 1 | 1989 | 0 | 0 | 0 | 0 | 3 | 1 | 0 | 0 | 0 | 1 | 0 | 0 | 0 | 0 | 0 | 0 | 0 | 0 | 0 | 0 | 0 | 0 | 0 | 0 | 0 | 0 | 0 | 0 | 0 | 0 | 0 | 0 | 0 | 0 | 0 | 0 | 0 |  0 | 0 | 1 | 0 | 3 | 1 | 0 | 0 | 0 | 1 | 0 | 0 | 0 | 0 | 0 | 0 | 0 | 0 | 0 | 0 | 0 | 0 | 0 | 0 | 0 | 0 | 0 | 0 | 0 | 0 | 0 | 0 | 0 | 0 | 0 | 0 | 0 |
155 | Mayle, Ronald William | UNIVERSITY OF CALIFORNIA, BERKELEY. | 1985 | male | 1 | 2 | 1993 | 1 | 11 | 1999 | 0 | 0 | 0 | 0 | 0 | 1 | 0 | 0 | 0 | 0 | 0 | 0 | 0 | 2 | 0 | 0 | 0 | 0 | 0 | 0 | 0 | 0 | 0 | 0 | 0 | 0 | 0 | 0 | 0 | 0 | 0 | 0 | 0 | 0 | 0 | 0 | 0 |  0 | 0 | 0 | 0 | 0 | 1 | 2 | 1 | 2 | 0 | 0 | 0 | 1 | 4 | 0 | 0 | 0 | 0 | 0 | 1 | 0 | 0 | 0 | 0 | 0 | 0 | 0 | 0 | 0 | 0 | 0 | 0 | 0 | 0 | 0 | 0 | 0 |
156 | Chang, Chong-An. | UNIVERSITY OF PITTSBURGH. | 1985 | male | 1 | 13 | 2016 | 2 | 36 | 2017 | 0 | 0 | 0 | 0 | 0 | 1 | 0 | 1 | 1 | 0 | 0 | 2 | 0 | 0 | 0 | 0 | 0 | 0 | 0 | 0 | 0 | 0 | 0 | 0 | 0 | 0 | 0 | 0 | 1 | 0 | 0 | 0 | 1 | 3 | 0 | 3 | 1 |  0 | 0 | 0 | 1 | 0 | 1 | 0 | 1 | 1 | 0 | 1 | 2 | 1 | 0 | 0 | 0 | 0 | 0 | 0 | 0 | 0 | 0 | 5 | 0 | 0 | 0 | 0 | 0 | 1 | 0 | 0 | 0 | 2 | 4 | 0 | 5 | 9 |
157 | Henriksen, Mark Jeffrey | UNIVERSITY OF MARYLAND COLLEGE PARK. | 1985 | male | 4 | 23 | 2011 | 5 | 33 | 2011 | 0 | 0 | 0 | 0 | 1 | 3 | 1 | 0 | 0 | 0 | 0 | 0 | 2 | 3 | 2 | 0 | 4 | 0 | 1 | 3 | 1 | 1 | 1 | 0 | 2 | 0 | 0 | 0 | 0 | 1 | 0 | 1 | 0 | 0 | 0 | 0 | 0 |  0 | 1 | 0 | 0 | 1 | 3 | 2 | 1 | 0 | 1 | 0 | 0 | 2 | 3 | 2 | 0 | 4 | 0 | 1 | 4 | 1 | 2 | 1 | 2 | 3 | 1 | 1 | 0 | 0 | 1 | 0 | 1 | 0 | 0 | 0 | 0 | 0 |
158 | Kraemer, Steven Baker | UNIVERSITY OF MARYLAND COLLEGE PARK. | 1985 | male | 1 | 24 | 2015 | 1 | 127 | 2017 | 0 | 0 | 0 | 0 | 0 | 1 | 1 | 0 | 0 | 0 | 0 | 0 | 0 | 0 | 1 | 0 | 0 | 0 | 2 | 2 | 4 | 2 | 1 | 1 | 2 | 1 | 1 | 1 | 1 | 1 | 0 | 1 | 1 | 0 | 0 | 1 | 0 |  0 | 0 | 0 | 0 | 0 | 1 | 1 | 0 | 0 | 0 | 0 | 0 | 0 | 0 | 1 | 0 | 0 | 0 | 9 | 7 | 11 | 9 | 8 | 12 | 6 | 10 | 4 | 8 | 5 | 5 | 9 | 6 | 3 | 2 | 4 | 4 | 1 |
159 | Leisawitz, David Todd | THE UNIVERSITY OF TEXAS AT AUSTIN. | 1985 | male | 3 | 10 | 2007 | 4 | 40 | 2015 | 0 | 0 | 1 | 0 | 1 | 1 | 0 | 0 | 2 | 1 | 1 | 2 | 0 | 0 | 0 | 1 | 0 | 0 | 0 | 1 | 0 | 0 | 0 | 0 | 1 | 0 | 0 | 1 | 0 | 0 | 0 | 0 | 0 | 0 | 0 | 0 | 0 |  0 | 0 | 1 | 0 | 1 | 2 | 0 | 0 | 2 | 1 | 1 | 2 | 2 | 0 | 1 | 2 | 1 | 1 | 2 | 1 | 1 | 0 | 1 | 0 | 2 | 0 | 2 | 2 | 0 | 0 | 1 | 6 | 3 | 1 | 3 | 2 | 0 |
160 | McDermott, Patrick Neal | THE UNIVERSITY OF ROCHESTER. | 1985 | male | 4 | 5 | 1990 | 6 | 9 | 1990 | 0 | 0 | 0 | 1 | 1 | 2 | 0 | 1 | 2 | 1 | 1 | 0 | 0 | 0 | 0 | 0 | 0 | 0 | 0 | 0 | 0 | 0 | 0 | 0 | 0 | 0 | 0 | 0 | 0 | 0 | 0 | 0 | 0 | 0 | 0 | 0 | 0 |  0 | 0 | 0 | 1 | 2 | 3 | 1 | 3 | 2 | 1 | 2 | 0 | 0 | 0 | 0 | 0 | 0 | 0 | 0 | 0 | 0 | 0 | 0 | 0 | 0 | 0 | 0 | 0 | 0 | 0 | 0 | 0 | 0 | 0 | 0 | 0 | 0 |
161 | Cohen, Nathaniel L. | CORNELL UNIVERSITY. | 1985 | male | 7 | 1 | 2014 | 16 | 4 | 2014 | 3 | 2 | 0 | 1 | 0 | 1 | 0 | 0 | 0 | 0 | 0 | 0 | 0 | 0 | 0 | 0 | 0 | 0 | 0 | 0 | 0 | 0 | 0 | 0 | 0 | 0 | 0 | 0 | 0 | 0 | 0 | 0 | 0 | 0 | 1 | 0 | 0 |  4 | 4 | 1 | 4 | 1 | 2 | 1 | 1 | 1 | 0 | 0 | 0 | 0 | 0 | 0 | 0 | 0 | 0 | 0 | 0 | 0 | 0 | 0 | 0 | 0 | 0 | 0 | 0 | 0 | 0 | 0 | 0 | 0 | 0 | 1 | 0 | 0 |
162 | Edgar, Richard John | THE UNIVERSITY OF WISCONSIN - MADISON. | 1985 | male | 2 | 10 | 2004 | 3 | 52 | 2015 | 0 | 0 | 0 | 0 | 1 | 1 | 2 | 0 | 0 | 1 | 0 | 0 | 1 | 1 | 0 | 0 | 0 | 0 | 0 | 0 | 1 | 0 | 0 | 1 | 3 | 0 | 0 | 0 | 0 | 0 | 0 | 0 | 0 | 0 | 0 | 0 | 0 |  0 | 0 | 0 | 1 | 1 | 1 | 2 | 0 | 1 | 1 | 2 | 0 | 1 | 1 | 1 | 1 | 4 | 4 | 3 | 1 | 4 | 3 | 2 | 2 | 5 | 2 | 1 | 3 | 1 | 1 | 0 | 2 | 0 | 0 | 2 | 2 | 0 |
163 | Fillmore, James Arthur | CALIFORNIA INSTITUTE OF TECHNOLOGY. | 1985 | male | 4 | 3 | 1989 | 7 | 3 | 1989 | 1 | 0 | 0 | 0 | 2 | 1 | 2 | 0 | 0 | 1 | 0 | 0 | 0 | 0 | 0 | 0 | 0 | 0 | 0 | 0 | 0 | 0 | 0 | 0 | 0 | 0 | 0 | 0 | 0 | 0 | 0 | 0 | 0 | 0 | 0 | 0 | 0 |  3 | 1 | 0 | 0 | 2 | 1 | 2 | 0 | 0 | 1 | 0 | 0 | 0 | 0 | 0 | 0 | 0 | 0 | 0 | 0 | 0 | 0 | 0 | 0 | 0 | 0 | 0 | 0 | 0 | 0 | 0 | 0 | 0 | 0 | 0 | 0 | 0 |
164 | Guitar, H. | New Mexico State University, University Park. | 1985 | None | 1 | 0 | 1985 | 1 | 0 | 1985 | 0 | 0 | 0 | 0 | 0 | 1 | 0 | 0 | 0 | 0 | 0 | 0 | 0 | 0 | 0 | 0 | 0 | 0 | 0 | 0 | 0 | 0 | 0 | 0 | 0 | 0 | 0 | 0 | 0 | 0 | 0 | 0 | 0 | 0 | 0 | 0 | 0 |  0 | 0 | 0 | 0 | 0 | 1 | 0 | 0 | 0 | 0 | 0 | 0 | 0 | 0 | 0 | 0 | 0 | 0 | 0 | 0 | 0 | 0 | 0 | 0 | 0 | 0 | 0 | 0 | 0 | 0 | 0 | 0 | 0 | 0 | 0 | 0 | 0 |
165 | Hessel, Elizabeth Bennetts | BRANDEIS UNIVERSITY. | 1985 | female | 1 | 0 | 1985 | 1 | 0 | 1985 | 0 | 0 | 0 | 0 | 0 | 1 | 0 | 0 | 0 | 0 | 0 | 0 | 0 | 0 | 0 | 0 | 0 | 0 | 0 | 0 | 0 | 0 | 0 | 0 | 0 | 0 | 0 | 0 | 0 | 0 | 0 | 0 | 0 | 0 | 0 | 0 | 0 |  0 | 0 | 0 | 0 | 0 | 1 | 0 | 0 | 0 | 0 | 0 | 0 | 0 | 0 | 0 | 0 | 0 | 0 | 0 | 0 | 0 | 0 | 0 | 0 | 0 | 0 | 0 | 0 | 0 | 0 | 0 | 0 | 0 | 0 | 0 | 0 | 0 |
166 | Borinmann, P. L. | Colorado Univ., Boulder. | 1985 | None | 1 | 0 | 1985 | 1 | 0 | 1985 | 0 | 0 | 0 | 0 | 0 | 1 | 0 | 0 | 0 | 0 | 0 | 0 | 0 | 0 | 0 | 0 | 0 | 0 | 0 | 0 | 0 | 0 | 0 | 0 | 0 | 0 | 0 | 0 | 0 | 0 | 0 | 0 | 0 | 0 | 0 | 0 | 0 |  0 | 0 | 0 | 0 | 0 | 1 | 0 | 0 | 0 | 0 | 0 | 0 | 0 | 0 | 0 | 0 | 0 | 0 | 0 | 0 | 0 | 0 | 0 | 0 | 0 | 0 | 0 | 0 | 0 | 0 | 0 | 0 | 0 | 0 | 0 | 0 | 0 |
167 | Park, J. J. | California Univ., San Diego. | 1985 | None | 1 | 21 | 2014 | 1 | 61 | 2017 | 0 | 0 | 0 | 0 | 0 | 1 | 0 | 1 | 0 | 1 | 1 | 1 | 0 | 1 | 0 | 0 | 0 | 0 | 0 | 0 | 0 | 0 | 0 | 1 | 1 | 1 | 0 | 2 | 5 | 0 | 1 | 0 | 2 | 0 | 3 | 0 | 0 |  0 | 0 | 0 | 0 | 0 | 1 | 0 | 2 | 0 | 2 | 3 | 1 | 0 | 1 | 0 | 0 | 0 | 0 | 0 | 1 | 1 | 1 | 0 | 1 | 2 | 2 | 3 | 5 | 8 | 1 | 4 | 3 | 2 | 0 | 4 | 7 | 6 |
168 | Joseph, Charles Lynn | UNIVERSITY OF COLORADO AT BOULDER. | 1985 | male | 3 | 10 | 2013 | 7 | 33 | 2013 | 0 | 0 | 0 | 0 | 1 | 2 | 1 | 0 | 1 | 2 | 0 | 1 | 0 | 1 | 0 | 1 | 0 | 0 | 1 | 0 | 0 | 1 | 0 | 0 | 0 | 0 | 0 | 0 | 0 | 0 | 0 | 0 | 0 | 1 | 0 | 0 | 0 |  0 | 2 | 0 | 0 | 1 | 4 | 2 | 1 | 2 | 3 | 0 | 1 | 0 | 1 | 2 | 1 | 0 | 0 | 6 | 1 | 1 | 5 | 1 | 2 | 0 | 2 | 0 | 0 | 1 | 0 | 0 | 0 | 0 | 1 | 0 | 0 | 0 |
169 | Kleiner, Steven Carl | UNIVERSITY OF MASSACHUSETTS. | 1985 | male | 3 | 1 | 1987 | 4 | 19 | 2004 | 0 | 0 | 0 | 0 | 1 | 2 | 0 | 1 | 0 | 0 | 0 | 0 | 0 | 0 | 0 | 0 | 0 | 0 | 0 | 0 | 0 | 0 | 0 | 0 | 0 | 0 | 0 | 0 | 0 | 0 | 0 | 0 | 0 | 0 | 0 | 0 | 0 |  0 | 0 | 0 | 0 | 1 | 3 | 0 | 1 | 0 | 0 | 0 | 0 | 0 | 0 | 0 | 0 | 0 | 0 | 0 | 0 | 16 | 0 | 0 | 0 | 2 | 0 | 0 | 0 | 0 | 0 | 0 | 0 | 0 | 0 | 0 | 0 | 0 |
170 | Lunine, J. I. | California Institute of Technology, Pasadena. | 1985 | None | 7 | 46 | 2014 | 10 | 295 | 2017 | 0 | 0 | 2 | 1 | 0 | 4 | 1 | 3 | 0 | 6 | 2 | 1 | 2 | 4 | 3 | 2 | 0 | 1 | 1 | 2 | 1 | 1 | 2 | 3 | 2 | 0 | 1 | 0 | 3 | 1 | 1 | 2 | 0 | 0 | 1 | 0 | 0 |  0 | 0 | 2 | 2 | 2 | 4 | 4 | 3 | 3 | 11 | 8 | 3 | 4 | 9 | 9 | 8 | 5 | 8 | 4 | 10 | 4 | 8 | 10 | 12 | 7 | 15 | 15 | 10 | 18 | 20 | 17 | 11 | 12 | 9 | 15 | 5 | 12 |
171 | Magalhaes, Julio Augusto | CORNELL UNIVERSITY. | 1985 | male | 1 | 0 | 1985 | 2 | 16 | 2002 | 0 | 0 | 0 | 0 | 0 | 1 | 0 | 0 | 0 | 0 | 0 | 0 | 0 | 0 | 0 | 0 | 0 | 0 | 0 | 0 | 0 | 0 | 0 | 0 | 0 | 0 | 0 | 0 | 0 | 0 | 0 | 0 | 0 | 0 | 0 | 0 | 0 |  0 | 0 | 1 | 0 | 0 | 1 | 1 | 1 | 0 | 2 | 1 | 2 | 1 | 1 | 0 | 1 | 0 | 1 | 0 | 3 | 0 | 1 | 1 | 0 | 0 | 0 | 0 | 0 | 0 | 0 | 0 | 0 | 0 | 0 | 0 | 0 | 0 |
172 | Ng, Kim Kwee | STATE UNIVERSITY OF NEW YORK AT STONY BROOK. | 1985 | female | 1 | 2 | 2016 | 2 | 3 | 2016 | 0 | 0 | 0 | 0 | 0 | 1 | 0 | 0 | 0 | 0 | 0 | 0 | 0 | 0 | 0 | 0 | 0 | 0 | 0 | 0 | 0 | 0 | 0 | 0 | 0 | 0 | 0 | 0 | 0 | 0 | 1 | 0 | 0 | 0 | 0 | 0 | 1 |  0 | 0 | 0 | 0 | 0 | 2 | 0 | 0 | 0 | 0 | 0 | 0 | 0 | 0 | 1 | 0 | 0 | 0 | 0 | 0 | 0 | 0 | 0 | 0 | 0 | 0 | 0 | 0 | 0 | 0 | 1 | 0 | 0 | 0 | 0 | 0 | 1 |
173 | Moneti, Andrea | THE UNIVERSITY OF ROCHESTER. | 1985 | female | 2 | 9 | 2001 | 4 | 163 | 2017 | 0 | 0 | 0 | 0 | 1 | 1 | 0 | 0 | 1 | 0 | 0 | 1 | 3 | 0 | 1 | 1 | 0 | 0 | 0 | 0 | 0 | 2 | 0 | 0 | 0 | 0 | 0 | 0 | 0 | 0 | 0 | 0 | 0 | 0 | 0 | 0 | 0 |  0 | 0 | 0 | 1 | 1 | 2 | 2 | 1 | 1 | 4 | 1 | 2 | 6 | 1 | 3 | 1 | 1 | 0 | 1 | 1 | 1 | 3 | 0 | 2 | 0 | 0 | 0 | 0 | 0 | 1 | 2 | 24 | 1 | 10 | 36 | 13 | 44 |
174 | Peterson, Jeffrey B. | UNIVERSITY OF CALIFORNIA, BERKELEY. | 1985 | male | 2 | 4 | 2003 | 2 | 55 | 2016 | 0 | 0 | 0 | 0 | 0 | 2 | 0 | 0 | 0 | 0 | 0 | 1 | 0 | 0 | 0 | 1 | 0 | 0 | 0 | 0 | 1 | 0 | 0 | 1 | 0 | 0 | 0 | 0 | 0 | 0 | 0 | 0 | 0 | 0 | 0 | 0 | 0 |  0 | 0 | 0 | 0 | 0 | 2 | 0 | 0 | 1 | 1 | 2 | 1 | 0 | 1 | 2 | 1 | 0 | 2 | 1 | 1 | 3 | 0 | 0 | 6 | 3 | 0 | 0 | 1 | 2 | 5 | 4 | 1 | 2 | 5 | 2 | 2 | 6 |
175 | Estey, Paul Norman | STANFORD UNIVERSITY. | 1985 | male | 1 | 0 | 1985 | 1 | 0 | 1985 | 0 | 0 | 0 | 0 | 0 | 1 | 0 | 0 | 0 | 0 | 0 | 0 | 0 | 0 | 0 | 0 | 0 | 0 | 0 | 0 | 0 | 0 | 0 | 0 | 0 | 0 | 0 | 0 | 0 | 0 | 0 | 0 | 0 | 0 | 0 | 0 | 0 |  0 | 0 | 0 | 0 | 0 | 1 | 0 | 0 | 0 | 0 | 0 | 0 | 0 | 0 | 0 | 0 | 0 | 0 | 0 | 0 | 0 | 0 | 0 | 0 | 0 | 0 | 0 | 0 | 0 | 0 | 0 | 0 | 0 | 0 | 0 | 0 | 0 |
176 | Stokes, Grant H. | PRINCETON UNIVERSITY. | 1985 | male | 3 | 4 | 2002 | 6 | 7 | 2002 | 0 | 0 | 0 | 0 | 0 | 3 | 1 | 0 | 0 | 0 | 0 | 0 | 0 | 0 | 0 | 0 | 0 | 1 | 0 | 0 | 1 | 0 | 1 | 0 | 0 | 0 | 0 | 0 | 0 | 0 | 0 | 0 | 0 | 0 | 0 | 0 | 0 |  0 | 1 | 1 | 0 | 0 | 4 | 2 | 0 | 2 | 0 | 0 | 0 | 0 | 0 | 0 | 0 | 0 | 1 | 0 | 0 | 1 | 0 | 1 | 0 | 0 | 0 | 0 | 0 | 0 | 0 | 0 | 0 | 0 | 0 | 0 | 0 | 0 |
177 | Bechtold, Jill Eleanor | THE UNIVERSITY OF ARIZONA. | 1985 | female | 4 | 13 | 2003 | 7 | 101 | 2015 | 0 | 0 | 1 | 1 | 1 | 1 | 0 | 3 | 0 | 0 | 0 | 0 | 1 | 0 | 4 | 1 | 0 | 1 | 0 | 0 | 0 | 1 | 1 | 1 | 0 | 0 | 0 | 0 | 0 | 0 | 0 | 0 | 0 | 0 | 0 | 0 | 0 |  0 | 1 | 1 | 2 | 2 | 1 | 3 | 3 | 0 | 1 | 1 | 4 | 2 | 6 | 10 | 3 | 12 | 6 | 1 | 0 | 3 | 3 | 4 | 4 | 2 | 3 | 1 | 5 | 9 | 6 | 3 | 1 | 1 | 1 | 2 | 1 | 0 |
178 | Cobb, Michael L. | THE UNIVERSITY OF IOWA. | 1985 | male | 1 | 1 | 1987 | 1 | 9 | 1993 | 0 | 0 | 0 | 0 | 0 | 1 | 0 | 1 | 0 | 0 | 0 | 0 | 0 | 0 | 0 | 0 | 0 | 0 | 0 | 0 | 0 | 0 | 0 | 0 | 0 | 0 | 0 | 0 | 0 | 0 | 0 | 0 | 0 | 0 | 0 | 0 | 0 |  0 | 0 | 0 | 0 | 0 | 1 | 0 | 4 | 3 | 1 | 0 | 0 | 0 | 1 | 0 | 0 | 0 | 0 | 0 | 0 | 0 | 0 | 0 | 0 | 0 | 0 | 0 | 0 | 0 | 0 | 0 | 0 | 0 | 0 | 0 | 0 | 0 |
179 | Djorgovski, Stanislav Bratislav | UNIVERSITY OF CALIFORNIA, BERKELEY. | 1985 | male | 13 | 29 | 1995 | 16 | 84 | 1999 | 0 | 1 | 1 | 3 | 2 | 6 | 2 | 5 | 2 | 2 | 7 | 2 | 4 | 1 | 2 | 2 | 0 | 0 | 0 | 0 | 0 | 0 | 0 | 0 | 0 | 0 | 0 | 0 | 0 | 0 | 0 | 0 | 0 | 0 | 0 | 0 | 0 |  0 | 1 | 1 | 3 | 3 | 8 | 6 | 8 | 7 | 7 | 15 | 8 | 9 | 7 | 7 | 9 | 0 | 0 | 0 | 1 | 0 | 0 | 0 | 0 | 0 | 0 | 0 | 0 | 0 | 0 | 0 | 0 | 0 | 0 | 0 | 0 | 0 |
180 | Eker, Zeki | THE UNIVERSITY OF WISCONSIN - MADISON. | 1985 | male | 1 | 25 | 2015 | 1 | 53 | 2016 | 0 | 0 | 0 | 0 | 0 | 1 | 1 | 1 | 0 | 1 | 1 | 0 | 1 | 0 | 2 | 2 | 1 | 0 | 1 | 4 | 1 | 0 | 0 | 2 | 0 | 0 | 1 | 0 | 2 | 1 | 0 | 0 | 0 | 1 | 1 | 1 | 0 |  0 | 0 | 0 | 0 | 0 | 1 | 1 | 1 | 2 | 1 | 1 | 0 | 1 | 0 | 2 | 3 | 1 | 0 | 1 | 4 | 1 | 0 | 0 | 2 | 1 | 1 | 2 | 1 | 6 | 2 | 3 | 2 | 0 | 5 | 3 | 2 | 4 |
181 | Fry, Craig Daniel | UNIVERSITY OF ALASKA FAIRBANKS. | 1985 | male | 3 | 8 | 2015 | 5 | 53 | 2016 | 0 | 0 | 0 | 0 | 0 | 3 | 0 | 1 | 0 | 0 | 0 | 0 | 0 | 0 | 0 | 0 | 0 | 0 | 0 | 0 | 1 | 1 | 0 | 1 | 1 | 0 | 0 | 1 | 0 | 0 | 0 | 0 | 0 | 1 | 0 | 1 | 0 |  0 | 0 | 0 | 1 | 0 | 4 | 1 | 1 | 0 | 0 | 0 | 0 | 0 | 0 | 0 | 0 | 1 | 1 | 0 | 0 | 1 | 2 | 3 | 3 | 4 | 8 | 4 | 8 | 3 | 5 | 0 | 1 | 1 | 1 | 3 | 1 | 1 |
182 | Girard, Terrence Mark | IOWA STATE UNIVERSITY. | 1985 | male | 1 | 9 | 2011 | 1 | 78 | 2017 | 0 | 0 | 0 | 0 | 0 | 1 | 0 | 1 | 1 | 1 | 0 | 0 | 0 | 0 | 0 | 1 | 0 | 0 | 1 | 0 | 1 | 0 | 0 | 0 | 1 | 0 | 1 | 0 | 0 | 0 | 0 | 1 | 0 | 0 | 0 | 0 | 0 |  0 | 0 | 0 | 0 | 0 | 1 | 0 | 1 | 1 | 1 | 1 | 1 | 0 | 0 | 1 | 4 | 2 | 2 | 3 | 6 | 6 | 4 | 2 | 5 | 3 | 3 | 3 | 2 | 1 | 2 | 6 | 3 | 4 | 3 | 2 | 2 | 2 |
183 | Olson, Randy Warren | NEW MEXICO STATE UNIVERSITY. | 1985 | male | 1 | 0 | 1985 | 1 | 2 | 1989 | 0 | 0 | 0 | 0 | 0 | 1 | 0 | 0 | 0 | 0 | 0 | 0 | 0 | 0 | 0 | 0 | 0 | 0 | 0 | 0 | 0 | 0 | 0 | 0 | 0 | 0 | 0 | 0 | 0 | 0 | 0 | 0 | 0 | 0 | 0 | 0 | 0 |  0 | 0 | 0 | 0 | 0 | 1 | 0 | 0 | 0 | 2 | 0 | 0 | 0 | 0 | 0 | 0 | 0 | 0 | 0 | 0 | 0 | 0 | 0 | 0 | 0 | 0 | 0 | 0 | 0 | 0 | 0 | 0 | 0 | 0 | 0 | 0 | 0 |
184 | Potash, Robert Ira | BRANDEIS UNIVERSITY. | 1985 | male | 2 | 0 | 1985 | 2 | 1 | 1986 | 1 | 0 | 0 | 0 | 0 | 1 | 0 | 0 | 0 | 0 | 0 | 0 | 0 | 0 | 0 | 0 | 0 | 0 | 0 | 0 | 0 | 0 | 0 | 0 | 0 | 0 | 0 | 0 | 0 | 0 | 0 | 0 | 0 | 0 | 0 | 0 | 0 |  1 | 0 | 0 | 0 | 0 | 1 | 1 | 0 | 0 | 0 | 0 | 0 | 0 | 0 | 0 | 0 | 0 | 0 | 0 | 0 | 0 | 0 | 0 | 0 | 0 | 0 | 0 | 0 | 0 | 0 | 0 | 0 | 0 | 0 | 0 | 0 | 0 |
185 | Rodriguez Espinosa, Jose Miguel | UNIVERSITY OF CALIFORNIA, SAN DIEGO. | 1985 | male | 1 | 4 | 2000 | 7 | 81 | 2017 | 0 | 0 | 0 | 0 | 0 | 1 | 0 | 0 | 1 | 0 | 0 | 0 | 0 | 0 | 0 | 0 | 1 | 0 | 1 | 0 | 1 | 0 | 0 | 0 | 0 | 0 | 0 | 0 | 0 | 0 | 0 | 0 | 0 | 0 | 0 | 0 | 0 |  0 | 1 | 1 | 0 | 3 | 2 | 2 | 1 | 1 | 1 | 2 | 1 | 0 | 1 | 7 | 3 | 8 | 2 | 9 | 1 | 2 | 4 | 2 | 0 | 1 | 0 | 1 | 1 | 1 | 2 | 1 | 4 | 2 | 4 | 7 | 4 | 3 |
186 | Timbie, Peter Taylor | PRINCETON UNIVERSITY. | 1985 | male | 1 | 3 | 2006 | 1 | 35 | 2016 | 0 | 0 | 0 | 0 | 0 | 1 | 0 | 0 | 1 | 0 | 1 | 0 | 0 | 0 | 0 | 0 | 0 | 0 | 0 | 0 | 0 | 0 | 0 | 0 | 0 | 0 | 1 | 0 | 0 | 0 | 0 | 0 | 0 | 0 | 0 | 0 | 0 |  0 | 0 | 0 | 0 | 0 | 1 | 0 | 0 | 1 | 0 | 1 | 0 | 0 | 0 | 3 | 2 | 0 | 0 | 1 | 0 | 0 | 1 | 1 | 7 | 2 | 1 | 1 | 0 | 2 | 1 | 0 | 1 | 2 | 3 | 3 | 1 | 1 |
187 | Vachaspati, Tanmay | TUFTS UNIVERSITY. | 1985 | male | 3 | 34 | 2017 | 4 | 122 | 2017 | 0 | 0 | 0 | 0 | 1 | 2 | 1 | 3 | 1 | 2 | 1 | 4 | 2 | 1 | 0 | 0 | 0 | 0 | 1 | 0 | 1 | 1 | 1 | 2 | 2 | 0 | 0 | 1 | 3 | 3 | 1 | 0 | 0 | 0 | 0 | 1 | 1 |  0 | 0 | 0 | 0 | 1 | 3 | 2 | 6 | 2 | 3 | 3 | 6 | 4 | 2 | 1 | 2 | 4 | 3 | 3 | 5 | 5 | 1 | 3 | 4 | 5 | 3 | 2 | 3 | 6 | 3 | 5 | 6 | 6 | 7 | 5 | 7 | 3 |
188 | Watters, T. R. | George Washington Univ., Washington, DC. | 1985 | None | 2 | 4 | 2010 | 5 | 11 | 2015 | 1 | 0 | 0 | 0 | 0 | 1 | 1 | 0 | 1 | 0 | 0 | 0 | 0 | 0 | 0 | 0 | 0 | 0 | 0 | 0 | 0 | 1 | 0 | 0 | 0 | 0 | 0 | 0 | 0 | 0 | 1 | 0 | 0 | 0 | 0 | 0 | 0 |  2 | 1 | 0 | 0 | 0 | 2 | 1 | 0 | 1 | 0 | 0 | 0 | 0 | 0 | 0 | 0 | 0 | 0 | 0 | 0 | 1 | 1 | 0 | 0 | 1 | 0 | 0 | 0 | 1 | 1 | 1 | 0 | 1 | 1 | 0 | 1 | 0 |
189 | Ghosh, Sanjoy | UNIVERSITY OF MARYLAND COLLEGE PARK. | 1985 | male | 11 | 73 | 2016 | 28 | 284 | 2017 | 1 | 3 | 4 | 0 | 1 | 2 | 2 | 1 | 2 | 4 | 1 | 3 | 1 | 5 | 2 | 5 | 1 | 0 | 3 | 3 | 9 | 7 | 5 | 5 | 1 | 3 | 2 | 1 | 4 | 1 | 0 | 1 | 0 | 0 | 0 | 0 | 1 |  1 | 4 | 8 | 6 | 4 | 5 | 2 | 4 | 2 | 6 | 1 | 8 | 4 | 8 | 6 | 9 | 5 | 1 | 7 | 16 | 14 | 10 | 7 | 14 | 5 | 11 | 6 | 5 | 9 | 4 | 7 | 10 | 20 | 9 | 16 | 12 | 34 |
190 | Bjoraker, Gordon Lee | THE UNIVERSITY OF ARIZONA. | 1985 | male | 2 | 4 | 2015 | 4 | 71 | 2016 | 0 | 1 | 0 | 0 | 0 | 1 | 2 | 0 | 0 | 0 | 0 | 0 | 0 | 0 | 0 | 0 | 1 | 0 | 0 | 0 | 0 | 0 | 0 | 0 | 0 | 0 | 0 | 0 | 0 | 0 | 0 | 0 | 0 | 0 | 0 | 1 | 0 |  0 | 1 | 0 | 1 | 1 | 1 | 2 | 0 | 0 | 1 | 2 | 1 | 0 | 1 | 0 | 2 | 7 | 4 | 2 | 1 | 2 | 1 | 0 | 1 | 5 | 5 | 1 | 1 | 4 | 7 | 7 | 1 | 4 | 1 | 2 | 4 | 2 |
191 | Brosius, Jeffrey W. | UNIVERSITY OF DELAWARE. | 1985 | male | 2 | 40 | 2016 | 2 | 70 | 2016 | 0 | 0 | 0 | 0 | 0 | 2 | 1 | 1 | 1 | 1 | 0 | 0 | 1 | 1 | 1 | 1 | 1 | 2 | 2 | 2 | 2 | 1 | 1 | 1 | 2 | 2 | 2 | 2 | 2 | 2 | 1 | 0 | 2 | 2 | 1 | 1 | 1 |  0 | 0 | 0 | 0 | 0 | 2 | 1 | 1 | 1 | 1 | 0 | 1 | 4 | 1 | 5 | 1 | 1 | 3 | 3 | 3 | 6 | 3 | 2 | 4 | 3 | 4 | 2 | 3 | 4 | 2 | 3 | 1 | 2 | 2 | 1 | 1 | 1 |
192 | Cardelli, Jason A. | UNIVERSITY OF WASHINGTON. | 1985 | male | 6 | 27 | 1997 | 9 | 65 | 2003 | 0 | 0 | 1 | 1 | 2 | 2 | 1 | 0 | 5 | 4 | 2 | 4 | 1 | 3 | 2 | 2 | 1 | 2 | 0 | 0 | 0 | 0 | 0 | 0 | 0 | 0 | 0 | 0 | 0 | 0 | 0 | 0 | 0 | 0 | 0 | 0 | 0 |  0 | 0 | 2 | 1 | 3 | 3 | 1 | 1 | 7 | 5 | 3 | 6 | 5 | 6 | 10 | 5 | 6 | 6 | 2 | 1 | 0 | 0 | 0 | 1 | 0 | 0 | 0 | 0 | 0 | 0 | 0 | 0 | 0 | 0 | 0 | 0 | 0 |
193 | Hester, John Jeffrey | RICE UNIVERSITY. | 1985 | male | 2 | 4 | 2008 | 2 | 39 | 2010 | 0 | 0 | 0 | 1 | 0 | 1 | 0 | 0 | 0 | 0 | 0 | 0 | 0 | 0 | 1 | 0 | 1 | 0 | 0 | 0 | 0 | 0 | 1 | 0 | 0 | 0 | 0 | 0 | 1 | 0 | 0 | 0 | 0 | 0 | 0 | 0 | 0 |  0 | 0 | 0 | 1 | 0 | 1 | 0 | 0 | 2 | 0 | 1 | 3 | 2 | 2 | 2 | 1 | 8 | 6 | 3 | 0 | 1 | 1 | 1 | 0 | 2 | 0 | 0 | 2 | 1 | 0 | 1 | 0 | 0 | 0 | 0 | 0 | 0 |
194 | Bookbinder, Jay Aaron | HARVARD UNIVERSITY. | 1985 | male | 2 | 5 | 1989 | 6 | 43 | 2016 | 1 | 0 | 0 | 0 | 0 | 1 | 1 | 3 | 0 | 1 | 0 | 0 | 0 | 0 | 0 | 0 | 0 | 0 | 0 | 0 | 0 | 0 | 0 | 0 | 0 | 0 | 0 | 0 | 0 | 0 | 0 | 0 | 0 | 0 | 0 | 0 | 0 |  1 | 1 | 0 | 1 | 0 | 3 | 1 | 7 | 0 | 1 | 4 | 0 | 1 | 4 | 4 | 4 | 2 | 1 | 0 | 6 | 0 | 0 | 0 | 0 | 0 | 0 | 0 | 2 | 1 | 0 | 1 | 0 | 1 | 1 | 0 | 1 | 1 |
195 | Porter, David Henry | UNIVERSITY OF CALIFORNIA, BERKELEY. | 1985 | male | 1 | 6 | 2015 | 1 | 16 | 2017 | 0 | 0 | 0 | 0 | 0 | 1 | 0 | 0 | 0 | 0 | 1 | 0 | 1 | 0 | 1 | 1 | 0 | 0 | 0 | 0 | 1 | 0 | 0 | 0 | 0 | 0 | 0 | 0 | 0 | 0 | 0 | 0 | 0 | 0 | 0 | 1 | 0 |  0 | 0 | 0 | 0 | 0 | 1 | 0 | 0 | 0 | 1 | 1 | 0 | 1 | 1 | 2 | 1 | 0 | 0 | 0 | 1 | 1 | 0 | 1 | 0 | 0 | 1 | 0 | 0 | 1 | 0 | 0 | 1 | 0 | 0 | 0 | 1 | 0 |
196 | Summers, M. E. | California Institute of Technology, Pasadena. | 1985 | None | 2 | 10 | 2002 | 3 | 50 | 2017 | 0 | 0 | 0 | 1 | 0 | 1 | 0 | 0 | 0 | 2 | 1 | 1 | 0 | 0 | 0 | 0 | 2 | 1 | 0 | 1 | 0 | 1 | 1 | 0 | 0 | 0 | 0 | 0 | 0 | 0 | 0 | 0 | 0 | 0 | 0 | 0 | 0 |  0 | 0 | 0 | 1 | 0 | 2 | 0 | 1 | 0 | 2 | 3 | 2 | 2 | 2 | 1 | 0 | 4 | 1 | 1 | 2 | 2 | 3 | 3 | 2 | 0 | 1 | 0 | 0 | 3 | 1 | 0 | 0 | 0 | 0 | 1 | 1 | 7 |
197 | Zahnle, K. J. | Michigan Univ., Ann Arbor. | 1985 | None | 3 | 13 | 2016 | 3 | 71 | 2017 | 0 | 0 | 1 | 0 | 0 | 2 | 2 | 0 | 1 | 0 | 0 | 1 | 2 | 1 | 0 | 0 | 0 | 0 | 0 | 0 | 0 | 0 | 0 | 0 | 0 | 0 | 1 | 0 | 0 | 1 | 0 | 0 | 0 | 0 | 2 | 1 | 1 |  0 | 0 | 1 | 0 | 0 | 2 | 3 | 0 | 1 | 3 | 1 | 1 | 2 | 3 | 0 | 1 | 0 | 1 | 0 | 1 | 2 | 2 | 2 | 1 | 2 | 3 | 2 | 0 | 3 | 7 | 3 | 7 | 1 | 5 | 5 | 3 | 3 |
198 | Abdelatif, Toufik El-Hak | THE UNIVERSITY OF ROCHESTER. | 1985 | male | 1 | 0 | 1985 | 1 | 6 | 2016 | 0 | 0 | 0 | 0 | 0 | 1 | 0 | 0 | 0 | 0 | 0 | 0 | 0 | 0 | 0 | 0 | 0 | 0 | 0 | 0 | 0 | 0 | 0 | 0 | 0 | 0 | 0 | 0 | 0 | 0 | 0 | 0 | 0 | 0 | 0 | 0 | 0 |  0 | 0 | 0 | 0 | 0 | 1 | 0 | 0 | 0 | 0 | 1 | 0 | 0 | 0 | 0 | 0 | 0 | 0 | 0 | 0 | 1 | 0 | 0 | 0 | 1 | 0 | 0 | 0 | 0 | 0 | 1 | 1 | 0 | 0 | 0 | 0 | 1 |
199 | Witebsky, Chris | UNIVERSITY OF CALIFORNIA, BERKELEY. | 1985 | male | 1 | 1 | 1986 | 7 | 16 | 1996 | 0 | 0 | 0 | 0 | 0 | 1 | 1 | 0 | 0 | 0 | 0 | 0 | 0 | 0 | 0 | 0 | 0 | 0 | 0 | 0 | 0 | 0 | 0 | 0 | 0 | 0 | 0 | 0 | 0 | 0 | 0 | 0 | 0 | 0 | 0 | 0 | 0 |  0 | 0 | 0 | 1 | 3 | 3 | 1 | 1 | 5 | 1 | 2 | 0 | 0 | 1 | 1 | 3 | 1 | 0 | 0 | 0 | 0 | 0 | 0 | 0 | 0 | 0 | 0 | 0 | 0 | 0 | 0 | 0 | 0 | 0 | 0 | 0 | 0 |
200 | Molnar, Lawrence Alan | HARVARD UNIVERSITY. | 1985 | male | 2 | 14 | 2017 | 2 | 33 | 2017 | 0 | 0 | 0 | 0 | 1 | 1 | 2 | 0 | 3 | 0 | 0 | 0 | 1 | 0 | 0 | 2 | 0 | 0 | 0 | 0 | 0 | 0 | 0 | 0 | 0 | 0 | 0 | 1 | 2 | 0 | 0 | 0 | 0 | 0 | 1 | 0 | 1 |  0 | 0 | 0 | 0 | 1 | 1 | 2 | 0 | 4 | 1 | 0 | 0 | 2 | 0 | 2 | 3 | 0 | 1 | 1 | 0 | 0 | 0 | 1 | 0 | 1 | 1 | 0 | 2 | 2 | 0 | 0 | 0 | 1 | 2 | 2 | 1 | 3 |
201 | Sakimoto, Philip Jon | UNIVERSITY OF CALIFORNIA, LOS ANGELES. | 1985 | male | 2 | 1 | 1989 | 2 | 2 | 2004 | 0 | 1 | 0 | 0 | 0 | 1 | 0 | 0 | 0 | 1 | 0 | 0 | 0 | 0 | 0 | 0 | 0 | 0 | 0 | 0 | 0 | 0 | 0 | 0 | 0 | 0 | 0 | 0 | 0 | 0 | 0 | 0 | 0 | 0 | 0 | 0 | 0 |  0 | 1 | 0 | 0 | 0 | 1 | 0 | 0 | 0 | 1 | 0 | 0 | 0 | 0 | 0 | 0 | 0 | 0 | 0 | 0 | 0 | 0 | 0 | 0 | 1 | 0 | 0 | 0 | 0 | 0 | 0 | 0 | 0 | 0 | 0 | 0 | 0 |
202 | Wiens, D. A. | Northwestern Univ., Evanston, IL. | 1985 | None | 2 | 0 | 1985 | 2 | 8 | 2015 | 0 | 0 | 0 | 1 | 0 | 1 | 0 | 0 | 0 | 0 | 0 | 0 | 0 | 0 | 0 | 0 | 0 | 0 | 0 | 0 | 0 | 0 | 0 | 0 | 0 | 0 | 0 | 0 | 0 | 0 | 0 | 0 | 0 | 0 | 0 | 0 | 0 |  0 | 0 | 0 | 1 | 0 | 1 | 0 | 0 | 0 | 0 | 0 | 0 | 0 | 0 | 0 | 0 | 2 | 0 | 1 | 1 | 0 | 0 | 0 | 0 | 0 | 0 | 0 | 1 | 0 | 0 | 2 | 0 | 0 | 0 | 0 | 1 | 0 |
203 | Lopez, Ramon E. | Rice Univ., Houston, TX. | 1985 | male | 1 | 48 | 2017 | 2 | 233 | 2017 | 0 | 0 | 0 | 0 | 0 | 1 | 5 | 4 | 3 | 1 | 6 | 1 | 0 | 3 | 3 | 1 | 1 | 0 | 0 | 1 | 2 | 1 | 0 | 1 | 4 | 0 | 0 | 0 | 3 | 1 | 1 | 1 | 1 | 0 | 1 | 1 | 1 |  0 | 0 | 0 | 0 | 0 | 2 | 5 | 10 | 7 | 10 | 13 | 8 | 4 | 10 | 5 | 4 | 2 | 3 | 5 | 1 | 3 | 3 | 1 | 7 | 5 | 10 | 4 | 3 | 11 | 9 | 11 | 13 | 23 | 6 | 11 | 9 | 12 |
204 | Mentek, Joseph Stanley | UNIVERSITY OF WYOMING. | 1985 | male | 1 | 0 | 1985 | 1 | 0 | 1985 | 0 | 0 | 0 | 0 | 0 | 1 | 0 | 0 | 0 | 0 | 0 | 0 | 0 | 0 | 0 | 0 | 0 | 0 | 0 | 0 | 0 | 0 | 0 | 0 | 0 | 0 | 0 | 0 | 0 | 0 | 0 | 0 | 0 | 0 | 0 | 0 | 0 |  0 | 0 | 0 | 0 | 0 | 1 | 0 | 0 | 0 | 0 | 0 | 0 | 0 | 0 | 0 | 0 | 0 | 0 | 0 | 0 | 0 | 0 | 0 | 0 | 0 | 0 | 0 | 0 | 0 | 0 | 0 | 0 | 0 | 0 | 0 | 0 | 0 |
205 | Omar, G. I. | Pennsylvania Univ., Philadelphia. | 1985 | None | 1 | 3 | 1995 | 1 | 3 | 1995 | 0 | 0 | 0 | 0 | 0 | 1 | 0 | 1 | 0 | 1 | 0 | 0 | 0 | 0 | 0 | 1 | 0 | 0 | 0 | 0 | 0 | 0 | 0 | 0 | 0 | 0 | 0 | 0 | 0 | 0 | 0 | 0 | 0 | 0 | 0 | 0 | 0 |  0 | 0 | 0 | 0 | 0 | 1 | 0 | 1 | 0 | 1 | 0 | 0 | 0 | 0 | 0 | 1 | 0 | 0 | 0 | 0 | 0 | 0 | 0 | 0 | 0 | 0 | 0 | 0 | 0 | 0 | 0 | 0 | 0 | 0 | 0 | 0 | 0 |
