n | name | university | phd_year | gender | fa_n_pubs_pre_phd | fa_n_pubs_prost_phd | fa_year_last | all_n_pubs_pre_phd | all_n_pubs_prost_phd | all_year_last |  fa_1976 | fa_1977 | fa_1978 | fa_1979 | fa_1980 | fa_1981 | fa_1982 | fa_1983 | fa_1984 | fa_1985 | fa_1986 | fa_1987 | fa_1988 | fa_1989 | fa_1990 | fa_1991 | fa_1992 | fa_1993 | fa_1994 | fa_1995 | fa_1996 | fa_1997 | fa_1998 | fa_1999 | fa_2000 | fa_2001 | fa_2002 | fa_2003 | fa_2004 | fa_2005 | fa_2006 | fa_2007 | fa_2008 | fa_2009 | fa_2010 | fa_2011 | fa_2012 | fa_2013 | fa_2014 | fa_2015 | fa_2016 |  all_1976 | all_1977 | all_1978 | all_1979 | all_1980 | all_1981 | all_1982 | all_1983 | all_1984 | all_1985 | all_1986 | all_1987 | all_1988 | all_1989 | all_1990 | all_1991 | all_1992 | all_1993 | all_1994 | all_1995 | all_1996 | all_1997 | all_1998 | all_1999 | all_2000 | all_2001 | all_2002 | all_2003 | all_2004 | all_2005 | all_2006 | all_2007 | all_2008 | all_2009 | all_2010 | all_2011 | all_2012 | all_2013 | all_2014 | all_2015 | all_2016 | foo
1 | Glenar, D. A. | National Aeronautics and Space Administration. Goddard Space Flight Center, Greenbelt, MD. | 1981 | None | 3 | 9 | 2014 | 4 | 25 | 2016 | 0 | 0 | 1 | 0 | 0 | 2 | 0 | 1 | 0 | 1 | 1 | 0 | 1 | 0 | 0 | 0 | 0 | 0 | 0 | 0 | 0 | 1 | 0 | 0 | 0 | 0 | 0 | 1 | 0 | 1 | 0 | 0 | 0 | 0 | 0 | 1 | 0 | 0 | 1 | 0 | 0 |  0 | 1 | 1 | 0 | 0 | 2 | 0 | 1 | 0 | 1 | 2 | 0 | 1 | 0 | 0 | 0 | 0 | 1 | 0 | 0 | 0 | 1 | 1 | 0 | 0 | 0 | 0 | 2 | 1 | 2 | 0 | 0 | 1 | 1 | 2 | 3 | 1 | 0 | 3 | 0 | 1 |
2 | Bridger, Alison Frances Colvill | COLORADO STATE UNIVERSITY. | 1981 | female | 1 | 3 | 1998 | 1 | 11 | 2002 | 0 | 0 | 0 | 0 | 0 | 1 | 0 | 1 | 0 | 0 | 0 | 0 | 0 | 0 | 0 | 0 | 0 | 0 | 1 | 0 | 0 | 0 | 1 | 0 | 0 | 0 | 0 | 0 | 0 | 0 | 0 | 0 | 0 | 0 | 0 | 0 | 0 | 0 | 0 | 0 | 0 |  0 | 0 | 0 | 0 | 0 | 1 | 0 | 1 | 0 | 0 | 0 | 0 | 0 | 0 | 0 | 1 | 0 | 1 | 2 | 0 | 1 | 0 | 1 | 1 | 1 | 0 | 2 | 0 | 0 | 0 | 0 | 0 | 0 | 0 | 0 | 0 | 0 | 0 | 0 | 0 | 0 |
3 | Bragg, Susan Lynn | WASHINGTON UNIVERSITY. | 1981 | female | 1 | 3 | 1987 | 2 | 5 | 1987 | 0 | 0 | 0 | 0 | 0 | 1 | 1 | 0 | 0 | 1 | 0 | 1 | 0 | 0 | 0 | 0 | 0 | 0 | 0 | 0 | 0 | 0 | 0 | 0 | 0 | 0 | 0 | 0 | 0 | 0 | 0 | 0 | 0 | 0 | 0 | 0 | 0 | 0 | 0 | 0 | 0 |  0 | 0 | 0 | 1 | 0 | 1 | 1 | 0 | 2 | 1 | 0 | 1 | 0 | 0 | 0 | 0 | 0 | 0 | 0 | 0 | 0 | 0 | 0 | 0 | 0 | 0 | 0 | 0 | 0 | 0 | 0 | 0 | 0 | 0 | 0 | 0 | 0 | 0 | 0 | 0 | 0 |
4 | Lockhart, Clayton Matthew | THE UNIVERSITY OF TEXAS AT AUSTIN. | 1981 | male | 1 | 1 | 1982 | 1 | 1 | 1982 | 0 | 0 | 0 | 0 | 0 | 1 | 1 | 0 | 0 | 0 | 0 | 0 | 0 | 0 | 0 | 0 | 0 | 0 | 0 | 0 | 0 | 0 | 0 | 0 | 0 | 0 | 0 | 0 | 0 | 0 | 0 | 0 | 0 | 0 | 0 | 0 | 0 | 0 | 0 | 0 | 0 |  0 | 0 | 0 | 0 | 0 | 1 | 1 | 0 | 0 | 0 | 0 | 0 | 0 | 0 | 0 | 0 | 0 | 0 | 0 | 0 | 0 | 0 | 0 | 0 | 0 | 0 | 0 | 0 | 0 | 0 | 0 | 0 | 0 | 0 | 0 | 0 | 0 | 0 | 0 | 0 | 0 |
5 | Sills, Robert Marc | UNIVERSITY OF CALIFORNIA, BERKELEY. | 1981 | male | 1 | 0 | 1981 | 1 | 0 | 1981 | 0 | 0 | 0 | 0 | 0 | 1 | 0 | 0 | 0 | 0 | 0 | 0 | 0 | 0 | 0 | 0 | 0 | 0 | 0 | 0 | 0 | 0 | 0 | 0 | 0 | 0 | 0 | 0 | 0 | 0 | 0 | 0 | 0 | 0 | 0 | 0 | 0 | 0 | 0 | 0 | 0 |  0 | 0 | 0 | 0 | 0 | 1 | 0 | 0 | 0 | 0 | 0 | 0 | 0 | 0 | 0 | 0 | 0 | 0 | 0 | 0 | 0 | 0 | 0 | 0 | 0 | 0 | 0 | 0 | 0 | 0 | 0 | 0 | 0 | 0 | 0 | 0 | 0 | 0 | 0 | 0 | 0 |
6 | Schmidtke, Paul Charles | THE OHIO STATE UNIVERSITY. | 1981 | male | 2 | 32 | 2013 | 3 | 80 | 2013 | 0 | 0 | 0 | 1 | 0 | 1 | 0 | 0 | 2 | 0 | 1 | 1 | 1 | 1 | 2 | 0 | 0 | 1 | 1 | 1 | 4 | 1 | 0 | 2 | 1 | 1 | 1 | 1 | 2 | 1 | 3 | 0 | 1 | 0 | 0 | 1 | 0 | 2 | 0 | 0 | 0 |  0 | 0 | 0 | 2 | 0 | 1 | 0 | 0 | 3 | 0 | 1 | 3 | 3 | 1 | 5 | 2 | 0 | 5 | 7 | 6 | 7 | 4 | 2 | 2 | 1 | 4 | 5 | 4 | 3 | 3 | 3 | 0 | 1 | 0 | 0 | 1 | 1 | 3 | 0 | 0 | 0 |
7 | Stryker, Linda Lee | Yale University. | 1981 | female | 1 | 8 | 1993 | 4 | 18 | 1993 | 0 | 0 | 0 | 0 | 0 | 1 | 1 | 1 | 3 | 2 | 0 | 0 | 0 | 0 | 0 | 0 | 0 | 1 | 0 | 0 | 0 | 0 | 0 | 0 | 0 | 0 | 0 | 0 | 0 | 0 | 0 | 0 | 0 | 0 | 0 | 0 | 0 | 0 | 0 | 0 | 0 |  2 | 0 | 0 | 0 | 0 | 2 | 2 | 2 | 4 | 4 | 2 | 0 | 0 | 0 | 0 | 2 | 1 | 1 | 0 | 0 | 0 | 0 | 0 | 0 | 0 | 0 | 0 | 0 | 0 | 0 | 0 | 0 | 0 | 0 | 0 | 0 | 0 | 0 | 0 | 0 | 0 |
9 | Stauffer, John Richard | UNIVERSITY OF CALIFORNIA, BERKELEY. | 1981 | male | 8 | 58 | 2017 | 13 | 309 | 2017 | 0 | 0 | 2 | 3 | 2 | 1 | 5 | 4 | 5 | 1 | 6 | 5 | 0 | 3 | 1 | 3 | 1 | 1 | 4 | 2 | 0 | 2 | 2 | 1 | 0 | 0 | 0 | 1 | 0 | 1 | 0 | 1 | 0 | 0 | 2 | 0 | 1 | 0 | 1 | 1 | 3 |  0 | 0 | 2 | 5 | 2 | 4 | 7 | 4 | 6 | 3 | 7 | 6 | 1 | 8 | 3 | 8 | 3 | 10 | 11 | 12 | 12 | 7 | 13 | 8 | 20 | 9 | 6 | 8 | 15 | 9 | 14 | 8 | 10 | 11 | 8 | 8 | 9 | 5 | 8 | 8 | 16 |
10 | Struck-Marcell, Curtis John | Yale University. | 1981 | male | 3 | 12 | 1993 | 3 | 29 | 1996 | 0 | 0 | 1 | 0 | 0 | 2 | 2 | 0 | 1 | 0 | 0 | 2 | 2 | 0 | 3 | 1 | 0 | 1 | 0 | 0 | 0 | 0 | 0 | 0 | 0 | 0 | 0 | 0 | 0 | 0 | 0 | 0 | 0 | 0 | 0 | 0 | 0 | 0 | 0 | 0 | 0 |  0 | 0 | 1 | 0 | 0 | 2 | 2 | 1 | 3 | 1 | 1 | 7 | 5 | 1 | 4 | 1 | 0 | 1 | 1 | 0 | 1 | 0 | 0 | 0 | 0 | 0 | 0 | 0 | 0 | 0 | 0 | 0 | 0 | 0 | 0 | 0 | 0 | 0 | 0 | 0 | 0 |
11 | Lupo, Jasper Charles | GEORGETOWN UNIVERSITY. | 1981 | male | 1 | 0 | 1981 | 1 | 0 | 1981 | 0 | 0 | 0 | 0 | 0 | 1 | 0 | 0 | 0 | 0 | 0 | 0 | 0 | 0 | 0 | 0 | 0 | 0 | 0 | 0 | 0 | 0 | 0 | 0 | 0 | 0 | 0 | 0 | 0 | 0 | 0 | 0 | 0 | 0 | 0 | 0 | 0 | 0 | 0 | 0 | 0 |  0 | 0 | 0 | 0 | 0 | 1 | 0 | 0 | 0 | 0 | 0 | 0 | 0 | 0 | 0 | 0 | 0 | 0 | 0 | 0 | 0 | 0 | 0 | 0 | 0 | 0 | 0 | 0 | 0 | 0 | 0 | 0 | 0 | 0 | 0 | 0 | 0 | 0 | 0 | 0 | 0 |
12 | Hansen, Anthony Regis | IOWA STATE UNIVERSITY. | 1981 | male | 2 | 10 | 1995 | 2 | 16 | 2012 | 0 | 0 | 0 | 0 | 0 | 2 | 0 | 0 | 0 | 0 | 1 | 1 | 2 | 0 | 0 | 1 | 1 | 2 | 0 | 2 | 0 | 0 | 0 | 0 | 0 | 0 | 0 | 0 | 0 | 0 | 0 | 0 | 0 | 0 | 0 | 0 | 0 | 0 | 0 | 0 | 0 |  0 | 0 | 0 | 0 | 0 | 2 | 0 | 0 | 0 | 0 | 1 | 1 | 2 | 0 | 2 | 1 | 1 | 3 | 0 | 2 | 0 | 0 | 0 | 0 | 0 | 0 | 0 | 0 | 0 | 1 | 1 | 0 | 0 | 0 | 0 | 0 | 1 | 0 | 0 | 0 | 0 |
13 | Ballenthin, John Otto | UNIVERSITY OF MINNESOTA. | 1981 | male | 1 | 0 | 1981 | 1 | 14 | 2013 | 0 | 0 | 0 | 0 | 0 | 1 | 0 | 0 | 0 | 0 | 0 | 0 | 0 | 0 | 0 | 0 | 0 | 0 | 0 | 0 | 0 | 0 | 0 | 0 | 0 | 0 | 0 | 0 | 0 | 0 | 0 | 0 | 0 | 0 | 0 | 0 | 0 | 0 | 0 | 0 | 0 |  0 | 0 | 0 | 0 | 0 | 1 | 0 | 0 | 0 | 0 | 0 | 0 | 0 | 1 | 0 | 0 | 0 | 0 | 0 | 0 | 0 | 1 | 1 | 1 | 0 | 0 | 0 | 1 | 0 | 0 | 0 | 0 | 0 | 0 | 2 | 3 | 2 | 2 | 0 | 0 | 0 |
14 | Chang, Lang-Ping | IOWA STATE UNIVERSITY. | 1981 | male | 2 | 0 | 1981 | 2 | 6 | 2017 | 0 | 0 | 0 | 0 | 0 | 2 | 0 | 0 | 0 | 0 | 0 | 0 | 0 | 0 | 0 | 0 | 0 | 0 | 0 | 0 | 0 | 0 | 0 | 0 | 0 | 0 | 0 | 0 | 0 | 0 | 0 | 0 | 0 | 0 | 0 | 0 | 0 | 0 | 0 | 0 | 0 |  0 | 0 | 0 | 0 | 0 | 2 | 0 | 0 | 0 | 0 | 0 | 0 | 0 | 0 | 0 | 0 | 0 | 0 | 0 | 0 | 0 | 0 | 0 | 0 | 0 | 0 | 0 | 0 | 0 | 0 | 0 | 1 | 0 | 0 | 0 | 0 | 1 | 1 | 1 | 1 | 0 |
15 | Tennant, A. F. | National Aeronautics and Space Administration. Goddard Space Flight Center, Greenbelt, MD. | 1981 | None | 2 | 16 | 2006 | 3 | 72 | 2015 | 0 | 0 | 0 | 0 | 0 | 2 | 1 | 2 | 0 | 1 | 3 | 2 | 2 | 0 | 0 | 0 | 0 | 0 | 1 | 0 | 0 | 0 | 1 | 0 | 0 | 2 | 0 | 0 | 0 | 0 | 1 | 0 | 0 | 0 | 0 | 0 | 0 | 0 | 0 | 0 | 0 |  0 | 0 | 0 | 0 | 0 | 3 | 1 | 2 | 1 | 3 | 4 | 3 | 4 | 0 | 1 | 1 | 0 | 0 | 3 | 0 | 0 | 0 | 1 | 0 | 1 | 6 | 2 | 5 | 11 | 1 | 5 | 2 | 1 | 1 | 2 | 5 | 3 | 2 | 0 | 1 | 0 |
16 | Suttles, J. T. | Old Dominion Univ., Norfolk, VA. | 1981 | None | 1 | 0 | 1981 | 1 | 0 | 1981 | 0 | 0 | 0 | 0 | 0 | 1 | 0 | 0 | 0 | 0 | 0 | 0 | 0 | 0 | 0 | 0 | 0 | 0 | 0 | 0 | 0 | 0 | 0 | 0 | 0 | 0 | 0 | 0 | 0 | 0 | 0 | 0 | 0 | 0 | 0 | 0 | 0 | 0 | 0 | 0 | 0 |  0 | 0 | 0 | 0 | 0 | 1 | 0 | 0 | 0 | 0 | 0 | 0 | 0 | 0 | 0 | 0 | 0 | 0 | 0 | 0 | 0 | 0 | 0 | 0 | 0 | 0 | 0 | 0 | 0 | 0 | 0 | 0 | 0 | 0 | 0 | 0 | 0 | 0 | 0 | 0 | 0 |
17 | Cottrell, Matthew James | THE UNIVERSITY OF TOLEDO. | 1981 | male | 4 | 1 | 1983 | 7 | 1 | 1983 | 0 | 0 | 2 | 0 | 0 | 2 | 0 | 1 | 0 | 0 | 0 | 0 | 0 | 0 | 0 | 0 | 0 | 0 | 0 | 0 | 0 | 0 | 0 | 0 | 0 | 0 | 0 | 0 | 0 | 0 | 0 | 0 | 0 | 0 | 0 | 0 | 0 | 0 | 0 | 0 | 0 |  0 | 0 | 2 | 1 | 2 | 2 | 0 | 1 | 0 | 0 | 0 | 0 | 0 | 0 | 0 | 0 | 0 | 0 | 0 | 0 | 0 | 0 | 0 | 0 | 0 | 0 | 0 | 0 | 0 | 0 | 0 | 0 | 0 | 0 | 0 | 0 | 0 | 0 | 0 | 0 | 0 |
18 | Haese, Nathan Norman | THE UNIVERSITY OF WISCONSIN - MADISON. | 1981 | male | 2 | 1 | 1982 | 3 | 1 | 1982 | 0 | 0 | 0 | 0 | 0 | 2 | 1 | 0 | 0 | 0 | 0 | 0 | 0 | 0 | 0 | 0 | 0 | 0 | 0 | 0 | 0 | 0 | 0 | 0 | 0 | 0 | 0 | 0 | 0 | 0 | 0 | 0 | 0 | 0 | 0 | 0 | 0 | 0 | 0 | 0 | 0 |  0 | 0 | 0 | 0 | 0 | 3 | 1 | 0 | 0 | 0 | 0 | 0 | 0 | 0 | 0 | 0 | 0 | 0 | 0 | 0 | 0 | 0 | 0 | 0 | 0 | 0 | 0 | 0 | 0 | 0 | 0 | 0 | 0 | 0 | 0 | 0 | 0 | 0 | 0 | 0 | 0 |
19 | Hou, Arthur Yuhan | HARVARD UNIVERSITY. | 1981 | male | 1 | 5 | 1990 | 1 | 5 | 1990 | 0 | 0 | 0 | 0 | 0 | 1 | 0 | 0 | 1 | 1 | 0 | 1 | 0 | 1 | 1 | 0 | 0 | 0 | 0 | 0 | 0 | 0 | 0 | 0 | 0 | 0 | 0 | 0 | 0 | 0 | 0 | 0 | 0 | 0 | 0 | 0 | 0 | 0 | 0 | 0 | 0 |  0 | 0 | 0 | 0 | 0 | 1 | 0 | 0 | 1 | 1 | 0 | 1 | 0 | 1 | 1 | 0 | 0 | 0 | 0 | 0 | 0 | 0 | 0 | 0 | 0 | 0 | 0 | 0 | 0 | 0 | 0 | 0 | 0 | 0 | 0 | 0 | 0 | 0 | 0 | 0 | 0 |
20 | Brin, Glen David | UNIVERSITY OF CALIFORNIA, SAN DIEGO. | 1981 | male | 3 | 1 | 1983 | 5 | 2 | 1989 | 0 | 0 | 0 | 1 | 1 | 1 | 0 | 1 | 0 | 0 | 0 | 0 | 0 | 0 | 0 | 0 | 0 | 0 | 0 | 0 | 0 | 0 | 0 | 0 | 0 | 0 | 0 | 0 | 0 | 0 | 0 | 0 | 0 | 0 | 0 | 0 | 0 | 0 | 0 | 0 | 0 |  0 | 1 | 1 | 1 | 1 | 1 | 0 | 1 | 0 | 0 | 0 | 0 | 0 | 1 | 0 | 0 | 0 | 0 | 0 | 0 | 0 | 0 | 0 | 0 | 0 | 0 | 0 | 0 | 0 | 0 | 0 | 0 | 0 | 0 | 0 | 0 | 0 | 0 | 0 | 0 | 0 |
21 | Mason, Stephen Freeman | UNIVERSITY OF WYOMING. | 1981 | male | 1 | 4 | 2002 | 1 | 7 | 2009 | 0 | 0 | 0 | 0 | 0 | 1 | 0 | 1 | 0 | 0 | 0 | 0 | 0 | 0 | 0 | 0 | 0 | 0 | 0 | 0 | 0 | 1 | 0 | 0 | 1 | 0 | 1 | 0 | 0 | 0 | 0 | 0 | 0 | 0 | 0 | 0 | 0 | 0 | 0 | 0 | 0 |  0 | 0 | 0 | 0 | 0 | 1 | 0 | 1 | 0 | 1 | 0 | 0 | 0 | 0 | 1 | 0 | 0 | 0 | 0 | 0 | 0 | 1 | 0 | 0 | 1 | 0 | 1 | 0 | 0 | 0 | 0 | 0 | 0 | 1 | 0 | 0 | 0 | 0 | 0 | 0 | 0 |
22 | Mauger, Bradley Grant | NEW MEXICO STATE UNIVERSITY. | 1981 | male | 1 | 5 | 1983 | 3 | 15 | 1995 | 0 | 0 | 0 | 0 | 0 | 1 | 0 | 5 | 0 | 0 | 0 | 0 | 0 | 0 | 0 | 0 | 0 | 0 | 0 | 0 | 0 | 0 | 0 | 0 | 0 | 0 | 0 | 0 | 0 | 0 | 0 | 0 | 0 | 0 | 0 | 0 | 0 | 0 | 0 | 0 | 0 |  0 | 0 | 0 | 2 | 0 | 1 | 1 | 7 | 2 | 3 | 0 | 1 | 0 | 0 | 0 | 0 | 0 | 0 | 0 | 1 | 0 | 0 | 0 | 0 | 0 | 0 | 0 | 0 | 0 | 0 | 0 | 0 | 0 | 0 | 0 | 0 | 0 | 0 | 0 | 0 | 0 |
23 | Caton, Daniel Bruce | UNIVERSITY OF FLORIDA. | 1981 | male | 2 | 8 | 2017 | 2 | 25 | 2017 | 0 | 1 | 0 | 0 | 0 | 1 | 0 | 0 | 0 | 0 | 1 | 0 | 0 | 0 | 0 | 0 | 0 | 0 | 0 | 0 | 0 | 0 | 0 | 0 | 1 | 1 | 0 | 0 | 1 | 2 | 0 | 0 | 0 | 0 | 0 | 0 | 0 | 1 | 0 | 0 | 0 |  0 | 1 | 0 | 0 | 0 | 1 | 0 | 1 | 0 | 0 | 1 | 0 | 0 | 0 | 0 | 0 | 0 | 0 | 0 | 0 | 0 | 0 | 1 | 0 | 2 | 1 | 0 | 0 | 1 | 2 | 1 | 2 | 0 | 0 | 1 | 1 | 0 | 2 | 0 | 1 | 7 |
24 | Backus, Peter Robert | UNIVERSITY OF MASSACHUSETTS. | 1981 | male | 1 | 2 | 1986 | 6 | 19 | 2012 | 0 | 0 | 0 | 0 | 0 | 1 | 1 | 0 | 0 | 0 | 1 | 0 | 0 | 0 | 0 | 0 | 0 | 0 | 0 | 0 | 0 | 0 | 0 | 0 | 0 | 0 | 0 | 0 | 0 | 0 | 0 | 0 | 0 | 0 | 0 | 0 | 0 | 0 | 0 | 0 | 0 |  1 | 0 | 0 | 0 | 1 | 4 | 2 | 1 | 0 | 0 | 4 | 0 | 0 | 0 | 0 | 1 | 0 | 0 | 0 | 0 | 1 | 0 | 0 | 0 | 0 | 0 | 1 | 0 | 0 | 0 | 0 | 1 | 0 | 1 | 3 | 3 | 1 | 0 | 0 | 0 | 0 |
25 | Hartkopf, William Irving | UNIVERSITY OF ILLINOIS AT URBANA-CHAMPAIGN. | 1981 | male | 2 | 21 | 2015 | 7 | 119 | 2017 | 0 | 0 | 0 | 0 | 0 | 2 | 1 | 0 | 1 | 0 | 0 | 0 | 0 | 1 | 0 | 1 | 2 | 1 | 1 | 0 | 2 | 1 | 0 | 1 | 1 | 2 | 0 | 0 | 0 | 0 | 0 | 0 | 1 | 1 | 0 | 1 | 1 | 1 | 0 | 1 | 0 |  0 | 0 | 1 | 1 | 1 | 4 | 2 | 3 | 2 | 0 | 0 | 7 | 1 | 3 | 2 | 1 | 5 | 6 | 2 | 4 | 6 | 7 | 4 | 4 | 4 | 6 | 3 | 0 | 3 | 1 | 3 | 1 | 4 | 4 | 9 | 6 | 2 | 3 | 2 | 7 | 1 |
26 | Madonna, Richard Gerard | STEVENS INSTITUTE OF TECHNOLOGY. | 1981 | male | 1 | 0 | 1981 | 1 | 3 | 1983 | 0 | 0 | 0 | 0 | 0 | 1 | 0 | 0 | 0 | 0 | 0 | 0 | 0 | 0 | 0 | 0 | 0 | 0 | 0 | 0 | 0 | 0 | 0 | 0 | 0 | 0 | 0 | 0 | 0 | 0 | 0 | 0 | 0 | 0 | 0 | 0 | 0 | 0 | 0 | 0 | 0 |  0 | 0 | 0 | 0 | 0 | 1 | 2 | 1 | 0 | 0 | 0 | 0 | 0 | 0 | 0 | 0 | 0 | 0 | 0 | 0 | 0 | 0 | 0 | 0 | 0 | 0 | 0 | 0 | 0 | 0 | 0 | 0 | 0 | 0 | 0 | 0 | 0 | 0 | 0 | 0 | 0 |
27 | Brasunas, John Charles, Jr. | HARVARD UNIVERSITY. | 1981 | male | 1 | 1 | 1997 | 2 | 12 | 2015 | 0 | 0 | 0 | 0 | 0 | 1 | 0 | 0 | 0 | 0 | 0 | 0 | 0 | 0 | 0 | 0 | 0 | 0 | 0 | 0 | 0 | 1 | 0 | 0 | 0 | 0 | 0 | 0 | 0 | 0 | 0 | 0 | 0 | 0 | 0 | 0 | 0 | 0 | 0 | 0 | 0 |  0 | 0 | 0 | 0 | 1 | 1 | 0 | 0 | 0 | 0 | 0 | 0 | 1 | 0 | 0 | 1 | 0 | 0 | 0 | 0 | 0 | 1 | 0 | 0 | 0 | 0 | 0 | 0 | 3 | 2 | 0 | 0 | 0 | 1 | 1 | 0 | 0 | 1 | 0 | 1 | 0 |
28 | Keyes, Charles Dayton | UNIVERSITY OF CALIFORNIA, LOS ANGELES. | 1981 | male | 4 | 2 | 2004 | 15 | 23 | 2011 | 0 | 0 | 1 | 2 | 0 | 1 | 0 | 0 | 0 | 0 | 0 | 0 | 0 | 0 | 1 | 0 | 0 | 0 | 0 | 0 | 0 | 0 | 0 | 0 | 0 | 0 | 0 | 0 | 1 | 0 | 0 | 0 | 0 | 0 | 0 | 0 | 0 | 0 | 0 | 0 | 0 |  0 | 1 | 1 | 4 | 3 | 6 | 0 | 0 | 2 | 3 | 3 | 2 | 4 | 0 | 2 | 0 | 0 | 0 | 0 | 1 | 0 | 0 | 2 | 0 | 0 | 1 | 0 | 0 | 1 | 0 | 1 | 0 | 0 | 0 | 0 | 1 | 0 | 0 | 0 | 0 | 0 |
29 | Corbin, James David | BAYLOR UNIVERSITY. | 1981 | male | 1 | 0 | 1981 | 2 | 1 | 1993 | 0 | 0 | 0 | 0 | 0 | 1 | 0 | 0 | 0 | 0 | 0 | 0 | 0 | 0 | 0 | 0 | 0 | 0 | 0 | 0 | 0 | 0 | 0 | 0 | 0 | 0 | 0 | 0 | 0 | 0 | 0 | 0 | 0 | 0 | 0 | 0 | 0 | 0 | 0 | 0 | 0 |  0 | 0 | 0 | 0 | 0 | 2 | 0 | 0 | 0 | 0 | 0 | 0 | 0 | 0 | 0 | 0 | 0 | 1 | 0 | 0 | 0 | 0 | 0 | 0 | 0 | 0 | 0 | 0 | 0 | 0 | 0 | 0 | 0 | 0 | 0 | 0 | 0 | 0 | 0 | 0 | 0 |
30 | Haberle, Robert Michael | UNIVERSITY OF WASHINGTON. | 1981 | male | 4 | 34 | 2014 | 5 | 155 | 2017 | 0 | 0 | 0 | 2 | 0 | 2 | 1 | 0 | 0 | 3 | 3 | 0 | 0 | 0 | 2 | 2 | 0 | 4 | 1 | 2 | 1 | 3 | 2 | 1 | 0 | 1 | 0 | 1 | 1 | 0 | 1 | 0 | 1 | 0 | 1 | 0 | 0 | 2 | 1 | 0 | 0 |  1 | 0 | 0 | 2 | 0 | 2 | 1 | 0 | 0 | 3 | 3 | 0 | 1 | 2 | 5 | 3 | 2 | 10 | 1 | 5 | 7 | 14 | 3 | 6 | 5 | 8 | 2 | 4 | 5 | 5 | 5 | 4 | 5 | 2 | 2 | 2 | 2 | 16 | 12 | 4 | 3 |
31 | Miller, Glenn Edward | THE UNIVERSITY OF TEXAS AT AUSTIN. | 1981 | male | 3 | 6 | 1998 | 10 | 15 | 2016 | 0 | 0 | 1 | 1 | 0 | 1 | 1 | 2 | 0 | 0 | 0 | 0 | 0 | 1 | 0 | 0 | 0 | 0 | 1 | 0 | 0 | 0 | 1 | 0 | 0 | 0 | 0 | 0 | 0 | 0 | 0 | 0 | 0 | 0 | 0 | 0 | 0 | 0 | 0 | 0 | 0 |  0 | 0 | 2 | 2 | 2 | 4 | 1 | 3 | 0 | 0 | 0 | 0 | 0 | 2 | 0 | 0 | 0 | 0 | 1 | 2 | 0 | 0 | 1 | 0 | 0 | 0 | 0 | 0 | 0 | 1 | 0 | 0 | 1 | 0 | 0 | 0 | 0 | 0 | 0 | 2 | 1 |
32 | Kaitchuck, Ronald Harold | INDIANA UNIVERSITY. | 1981 | male | 1 | 17 | 2015 | 2 | 36 | 2015 | 0 | 0 | 0 | 0 | 0 | 1 | 2 | 1 | 0 | 1 | 0 | 1 | 3 | 3 | 0 | 0 | 0 | 0 | 1 | 1 | 0 | 0 | 1 | 0 | 0 | 0 | 0 | 0 | 0 | 0 | 1 | 0 | 0 | 0 | 0 | 0 | 1 | 0 | 0 | 1 | 0 |  0 | 0 | 0 | 1 | 0 | 1 | 2 | 2 | 1 | 2 | 2 | 2 | 3 | 5 | 2 | 1 | 2 | 0 | 3 | 1 | 0 | 0 | 2 | 0 | 0 | 0 | 0 | 0 | 0 | 0 | 1 | 1 | 1 | 0 | 0 | 1 | 1 | 0 | 0 | 1 | 0 |
33 | Hunter, Robert Olin, Jr. | UNIVERSITY OF CALIFORNIA, IRVINE. | 1981 | male | 1 | 0 | 1981 | 1 | 2 | 2005 | 0 | 0 | 0 | 0 | 0 | 1 | 0 | 0 | 0 | 0 | 0 | 0 | 0 | 0 | 0 | 0 | 0 | 0 | 0 | 0 | 0 | 0 | 0 | 0 | 0 | 0 | 0 | 0 | 0 | 0 | 0 | 0 | 0 | 0 | 0 | 0 | 0 | 0 | 0 | 0 | 0 |  0 | 0 | 0 | 0 | 0 | 1 | 0 | 0 | 0 | 0 | 0 | 0 | 0 | 0 | 0 | 0 | 0 | 0 | 0 | 0 | 0 | 0 | 0 | 0 | 0 | 0 | 0 | 0 | 1 | 1 | 0 | 0 | 0 | 0 | 0 | 0 | 0 | 0 | 0 | 0 | 0 |
34 | Chu, You-Hua | UNIVERSITY OF CALIFORNIA, BERKELEY. | 1981 | male | 10 | 63 | 2014 | 16 | 265 | 2017 | 1 | 1 | 0 | 1 | 2 | 5 | 4 | 7 | 5 | 0 | 1 | 1 | 4 | 2 | 1 | 1 | 1 | 2 | 3 | 3 | 0 | 3 | 3 | 4 | 1 | 3 | 0 | 2 | 4 | 2 | 0 | 1 | 0 | 1 | 0 | 2 | 0 | 1 | 1 | 0 | 0 |  1 | 1 | 0 | 2 | 4 | 8 | 8 | 8 | 5 | 3 | 1 | 3 | 6 | 2 | 3 | 4 | 2 | 4 | 9 | 6 | 4 | 12 | 7 | 9 | 10 | 19 | 7 | 10 | 13 | 8 | 6 | 7 | 7 | 10 | 9 | 12 | 13 | 6 | 14 | 8 | 6 |
35 | Ballintine, James Elmer | MASSACHUSETTS INSTITUTE OF TECHNOLOGY. | 1981 | male | 1 | 0 | 1981 | 5 | 0 | 1981 | 0 | 0 | 0 | 0 | 0 | 1 | 0 | 0 | 0 | 0 | 0 | 0 | 0 | 0 | 0 | 0 | 0 | 0 | 0 | 0 | 0 | 0 | 0 | 0 | 0 | 0 | 0 | 0 | 0 | 0 | 0 | 0 | 0 | 0 | 0 | 0 | 0 | 0 | 0 | 0 | 0 |  2 | 1 | 0 | 0 | 0 | 2 | 0 | 0 | 0 | 0 | 0 | 0 | 0 | 0 | 0 | 0 | 0 | 0 | 0 | 0 | 0 | 0 | 0 | 0 | 0 | 0 | 0 | 0 | 0 | 0 | 0 | 0 | 0 | 0 | 0 | 0 | 0 | 0 | 0 | 0 | 0 |
36 | Chappell, Jon H. | UNIVERSITY OF NEW HAMPSHIRE. | 1981 | male | 3 | 0 | 1981 | 7 | 6 | 2008 | 0 | 0 | 0 | 1 | 0 | 2 | 0 | 0 | 0 | 0 | 0 | 0 | 0 | 0 | 0 | 0 | 0 | 0 | 0 | 0 | 0 | 0 | 0 | 0 | 0 | 0 | 0 | 0 | 0 | 0 | 0 | 0 | 0 | 0 | 0 | 0 | 0 | 0 | 0 | 0 | 0 |  0 | 0 | 0 | 3 | 0 | 4 | 0 | 0 | 0 | 0 | 0 | 1 | 0 | 0 | 0 | 0 | 0 | 1 | 0 | 0 | 0 | 0 | 0 | 0 | 0 | 0 | 0 | 1 | 0 | 1 | 1 | 0 | 1 | 0 | 0 | 0 | 0 | 0 | 0 | 0 | 0 |
37 | Kurtz, Russell Carrol | THE UNIVERSITY OF TEXAS AT AUSTIN. | 1981 | male | 1 | 0 | 1981 | 1 | 1 | 1987 | 0 | 0 | 0 | 0 | 0 | 1 | 0 | 0 | 0 | 0 | 0 | 0 | 0 | 0 | 0 | 0 | 0 | 0 | 0 | 0 | 0 | 0 | 0 | 0 | 0 | 0 | 0 | 0 | 0 | 0 | 0 | 0 | 0 | 0 | 0 | 0 | 0 | 0 | 0 | 0 | 0 |  0 | 0 | 0 | 0 | 0 | 1 | 0 | 0 | 0 | 0 | 0 | 1 | 0 | 0 | 0 | 0 | 0 | 0 | 0 | 0 | 0 | 0 | 0 | 0 | 0 | 0 | 0 | 0 | 0 | 0 | 0 | 0 | 0 | 0 | 0 | 0 | 0 | 0 | 0 | 0 | 0 |
38 | Wobus, Richard Lee | THE UNIVERSITY OF WISCONSIN - MADISON. | 1981 | male | 2 | 0 | 1981 | 2 | 0 | 1981 | 0 | 0 | 0 | 0 | 0 | 2 | 0 | 0 | 0 | 0 | 0 | 0 | 0 | 0 | 0 | 0 | 0 | 0 | 0 | 0 | 0 | 0 | 0 | 0 | 0 | 0 | 0 | 0 | 0 | 0 | 0 | 0 | 0 | 0 | 0 | 0 | 0 | 0 | 0 | 0 | 0 |  0 | 0 | 0 | 0 | 0 | 2 | 0 | 0 | 0 | 0 | 0 | 0 | 0 | 0 | 0 | 0 | 0 | 0 | 0 | 0 | 0 | 0 | 0 | 0 | 0 | 0 | 0 | 0 | 0 | 0 | 0 | 0 | 0 | 0 | 0 | 0 | 0 | 0 | 0 | 0 | 0 |
39 | Balbus, Steven Andrew | UNIVERSITY OF CALIFORNIA, BERKELEY. | 1981 | male | 2 | 50 | 2016 | 2 | 99 | 2017 | 1 | 0 | 0 | 0 | 0 | 1 | 1 | 0 | 1 | 2 | 2 | 0 | 3 | 1 | 1 | 2 | 2 | 1 | 2 | 1 | 1 | 0 | 1 | 2 | 2 | 2 | 1 | 2 | 2 | 0 | 2 | 0 | 3 | 2 | 3 | 1 | 3 | 0 | 2 | 0 | 2 |  1 | 0 | 0 | 0 | 0 | 1 | 1 | 0 | 1 | 2 | 4 | 0 | 3 | 1 | 2 | 4 | 4 | 2 | 4 | 4 | 5 | 0 | 1 | 5 | 3 | 3 | 3 | 4 | 7 | 1 | 2 | 1 | 4 | 6 | 4 | 2 | 5 | 1 | 3 | 2 | 4 |
40 | Keyser, Daniel | THE PENNSYLVANIA STATE UNIVERSITY. | 1981 | male | 1 | 1 | 1982 | 1 | 1 | 1982 | 0 | 0 | 0 | 0 | 0 | 1 | 1 | 0 | 0 | 0 | 0 | 0 | 0 | 0 | 0 | 0 | 0 | 0 | 0 | 0 | 0 | 0 | 0 | 0 | 0 | 0 | 0 | 0 | 0 | 0 | 0 | 0 | 0 | 0 | 0 | 0 | 0 | 0 | 0 | 0 | 0 |  0 | 0 | 0 | 0 | 0 | 1 | 1 | 0 | 0 | 0 | 0 | 0 | 0 | 0 | 0 | 0 | 0 | 0 | 0 | 0 | 0 | 0 | 0 | 0 | 0 | 0 | 0 | 0 | 0 | 0 | 0 | 0 | 0 | 0 | 0 | 0 | 0 | 0 | 0 | 0 | 0 |
41 | Williams, Earle Rolfe | MASSACHUSETTS INSTITUTE OF TECHNOLOGY. | 1981 | male | 3 | 11 | 2016 | 7 | 27 | 2016 | 1 | 0 | 0 | 0 | 1 | 1 | 0 | 0 | 0 | 0 | 0 | 1 | 0 | 0 | 0 | 0 | 0 | 0 | 0 | 0 | 1 | 0 | 1 | 0 | 0 | 0 | 0 | 1 | 1 | 1 | 1 | 0 | 0 | 0 | 1 | 0 | 1 | 0 | 0 | 0 | 2 |  4 | 0 | 0 | 1 | 1 | 1 | 0 | 1 | 0 | 0 | 1 | 1 | 0 | 0 | 0 | 0 | 0 | 0 | 0 | 0 | 2 | 0 | 3 | 0 | 1 | 0 | 2 | 1 | 2 | 2 | 1 | 0 | 1 | 0 | 1 | 1 | 1 | 2 | 1 | 0 | 3 |
42 | Koo, David Chih-Yuen | UNIVERSITY OF CALIFORNIA, BERKELEY. | 1981 | male | 1 | 1 | 2000 | 2 | 7 | 2017 | 0 | 0 | 0 | 0 | 0 | 1 | 0 | 0 | 0 | 0 | 0 | 0 | 0 | 0 | 0 | 0 | 0 | 0 | 0 | 0 | 0 | 0 | 0 | 0 | 1 | 0 | 0 | 0 | 0 | 0 | 0 | 0 | 0 | 0 | 0 | 0 | 0 | 0 | 0 | 0 | 0 |  0 | 0 | 0 | 0 | 0 | 2 | 0 | 0 | 0 | 0 | 0 | 0 | 0 | 0 | 0 | 0 | 0 | 0 | 0 | 0 | 1 | 0 | 0 | 0 | 1 | 0 | 0 | 0 | 0 | 0 | 1 | 0 | 0 | 1 | 0 | 0 | 0 | 1 | 0 | 1 | 0 |
43 | Barshay, Stephen Saul | MASSACHUSETTS INSTITUTE OF TECHNOLOGY. | 1981 | male | 3 | 5 | 2005 | 5 | 5 | 2005 | 1 | 0 | 1 | 0 | 0 | 1 | 0 | 0 | 0 | 0 | 0 | 0 | 0 | 0 | 0 | 0 | 0 | 0 | 0 | 0 | 0 | 1 | 1 | 2 | 0 | 0 | 0 | 0 | 0 | 1 | 0 | 0 | 0 | 0 | 0 | 0 | 0 | 0 | 0 | 0 | 0 |  1 | 1 | 1 | 1 | 0 | 1 | 0 | 0 | 0 | 0 | 0 | 0 | 0 | 0 | 0 | 0 | 0 | 0 | 0 | 0 | 0 | 1 | 1 | 2 | 0 | 0 | 0 | 0 | 0 | 1 | 0 | 0 | 0 | 0 | 0 | 0 | 0 | 0 | 0 | 0 | 0 |
44 | Hill, Jay Roderick | UNIVERSITY OF CALIFORNIA, SAN DIEGO. | 1981 | male | 8 | 5 | 1986 | 9 | 76 | 2016 | 0 | 1 | 0 | 1 | 2 | 4 | 4 | 0 | 0 | 0 | 1 | 0 | 0 | 0 | 0 | 0 | 0 | 0 | 0 | 0 | 0 | 0 | 0 | 0 | 0 | 0 | 0 | 0 | 0 | 0 | 0 | 0 | 0 | 0 | 0 | 0 | 0 | 0 | 0 | 0 | 0 |  0 | 1 | 0 | 1 | 2 | 5 | 7 | 5 | 1 | 0 | 1 | 0 | 0 | 0 | 0 | 0 | 0 | 0 | 0 | 0 | 0 | 0 | 4 | 4 | 1 | 2 | 2 | 5 | 6 | 3 | 3 | 3 | 6 | 4 | 2 | 4 | 2 | 1 | 2 | 3 | 5 |
45 | Buxton, Richard Bruce | MASSACHUSETTS INSTITUTE OF TECHNOLOGY. | 1981 | male | 2 | 1 | 2013 | 4 | 1 | 2013 | 0 | 1 | 0 | 0 | 0 | 1 | 0 | 0 | 0 | 0 | 0 | 0 | 0 | 0 | 0 | 0 | 0 | 0 | 0 | 0 | 0 | 0 | 0 | 0 | 0 | 0 | 0 | 0 | 0 | 0 | 0 | 0 | 0 | 0 | 0 | 0 | 0 | 1 | 0 | 0 | 0 |  0 | 1 | 1 | 0 | 1 | 1 | 0 | 0 | 0 | 0 | 0 | 0 | 0 | 0 | 0 | 0 | 0 | 0 | 0 | 0 | 0 | 0 | 0 | 0 | 0 | 0 | 0 | 0 | 0 | 0 | 0 | 0 | 0 | 0 | 0 | 0 | 0 | 1 | 0 | 0 | 0 |
46 | Rothman, Anthony Randall | THE UNIVERSITY OF TEXAS AT AUSTIN. | 1981 | male | 1 | 0 | 1981 | 1 | 0 | 1981 | 0 | 0 | 0 | 0 | 0 | 1 | 0 | 0 | 0 | 0 | 0 | 0 | 0 | 0 | 0 | 0 | 0 | 0 | 0 | 0 | 0 | 0 | 0 | 0 | 0 | 0 | 0 | 0 | 0 | 0 | 0 | 0 | 0 | 0 | 0 | 0 | 0 | 0 | 0 | 0 | 0 |  0 | 0 | 0 | 0 | 0 | 1 | 0 | 0 | 0 | 0 | 0 | 0 | 0 | 0 | 0 | 0 | 0 | 0 | 0 | 0 | 0 | 0 | 0 | 0 | 0 | 0 | 0 | 0 | 0 | 0 | 0 | 0 | 0 | 0 | 0 | 0 | 0 | 0 | 0 | 0 | 0 |
47 | Wallace, Richard Kent | UNIVERSITY OF CALIFORNIA, SANTA CRUZ. | 1981 | male | 2 | 3 | 1983 | 3 | 10 | 2000 | 0 | 0 | 0 | 0 | 0 | 2 | 2 | 1 | 0 | 0 | 0 | 0 | 0 | 0 | 0 | 0 | 0 | 0 | 0 | 0 | 0 | 0 | 0 | 0 | 0 | 0 | 0 | 0 | 0 | 0 | 0 | 0 | 0 | 0 | 0 | 0 | 0 | 0 | 0 | 0 | 0 |  0 | 1 | 0 | 0 | 0 | 2 | 3 | 1 | 0 | 0 | 0 | 1 | 0 | 0 | 0 | 0 | 0 | 0 | 0 | 0 | 0 | 1 | 1 | 1 | 2 | 0 | 0 | 0 | 0 | 0 | 0 | 0 | 0 | 0 | 0 | 0 | 0 | 0 | 0 | 0 | 0 |
48 | Dumont, Philip J. | UNIVERSITY OF CALIFORNIA, LOS ANGELES. | 1981 | male | 1 | 0 | 1981 | 2 | 15 | 2016 | 0 | 0 | 0 | 0 | 0 | 1 | 0 | 0 | 0 | 0 | 0 | 0 | 0 | 0 | 0 | 0 | 0 | 0 | 0 | 0 | 0 | 0 | 0 | 0 | 0 | 0 | 0 | 0 | 0 | 0 | 0 | 0 | 0 | 0 | 0 | 0 | 0 | 0 | 0 | 0 | 0 |  0 | 1 | 0 | 0 | 0 | 1 | 0 | 0 | 1 | 0 | 0 | 0 | 0 | 0 | 0 | 0 | 0 | 0 | 0 | 0 | 0 | 0 | 2 | 4 | 0 | 0 | 1 | 0 | 1 | 0 | 1 | 0 | 0 | 0 | 0 | 1 | 0 | 0 | 0 | 1 | 3 |
49 | Price, Channon Pharr, II | UNIVERSITY OF CALIFORNIA, SANTA BARBARA. | 1981 | female | 1 | 12 | 2004 | 3 | 34 | 2014 | 0 | 0 | 0 | 0 | 0 | 1 | 0 | 0 | 0 | 0 | 2 | 1 | 2 | 1 | 0 | 0 | 1 | 1 | 1 | 0 | 0 | 0 | 0 | 0 | 0 | 2 | 0 | 0 | 1 | 0 | 0 | 0 | 0 | 0 | 0 | 0 | 0 | 0 | 0 | 0 | 0 |  0 | 0 | 0 | 1 | 0 | 2 | 0 | 0 | 0 | 0 | 3 | 2 | 5 | 1 | 0 | 0 | 2 | 2 | 1 | 1 | 1 | 0 | 0 | 0 | 1 | 2 | 1 | 1 | 3 | 0 | 1 | 0 | 1 | 1 | 1 | 0 | 0 | 1 | 3 | 0 | 0 |
50 | Chang, L. P. | Iowa State University of Science and Technology, Ames. | 1981 | None | 2 | 0 | 1981 | 2 | 6 | 2017 | 0 | 0 | 0 | 0 | 0 | 2 | 0 | 0 | 0 | 0 | 0 | 0 | 0 | 0 | 0 | 0 | 0 | 0 | 0 | 0 | 0 | 0 | 0 | 0 | 0 | 0 | 0 | 0 | 0 | 0 | 0 | 0 | 0 | 0 | 0 | 0 | 0 | 0 | 0 | 0 | 0 |  0 | 0 | 0 | 0 | 0 | 2 | 0 | 0 | 0 | 0 | 0 | 0 | 0 | 0 | 0 | 0 | 0 | 0 | 0 | 0 | 0 | 0 | 0 | 0 | 0 | 0 | 0 | 0 | 0 | 0 | 0 | 1 | 0 | 0 | 0 | 0 | 1 | 1 | 1 | 1 | 0 |
51 | Probst, Ronald George | UNIVERSITY OF VIRGINIA. | 1981 | male | 2 | 5 | 1984 | 4 | 28 | 2001 | 0 | 1 | 0 | 0 | 0 | 1 | 1 | 3 | 1 | 0 | 0 | 0 | 0 | 0 | 0 | 0 | 0 | 0 | 0 | 0 | 0 | 0 | 0 | 0 | 0 | 0 | 0 | 0 | 0 | 0 | 0 | 0 | 0 | 0 | 0 | 0 | 0 | 0 | 0 | 0 | 0 |  1 | 2 | 0 | 0 | 0 | 1 | 1 | 3 | 1 | 1 | 0 | 3 | 0 | 2 | 1 | 3 | 0 | 1 | 3 | 2 | 2 | 0 | 2 | 1 | 1 | 1 | 0 | 0 | 0 | 0 | 0 | 0 | 0 | 0 | 0 | 0 | 0 | 0 | 0 | 0 | 0 |
52 | Glenar, David Alan | THE PENNSYLVANIA STATE UNIVERSITY. | 1981 | male | 3 | 9 | 2014 | 4 | 25 | 2016 | 0 | 0 | 1 | 0 | 0 | 2 | 0 | 1 | 0 | 1 | 1 | 0 | 1 | 0 | 0 | 0 | 0 | 0 | 0 | 0 | 0 | 1 | 0 | 0 | 0 | 0 | 0 | 1 | 0 | 1 | 0 | 0 | 0 | 0 | 0 | 1 | 0 | 0 | 1 | 0 | 0 |  0 | 1 | 1 | 0 | 0 | 2 | 0 | 1 | 0 | 1 | 2 | 0 | 1 | 0 | 0 | 0 | 0 | 1 | 0 | 0 | 0 | 1 | 1 | 0 | 0 | 0 | 0 | 2 | 1 | 2 | 0 | 0 | 1 | 1 | 2 | 3 | 1 | 0 | 3 | 0 | 1 |
53 | Weaver, Harold Anthony, Jr. | THE JOHNS HOPKINS UNIVERSITY. | 1981 | male | 3 | 22 | 2016 | 5 | 202 | 2017 | 0 | 0 | 0 | 0 | 0 | 3 | 0 | 0 | 1 | 0 | 1 | 1 | 0 | 0 | 0 | 0 | 1 | 0 | 2 | 1 | 0 | 3 | 0 | 2 | 1 | 1 | 1 | 1 | 0 | 0 | 1 | 0 | 2 | 0 | 1 | 1 | 0 | 0 | 0 | 0 | 1 |  0 | 0 | 0 | 0 | 2 | 3 | 1 | 1 | 3 | 0 | 5 | 4 | 2 | 1 | 1 | 2 | 2 | 1 | 3 | 8 | 5 | 6 | 2 | 3 | 5 | 5 | 4 | 2 | 8 | 5 | 5 | 16 | 6 | 6 | 9 | 10 | 2 | 8 | 6 | 10 | 21 |
54 | Adams, Mark Thomas | THE UNIVERSITY OF ARIZONA. | 1981 | male | 7 | 5 | 2010 | 9 | 31 | 2016 | 0 | 1 | 1 | 2 | 2 | 1 | 0 | 1 | 0 | 0 | 0 | 0 | 0 | 0 | 0 | 0 | 0 | 1 | 1 | 0 | 0 | 1 | 0 | 0 | 0 | 0 | 0 | 0 | 0 | 0 | 0 | 0 | 0 | 0 | 1 | 0 | 0 | 0 | 0 | 0 | 0 |  0 | 2 | 1 | 3 | 2 | 1 | 0 | 1 | 0 | 1 | 0 | 0 | 0 | 0 | 0 | 0 | 0 | 1 | 1 | 0 | 0 | 2 | 0 | 1 | 2 | 3 | 3 | 0 | 3 | 0 | 0 | 0 | 2 | 4 | 1 | 1 | 0 | 0 | 0 | 3 | 2 |
55 | Briggs, Patrick Ray | UNIVERSITY OF KANSAS. | 1981 | male | 4 | 1 | 1984 | 4 | 4 | 1985 | 0 | 0 | 0 | 2 | 0 | 2 | 0 | 0 | 1 | 0 | 0 | 0 | 0 | 0 | 0 | 0 | 0 | 0 | 0 | 0 | 0 | 0 | 0 | 0 | 0 | 0 | 0 | 0 | 0 | 0 | 0 | 0 | 0 | 0 | 0 | 0 | 0 | 0 | 0 | 0 | 0 |  0 | 0 | 0 | 2 | 0 | 2 | 1 | 0 | 1 | 2 | 0 | 0 | 0 | 0 | 0 | 0 | 0 | 0 | 0 | 0 | 0 | 0 | 0 | 0 | 0 | 0 | 0 | 0 | 0 | 0 | 0 | 0 | 0 | 0 | 0 | 0 | 0 | 0 | 0 | 0 | 0 |
56 | Duncan, Douglas Kevin | UNIVERSITY OF CALIFORNIA, SANTA CRUZ. | 1981 | male | 3 | 22 | 2012 | 4 | 66 | 2016 | 0 | 0 | 0 | 0 | 0 | 3 | 0 | 2 | 4 | 0 | 0 | 1 | 0 | 0 | 0 | 2 | 1 | 1 | 0 | 0 | 1 | 2 | 3 | 1 | 0 | 0 | 0 | 0 | 0 | 0 | 2 | 0 | 0 | 0 | 0 | 0 | 2 | 0 | 0 | 0 | 0 |  1 | 0 | 0 | 0 | 0 | 3 | 0 | 2 | 11 | 2 | 3 | 5 | 1 | 1 | 1 | 4 | 1 | 4 | 0 | 1 | 1 | 5 | 6 | 3 | 1 | 1 | 0 | 0 | 1 | 1 | 2 | 0 | 0 | 0 | 0 | 2 | 5 | 0 | 0 | 1 | 1 |
57 | Cattell, David Frank | TEMPLE UNIVERSITY. | 1981 | male | 2 | 0 | 1981 | 2 | 0 | 1981 | 0 | 0 | 0 | 1 | 0 | 1 | 0 | 0 | 0 | 0 | 0 | 0 | 0 | 0 | 0 | 0 | 0 | 0 | 0 | 0 | 0 | 0 | 0 | 0 | 0 | 0 | 0 | 0 | 0 | 0 | 0 | 0 | 0 | 0 | 0 | 0 | 0 | 0 | 0 | 0 | 0 |  0 | 0 | 0 | 1 | 0 | 1 | 0 | 0 | 0 | 0 | 0 | 0 | 0 | 0 | 0 | 0 | 0 | 0 | 0 | 0 | 0 | 0 | 0 | 0 | 0 | 0 | 0 | 0 | 0 | 0 | 0 | 0 | 0 | 0 | 0 | 0 | 0 | 0 | 0 | 0 | 0 |
58 | Mathisen, M. E. | Iowa State University of Science and Technology, Ames. | 1981 | None | 1 | 0 | 1981 | 1 | 0 | 1981 | 0 | 0 | 0 | 0 | 0 | 1 | 0 | 0 | 0 | 0 | 0 | 0 | 0 | 0 | 0 | 0 | 0 | 0 | 0 | 0 | 0 | 0 | 0 | 0 | 0 | 0 | 0 | 0 | 0 | 0 | 0 | 0 | 0 | 0 | 0 | 0 | 0 | 0 | 0 | 0 | 0 |  0 | 0 | 0 | 0 | 0 | 1 | 0 | 0 | 0 | 0 | 0 | 0 | 0 | 0 | 0 | 0 | 0 | 0 | 0 | 0 | 0 | 0 | 0 | 0 | 0 | 0 | 0 | 0 | 0 | 0 | 0 | 0 | 0 | 0 | 0 | 0 | 0 | 0 | 0 | 0 | 0 |
59 | Potter, Douglas William | UNIVERSITY OF CALIFORNIA, BERKELEY. | 1981 | male | 3 | 3 | 2002 | 5 | 25 | 2013 | 0 | 0 | 0 | 0 | 1 | 2 | 0 | 1 | 0 | 1 | 0 | 0 | 0 | 0 | 0 | 0 | 0 | 0 | 0 | 0 | 0 | 0 | 0 | 0 | 0 | 0 | 1 | 0 | 0 | 0 | 0 | 0 | 0 | 0 | 0 | 0 | 0 | 0 | 0 | 0 | 0 |  0 | 0 | 1 | 0 | 1 | 3 | 1 | 1 | 0 | 2 | 0 | 0 | 0 | 0 | 0 | 0 | 1 | 0 | 0 | 2 | 1 | 0 | 2 | 2 | 3 | 1 | 3 | 0 | 0 | 1 | 1 | 0 | 2 | 1 | 0 | 0 | 0 | 1 | 0 | 0 | 0 |
60 | Peterson, Andrew Steele | IOWA STATE UNIVERSITY. | 1981 | male | 1 | 0 | 1981 | 1 | 1 | 1997 | 0 | 0 | 0 | 0 | 0 | 1 | 0 | 0 | 0 | 0 | 0 | 0 | 0 | 0 | 0 | 0 | 0 | 0 | 0 | 0 | 0 | 0 | 0 | 0 | 0 | 0 | 0 | 0 | 0 | 0 | 0 | 0 | 0 | 0 | 0 | 0 | 0 | 0 | 0 | 0 | 0 |  0 | 0 | 0 | 0 | 0 | 1 | 0 | 0 | 0 | 0 | 0 | 0 | 0 | 0 | 0 | 0 | 0 | 0 | 0 | 0 | 0 | 1 | 0 | 0 | 0 | 0 | 0 | 0 | 0 | 0 | 0 | 0 | 0 | 0 | 0 | 0 | 0 | 0 | 0 | 0 | 0 |
61 | Long, C. E. | Washington Univ., Seattle. | 1981 | None | 1 | 1 | 2000 | 1 | 4 | 2011 | 0 | 0 | 0 | 0 | 0 | 1 | 0 | 0 | 0 | 0 | 0 | 0 | 0 | 0 | 0 | 0 | 0 | 0 | 0 | 0 | 0 | 0 | 0 | 0 | 1 | 0 | 0 | 0 | 0 | 0 | 0 | 0 | 0 | 0 | 0 | 0 | 0 | 0 | 0 | 0 | 0 |  0 | 0 | 0 | 0 | 0 | 1 | 0 | 0 | 0 | 0 | 0 | 0 | 0 | 0 | 0 | 1 | 0 | 0 | 1 | 0 | 0 | 0 | 0 | 0 | 1 | 0 | 0 | 0 | 0 | 0 | 0 | 0 | 0 | 0 | 0 | 1 | 0 | 0 | 0 | 0 | 0 |
62 | Turnshek, David Alvin | THE UNIVERSITY OF ARIZONA. | 1981 | male | 4 | 19 | 2015 | 7 | 106 | 2016 | 0 | 0 | 0 | 1 | 2 | 1 | 0 | 0 | 3 | 1 | 1 | 0 | 1 | 1 | 1 | 1 | 0 | 1 | 1 | 0 | 1 | 2 | 0 | 0 | 0 | 1 | 1 | 1 | 1 | 0 | 0 | 0 | 0 | 0 | 0 | 0 | 0 | 0 | 0 | 1 | 0 |  0 | 0 | 1 | 2 | 3 | 1 | 0 | 3 | 6 | 3 | 3 | 3 | 3 | 2 | 1 | 3 | 2 | 9 | 4 | 7 | 4 | 3 | 8 | 2 | 2 | 3 | 2 | 3 | 3 | 4 | 6 | 2 | 2 | 2 | 0 | 4 | 0 | 2 | 1 | 2 | 2 |
63 | Sebok, William L. | California Institute of Technology | 1981 | male | 2 | 2 | 1986 | 2 | 2 | 1986 | 0 | 0 | 0 | 1 | 0 | 1 | 1 | 0 | 0 | 0 | 1 | 0 | 0 | 0 | 0 | 0 | 0 | 0 | 0 | 0 | 0 | 0 | 0 | 0 | 0 | 0 | 0 | 0 | 0 | 0 | 0 | 0 | 0 | 0 | 0 | 0 | 0 | 0 | 0 | 0 | 0 |  0 | 0 | 0 | 1 | 0 | 1 | 1 | 0 | 0 | 0 | 1 | 0 | 0 | 0 | 0 | 0 | 0 | 0 | 0 | 0 | 0 | 0 | 0 | 0 | 0 | 0 | 0 | 0 | 0 | 0 | 0 | 0 | 0 | 0 | 0 | 0 | 0 | 0 | 0 | 0 | 0 |
64 | Mitchell, Jimmy Leslie | UNIVERSITY OF SOUTHERN CALIFORNIA. | 1981 | male | 2 | 2 | 2016 | 7 | 55 | 2016 | 0 | 0 | 0 | 1 | 0 | 1 | 0 | 0 | 0 | 0 | 0 | 0 | 0 | 0 | 0 | 0 | 0 | 0 | 0 | 0 | 0 | 0 | 0 | 0 | 0 | 0 | 0 | 0 | 0 | 0 | 1 | 0 | 0 | 0 | 0 | 0 | 0 | 0 | 0 | 0 | 1 |  3 | 1 | 0 | 2 | 0 | 1 | 0 | 0 | 0 | 0 | 0 | 1 | 0 | 0 | 1 | 0 | 0 | 1 | 1 | 4 | 2 | 5 | 2 | 0 | 2 | 10 | 4 | 6 | 1 | 2 | 1 | 0 | 0 | 2 | 3 | 3 | 0 | 2 | 0 | 0 | 2 |
65 | Roberge, Wayne Giles | HARVARD UNIVERSITY. | 1981 | male | 2 | 9 | 2007 | 5 | 24 | 2015 | 0 | 0 | 0 | 0 | 0 | 2 | 1 | 1 | 0 | 0 | 0 | 0 | 0 | 0 | 1 | 1 | 0 | 1 | 0 | 1 | 0 | 1 | 0 | 1 | 0 | 0 | 0 | 0 | 0 | 0 | 0 | 1 | 0 | 0 | 0 | 0 | 0 | 0 | 0 | 0 | 0 |  0 | 0 | 0 | 1 | 2 | 2 | 3 | 2 | 1 | 0 | 0 | 0 | 0 | 0 | 1 | 1 | 0 | 1 | 0 | 1 | 0 | 5 | 0 | 1 | 1 | 0 | 1 | 1 | 1 | 0 | 0 | 1 | 0 | 0 | 0 | 0 | 0 | 2 | 0 | 1 | 0 |
66 | Saulson, Peter Reed | PRINCETON UNIVERSITY. | 1981 | male | 1 | 6 | 2011 | 3 | 167 | 2017 | 0 | 0 | 0 | 0 | 0 | 1 | 0 | 0 | 1 | 0 | 0 | 0 | 0 | 0 | 0 | 0 | 0 | 0 | 0 | 0 | 0 | 2 | 0 | 0 | 1 | 0 | 0 | 0 | 0 | 0 | 0 | 1 | 0 | 0 | 0 | 1 | 0 | 0 | 0 | 0 | 0 |  0 | 0 | 0 | 1 | 0 | 2 | 0 | 1 | 1 | 0 | 1 | 2 | 0 | 0 | 0 | 0 | 0 | 0 | 0 | 0 | 0 | 2 | 0 | 0 | 2 | 1 | 1 | 1 | 8 | 8 | 3 | 9 | 15 | 14 | 9 | 9 | 17 | 6 | 13 | 6 | 28 |
67 | Pacharintanakul, Pornchai | UNIVERSITY OF CALIFORNIA, LOS ANGELES. | 1981 | male | 3 | 0 | 1981 | 3 | 0 | 1981 | 0 | 0 | 0 | 0 | 2 | 1 | 0 | 0 | 0 | 0 | 0 | 0 | 0 | 0 | 0 | 0 | 0 | 0 | 0 | 0 | 0 | 0 | 0 | 0 | 0 | 0 | 0 | 0 | 0 | 0 | 0 | 0 | 0 | 0 | 0 | 0 | 0 | 0 | 0 | 0 | 0 |  0 | 0 | 0 | 0 | 2 | 1 | 0 | 0 | 0 | 0 | 0 | 0 | 0 | 0 | 0 | 0 | 0 | 0 | 0 | 0 | 0 | 0 | 0 | 0 | 0 | 0 | 0 | 0 | 0 | 0 | 0 | 0 | 0 | 0 | 0 | 0 | 0 | 0 | 0 | 0 | 0 |
68 | Wisdom, Jack Leach | CALIFORNIA INSTITUTE OF TECHNOLOGY. | 1981 | male | 2 | 28 | 2017 | 2 | 53 | 2017 | 0 | 0 | 0 | 0 | 1 | 1 | 1 | 2 | 1 | 2 | 1 | 6 | 1 | 0 | 0 | 1 | 1 | 0 | 0 | 0 | 0 | 0 | 0 | 0 | 0 | 0 | 0 | 2 | 1 | 0 | 2 | 0 | 1 | 0 | 0 | 0 | 0 | 0 | 0 | 3 | 2 |  0 | 0 | 0 | 0 | 1 | 1 | 1 | 2 | 1 | 2 | 3 | 6 | 3 | 1 | 2 | 1 | 2 | 2 | 2 | 0 | 0 | 0 | 1 | 0 | 0 | 1 | 0 | 2 | 1 | 1 | 4 | 1 | 3 | 0 | 2 | 2 | 0 | 0 | 0 | 3 | 2 |
69 | Waite, Jack Hunter, Jr. | THE UNIVERSITY OF MICHIGAN. | 1981 | male | 3 | 19 | 2017 | 6 | 219 | 2017 | 0 | 0 | 0 | 1 | 0 | 2 | 0 | 1 | 1 | 0 | 1 | 1 | 2 | 0 | 0 | 0 | 0 | 0 | 1 | 0 | 0 | 2 | 0 | 0 | 1 | 1 | 1 | 0 | 1 | 2 | 1 | 1 | 0 | 0 | 0 | 0 | 0 | 1 | 0 | 0 | 0 |  0 | 0 | 0 | 2 | 1 | 3 | 0 | 2 | 2 | 8 | 9 | 5 | 7 | 6 | 2 | 1 | 0 | 2 | 5 | 3 | 2 | 7 | 5 | 1 | 2 | 3 | 10 | 4 | 5 | 11 | 6 | 7 | 7 | 18 | 18 | 6 | 4 | 4 | 11 | 14 | 14 |
70 | Bothun, Gregory David | UNIVERSITY OF WASHINGTON. | 1981 | male | 3 | 53 | 2015 | 6 | 163 | 2015 | 0 | 1 | 0 | 0 | 0 | 2 | 9 | 2 | 7 | 5 | 4 | 2 | 3 | 3 | 6 | 1 | 5 | 1 | 1 | 0 | 0 | 3 | 0 | 0 | 0 | 0 | 0 | 0 | 0 | 0 | 0 | 0 | 0 | 0 | 0 | 0 | 0 | 0 | 0 | 1 | 0 |  0 | 1 | 0 | 0 | 1 | 4 | 10 | 4 | 11 | 8 | 10 | 9 | 6 | 6 | 12 | 7 | 8 | 8 | 3 | 6 | 7 | 10 | 5 | 2 | 6 | 5 | 2 | 3 | 4 | 1 | 1 | 1 | 1 | 2 | 2 | 0 | 1 | 1 | 0 | 1 | 0 |
71 | Lapides, Jeffrey Rolf | UNIVERSITY OF MARYLAND COLLEGE PARK. | 1981 | male | 1 | 0 | 1981 | 1 | 0 | 1981 | 0 | 0 | 0 | 0 | 0 | 1 | 0 | 0 | 0 | 0 | 0 | 0 | 0 | 0 | 0 | 0 | 0 | 0 | 0 | 0 | 0 | 0 | 0 | 0 | 0 | 0 | 0 | 0 | 0 | 0 | 0 | 0 | 0 | 0 | 0 | 0 | 0 | 0 | 0 | 0 | 0 |  0 | 0 | 0 | 0 | 0 | 1 | 0 | 0 | 0 | 0 | 0 | 0 | 0 | 0 | 0 | 0 | 0 | 0 | 0 | 0 | 0 | 0 | 0 | 0 | 0 | 0 | 0 | 0 | 0 | 0 | 0 | 0 | 0 | 0 | 0 | 0 | 0 | 0 | 0 | 0 | 0 |
72 | Lupo, James Anthony | THE UNIVERSITY OF NEW MEXICO. | 1981 | male | 1 | 0 | 1981 | 1 | 0 | 1981 | 0 | 0 | 0 | 0 | 0 | 1 | 0 | 0 | 0 | 0 | 0 | 0 | 0 | 0 | 0 | 0 | 0 | 0 | 0 | 0 | 0 | 0 | 0 | 0 | 0 | 0 | 0 | 0 | 0 | 0 | 0 | 0 | 0 | 0 | 0 | 0 | 0 | 0 | 0 | 0 | 0 |  0 | 0 | 0 | 0 | 0 | 1 | 0 | 0 | 0 | 0 | 0 | 0 | 0 | 0 | 0 | 0 | 0 | 0 | 0 | 0 | 0 | 0 | 0 | 0 | 0 | 0 | 0 | 0 | 0 | 0 | 0 | 0 | 0 | 0 | 0 | 0 | 0 | 0 | 0 | 0 | 0 |
73 | Beck, Sara Chaya | UNIVERSITY OF CALIFORNIA, BERKELEY. | 1981 | female | 5 | 31 | 2015 | 8 | 66 | 2016 | 0 | 0 | 1 | 2 | 0 | 2 | 1 | 1 | 4 | 0 | 1 | 0 | 1 | 0 | 0 | 1 | 0 | 0 | 1 | 0 | 1 | 1 | 1 | 1 | 3 | 1 | 1 | 0 | 1 | 0 | 0 | 1 | 1 | 0 | 1 | 0 | 1 | 1 | 1 | 5 | 0 |  0 | 0 | 1 | 3 | 0 | 4 | 2 | 1 | 4 | 0 | 3 | 1 | 1 | 0 | 4 | 3 | 0 | 1 | 2 | 1 | 2 | 2 | 2 | 2 | 5 | 4 | 2 | 1 | 3 | 0 | 1 | 3 | 1 | 1 | 2 | 0 | 1 | 2 | 2 | 6 | 1 |
74 | Walter, Frederick Mark | UNIVERSITY OF CALIFORNIA, BERKELEY. | 1981 | male | 10 | 50 | 2014 | 16 | 366 | 2017 | 0 | 1 | 3 | 0 | 2 | 4 | 3 | 2 | 4 | 1 | 4 | 5 | 1 | 0 | 1 | 1 | 2 | 0 | 1 | 3 | 1 | 4 | 0 | 0 | 1 | 1 | 2 | 2 | 4 | 0 | 1 | 0 | 0 | 0 | 1 | 2 | 2 | 0 | 1 | 0 | 0 |  0 | 3 | 3 | 3 | 3 | 4 | 4 | 4 | 6 | 2 | 6 | 8 | 2 | 2 | 1 | 5 | 3 | 1 | 4 | 6 | 4 | 6 | 5 | 5 | 5 | 7 | 7 | 7 | 9 | 12 | 16 | 16 | 17 | 13 | 28 | 26 | 28 | 24 | 27 | 24 | 21 |
75 | Abbot, Richard Imboden | THE UNIVERSITY OF TEXAS AT AUSTIN. | 1981 | male | 1 | 1 | 1984 | 2 | 2 | 1985 | 0 | 0 | 0 | 0 | 0 | 1 | 0 | 0 | 1 | 0 | 0 | 0 | 0 | 0 | 0 | 0 | 0 | 0 | 0 | 0 | 0 | 0 | 0 | 0 | 0 | 0 | 0 | 0 | 0 | 0 | 0 | 0 | 0 | 0 | 0 | 0 | 0 | 0 | 0 | 0 | 0 |  1 | 0 | 0 | 0 | 0 | 1 | 0 | 0 | 1 | 1 | 0 | 0 | 0 | 0 | 0 | 0 | 0 | 0 | 0 | 0 | 0 | 0 | 0 | 0 | 0 | 0 | 0 | 0 | 0 | 0 | 0 | 0 | 0 | 0 | 0 | 0 | 0 | 0 | 0 | 0 | 0 |
76 | Wilson, Michael Leonard | UNIVERSITY OF CALIFORNIA, BERKELEY. | 1981 | male | 3 | 2 | 1983 | 7 | 13 | 2010 | 0 | 0 | 0 | 1 | 0 | 2 | 1 | 1 | 0 | 0 | 0 | 0 | 0 | 0 | 0 | 0 | 0 | 0 | 0 | 0 | 0 | 0 | 0 | 0 | 0 | 0 | 0 | 0 | 0 | 0 | 0 | 0 | 0 | 0 | 0 | 0 | 0 | 0 | 0 | 0 | 0 |  0 | 0 | 0 | 3 | 1 | 3 | 1 | 1 | 0 | 0 | 0 | 0 | 0 | 0 | 0 | 2 | 0 | 2 | 0 | 0 | 1 | 0 | 0 | 0 | 0 | 0 | 0 | 1 | 1 | 2 | 0 | 0 | 1 | 0 | 1 | 0 | 0 | 0 | 0 | 0 | 0 |
77 | Mrozowski, C. L. | Columbia Univ., New York, NY. | 1981 | None | 2 | 0 | 1981 | 2 | 0 | 1981 | 0 | 0 | 0 | 1 | 0 | 1 | 0 | 0 | 0 | 0 | 0 | 0 | 0 | 0 | 0 | 0 | 0 | 0 | 0 | 0 | 0 | 0 | 0 | 0 | 0 | 0 | 0 | 0 | 0 | 0 | 0 | 0 | 0 | 0 | 0 | 0 | 0 | 0 | 0 | 0 | 0 |  0 | 0 | 0 | 1 | 0 | 1 | 0 | 0 | 0 | 0 | 0 | 0 | 0 | 0 | 0 | 0 | 0 | 0 | 0 | 0 | 0 | 0 | 0 | 0 | 0 | 0 | 0 | 0 | 0 | 0 | 0 | 0 | 0 | 0 | 0 | 0 | 0 | 0 | 0 | 0 | 0 |
78 | Rivolo, Arthur Rex | STATE UNIVERSITY OF NEW YORK AT STONY BROOK. | 1981 | male | 2 | 6 | 1988 | 7 | 11 | 1990 | 0 | 0 | 0 | 0 | 0 | 2 | 0 | 1 | 1 | 1 | 2 | 0 | 1 | 0 | 0 | 0 | 0 | 0 | 0 | 0 | 0 | 0 | 0 | 0 | 0 | 0 | 0 | 0 | 0 | 0 | 0 | 0 | 0 | 0 | 0 | 0 | 0 | 0 | 0 | 0 | 0 |  0 | 0 | 1 | 1 | 2 | 3 | 0 | 1 | 1 | 3 | 2 | 1 | 1 | 1 | 1 | 0 | 0 | 0 | 0 | 0 | 0 | 0 | 0 | 0 | 0 | 0 | 0 | 0 | 0 | 0 | 0 | 0 | 0 | 0 | 0 | 0 | 0 | 0 | 0 | 0 | 0 |
79 | Williams, Barbara Ann | UNIVERSITY OF MARYLAND COLLEGE PARK. | 1981 | female | 2 | 10 | 2014 | 4 | 37 | 2017 | 0 | 0 | 0 | 0 | 0 | 2 | 0 | 2 | 0 | 1 | 1 | 1 | 1 | 0 | 0 | 2 | 0 | 0 | 0 | 0 | 0 | 0 | 0 | 0 | 0 | 0 | 1 | 0 | 0 | 0 | 0 | 0 | 0 | 0 | 0 | 0 | 0 | 0 | 1 | 0 | 0 |  0 | 0 | 1 | 1 | 0 | 2 | 0 | 3 | 1 | 2 | 1 | 1 | 1 | 1 | 0 | 3 | 0 | 1 | 0 | 0 | 0 | 0 | 0 | 0 | 1 | 2 | 1 | 0 | 0 | 0 | 3 | 0 | 0 | 3 | 4 | 4 | 1 | 2 | 1 | 0 | 0 |
80 | Feierberg, Michael Andrew | THE UNIVERSITY OF ARIZONA. | 1981 | male | 4 | 4 | 1985 | 8 | 12 | 2006 | 0 | 0 | 0 | 0 | 2 | 2 | 1 | 1 | 1 | 1 | 0 | 0 | 0 | 0 | 0 | 0 | 0 | 0 | 0 | 0 | 0 | 0 | 0 | 0 | 0 | 0 | 0 | 0 | 0 | 0 | 0 | 0 | 0 | 0 | 0 | 0 | 0 | 0 | 0 | 0 | 0 |  1 | 0 | 0 | 2 | 2 | 3 | 2 | 3 | 1 | 2 | 1 | 0 | 0 | 0 | 1 | 0 | 0 | 0 | 0 | 0 | 0 | 0 | 0 | 0 | 0 | 0 | 0 | 0 | 1 | 0 | 1 | 0 | 0 | 0 | 0 | 0 | 0 | 0 | 0 | 0 | 0 |
81 | Abbassi, Amir Hossein | MASSACHUSETTS INSTITUTE OF TECHNOLOGY. | 1981 | male | 1 | 9 | 2013 | 1 | 16 | 2015 | 0 | 0 | 0 | 0 | 0 | 1 | 0 | 0 | 0 | 0 | 0 | 0 | 0 | 0 | 0 | 0 | 0 | 0 | 0 | 0 | 0 | 0 | 0 | 1 | 1 | 1 | 0 | 1 | 0 | 0 | 0 | 0 | 2 | 0 | 1 | 1 | 0 | 1 | 0 | 0 | 0 |  0 | 0 | 0 | 0 | 0 | 1 | 0 | 0 | 0 | 0 | 0 | 0 | 0 | 0 | 0 | 0 | 0 | 0 | 0 | 0 | 0 | 0 | 0 | 1 | 2 | 1 | 1 | 1 | 0 | 0 | 0 | 0 | 2 | 0 | 1 | 1 | 0 | 1 | 3 | 2 | 0 |
82 | Chao, B. F. | California Univ., San Diego. | 1981 | None | 3 | 31 | 2015 | 3 | 63 | 2017 | 0 | 0 | 0 | 0 | 1 | 2 | 1 | 2 | 1 | 2 | 0 | 3 | 3 | 3 | 1 | 3 | 0 | 1 | 0 | 6 | 0 | 0 | 0 | 0 | 0 | 1 | 0 | 1 | 0 | 0 | 0 | 0 | 0 | 0 | 0 | 0 | 0 | 0 | 2 | 1 | 0 |  0 | 0 | 0 | 0 | 1 | 2 | 1 | 2 | 1 | 2 | 0 | 4 | 3 | 4 | 2 | 4 | 0 | 2 | 1 | 7 | 3 | 1 | 0 | 0 | 2 | 2 | 2 | 2 | 0 | 0 | 0 | 0 | 2 | 1 | 0 | 3 | 3 | 2 | 2 | 4 | 0 |
83 | Wagner, John Scott | UNIVERSITY OF ALASKA FAIRBANKS. | 1981 | male | 4 | 11 | 2017 | 4 | 21 | 2017 | 0 | 0 | 0 | 1 | 1 | 2 | 0 | 2 | 0 | 3 | 1 | 0 | 0 | 1 | 0 | 0 | 0 | 0 | 0 | 0 | 0 | 0 | 0 | 0 | 0 | 0 | 0 | 0 | 0 | 0 | 0 | 0 | 0 | 0 | 0 | 0 | 0 | 1 | 0 | 1 | 1 |  0 | 0 | 0 | 1 | 1 | 2 | 0 | 2 | 1 | 3 | 1 | 0 | 0 | 1 | 0 | 1 | 0 | 0 | 0 | 0 | 0 | 0 | 0 | 0 | 0 | 0 | 0 | 0 | 0 | 0 | 0 | 0 | 1 | 1 | 3 | 0 | 1 | 1 | 0 | 2 | 1 |
84 | Deakyne, Marianne Shelus | UNIVERSITY OF PENNSYLVANIA. | 1981 | female | 4 | 0 | 1981 | 8 | 2 | 1983 | 0 | 0 | 0 | 2 | 1 | 1 | 0 | 0 | 0 | 0 | 0 | 0 | 0 | 0 | 0 | 0 | 0 | 0 | 0 | 0 | 0 | 0 | 0 | 0 | 0 | 0 | 0 | 0 | 0 | 0 | 0 | 0 | 0 | 0 | 0 | 0 | 0 | 0 | 0 | 0 | 0 |  0 | 0 | 0 | 2 | 1 | 5 | 1 | 1 | 0 | 0 | 0 | 0 | 0 | 0 | 0 | 0 | 0 | 0 | 0 | 0 | 0 | 0 | 0 | 0 | 0 | 0 | 0 | 0 | 0 | 0 | 0 | 0 | 0 | 0 | 0 | 0 | 0 | 0 | 0 | 0 | 0 |
85 | Cole, Peter William | BOSTON UNIVERSITY GRADUATE SCHOOL. | 1981 | male | 4 | 1 | 1985 | 5 | 4 | 1998 | 0 | 0 | 0 | 0 | 2 | 2 | 0 | 0 | 0 | 1 | 0 | 0 | 0 | 0 | 0 | 0 | 0 | 0 | 0 | 0 | 0 | 0 | 0 | 0 | 0 | 0 | 0 | 0 | 0 | 0 | 0 | 0 | 0 | 0 | 0 | 0 | 0 | 0 | 0 | 0 | 0 |  0 | 0 | 0 | 0 | 2 | 3 | 0 | 1 | 0 | 1 | 0 | 0 | 0 | 0 | 0 | 0 | 0 | 0 | 0 | 0 | 0 | 0 | 2 | 0 | 0 | 0 | 0 | 0 | 0 | 0 | 0 | 0 | 0 | 0 | 0 | 0 | 0 | 0 | 0 | 0 | 0 |
86 | Housen, Kevin Richard | THE UNIVERSITY OF ARIZONA. | 1981 | male | 6 | 11 | 2012 | 7 | 21 | 2016 | 1 | 0 | 1 | 2 | 1 | 1 | 2 | 1 | 0 | 0 | 0 | 0 | 0 | 0 | 1 | 1 | 0 | 0 | 0 | 0 | 0 | 0 | 0 | 2 | 0 | 0 | 0 | 1 | 0 | 0 | 0 | 0 | 0 | 1 | 0 | 1 | 1 | 0 | 0 | 0 | 0 |  1 | 0 | 1 | 2 | 1 | 2 | 2 | 1 | 0 | 0 | 0 | 1 | 0 | 0 | 1 | 1 | 0 | 0 | 0 | 0 | 0 | 0 | 0 | 2 | 0 | 0 | 2 | 1 | 0 | 1 | 0 | 2 | 1 | 1 | 0 | 1 | 2 | 1 | 0 | 0 | 1 |
87 | Kupferman, Peter Nathan | THE UNIVERSITY OF MICHIGAN. | 1981 | male | 1 | 1 | 1983 | 4 | 5 | 1986 | 0 | 0 | 0 | 0 | 0 | 1 | 0 | 1 | 0 | 0 | 0 | 0 | 0 | 0 | 0 | 0 | 0 | 0 | 0 | 0 | 0 | 0 | 0 | 0 | 0 | 0 | 0 | 0 | 0 | 0 | 0 | 0 | 0 | 0 | 0 | 0 | 0 | 0 | 0 | 0 | 0 |  0 | 0 | 0 | 1 | 1 | 2 | 0 | 3 | 0 | 1 | 1 | 0 | 0 | 0 | 0 | 0 | 0 | 0 | 0 | 0 | 0 | 0 | 0 | 0 | 0 | 0 | 0 | 0 | 0 | 0 | 0 | 0 | 0 | 0 | 0 | 0 | 0 | 0 | 0 | 0 | 0 |
88 | McKenna, Sean Jeffrey | THE OHIO STATE UNIVERSITY. | 1981 | male | 2 | 6 | 1986 | 2 | 6 | 1986 | 0 | 0 | 0 | 0 | 1 | 1 | 0 | 0 | 4 | 1 | 1 | 0 | 0 | 0 | 0 | 0 | 0 | 0 | 0 | 0 | 0 | 0 | 0 | 0 | 0 | 0 | 0 | 0 | 0 | 0 | 0 | 0 | 0 | 0 | 0 | 0 | 0 | 0 | 0 | 0 | 0 |  0 | 0 | 0 | 0 | 1 | 1 | 0 | 0 | 4 | 1 | 1 | 0 | 0 | 0 | 0 | 0 | 0 | 0 | 0 | 0 | 0 | 0 | 0 | 0 | 0 | 0 | 0 | 0 | 0 | 0 | 0 | 0 | 0 | 0 | 0 | 0 | 0 | 0 | 0 | 0 | 0 |
89 | Boyle, Robert James | YALE UNIVERSITY. | 1981 | male | 1 | 3 | 1999 | 1 | 18 | 2012 | 0 | 0 | 0 | 0 | 0 | 1 | 0 | 0 | 0 | 1 | 0 | 0 | 0 | 0 | 0 | 0 | 0 | 0 | 1 | 0 | 0 | 0 | 0 | 1 | 0 | 0 | 0 | 0 | 0 | 0 | 0 | 0 | 0 | 0 | 0 | 0 | 0 | 0 | 0 | 0 | 0 |  0 | 0 | 0 | 0 | 0 | 1 | 0 | 0 | 0 | 1 | 1 | 0 | 1 | 1 | 0 | 0 | 0 | 1 | 1 | 0 | 0 | 0 | 1 | 2 | 0 | 0 | 2 | 0 | 1 | 0 | 0 | 1 | 1 | 2 | 1 | 0 | 1 | 0 | 0 | 0 | 0 |
90 | Smith, Lewis L. | POLYTECHNIC UNIVERSITY. | 1981 | male | 2 | 0 | 1981 | 9 | 15 | 2016 | 0 | 1 | 0 | 0 | 0 | 1 | 0 | 0 | 0 | 0 | 0 | 0 | 0 | 0 | 0 | 0 | 0 | 0 | 0 | 0 | 0 | 0 | 0 | 0 | 0 | 0 | 0 | 0 | 0 | 0 | 0 | 0 | 0 | 0 | 0 | 0 | 0 | 0 | 0 | 0 | 0 |  0 | 1 | 1 | 1 | 2 | 4 | 0 | 0 | 0 | 0 | 0 | 0 | 0 | 0 | 0 | 0 | 0 | 0 | 0 | 0 | 0 | 0 | 0 | 0 | 0 | 0 | 0 | 0 | 0 | 0 | 2 | 0 | 4 | 0 | 0 | 0 | 1 | 2 | 3 | 2 | 1 |
91 | Talent, David Leroy | RICE UNIVERSITY. | 1981 | male | 3 | 4 | 1983 | 6 | 5 | 1989 | 0 | 0 | 0 | 1 | 1 | 1 | 3 | 1 | 0 | 0 | 0 | 0 | 0 | 0 | 0 | 0 | 0 | 0 | 0 | 0 | 0 | 0 | 0 | 0 | 0 | 0 | 0 | 0 | 0 | 0 | 0 | 0 | 0 | 0 | 0 | 0 | 0 | 0 | 0 | 0 | 0 |  0 | 0 | 1 | 2 | 2 | 1 | 3 | 1 | 0 | 0 | 0 | 0 | 0 | 1 | 0 | 0 | 0 | 0 | 0 | 0 | 0 | 0 | 0 | 0 | 0 | 0 | 0 | 0 | 0 | 0 | 0 | 0 | 0 | 0 | 0 | 0 | 0 | 0 | 0 | 0 | 0 |
92 | Wolff, Robert Sherman | BRANDEIS UNIVERSITY. | 1981 | male | 6 | 5 | 2016 | 25 | 10 | 2016 | 2 | 0 | 0 | 1 | 2 | 1 | 2 | 1 | 0 | 1 | 0 | 0 | 0 | 0 | 0 | 0 | 0 | 0 | 0 | 0 | 0 | 0 | 0 | 0 | 0 | 0 | 0 | 0 | 0 | 0 | 0 | 0 | 0 | 0 | 0 | 0 | 0 | 0 | 0 | 0 | 1 |  9 | 4 | 3 | 4 | 3 | 2 | 3 | 1 | 1 | 2 | 1 | 0 | 1 | 0 | 0 | 0 | 0 | 0 | 0 | 0 | 0 | 0 | 0 | 0 | 0 | 0 | 0 | 0 | 0 | 0 | 0 | 0 | 0 | 0 | 0 | 0 | 0 | 0 | 0 | 0 | 1 |
93 | Fujimura, Fumichika Stanley | UNIVERSITY OF CALIFORNIA, LOS ANGELES. | 1981 | None | 3 | 0 | 1981 | 4 | 1 | 1983 | 0 | 0 | 0 | 1 | 1 | 1 | 0 | 0 | 0 | 0 | 0 | 0 | 0 | 0 | 0 | 0 | 0 | 0 | 0 | 0 | 0 | 0 | 0 | 0 | 0 | 0 | 0 | 0 | 0 | 0 | 0 | 0 | 0 | 0 | 0 | 0 | 0 | 0 | 0 | 0 | 0 |  0 | 0 | 0 | 2 | 1 | 1 | 0 | 1 | 0 | 0 | 0 | 0 | 0 | 0 | 0 | 0 | 0 | 0 | 0 | 0 | 0 | 0 | 0 | 0 | 0 | 0 | 0 | 0 | 0 | 0 | 0 | 0 | 0 | 0 | 0 | 0 | 0 | 0 | 0 | 0 | 0 |
94 | Brunish, Wendee M. | UNIVERSITY OF ILLINOIS AT URBANA-CHAMPAIGN. | 1981 | female | 1 | 5 | 1990 | 1 | 6 | 1990 | 0 | 0 | 0 | 0 | 0 | 1 | 2 | 0 | 0 | 0 | 1 | 1 | 0 | 0 | 1 | 0 | 0 | 0 | 0 | 0 | 0 | 0 | 0 | 0 | 0 | 0 | 0 | 0 | 0 | 0 | 0 | 0 | 0 | 0 | 0 | 0 | 0 | 0 | 0 | 0 | 0 |  0 | 0 | 0 | 0 | 0 | 1 | 2 | 0 | 0 | 0 | 1 | 2 | 0 | 0 | 1 | 0 | 0 | 0 | 0 | 0 | 0 | 0 | 0 | 0 | 0 | 0 | 0 | 0 | 0 | 0 | 0 | 0 | 0 | 0 | 0 | 0 | 0 | 0 | 0 | 0 | 0 |
95 | Crawford, Richard Clayton | UNIVERSITY OF CALIFORNIA, LOS ANGELES. | 1981 | male | 6 | 0 | 1981 | 7 | 2 | 2006 | 0 | 0 | 1 | 3 | 1 | 1 | 0 | 0 | 0 | 0 | 0 | 0 | 0 | 0 | 0 | 0 | 0 | 0 | 0 | 0 | 0 | 0 | 0 | 0 | 0 | 0 | 0 | 0 | 0 | 0 | 0 | 0 | 0 | 0 | 0 | 0 | 0 | 0 | 0 | 0 | 0 |  0 | 0 | 1 | 3 | 1 | 2 | 0 | 0 | 0 | 0 | 0 | 0 | 0 | 0 | 0 | 0 | 0 | 0 | 1 | 0 | 0 | 0 | 0 | 0 | 0 | 0 | 0 | 0 | 0 | 0 | 1 | 0 | 0 | 0 | 0 | 0 | 0 | 0 | 0 | 0 | 0 |
96 | Sparke, Linda Siobhan | UNIVERSITY OF CALIFORNIA, BERKELEY. | 1981 | female | 5 | 16 | 2009 | 5 | 73 | 2016 | 0 | 1 | 1 | 0 | 2 | 1 | 3 | 1 | 2 | 0 | 1 | 1 | 1 | 1 | 0 | 0 | 0 | 1 | 0 | 1 | 2 | 0 | 0 | 0 | 0 | 0 | 0 | 0 | 0 | 0 | 0 | 0 | 1 | 1 | 0 | 0 | 0 | 0 | 0 | 0 | 0 |  0 | 1 | 1 | 0 | 2 | 1 | 3 | 2 | 2 | 0 | 2 | 1 | 2 | 1 | 1 | 3 | 0 | 2 | 5 | 3 | 5 | 5 | 2 | 2 | 2 | 3 | 8 | 3 | 2 | 2 | 4 | 1 | 2 | 1 | 0 | 0 | 0 | 0 | 0 | 0 | 4 |
97 | Anthony-Twarog, Barbara Jean | YALE UNIVERSITY. | 1981 | female | 4 | 34 | 2016 | 4 | 61 | 2016 | 0 | 1 | 0 | 1 | 0 | 2 | 2 | 0 | 2 | 1 | 0 | 3 | 1 | 2 | 1 | 2 | 2 | 0 | 2 | 1 | 0 | 0 | 1 | 0 | 3 | 0 | 1 | 0 | 1 | 1 | 2 | 1 | 0 | 1 | 1 | 0 | 0 | 1 | 1 | 0 | 1 |  0 | 1 | 0 | 1 | 0 | 2 | 2 | 0 | 2 | 1 | 0 | 3 | 1 | 3 | 1 | 3 | 3 | 1 | 3 | 2 | 2 | 1 | 1 | 1 | 3 | 0 | 2 | 1 | 1 | 1 | 3 | 2 | 1 | 2 | 1 | 3 | 2 | 1 | 2 | 4 | 2 |
98 | Yorka, Sandra Bruce | THE OHIO STATE UNIVERSITY. | 1981 | female | 2 | 1 | 1983 | 3 | 3 | 1987 | 0 | 0 | 0 | 1 | 0 | 1 | 0 | 1 | 0 | 0 | 0 | 0 | 0 | 0 | 0 | 0 | 0 | 0 | 0 | 0 | 0 | 0 | 0 | 0 | 0 | 0 | 0 | 0 | 0 | 0 | 0 | 0 | 0 | 0 | 0 | 0 | 0 | 0 | 0 | 0 | 0 |  0 | 1 | 0 | 1 | 0 | 1 | 0 | 1 | 0 | 0 | 1 | 1 | 0 | 0 | 0 | 0 | 0 | 0 | 0 | 0 | 0 | 0 | 0 | 0 | 0 | 0 | 0 | 0 | 0 | 0 | 0 | 0 | 0 | 0 | 0 | 0 | 0 | 0 | 0 | 0 | 0 |
99 | Zumberge, James Frederick | CALIFORNIA INSTITUTE OF TECHNOLOGY. | 1981 | male | 1 | 2 | 1997 | 1 | 7 | 2001 | 0 | 0 | 0 | 0 | 0 | 1 | 0 | 0 | 0 | 0 | 0 | 0 | 0 | 0 | 0 | 0 | 0 | 0 | 1 | 0 | 0 | 1 | 0 | 0 | 0 | 0 | 0 | 0 | 0 | 0 | 0 | 0 | 0 | 0 | 0 | 0 | 0 | 0 | 0 | 0 | 0 |  0 | 0 | 0 | 0 | 0 | 1 | 0 | 0 | 0 | 0 | 0 | 0 | 0 | 0 | 0 | 1 | 1 | 0 | 1 | 0 | 0 | 1 | 1 | 0 | 1 | 1 | 0 | 0 | 0 | 0 | 0 | 0 | 0 | 0 | 0 | 0 | 0 | 0 | 0 | 0 | 0 |
100 | Abughalya, Hashmi Hadi | THE FLORIDA STATE UNIVERSITY. | 1981 | male | 1 | 0 | 1981 | 1 | 0 | 1981 | 0 | 0 | 0 | 0 | 0 | 1 | 0 | 0 | 0 | 0 | 0 | 0 | 0 | 0 | 0 | 0 | 0 | 0 | 0 | 0 | 0 | 0 | 0 | 0 | 0 | 0 | 0 | 0 | 0 | 0 | 0 | 0 | 0 | 0 | 0 | 0 | 0 | 0 | 0 | 0 | 0 |  0 | 0 | 0 | 0 | 0 | 1 | 0 | 0 | 0 | 0 | 0 | 0 | 0 | 0 | 0 | 0 | 0 | 0 | 0 | 0 | 0 | 0 | 0 | 0 | 0 | 0 | 0 | 0 | 0 | 0 | 0 | 0 | 0 | 0 | 0 | 0 | 0 | 0 | 0 | 0 | 0 |
101 | Bally, John | UNIVERSITY OF MASSACHUSETTS. | 1981 | male | 6 | 72 | 2017 | 7 | 313 | 2017 | 0 | 1 | 1 | 1 | 2 | 1 | 6 | 4 | 0 | 0 | 3 | 3 | 1 | 5 | 0 | 2 | 0 | 2 | 3 | 2 | 4 | 1 | 3 | 1 | 1 | 3 | 3 | 2 | 1 | 2 | 2 | 2 | 0 | 2 | 3 | 2 | 2 | 0 | 2 | 3 | 1 |  0 | 1 | 1 | 1 | 2 | 2 | 6 | 4 | 2 | 2 | 13 | 7 | 4 | 8 | 4 | 10 | 3 | 6 | 8 | 4 | 8 | 7 | 11 | 13 | 10 | 11 | 6 | 8 | 12 | 18 | 10 | 8 | 3 | 8 | 14 | 10 | 8 | 12 | 17 | 13 | 17 |
102 | Dannehold, Terry Lee | WASHINGTON UNIVERSITY. | 1981 | male | 2 | 1 | 1982 | 2 | 1 | 1982 | 0 | 0 | 0 | 0 | 1 | 1 | 1 | 0 | 0 | 0 | 0 | 0 | 0 | 0 | 0 | 0 | 0 | 0 | 0 | 0 | 0 | 0 | 0 | 0 | 0 | 0 | 0 | 0 | 0 | 0 | 0 | 0 | 0 | 0 | 0 | 0 | 0 | 0 | 0 | 0 | 0 |  0 | 0 | 0 | 0 | 1 | 1 | 1 | 0 | 0 | 0 | 0 | 0 | 0 | 0 | 0 | 0 | 0 | 0 | 0 | 0 | 0 | 0 | 0 | 0 | 0 | 0 | 0 | 0 | 0 | 0 | 0 | 0 | 0 | 0 | 0 | 0 | 0 | 0 | 0 | 0 | 0 |
103 | Martin, Eric Russell | PRINCETON UNIVERSITY. | 1981 | male | 1 | 6 | 2014 | 2 | 30 | 2014 | 0 | 0 | 0 | 0 | 0 | 1 | 1 | 0 | 0 | 0 | 0 | 0 | 0 | 0 | 0 | 0 | 0 | 0 | 1 | 0 | 0 | 0 | 0 | 0 | 0 | 0 | 0 | 0 | 0 | 0 | 0 | 0 | 1 | 0 | 1 | 1 | 0 | 0 | 1 | 0 | 0 |  0 | 0 | 1 | 0 | 0 | 1 | 1 | 0 | 0 | 0 | 0 | 0 | 0 | 0 | 0 | 0 | 0 | 1 | 1 | 0 | 0 | 1 | 1 | 2 | 1 | 2 | 0 | 1 | 0 | 3 | 0 | 2 | 3 | 4 | 3 | 3 | 0 | 0 | 1 | 0 | 0 |
104 | Nagler, Michael | THE UNIVERSITY OF ARIZONA. | 1981 | male | 1 | 0 | 1981 | 1 | 0 | 1981 | 0 | 0 | 0 | 0 | 0 | 1 | 0 | 0 | 0 | 0 | 0 | 0 | 0 | 0 | 0 | 0 | 0 | 0 | 0 | 0 | 0 | 0 | 0 | 0 | 0 | 0 | 0 | 0 | 0 | 0 | 0 | 0 | 0 | 0 | 0 | 0 | 0 | 0 | 0 | 0 | 0 |  0 | 0 | 0 | 0 | 0 | 1 | 0 | 0 | 0 | 0 | 0 | 0 | 0 | 0 | 0 | 0 | 0 | 0 | 0 | 0 | 0 | 0 | 0 | 0 | 0 | 0 | 0 | 0 | 0 | 0 | 0 | 0 | 0 | 0 | 0 | 0 | 0 | 0 | 0 | 0 | 0 |
105 | Jones, Dayton Loren | CORNELL UNIVERSITY. | 1981 | male | 6 | 46 | 2017 | 15 | 155 | 2017 | 0 | 2 | 0 | 0 | 0 | 4 | 2 | 0 | 5 | 1 | 2 | 2 | 1 | 2 | 2 | 0 | 0 | 0 | 2 | 1 | 2 | 3 | 0 | 0 | 4 | 2 | 1 | 1 | 3 | 0 | 0 | 0 | 0 | 0 | 2 | 1 | 1 | 0 | 1 | 3 | 1 |  0 | 3 | 5 | 1 | 0 | 6 | 2 | 1 | 7 | 3 | 4 | 5 | 3 | 3 | 5 | 2 | 3 | 0 | 7 | 6 | 9 | 8 | 2 | 6 | 6 | 7 | 6 | 1 | 5 | 0 | 2 | 1 | 3 | 0 | 6 | 6 | 4 | 5 | 8 | 14 | 3 |
106 | Fischer, Jacqueline | STATE UNIVERSITY OF NEW YORK AT STONY BROOK. | 1981 | female | 4 | 17 | 2017 | 6 | 129 | 2017 | 0 | 0 | 0 | 1 | 2 | 1 | 1 | 1 | 0 | 2 | 0 | 2 | 0 | 0 | 0 | 0 | 0 | 0 | 0 | 0 | 1 | 0 | 1 | 1 | 0 | 0 | 1 | 0 | 1 | 1 | 0 | 0 | 0 | 1 | 2 | 0 | 0 | 0 | 1 | 0 | 0 |  0 | 0 | 0 | 1 | 2 | 3 | 1 | 2 | 1 | 5 | 0 | 5 | 0 | 0 | 1 | 2 | 3 | 0 | 1 | 6 | 11 | 6 | 7 | 3 | 2 | 1 | 1 | 1 | 3 | 3 | 1 | 3 | 4 | 2 | 7 | 3 | 4 | 6 | 9 | 15 | 5 |
107 | Gaskell, C. M. | California Univ., Santa Cruz. | 1981 | None | 7 | 45 | 2017 | 8 | 108 | 2017 | 0 | 1 | 0 | 0 | 1 | 5 | 4 | 3 | 7 | 6 | 4 | 1 | 2 | 1 | 0 | 2 | 1 | 0 | 0 | 0 | 2 | 0 | 0 | 0 | 1 | 0 | 0 | 1 | 2 | 0 | 0 | 0 | 0 | 1 | 1 | 1 | 1 | 1 | 1 | 0 | 1 |  0 | 1 | 1 | 0 | 1 | 5 | 4 | 3 | 9 | 8 | 5 | 1 | 4 | 3 | 0 | 9 | 2 | 1 | 1 | 1 | 4 | 2 | 3 | 1 | 1 | 2 | 0 | 1 | 6 | 2 | 1 | 6 | 2 | 6 | 2 | 2 | 2 | 2 | 4 | 2 | 4 |
108 | Houpis, Harry Louis Francis | UNIVERSITY OF CALIFORNIA, SAN DIEGO. | 1981 | male | 6 | 3 | 1987 | 7 | 12 | 1998 | 0 | 0 | 0 | 0 | 1 | 5 | 0 | 1 | 0 | 1 | 0 | 1 | 0 | 0 | 0 | 0 | 0 | 0 | 0 | 0 | 0 | 0 | 0 | 0 | 0 | 0 | 0 | 0 | 0 | 0 | 0 | 0 | 0 | 0 | 0 | 0 | 0 | 0 | 0 | 0 | 0 |  0 | 0 | 0 | 0 | 1 | 6 | 2 | 3 | 0 | 3 | 1 | 1 | 1 | 0 | 0 | 0 | 0 | 0 | 0 | 0 | 0 | 0 | 1 | 0 | 0 | 0 | 0 | 0 | 0 | 0 | 0 | 0 | 0 | 0 | 0 | 0 | 0 | 0 | 0 | 0 | 0 |
109 | Knight, Frederick Keck | UNIVERSITY OF CALIFORNIA, SAN DIEGO. | 1981 | male | 2 | 4 | 1985 | 12 | 8 | 1985 | 0 | 0 | 0 | 0 | 0 | 2 | 2 | 0 | 0 | 2 | 0 | 0 | 0 | 0 | 0 | 0 | 0 | 0 | 0 | 0 | 0 | 0 | 0 | 0 | 0 | 0 | 0 | 0 | 0 | 0 | 0 | 0 | 0 | 0 | 0 | 0 | 0 | 0 | 0 | 0 | 0 |  0 | 0 | 0 | 1 | 2 | 9 | 3 | 0 | 2 | 3 | 0 | 0 | 0 | 0 | 0 | 0 | 0 | 0 | 0 | 0 | 0 | 0 | 0 | 0 | 0 | 0 | 0 | 0 | 0 | 0 | 0 | 0 | 0 | 0 | 0 | 0 | 0 | 0 | 0 | 0 | 0 |
110 | Linfield, Roger Paul | CALIFORNIA INSTITUTE OF TECHNOLOGY. | 1981 | male | 3 | 22 | 2002 | 7 | 52 | 2016 | 0 | 0 | 0 | 0 | 0 | 3 | 1 | 1 | 2 | 1 | 1 | 2 | 0 | 1 | 2 | 1 | 2 | 1 | 0 | 2 | 1 | 1 | 0 | 0 | 0 | 2 | 1 | 0 | 0 | 0 | 0 | 0 | 0 | 0 | 0 | 0 | 0 | 0 | 0 | 0 | 0 |  0 | 1 | 0 | 1 | 0 | 5 | 3 | 2 | 3 | 8 | 9 | 2 | 1 | 2 | 2 | 2 | 2 | 1 | 0 | 2 | 3 | 2 | 1 | 0 | 1 | 3 | 1 | 0 | 0 | 0 | 0 | 0 | 0 | 0 | 0 | 0 | 0 | 1 | 0 | 0 | 1 |
111 | Machnik, Dennis Edward | RENSSELAER POLYTECHNIC INSTITUTE. | 1981 | male | 2 | 0 | 1981 | 5 | 3 | 1985 | 0 | 0 | 0 | 0 | 1 | 1 | 0 | 0 | 0 | 0 | 0 | 0 | 0 | 0 | 0 | 0 | 0 | 0 | 0 | 0 | 0 | 0 | 0 | 0 | 0 | 0 | 0 | 0 | 0 | 0 | 0 | 0 | 0 | 0 | 0 | 0 | 0 | 0 | 0 | 0 | 0 |  0 | 0 | 0 | 1 | 3 | 1 | 2 | 0 | 0 | 1 | 0 | 0 | 0 | 0 | 0 | 0 | 0 | 0 | 0 | 0 | 0 | 0 | 0 | 0 | 0 | 0 | 0 | 0 | 0 | 0 | 0 | 0 | 0 | 0 | 0 | 0 | 0 | 0 | 0 | 0 | 0 |
112 | Iwamoto, Naoki | UNIVERSITY OF ILLINOIS AT URBANA-CHAMPAIGN. | 1981 | male | 2 | 10 | 2003 | 2 | 19 | 2013 | 0 | 0 | 0 | 0 | 1 | 1 | 2 | 1 | 1 | 0 | 0 | 0 | 0 | 2 | 0 | 0 | 0 | 0 | 0 | 1 | 0 | 0 | 0 | 0 | 0 | 1 | 0 | 2 | 0 | 0 | 0 | 0 | 0 | 0 | 0 | 0 | 0 | 0 | 0 | 0 | 0 |  0 | 0 | 0 | 0 | 1 | 1 | 2 | 1 | 1 | 0 | 0 | 0 | 0 | 2 | 0 | 0 | 0 | 0 | 1 | 1 | 0 | 0 | 0 | 0 | 2 | 1 | 0 | 3 | 1 | 1 | 1 | 0 | 0 | 1 | 0 | 0 | 0 | 1 | 0 | 0 | 0 |
113 | Melnick, Gary Joel | CORNELL UNIVERSITY. | 1981 | male | 5 | 20 | 2015 | 11 | 168 | 2016 | 0 | 0 | 1 | 2 | 0 | 2 | 0 | 1 | 0 | 0 | 1 | 1 | 1 | 0 | 1 | 0 | 0 | 3 | 0 | 0 | 1 | 0 | 0 | 0 | 2 | 1 | 1 | 0 | 1 | 1 | 0 | 0 | 1 | 0 | 1 | 1 | 1 | 0 | 0 | 1 | 0 |  0 | 0 | 4 | 2 | 2 | 3 | 1 | 2 | 0 | 0 | 2 | 3 | 2 | 1 | 5 | 3 | 1 | 3 | 0 | 2 | 2 | 0 | 4 | 3 | 16 | 3 | 3 | 4 | 8 | 5 | 4 | 5 | 4 | 3 | 43 | 8 | 8 | 7 | 6 | 4 | 3 |
114 | Nadeau, Daniel | CALIFORNIA INSTITUTE OF TECHNOLOGY. | 1981 | male | 4 | 13 | 1999 | 6 | 57 | 2016 | 0 | 0 | 1 | 1 | 0 | 2 | 1 | 0 | 0 | 0 | 0 | 1 | 4 | 0 | 1 | 2 | 1 | 0 | 1 | 0 | 0 | 0 | 1 | 1 | 0 | 0 | 0 | 0 | 0 | 0 | 0 | 0 | 0 | 0 | 0 | 0 | 0 | 0 | 0 | 0 | 0 |  0 | 0 | 2 | 1 | 0 | 3 | 3 | 0 | 0 | 0 | 1 | 1 | 6 | 0 | 1 | 4 | 1 | 0 | 3 | 3 | 1 | 2 | 4 | 5 | 3 | 1 | 1 | 2 | 1 | 3 | 2 | 4 | 2 | 0 | 0 | 0 | 0 | 0 | 1 | 1 | 1 |
115 | Payne, Harry Edward | CORNELL UNIVERSITY. | 1981 | male | 5 | 8 | 1997 | 6 | 20 | 2001 | 1 | 0 | 1 | 1 | 1 | 1 | 1 | 1 | 1 | 0 | 0 | 0 | 1 | 1 | 1 | 0 | 0 | 0 | 1 | 0 | 0 | 1 | 0 | 0 | 0 | 0 | 0 | 0 | 0 | 0 | 0 | 0 | 0 | 0 | 0 | 0 | 0 | 0 | 0 | 0 | 0 |  1 | 0 | 1 | 2 | 1 | 1 | 1 | 1 | 3 | 0 | 0 | 0 | 3 | 1 | 1 | 0 | 0 | 0 | 3 | 2 | 0 | 1 | 2 | 1 | 0 | 1 | 0 | 0 | 0 | 0 | 0 | 0 | 0 | 0 | 0 | 0 | 0 | 0 | 0 | 0 | 0 |
116 | Deeter, John Emerson | UNIVERSITY OF WASHINGTON. | 1981 | male | 4 | 8 | 1999 | 5 | 17 | 1999 | 2 | 0 | 0 | 0 | 0 | 2 | 1 | 0 | 1 | 0 | 0 | 2 | 0 | 1 | 0 | 1 | 0 | 0 | 0 | 0 | 0 | 0 | 1 | 1 | 0 | 0 | 0 | 0 | 0 | 0 | 0 | 0 | 0 | 0 | 0 | 0 | 0 | 0 | 0 | 0 | 0 |  2 | 0 | 0 | 0 | 1 | 2 | 2 | 0 | 2 | 0 | 1 | 2 | 0 | 1 | 2 | 1 | 0 | 2 | 1 | 0 | 0 | 0 | 1 | 2 | 0 | 0 | 0 | 0 | 0 | 0 | 0 | 0 | 0 | 0 | 0 | 0 | 0 | 0 | 0 | 0 | 0 |
117 | Haberle, R. M. | Washington Univ., Seattle. | 1981 | None | 4 | 34 | 2014 | 4 | 131 | 2017 | 0 | 0 | 0 | 2 | 0 | 2 | 1 | 0 | 0 | 3 | 3 | 0 | 0 | 0 | 2 | 2 | 0 | 4 | 1 | 2 | 1 | 3 | 2 | 1 | 0 | 1 | 0 | 1 | 1 | 0 | 1 | 0 | 1 | 0 | 1 | 0 | 0 | 2 | 1 | 0 | 0 |  0 | 0 | 0 | 2 | 0 | 2 | 1 | 0 | 0 | 3 | 3 | 0 | 1 | 2 | 5 | 3 | 2 | 10 | 1 | 5 | 7 | 13 | 3 | 6 | 3 | 7 | 2 | 3 | 4 | 5 | 5 | 4 | 5 | 2 | 2 | 2 | 2 | 8 | 5 | 1 | 3 |
118 | Oliver, L. L. | Missouri Univ., Rolla. | 1981 | None | 2 | 0 | 1981 | 5 | 1 | 2008 | 0 | 0 | 0 | 1 | 0 | 1 | 0 | 0 | 0 | 0 | 0 | 0 | 0 | 0 | 0 | 0 | 0 | 0 | 0 | 0 | 0 | 0 | 0 | 0 | 0 | 0 | 0 | 0 | 0 | 0 | 0 | 0 | 0 | 0 | 0 | 0 | 0 | 0 | 0 | 0 | 0 |  0 | 0 | 1 | 2 | 0 | 2 | 0 | 0 | 0 | 0 | 0 | 0 | 0 | 0 | 0 | 0 | 0 | 0 | 0 | 0 | 0 | 0 | 0 | 0 | 0 | 0 | 0 | 0 | 0 | 0 | 0 | 0 | 1 | 0 | 0 | 0 | 0 | 0 | 0 | 0 | 0 |
119 | Edwards, Patricia Louise | UNIVERSITY OF FLORIDA. | 1981 | female | 1 | 3 | 1994 | 7 | 18 | 2016 | 0 | 0 | 0 | 0 | 0 | 1 | 0 | 0 | 0 | 0 | 0 | 0 | 0 | 0 | 0 | 0 | 0 | 1 | 2 | 0 | 0 | 0 | 0 | 0 | 0 | 0 | 0 | 0 | 0 | 0 | 0 | 0 | 0 | 0 | 0 | 0 | 0 | 0 | 0 | 0 | 0 |  3 | 0 | 1 | 1 | 1 | 1 | 0 | 0 | 0 | 0 | 0 | 0 | 0 | 0 | 1 | 0 | 0 | 1 | 2 | 0 | 0 | 0 | 0 | 0 | 1 | 0 | 1 | 1 | 0 | 0 | 0 | 0 | 6 | 0 | 1 | 0 | 1 | 0 | 1 | 1 | 1 |
120 | Fesen, Robert Anthony | THE UNIVERSITY OF MICHIGAN. | 1981 | male | 6 | 54 | 2016 | 7 | 161 | 2017 | 0 | 0 | 1 | 1 | 1 | 3 | 2 | 4 | 2 | 4 | 1 | 1 | 3 | 2 | 3 | 1 | 2 | 3 | 1 | 3 | 2 | 2 | 1 | 2 | 0 | 2 | 0 | 0 | 0 | 0 | 3 | 1 | 1 | 0 | 2 | 1 | 1 | 0 | 0 | 3 | 1 |  0 | 0 | 2 | 1 | 1 | 3 | 6 | 6 | 4 | 6 | 3 | 1 | 8 | 3 | 5 | 2 | 4 | 5 | 3 | 7 | 3 | 9 | 2 | 3 | 3 | 5 | 8 | 1 | 5 | 3 | 7 | 4 | 5 | 4 | 6 | 6 | 4 | 3 | 5 | 7 | 4 |
121 | Gehrels, N. | California Institute of Technology, Pasadena. | 1981 | None | 4 | 53 | 2017 | 6 | 761 | 2017 | 0 | 1 | 1 | 0 | 0 | 2 | 1 | 1 | 2 | 3 | 1 | 2 | 1 | 0 | 1 | 2 | 1 | 6 | 1 | 2 | 2 | 1 | 1 | 0 | 1 | 0 | 1 | 1 | 2 | 2 | 3 | 2 | 3 | 2 | 1 | 0 | 1 | 2 | 0 | 2 | 1 |  0 | 1 | 1 | 2 | 0 | 2 | 1 | 4 | 2 | 4 | 1 | 2 | 1 | 1 | 4 | 6 | 2 | 10 | 5 | 16 | 17 | 12 | 8 | 10 | 4 | 2 | 3 | 4 | 8 | 33 | 63 | 59 | 34 | 70 | 81 | 52 | 49 | 33 | 32 | 39 | 65 |
122 | Imamura, James Noboru | INDIANA UNIVERSITY. | 1981 | male | 1 | 26 | 2008 | 2 | 52 | 2015 | 0 | 0 | 0 | 0 | 0 | 1 | 0 | 1 | 3 | 3 | 1 | 4 | 1 | 0 | 2 | 1 | 0 | 1 | 0 | 1 | 1 | 0 | 1 | 0 | 2 | 1 | 0 | 1 | 1 | 0 | 0 | 0 | 1 | 0 | 0 | 0 | 0 | 0 | 0 | 0 | 0 |  0 | 0 | 0 | 0 | 0 | 2 | 1 | 2 | 3 | 3 | 1 | 4 | 3 | 3 | 4 | 4 | 1 | 2 | 1 | 1 | 1 | 2 | 2 | 2 | 4 | 1 | 0 | 1 | 1 | 0 | 1 | 0 | 1 | 0 | 0 | 1 | 0 | 0 | 1 | 1 | 0 |
123 | Mao, C. Y. | Pennsylvania State University, University Park. | 1981 | None | 1 | 0 | 1981 | 1 | 2 | 2010 | 0 | 0 | 0 | 0 | 0 | 1 | 0 | 0 | 0 | 0 | 0 | 0 | 0 | 0 | 0 | 0 | 0 | 0 | 0 | 0 | 0 | 0 | 0 | 0 | 0 | 0 | 0 | 0 | 0 | 0 | 0 | 0 | 0 | 0 | 0 | 0 | 0 | 0 | 0 | 0 | 0 |  0 | 0 | 0 | 0 | 0 | 1 | 0 | 0 | 0 | 0 | 0 | 0 | 0 | 0 | 0 | 0 | 0 | 1 | 0 | 0 | 0 | 0 | 0 | 0 | 0 | 0 | 0 | 0 | 0 | 0 | 0 | 0 | 0 | 0 | 1 | 0 | 0 | 0 | 0 | 0 | 0 |
124 | Langan, R. T. | Northwestern Univ., Evanston, IL. | 1981 | None | 1 | 1 | 1982 | 1 | 1 | 1982 | 0 | 0 | 0 | 0 | 0 | 1 | 1 | 0 | 0 | 0 | 0 | 0 | 0 | 0 | 0 | 0 | 0 | 0 | 0 | 0 | 0 | 0 | 0 | 0 | 0 | 0 | 0 | 0 | 0 | 0 | 0 | 0 | 0 | 0 | 0 | 0 | 0 | 0 | 0 | 0 | 0 |  0 | 0 | 0 | 0 | 0 | 1 | 1 | 0 | 0 | 0 | 0 | 0 | 0 | 0 | 0 | 0 | 0 | 0 | 0 | 0 | 0 | 0 | 0 | 0 | 0 | 0 | 0 | 0 | 0 | 0 | 0 | 0 | 0 | 0 | 0 | 0 | 0 | 0 | 0 | 0 | 0 |
125 | Rogers, Shelley Hill | UNIVERSITY OF CALIFORNIA, SAN DIEGO. | 1981 | female | 2 | 3 | 1988 | 2 | 3 | 1988 | 0 | 0 | 0 | 0 | 1 | 1 | 2 | 0 | 0 | 0 | 0 | 0 | 1 | 0 | 0 | 0 | 0 | 0 | 0 | 0 | 0 | 0 | 0 | 0 | 0 | 0 | 0 | 0 | 0 | 0 | 0 | 0 | 0 | 0 | 0 | 0 | 0 | 0 | 0 | 0 | 0 |  0 | 0 | 0 | 0 | 1 | 1 | 2 | 0 | 0 | 0 | 0 | 0 | 1 | 0 | 0 | 0 | 0 | 0 | 0 | 0 | 0 | 0 | 0 | 0 | 0 | 0 | 0 | 0 | 0 | 0 | 0 | 0 | 0 | 0 | 0 | 0 | 0 | 0 | 0 | 0 | 0 |
126 | Brooks, Kate Oliver | UNIVERSITY OF CALIFORNIA, BERKELEY. | 1981 | female | 1 | 0 | 1981 | 1 | 14 | 2017 | 0 | 0 | 0 | 0 | 0 | 1 | 0 | 0 | 0 | 0 | 0 | 0 | 0 | 0 | 0 | 0 | 0 | 0 | 0 | 0 | 0 | 0 | 0 | 0 | 0 | 0 | 0 | 0 | 0 | 0 | 0 | 0 | 0 | 0 | 0 | 0 | 0 | 0 | 0 | 0 | 0 |  0 | 0 | 0 | 0 | 0 | 1 | 0 | 0 | 0 | 0 | 0 | 0 | 0 | 0 | 0 | 0 | 0 | 0 | 0 | 0 | 0 | 0 | 0 | 0 | 0 | 0 | 0 | 1 | 2 | 0 | 0 | 1 | 1 | 1 | 1 | 4 | 0 | 0 | 2 | 0 | 0 |
127 | Oswalt, Terry Dean | THE OHIO STATE UNIVERSITY. | 1981 | male | 2 | 8 | 2012 | 2 | 59 | 2017 | 0 | 0 | 0 | 1 | 0 | 1 | 0 | 0 | 1 | 0 | 0 | 0 | 2 | 1 | 0 | 1 | 0 | 0 | 0 | 1 | 1 | 0 | 0 | 0 | 0 | 0 | 0 | 0 | 0 | 0 | 0 | 0 | 0 | 0 | 0 | 0 | 1 | 0 | 0 | 0 | 0 |  0 | 0 | 0 | 1 | 0 | 1 | 0 | 0 | 1 | 0 | 0 | 1 | 3 | 2 | 1 | 2 | 1 | 0 | 0 | 2 | 1 | 0 | 3 | 0 | 3 | 2 | 3 | 1 | 2 | 2 | 4 | 4 | 1 | 2 | 1 | 1 | 5 | 3 | 3 | 2 | 2 |
128 | Peterson, Daniel William | IOWA STATE UNIVERSITY. | 1981 | male | 3 | 0 | 1981 | 3 | 9 | 2009 | 0 | 1 | 0 | 0 | 1 | 1 | 0 | 0 | 0 | 0 | 0 | 0 | 0 | 0 | 0 | 0 | 0 | 0 | 0 | 0 | 0 | 0 | 0 | 0 | 0 | 0 | 0 | 0 | 0 | 0 | 0 | 0 | 0 | 0 | 0 | 0 | 0 | 0 | 0 | 0 | 0 |  0 | 1 | 0 | 0 | 1 | 1 | 0 | 0 | 0 | 0 | 0 | 0 | 0 | 0 | 0 | 0 | 0 | 0 | 0 | 0 | 1 | 3 | 0 | 0 | 0 | 1 | 1 | 0 | 0 | 1 | 0 | 1 | 0 | 1 | 0 | 0 | 0 | 0 | 0 | 0 | 0 |
129 | Roellig, Thomas Leonard | CORNELL UNIVERSITY. | 1981 | male | 2 | 6 | 2004 | 3 | 55 | 2014 | 0 | 0 | 0 | 0 | 0 | 2 | 0 | 0 | 0 | 0 | 1 | 0 | 1 | 0 | 0 | 1 | 0 | 0 | 2 | 0 | 0 | 0 | 0 | 0 | 0 | 0 | 0 | 0 | 1 | 0 | 0 | 0 | 0 | 0 | 0 | 0 | 0 | 0 | 0 | 0 | 0 |  0 | 0 | 0 | 0 | 0 | 3 | 0 | 0 | 0 | 1 | 1 | 1 | 1 | 0 | 2 | 2 | 2 | 1 | 3 | 0 | 3 | 0 | 2 | 0 | 1 | 2 | 0 | 1 | 4 | 1 | 5 | 6 | 4 | 6 | 1 | 2 | 2 | 0 | 1 | 0 | 0 |
130 | Squyres, S. W. | Cornell Univ., Ithaca, NY. | 1981 | None | 9 | 38 | 2012 | 9 | 249 | 2016 | 0 | 0 | 1 | 2 | 3 | 3 | 3 | 5 | 2 | 2 | 1 | 1 | 1 | 2 | 0 | 0 | 3 | 1 | 2 | 1 | 0 | 1 | 0 | 0 | 0 | 0 | 0 | 1 | 3 | 1 | 4 | 1 | 1 | 1 | 0 | 0 | 1 | 0 | 0 | 0 | 0 |  0 | 0 | 1 | 2 | 3 | 3 | 4 | 6 | 3 | 4 | 2 | 4 | 4 | 3 | 3 | 4 | 10 | 5 | 2 | 6 | 1 | 5 | 1 | 5 | 4 | 4 | 8 | 13 | 26 | 18 | 36 | 11 | 19 | 7 | 6 | 9 | 2 | 1 | 9 | 3 | 1 |
131 | Tarter, J. G. | Arizona State University, Tempe. | 1981 | None | 4 | 3 | 1986 | 7 | 12 | 2015 | 0 | 0 | 0 | 1 | 2 | 1 | 0 | 0 | 0 | 2 | 1 | 0 | 0 | 0 | 0 | 0 | 0 | 0 | 0 | 0 | 0 | 0 | 0 | 0 | 0 | 0 | 0 | 0 | 0 | 0 | 0 | 0 | 0 | 0 | 0 | 0 | 0 | 0 | 0 | 0 | 0 |  0 | 0 | 0 | 1 | 5 | 1 | 0 | 1 | 0 | 2 | 1 | 1 | 0 | 0 | 1 | 1 | 0 | 0 | 0 | 0 | 0 | 0 | 0 | 0 | 0 | 0 | 0 | 0 | 0 | 0 | 0 | 0 | 0 | 2 | 0 | 0 | 0 | 0 | 0 | 3 | 0 |
132 | Ulvestad, James Scott | UNIVERSITY OF MARYLAND COLLEGE PARK. | 1981 | male | 3 | 44 | 2009 | 3 | 93 | 2009 | 0 | 0 | 0 | 0 | 0 | 3 | 1 | 3 | 3 | 2 | 5 | 2 | 2 | 3 | 0 | 4 | 1 | 0 | 1 | 1 | 0 | 1 | 1 | 4 | 2 | 2 | 1 | 0 | 0 | 2 | 0 | 2 | 0 | 1 | 0 | 0 | 0 | 0 | 0 | 0 | 0 |  0 | 0 | 0 | 0 | 0 | 3 | 3 | 5 | 5 | 4 | 6 | 4 | 4 | 6 | 3 | 4 | 1 | 0 | 2 | 1 | 0 | 1 | 6 | 6 | 7 | 5 | 2 | 3 | 5 | 4 | 1 | 3 | 1 | 1 | 0 | 0 | 0 | 0 | 0 | 0 | 0 |
133 | Weast, Gordon John | UNIVERSITY OF ILLINOIS AT URBANA-CHAMPAIGN. | 1981 | male | 1 | 0 | 1981 | 1 | 1 | 1987 | 0 | 0 | 0 | 0 | 0 | 1 | 0 | 0 | 0 | 0 | 0 | 0 | 0 | 0 | 0 | 0 | 0 | 0 | 0 | 0 | 0 | 0 | 0 | 0 | 0 | 0 | 0 | 0 | 0 | 0 | 0 | 0 | 0 | 0 | 0 | 0 | 0 | 0 | 0 | 0 | 0 |  0 | 0 | 0 | 0 | 0 | 1 | 0 | 0 | 0 | 0 | 0 | 1 | 0 | 0 | 0 | 0 | 0 | 0 | 0 | 0 | 0 | 0 | 0 | 0 | 0 | 0 | 0 | 0 | 0 | 0 | 0 | 0 | 0 | 0 | 0 | 0 | 0 | 0 | 0 | 0 | 0 |
134 | Zolcinski, Marie-Christine Sophie | STANFORD UNIVERSITY. | 1981 | female | 1 | 1 | 1982 | 1 | 1 | 1982 | 0 | 0 | 0 | 0 | 0 | 1 | 1 | 0 | 0 | 0 | 0 | 0 | 0 | 0 | 0 | 0 | 0 | 0 | 0 | 0 | 0 | 0 | 0 | 0 | 0 | 0 | 0 | 0 | 0 | 0 | 0 | 0 | 0 | 0 | 0 | 0 | 0 | 0 | 0 | 0 | 0 |  0 | 0 | 0 | 0 | 0 | 1 | 1 | 0 | 0 | 0 | 0 | 0 | 0 | 0 | 0 | 0 | 0 | 0 | 0 | 0 | 0 | 0 | 0 | 0 | 0 | 0 | 0 | 0 | 0 | 0 | 0 | 0 | 0 | 0 | 0 | 0 | 0 | 0 | 0 | 0 | 0 |
135 | Cottrell, Matthew James | THE UNIVERSITY OF TOLEDO. | 1981 | male | 4 | 1 | 1983 | 7 | 1 | 1983 | 0 | 0 | 2 | 0 | 0 | 2 | 0 | 1 | 0 | 0 | 0 | 0 | 0 | 0 | 0 | 0 | 0 | 0 | 0 | 0 | 0 | 0 | 0 | 0 | 0 | 0 | 0 | 0 | 0 | 0 | 0 | 0 | 0 | 0 | 0 | 0 | 0 | 0 | 0 | 0 | 0 |  0 | 0 | 2 | 1 | 2 | 2 | 0 | 1 | 0 | 0 | 0 | 0 | 0 | 0 | 0 | 0 | 0 | 0 | 0 | 0 | 0 | 0 | 0 | 0 | 0 | 0 | 0 | 0 | 0 | 0 | 0 | 0 | 0 | 0 | 0 | 0 | 0 | 0 | 0 | 0 | 0 |
136 | Lemen, James Randall | COLUMBIA UNIVERSITY. | 1981 | male | 1 | 7 | 2012 | 4 | 114 | 2015 | 0 | 0 | 0 | 0 | 0 | 1 | 1 | 0 | 1 | 0 | 1 | 0 | 1 | 1 | 0 | 1 | 0 | 0 | 0 | 0 | 0 | 0 | 0 | 0 | 0 | 0 | 0 | 0 | 0 | 0 | 0 | 0 | 0 | 0 | 0 | 0 | 1 | 0 | 0 | 0 | 0 |  0 | 0 | 1 | 2 | 0 | 1 | 2 | 2 | 4 | 1 | 5 | 2 | 8 | 5 | 2 | 10 | 8 | 3 | 4 | 9 | 7 | 8 | 4 | 1 | 1 | 1 | 1 | 1 | 0 | 0 | 0 | 0 | 3 | 3 | 0 | 0 | 4 | 1 | 12 | 2 | 0 |
137 | MacAuslan, Joel Mirick | CORNELL UNIVERSITY. | 1981 | male | 1 | 1 | 1985 | 2 | 1 | 1985 | 0 | 0 | 0 | 0 | 0 | 1 | 0 | 0 | 0 | 1 | 0 | 0 | 0 | 0 | 0 | 0 | 0 | 0 | 0 | 0 | 0 | 0 | 0 | 0 | 0 | 0 | 0 | 0 | 0 | 0 | 0 | 0 | 0 | 0 | 0 | 0 | 0 | 0 | 0 | 0 | 0 |  0 | 0 | 0 | 0 | 1 | 1 | 0 | 0 | 0 | 1 | 0 | 0 | 0 | 0 | 0 | 0 | 0 | 0 | 0 | 0 | 0 | 0 | 0 | 0 | 0 | 0 | 0 | 0 | 0 | 0 | 0 | 0 | 0 | 0 | 0 | 0 | 0 | 0 | 0 | 0 | 0 |
138 | Pleskot, Larry Kenneth | UNIVERSITY OF CALIFORNIA, LOS ANGELES. | 1981 | male | 3 | 0 | 1981 | 3 | 0 | 1981 | 0 | 1 | 0 | 0 | 0 | 2 | 0 | 0 | 0 | 0 | 0 | 0 | 0 | 0 | 0 | 0 | 0 | 0 | 0 | 0 | 0 | 0 | 0 | 0 | 0 | 0 | 0 | 0 | 0 | 0 | 0 | 0 | 0 | 0 | 0 | 0 | 0 | 0 | 0 | 0 | 0 |  0 | 1 | 0 | 0 | 0 | 2 | 0 | 0 | 0 | 0 | 0 | 0 | 0 | 0 | 0 | 0 | 0 | 0 | 0 | 0 | 0 | 0 | 0 | 0 | 0 | 0 | 0 | 0 | 0 | 0 | 0 | 0 | 0 | 0 | 0 | 0 | 0 | 0 | 0 | 0 | 0 |
139 | Ries, Lynne Marie | THE UNIVERSITY OF TEXAS AT AUSTIN. | 1981 | female | 1 | 1 | 1991 | 5 | 1 | 1991 | 0 | 0 | 0 | 0 | 0 | 1 | 0 | 0 | 0 | 0 | 0 | 0 | 0 | 0 | 0 | 1 | 0 | 0 | 0 | 0 | 0 | 0 | 0 | 0 | 0 | 0 | 0 | 0 | 0 | 0 | 0 | 0 | 0 | 0 | 0 | 0 | 0 | 0 | 0 | 0 | 0 |  0 | 1 | 0 | 1 | 0 | 3 | 0 | 0 | 0 | 0 | 0 | 0 | 0 | 0 | 0 | 1 | 0 | 0 | 0 | 0 | 0 | 0 | 0 | 0 | 0 | 0 | 0 | 0 | 0 | 0 | 0 | 0 | 0 | 0 | 0 | 0 | 0 | 0 | 0 | 0 | 0 |
140 | Siebers, Bernard Herman, Jr. | PRINCETON UNIVERSITY. | 1981 | male | 1 | 0 | 1981 | 2 | 0 | 1981 | 0 | 0 | 0 | 0 | 0 | 1 | 0 | 0 | 0 | 0 | 0 | 0 | 0 | 0 | 0 | 0 | 0 | 0 | 0 | 0 | 0 | 0 | 0 | 0 | 0 | 0 | 0 | 0 | 0 | 0 | 0 | 0 | 0 | 0 | 0 | 0 | 0 | 0 | 0 | 0 | 0 |  0 | 1 | 0 | 0 | 0 | 1 | 0 | 0 | 0 | 0 | 0 | 0 | 0 | 0 | 0 | 0 | 0 | 0 | 0 | 0 | 0 | 0 | 0 | 0 | 0 | 0 | 0 | 0 | 0 | 0 | 0 | 0 | 0 | 0 | 0 | 0 | 0 | 0 | 0 | 0 | 0 |
141 | Bruning, David Hall | NEW MEXICO STATE UNIVERSITY. | 1981 | male | 4 | 21 | 2007 | 4 | 25 | 2007 | 0 | 0 | 0 | 0 | 1 | 3 | 2 | 2 | 2 | 1 | 0 | 1 | 0 | 0 | 0 | 2 | 0 | 0 | 0 | 0 | 0 | 0 | 0 | 0 | 0 | 1 | 1 | 0 | 0 | 1 | 6 | 2 | 0 | 0 | 0 | 0 | 0 | 0 | 0 | 0 | 0 |  0 | 0 | 0 | 0 | 1 | 3 | 2 | 4 | 3 | 1 | 0 | 1 | 1 | 0 | 0 | 2 | 0 | 0 | 0 | 0 | 0 | 0 | 0 | 0 | 0 | 1 | 1 | 0 | 0 | 1 | 6 | 2 | 0 | 0 | 0 | 0 | 0 | 0 | 0 | 0 | 0 |
142 | Conway, B. A. | Stanford Univ., CA. | 1981 | None | 1 | 6 | 2007 | 1 | 7 | 2007 | 0 | 0 | 0 | 0 | 0 | 1 | 1 | 1 | 1 | 0 | 2 | 0 | 0 | 0 | 0 | 0 | 0 | 0 | 0 | 0 | 0 | 0 | 0 | 0 | 0 | 0 | 0 | 0 | 0 | 0 | 0 | 1 | 0 | 0 | 0 | 0 | 0 | 0 | 0 | 0 | 0 |  0 | 0 | 0 | 0 | 0 | 1 | 1 | 1 | 1 | 0 | 2 | 0 | 0 | 0 | 0 | 0 | 0 | 0 | 1 | 0 | 0 | 0 | 0 | 0 | 0 | 0 | 0 | 0 | 0 | 0 | 0 | 1 | 0 | 0 | 0 | 0 | 0 | 0 | 0 | 0 | 0 |
143 | Doggett, Leroy Elsworth | NORTH CAROLINA STATE UNIVERSITY. | 1981 | male | 1 | 13 | 1994 | 1 | 18 | 1995 | 0 | 0 | 0 | 0 | 0 | 1 | 1 | 1 | 3 | 4 | 1 | 0 | 1 | 1 | 0 | 0 | 0 | 0 | 1 | 0 | 0 | 0 | 0 | 0 | 0 | 0 | 0 | 0 | 0 | 0 | 0 | 0 | 0 | 0 | 0 | 0 | 0 | 0 | 0 | 0 | 0 |  0 | 0 | 0 | 0 | 0 | 1 | 2 | 2 | 3 | 4 | 1 | 0 | 2 | 1 | 0 | 0 | 0 | 1 | 1 | 1 | 0 | 0 | 0 | 0 | 0 | 0 | 0 | 0 | 0 | 0 | 0 | 0 | 0 | 0 | 0 | 0 | 0 | 0 | 0 | 0 | 0 |
144 | Wobus, R. L. | Wisconsin Univ., Madison. | 1981 | None | 2 | 0 | 1981 | 2 | 0 | 1981 | 0 | 0 | 0 | 0 | 0 | 2 | 0 | 0 | 0 | 0 | 0 | 0 | 0 | 0 | 0 | 0 | 0 | 0 | 0 | 0 | 0 | 0 | 0 | 0 | 0 | 0 | 0 | 0 | 0 | 0 | 0 | 0 | 0 | 0 | 0 | 0 | 0 | 0 | 0 | 0 | 0 |  0 | 0 | 0 | 0 | 0 | 2 | 0 | 0 | 0 | 0 | 0 | 0 | 0 | 0 | 0 | 0 | 0 | 0 | 0 | 0 | 0 | 0 | 0 | 0 | 0 | 0 | 0 | 0 | 0 | 0 | 0 | 0 | 0 | 0 | 0 | 0 | 0 | 0 | 0 | 0 | 0 |
145 | Claussen, M. J. | Iowa Univ., Oakdale. | 1981 | None | 2 | 19 | 2011 | 4 | 107 | 2016 | 0 | 0 | 0 | 0 | 0 | 2 | 1 | 0 | 2 | 0 | 1 | 1 | 0 | 0 | 1 | 0 | 1 | 1 | 1 | 0 | 1 | 1 | 2 | 2 | 0 | 0 | 1 | 0 | 1 | 0 | 0 | 0 | 0 | 1 | 0 | 1 | 0 | 0 | 0 | 0 | 0 |  0 | 0 | 0 | 1 | 1 | 2 | 2 | 1 | 5 | 2 | 6 | 3 | 3 | 3 | 4 | 0 | 1 | 1 | 4 | 6 | 4 | 2 | 5 | 2 | 2 | 4 | 1 | 5 | 5 | 5 | 4 | 6 | 1 | 8 | 2 | 3 | 3 | 2 | 1 | 0 | 1 |
146 | Green, Elizabeth Melton | THE UNIVERSITY OF TEXAS AT AUSTIN. | 1981 | female | 1 | 7 | 2011 | 2 | 99 | 2017 | 0 | 0 | 0 | 0 | 0 | 1 | 0 | 0 | 0 | 0 | 0 | 0 | 0 | 0 | 1 | 0 | 0 | 0 | 0 | 0 | 0 | 0 | 0 | 0 | 0 | 0 | 0 | 2 | 1 | 0 | 1 | 0 | 0 | 1 | 0 | 1 | 0 | 0 | 0 | 0 | 0 |  0 | 1 | 0 | 0 | 0 | 1 | 0 | 0 | 1 | 0 | 0 | 0 | 0 | 1 | 1 | 0 | 1 | 0 | 1 | 0 | 0 | 1 | 1 | 2 | 0 | 1 | 2 | 5 | 7 | 5 | 12 | 6 | 7 | 5 | 14 | 9 | 6 | 3 | 3 | 2 | 1 |
147 | Holt, Rush Dew | NEW YORK UNIVERSITY. | 1981 | male | 1 | 1 | 1986 | 1 | 1 | 1986 | 0 | 0 | 0 | 0 | 0 | 1 | 0 | 0 | 0 | 0 | 1 | 0 | 0 | 0 | 0 | 0 | 0 | 0 | 0 | 0 | 0 | 0 | 0 | 0 | 0 | 0 | 0 | 0 | 0 | 0 | 0 | 0 | 0 | 0 | 0 | 0 | 0 | 0 | 0 | 0 | 0 |  0 | 0 | 0 | 0 | 0 | 1 | 0 | 0 | 0 | 0 | 1 | 0 | 0 | 0 | 0 | 0 | 0 | 0 | 0 | 0 | 0 | 0 | 0 | 0 | 0 | 0 | 0 | 0 | 0 | 0 | 0 | 0 | 0 | 0 | 0 | 0 | 0 | 0 | 0 | 0 | 0 |
148 | Kennedy, B. M. | Washington Univ., Saint Louis, MO. | 1981 | None | 1 | 8 | 2016 | 9 | 34 | 2016 | 0 | 0 | 0 | 0 | 0 | 1 | 0 | 0 | 0 | 1 | 0 | 0 | 3 | 0 | 1 | 0 | 0 | 0 | 0 | 0 | 0 | 0 | 0 | 0 | 0 | 0 | 1 | 0 | 0 | 0 | 0 | 0 | 0 | 0 | 1 | 0 | 0 | 0 | 0 | 0 | 1 |  1 | 0 | 2 | 1 | 1 | 4 | 1 | 1 | 0 | 3 | 0 | 0 | 3 | 2 | 2 | 0 | 1 | 0 | 1 | 0 | 0 | 1 | 1 | 1 | 0 | 0 | 1 | 1 | 2 | 1 | 2 | 1 | 1 | 0 | 2 | 0 | 1 | 3 | 0 | 0 | 2 |
149 | Uomoto, Alan Kiyoshi | THE UNIVERSITY OF TEXAS AT AUSTIN. | 1981 | male | 3 | 7 | 1993 | 8 | 66 | 2013 | 1 | 1 | 0 | 0 | 0 | 1 | 0 | 0 | 1 | 1 | 2 | 1 | 0 | 0 | 0 | 1 | 0 | 1 | 0 | 0 | 0 | 0 | 0 | 0 | 0 | 0 | 0 | 0 | 0 | 0 | 0 | 0 | 0 | 0 | 0 | 0 | 0 | 0 | 0 | 0 | 0 |  2 | 1 | 0 | 1 | 2 | 2 | 1 | 1 | 1 | 1 | 3 | 3 | 1 | 1 | 0 | 3 | 0 | 1 | 1 | 2 | 1 | 1 | 0 | 0 | 4 | 6 | 7 | 4 | 6 | 2 | 2 | 3 | 3 | 2 | 1 | 0 | 1 | 4 | 0 | 0 | 0 |
150 | Waite, J. H., Jr. | Michigan Univ., Ann Arbor. | 1981 | None | 0 | 0 | 1981 | 0 | 0 | 1981 | 0 | 0 | 0 | 0 | 0 | 0 | 0 | 0 | 0 | 0 | 0 | 0 | 0 | 0 | 0 | 0 | 0 | 0 | 0 | 0 | 0 | 0 | 0 | 0 | 0 | 0 | 0 | 0 | 0 | 0 | 0 | 0 | 0 | 0 | 0 | 0 | 0 | 0 | 0 | 0 | 0 |  0 | 0 | 0 | 0 | 0 | 0 | 0 | 0 | 0 | 0 | 0 | 0 | 0 | 0 | 0 | 0 | 0 | 0 | 0 | 0 | 0 | 0 | 0 | 0 | 0 | 0 | 0 | 0 | 0 | 0 | 0 | 0 | 0 | 0 | 0 | 0 | 0 | 0 | 0 | 0 | 0 |
151 | Toller, Gary Neil | STATE UNIVERSITY OF NEW YORK AT STONY BROOK. | 1981 | male | 1 | 3 | 1987 | 1 | 7 | 1998 | 0 | 0 | 0 | 0 | 0 | 1 | 0 | 2 | 0 | 0 | 0 | 1 | 0 | 0 | 0 | 0 | 0 | 0 | 0 | 0 | 0 | 0 | 0 | 0 | 0 | 0 | 0 | 0 | 0 | 0 | 0 | 0 | 0 | 0 | 0 | 0 | 0 | 0 | 0 | 0 | 0 |  0 | 0 | 0 | 0 | 0 | 1 | 0 | 2 | 0 | 0 | 0 | 1 | 0 | 0 | 0 | 1 | 0 | 0 | 1 | 0 | 1 | 0 | 1 | 0 | 0 | 0 | 0 | 0 | 0 | 0 | 0 | 0 | 0 | 0 | 0 | 0 | 0 | 0 | 0 | 0 | 0 |
152 | Holmes, Alan Wright | THE UNIVERSITY OF ARIZONA. | 1981 | male | 1 | 0 | 1981 | 3 | 1 | 2009 | 0 | 0 | 0 | 0 | 0 | 1 | 0 | 0 | 0 | 0 | 0 | 0 | 0 | 0 | 0 | 0 | 0 | 0 | 0 | 0 | 0 | 0 | 0 | 0 | 0 | 0 | 0 | 0 | 0 | 0 | 0 | 0 | 0 | 0 | 0 | 0 | 0 | 0 | 0 | 0 | 0 |  0 | 0 | 0 | 1 | 1 | 1 | 0 | 0 | 0 | 0 | 0 | 0 | 0 | 0 | 0 | 0 | 0 | 0 | 0 | 0 | 0 | 0 | 0 | 0 | 0 | 0 | 0 | 0 | 0 | 0 | 0 | 0 | 0 | 1 | 0 | 0 | 0 | 0 | 0 | 0 | 0 |
153 | Hanisch, Robert James | UNIVERSITY OF MARYLAND COLLEGE PARK. | 1981 | male | 6 | 15 | 2015 | 9 | 36 | 2015 | 0 | 0 | 0 | 1 | 2 | 3 | 2 | 0 | 3 | 2 | 0 | 0 | 0 | 0 | 0 | 0 | 0 | 0 | 0 | 0 | 0 | 0 | 0 | 0 | 2 | 2 | 0 | 0 | 0 | 0 | 0 | 0 | 0 | 0 | 0 | 0 | 1 | 0 | 1 | 2 | 0 |  0 | 0 | 0 | 1 | 4 | 4 | 3 | 0 | 3 | 3 | 0 | 1 | 1 | 0 | 1 | 0 | 1 | 0 | 4 | 0 | 1 | 0 | 0 | 0 | 5 | 3 | 1 | 0 | 2 | 1 | 1 | 0 | 0 | 0 | 0 | 0 | 1 | 1 | 1 | 2 | 0 |
154 | Svensson, Roland | UNIVERSITY OF CALIFORNIA, SANTA CRUZ. | 1981 | male | 1 | 11 | 1996 | 1 | 53 | 2006 | 0 | 0 | 0 | 0 | 0 | 1 | 2 | 1 | 1 | 0 | 1 | 1 | 0 | 0 | 1 | 0 | 0 | 0 | 2 | 0 | 2 | 0 | 0 | 0 | 0 | 0 | 0 | 0 | 0 | 0 | 0 | 0 | 0 | 0 | 0 | 0 | 0 | 0 | 0 | 0 | 0 |  0 | 0 | 0 | 0 | 0 | 1 | 2 | 1 | 1 | 0 | 1 | 1 | 1 | 2 | 2 | 7 | 1 | 1 | 3 | 2 | 5 | 2 | 3 | 8 | 3 | 2 | 2 | 2 | 0 | 0 | 1 | 0 | 0 | 0 | 0 | 0 | 0 | 0 | 0 | 0 | 0 |
155 | Hudson, George Bryant | WASHINGTON UNIVERSITY. | 1981 | male | 1 | 1 | 1989 | 1 | 10 | 2016 | 0 | 0 | 0 | 0 | 0 | 1 | 0 | 0 | 0 | 0 | 0 | 0 | 0 | 1 | 0 | 0 | 0 | 0 | 0 | 0 | 0 | 0 | 0 | 0 | 0 | 0 | 0 | 0 | 0 | 0 | 0 | 0 | 0 | 0 | 0 | 0 | 0 | 0 | 0 | 0 | 0 |  0 | 0 | 0 | 0 | 0 | 1 | 0 | 0 | 1 | 1 | 0 | 0 | 0 | 1 | 0 | 0 | 0 | 0 | 1 | 0 | 1 | 1 | 0 | 0 | 0 | 0 | 0 | 0 | 0 | 3 | 0 | 0 | 0 | 0 | 0 | 0 | 0 | 0 | 0 | 0 | 1 |
156 | McElroy, Douglas Boyden | ARIZONA STATE UNIVERSITY. | 1981 | male | 1 | 5 | 2013 | 4 | 10 | 2013 | 0 | 0 | 0 | 0 | 0 | 1 | 1 | 1 | 0 | 0 | 0 | 0 | 0 | 0 | 0 | 0 | 0 | 1 | 0 | 1 | 0 | 0 | 0 | 0 | 0 | 0 | 0 | 0 | 0 | 0 | 0 | 0 | 0 | 0 | 0 | 0 | 0 | 1 | 0 | 0 | 0 |  0 | 0 | 2 | 1 | 0 | 1 | 1 | 1 | 1 | 1 | 0 | 1 | 0 | 0 | 1 | 0 | 0 | 1 | 0 | 1 | 1 | 0 | 0 | 0 | 0 | 0 | 0 | 0 | 0 | 0 | 0 | 0 | 0 | 0 | 0 | 0 | 0 | 1 | 0 | 0 | 0 |
157 | Melott, Adrian Lewis | THE UNIVERSITY OF TEXAS AT AUSTIN. | 1981 | male | 3 | 70 | 2017 | 3 | 158 | 2017 | 0 | 0 | 0 | 0 | 1 | 2 | 2 | 8 | 4 | 2 | 4 | 3 | 5 | 3 | 4 | 1 | 1 | 5 | 5 | 1 | 1 | 1 | 1 | 0 | 0 | 1 | 0 | 0 | 1 | 1 | 0 | 0 | 3 | 0 | 3 | 1 | 2 | 1 | 0 | 2 | 2 |  0 | 0 | 0 | 0 | 1 | 2 | 3 | 10 | 4 | 5 | 5 | 6 | 7 | 8 | 6 | 4 | 8 | 7 | 7 | 5 | 3 | 5 | 4 | 9 | 2 | 2 | 2 | 3 | 4 | 3 | 1 | 3 | 4 | 1 | 4 | 3 | 3 | 4 | 3 | 4 | 4 |
158 | Carroll, Bradley Wayne | UNIVERSITY OF COLORADO AT BOULDER. | 1981 | male | 1 | 4 | 1986 | 3 | 5 | 1986 | 0 | 0 | 0 | 0 | 0 | 1 | 1 | 0 | 1 | 1 | 1 | 0 | 0 | 0 | 0 | 0 | 0 | 0 | 0 | 0 | 0 | 0 | 0 | 0 | 0 | 0 | 0 | 0 | 0 | 0 | 0 | 0 | 0 | 0 | 0 | 0 | 0 | 0 | 0 | 0 | 0 |  0 | 0 | 1 | 0 | 1 | 1 | 2 | 0 | 1 | 1 | 1 | 0 | 0 | 0 | 0 | 0 | 0 | 0 | 0 | 0 | 0 | 0 | 0 | 0 | 0 | 0 | 0 | 0 | 0 | 0 | 0 | 0 | 0 | 0 | 0 | 0 | 0 | 0 | 0 | 0 | 0 |
159 | Blair, William Patrick | THE UNIVERSITY OF MICHIGAN. | 1981 | male | 5 | 41 | 2017 | 10 | 200 | 2017 | 0 | 0 | 0 | 0 | 1 | 4 | 1 | 2 | 4 | 2 | 0 | 0 | 3 | 1 | 0 | 3 | 1 | 1 | 2 | 2 | 1 | 2 | 0 | 1 | 2 | 1 | 1 | 0 | 1 | 1 | 1 | 1 | 0 | 2 | 0 | 0 | 1 | 1 | 1 | 1 | 0 |  0 | 0 | 0 | 1 | 2 | 7 | 2 | 3 | 4 | 4 | 1 | 1 | 5 | 4 | 3 | 11 | 12 | 7 | 7 | 11 | 6 | 9 | 1 | 2 | 12 | 9 | 7 | 4 | 5 | 5 | 8 | 6 | 4 | 4 | 10 | 4 | 7 | 5 | 6 | 6 | 3 |
160 | Cowie, Antoinette Songaila | BOSTON UNIVERSITY GRADUATE SCHOOL. | 1981 | female | 1 | 0 | 1981 | 1 | 1 | 2008 | 0 | 0 | 0 | 0 | 0 | 1 | 0 | 0 | 0 | 0 | 0 | 0 | 0 | 0 | 0 | 0 | 0 | 0 | 0 | 0 | 0 | 0 | 0 | 0 | 0 | 0 | 0 | 0 | 0 | 0 | 0 | 0 | 0 | 0 | 0 | 0 | 0 | 0 | 0 | 0 | 0 |  0 | 0 | 0 | 0 | 0 | 1 | 0 | 0 | 0 | 0 | 0 | 0 | 0 | 0 | 0 | 0 | 0 | 0 | 0 | 0 | 0 | 0 | 0 | 0 | 0 | 0 | 0 | 0 | 0 | 0 | 0 | 0 | 1 | 0 | 0 | 0 | 0 | 0 | 0 | 0 | 0 |
161 | Onishi, Howard T. | UNIVERSITY OF WASHINGTON. | 1981 | male | 1 | 0 | 1981 | 2 | 1 | 2002 | 0 | 0 | 0 | 0 | 0 | 1 | 0 | 0 | 0 | 0 | 0 | 0 | 0 | 0 | 0 | 0 | 0 | 0 | 0 | 0 | 0 | 0 | 0 | 0 | 0 | 0 | 0 | 0 | 0 | 0 | 0 | 0 | 0 | 0 | 0 | 0 | 0 | 0 | 0 | 0 | 0 |  0 | 0 | 0 | 1 | 0 | 1 | 0 | 0 | 0 | 0 | 0 | 0 | 0 | 0 | 0 | 0 | 0 | 0 | 0 | 0 | 0 | 0 | 0 | 0 | 0 | 0 | 1 | 0 | 0 | 0 | 0 | 0 | 0 | 0 | 0 | 0 | 0 | 0 | 0 | 0 | 0 |
162 | Wade, Richard Alan | CALIFORNIA INSTITUTE OF TECHNOLOGY. | 1981 | male | 5 | 19 | 2009 | 13 | 95 | 2013 | 0 | 1 | 0 | 2 | 0 | 2 | 1 | 0 | 1 | 2 | 0 | 2 | 2 | 0 | 2 | 1 | 0 | 0 | 0 | 0 | 0 | 0 | 1 | 2 | 1 | 0 | 0 | 0 | 1 | 0 | 1 | 1 | 0 | 1 | 0 | 0 | 0 | 0 | 0 | 0 | 0 |  0 | 1 | 0 | 5 | 4 | 3 | 2 | 4 | 4 | 6 | 6 | 5 | 4 | 4 | 4 | 6 | 1 | 4 | 2 | 2 | 3 | 4 | 5 | 5 | 3 | 0 | 2 | 2 | 2 | 0 | 2 | 1 | 1 | 1 | 0 | 2 | 7 | 1 | 0 | 0 | 0 |
163 | Yee, Howard Kwong Chew | CALIFORNIA INSTITUTE OF TECHNOLOGY. | 1981 | male | 5 | 28 | 2005 | 7 | 217 | 2017 | 0 | 0 | 1 | 1 | 1 | 2 | 0 | 1 | 1 | 0 | 1 | 3 | 2 | 0 | 0 | 2 | 2 | 3 | 1 | 1 | 5 | 0 | 1 | 1 | 1 | 0 | 0 | 2 | 0 | 1 | 0 | 0 | 0 | 0 | 0 | 0 | 0 | 0 | 0 | 0 | 0 |  1 | 0 | 1 | 1 | 1 | 3 | 0 | 1 | 2 | 0 | 1 | 4 | 4 | 1 | 3 | 8 | 3 | 8 | 6 | 3 | 16 | 14 | 14 | 7 | 7 | 6 | 6 | 5 | 4 | 8 | 1 | 8 | 12 | 5 | 3 | 9 | 13 | 16 | 5 | 7 | 5 |
164 | Brugel, Edward William | UNIVERSITY OF WASHINGTON. | 1981 | male | 5 | 3 | 1985 | 9 | 18 | 1992 | 0 | 0 | 0 | 1 | 0 | 4 | 1 | 0 | 1 | 1 | 0 | 0 | 0 | 0 | 0 | 0 | 0 | 0 | 0 | 0 | 0 | 0 | 0 | 0 | 0 | 0 | 0 | 0 | 0 | 0 | 0 | 0 | 0 | 0 | 0 | 0 | 0 | 0 | 0 | 0 | 0 |  0 | 0 | 0 | 3 | 1 | 5 | 1 | 1 | 3 | 1 | 2 | 2 | 3 | 2 | 1 | 1 | 1 | 0 | 0 | 0 | 0 | 0 | 0 | 0 | 0 | 0 | 0 | 0 | 0 | 0 | 0 | 0 | 0 | 0 | 0 | 0 | 0 | 0 | 0 | 0 | 0 |
165 | Clarke, John Terrel | THE JOHNS HOPKINS UNIVERSITY. | 1981 | male | 5 | 33 | 2017 | 10 | 236 | 2017 | 0 | 0 | 0 | 0 | 2 | 3 | 2 | 2 | 3 | 0 | 2 | 1 | 1 | 1 | 2 | 1 | 2 | 0 | 2 | 2 | 1 | 0 | 3 | 1 | 0 | 0 | 3 | 0 | 0 | 1 | 0 | 0 | 0 | 1 | 0 | 0 | 0 | 0 | 1 | 0 | 0 |  1 | 0 | 1 | 2 | 2 | 4 | 4 | 3 | 4 | 3 | 4 | 1 | 3 | 4 | 2 | 1 | 2 | 4 | 7 | 11 | 14 | 9 | 15 | 13 | 6 | 5 | 8 | 4 | 4 | 11 | 6 | 3 | 9 | 15 | 9 | 7 | 6 | 6 | 6 | 19 | 5 |
166 | Moore, Thomas Andrew | YALE UNIVERSITY. | 1981 | male | 1 | 4 | 2017 | 1 | 34 | 2017 | 0 | 0 | 0 | 0 | 0 | 1 | 0 | 0 | 0 | 0 | 1 | 0 | 0 | 0 | 0 | 0 | 0 | 0 | 0 | 0 | 0 | 0 | 0 | 0 | 1 | 0 | 1 | 0 | 0 | 0 | 0 | 0 | 0 | 0 | 0 | 0 | 0 | 0 | 0 | 0 | 0 |  0 | 0 | 0 | 0 | 0 | 1 | 0 | 0 | 1 | 1 | 1 | 2 | 2 | 1 | 0 | 2 | 0 | 0 | 1 | 0 | 0 | 0 | 0 | 0 | 1 | 0 | 1 | 1 | 2 | 2 | 0 | 0 | 1 | 4 | 2 | 2 | 0 | 0 | 2 | 0 | 3 |
167 | Kuzma, Thomas John | THE OHIO STATE UNIVERSITY. | 1981 | male | 2 | 0 | 1981 | 4 | 1 | 1983 | 0 | 0 | 0 | 1 | 0 | 1 | 0 | 0 | 0 | 0 | 0 | 0 | 0 | 0 | 0 | 0 | 0 | 0 | 0 | 0 | 0 | 0 | 0 | 0 | 0 | 0 | 0 | 0 | 0 | 0 | 0 | 0 | 0 | 0 | 0 | 0 | 0 | 0 | 0 | 0 | 0 |  0 | 0 | 0 | 2 | 1 | 1 | 0 | 1 | 0 | 0 | 0 | 0 | 0 | 0 | 0 | 0 | 0 | 0 | 0 | 0 | 0 | 0 | 0 | 0 | 0 | 0 | 0 | 0 | 0 | 0 | 0 | 0 | 0 | 0 | 0 | 0 | 0 | 0 | 0 | 0 | 0 |
168 | Goguen, Jay David | CORNELL UNIVERSITY. | 1981 | male | 4 | 6 | 2014 | 12 | 37 | 2014 | 1 | 0 | 1 | 1 | 0 | 1 | 0 | 0 | 0 | 1 | 0 | 0 | 1 | 1 | 0 | 0 | 0 | 0 | 0 | 0 | 0 | 0 | 0 | 0 | 0 | 0 | 0 | 0 | 0 | 0 | 0 | 0 | 0 | 0 | 1 | 0 | 0 | 1 | 1 | 0 | 0 |  1 | 0 | 8 | 2 | 0 | 1 | 0 | 0 | 0 | 4 | 0 | 3 | 3 | 2 | 3 | 2 | 0 | 0 | 2 | 2 | 1 | 2 | 0 | 0 | 0 | 1 | 0 | 0 | 0 | 0 | 0 | 1 | 2 | 2 | 3 | 1 | 1 | 1 | 1 | 0 | 0 |
169 | Jaffe, Daniel Thomas | HARVARD UNIVERSITY. | 1981 | male | 5 | 17 | 2003 | 9 | 114 | 2017 | 0 | 0 | 2 | 0 | 0 | 3 | 2 | 1 | 4 | 1 | 0 | 1 | 0 | 1 | 1 | 0 | 1 | 0 | 1 | 1 | 0 | 0 | 0 | 1 | 0 | 0 | 0 | 2 | 0 | 0 | 0 | 0 | 0 | 0 | 0 | 0 | 0 | 0 | 0 | 0 | 0 |  1 | 0 | 2 | 1 | 1 | 4 | 6 | 3 | 6 | 4 | 0 | 4 | 4 | 3 | 3 | 2 | 2 | 6 | 5 | 4 | 2 | 3 | 2 | 3 | 0 | 0 | 3 | 5 | 1 | 4 | 1 | 5 | 4 | 1 | 3 | 3 | 2 | 1 | 2 | 3 | 8 |
170 | Fuller, George Michael | CALIFORNIA INSTITUTE OF TECHNOLOGY. | 1981 | male | 2 | 30 | 2015 | 3 | 159 | 2017 | 0 | 0 | 0 | 0 | 1 | 1 | 3 | 0 | 0 | 1 | 1 | 1 | 2 | 0 | 0 | 4 | 2 | 1 | 1 | 2 | 2 | 1 | 1 | 1 | 1 | 0 | 0 | 1 | 0 | 0 | 1 | 0 | 0 | 2 | 1 | 0 | 0 | 0 | 0 | 1 | 0 |  0 | 0 | 0 | 0 | 1 | 2 | 3 | 0 | 1 | 2 | 1 | 2 | 2 | 2 | 7 | 7 | 2 | 4 | 7 | 10 | 10 | 7 | 4 | 7 | 4 | 4 | 5 | 6 | 1 | 2 | 7 | 8 | 4 | 4 | 6 | 2 | 2 | 5 | 4 | 8 | 5 |
171 | Cohen, Ross David | UNIVERSITY OF CALIFORNIA, SANTA CRUZ. | 1981 | male | 3 | 7 | 2017 | 6 | 64 | 2017 | 0 | 0 | 0 | 0 | 1 | 2 | 1 | 1 | 0 | 0 | 1 | 1 | 0 | 0 | 0 | 0 | 0 | 0 | 1 | 0 | 1 | 0 | 0 | 0 | 0 | 0 | 0 | 0 | 0 | 0 | 0 | 0 | 0 | 0 | 0 | 0 | 0 | 0 | 0 | 0 | 0 |  0 | 0 | 1 | 1 | 2 | 2 | 2 | 2 | 2 | 3 | 6 | 5 | 1 | 4 | 2 | 3 | 1 | 3 | 4 | 3 | 4 | 2 | 1 | 1 | 0 | 1 | 2 | 1 | 2 | 0 | 1 | 0 | 1 | 1 | 0 | 0 | 0 | 2 | 2 | 1 | 0 |
172 | Kohri, William James | DREXEL UNIVERSITY. | 1981 | male | 1 | 0 | 1981 | 1 | 0 | 1981 | 0 | 0 | 0 | 0 | 0 | 1 | 0 | 0 | 0 | 0 | 0 | 0 | 0 | 0 | 0 | 0 | 0 | 0 | 0 | 0 | 0 | 0 | 0 | 0 | 0 | 0 | 0 | 0 | 0 | 0 | 0 | 0 | 0 | 0 | 0 | 0 | 0 | 0 | 0 | 0 | 0 |  0 | 0 | 0 | 0 | 0 | 1 | 0 | 0 | 0 | 0 | 0 | 0 | 0 | 0 | 0 | 0 | 0 | 0 | 0 | 0 | 0 | 0 | 0 | 0 | 0 | 0 | 0 | 0 | 0 | 0 | 0 | 0 | 0 | 0 | 0 | 0 | 0 | 0 | 0 | 0 | 0 |
173 | Socker, Dennis George | INDIANA UNIVERSITY. | 1981 | male | 1 | 0 | 1981 | 4 | 49 | 2017 | 0 | 0 | 0 | 0 | 0 | 1 | 0 | 0 | 0 | 0 | 0 | 0 | 0 | 0 | 0 | 0 | 0 | 0 | 0 | 0 | 0 | 0 | 0 | 0 | 0 | 0 | 0 | 0 | 0 | 0 | 0 | 0 | 0 | 0 | 0 | 0 | 0 | 0 | 0 | 0 | 0 |  0 | 0 | 0 | 2 | 1 | 1 | 0 | 0 | 1 | 0 | 1 | 3 | 3 | 1 | 0 | 0 | 0 | 0 | 1 | 2 | 0 | 9 | 2 | 0 | 2 | 2 | 1 | 0 | 0 | 0 | 0 | 1 | 4 | 5 | 2 | 2 | 2 | 0 | 0 | 0 | 4 |
174 | Calvet-Cuni, Nuria Pilar | UNIVERSITY OF CALIFORNIA, BERKELEY. | 1981 | female | 1 | 0 | 1981 | 1 | 0 | 1981 | 0 | 0 | 0 | 0 | 0 | 1 | 0 | 0 | 0 | 0 | 0 | 0 | 0 | 0 | 0 | 0 | 0 | 0 | 0 | 0 | 0 | 0 | 0 | 0 | 0 | 0 | 0 | 0 | 0 | 0 | 0 | 0 | 0 | 0 | 0 | 0 | 0 | 0 | 0 | 0 | 0 |  0 | 0 | 0 | 0 | 0 | 1 | 0 | 0 | 0 | 0 | 0 | 0 | 0 | 0 | 0 | 0 | 0 | 0 | 0 | 0 | 0 | 0 | 0 | 0 | 0 | 0 | 0 | 0 | 0 | 0 | 0 | 0 | 0 | 0 | 0 | 0 | 0 | 0 | 0 | 0 | 0 |
175 | Hansen, James Gerald Raymond | THE UNIVERSITY OF ARIZONA. | 1981 | male | 2 | 9 | 2013 | 5 | 15 | 2013 | 0 | 0 | 0 | 0 | 0 | 2 | 1 | 0 | 0 | 0 | 0 | 0 | 1 | 0 | 0 | 0 | 1 | 1 | 0 | 0 | 1 | 0 | 0 | 0 | 0 | 0 | 1 | 0 | 0 | 0 | 0 | 0 | 0 | 0 | 0 | 0 | 1 | 2 | 0 | 0 | 0 |  0 | 2 | 0 | 0 | 0 | 3 | 1 | 0 | 0 | 0 | 0 | 0 | 1 | 0 | 1 | 0 | 2 | 2 | 0 | 0 | 1 | 1 | 0 | 0 | 0 | 0 | 1 | 0 | 0 | 0 | 0 | 0 | 0 | 0 | 0 | 0 | 3 | 2 | 0 | 0 | 0 |
176 | Schilt, F. S. | Cornell Univ., Ithaca, NY. | 1981 | None | 1 | 0 | 1981 | 1 | 0 | 1981 | 0 | 0 | 0 | 0 | 0 | 1 | 0 | 0 | 0 | 0 | 0 | 0 | 0 | 0 | 0 | 0 | 0 | 0 | 0 | 0 | 0 | 0 | 0 | 0 | 0 | 0 | 0 | 0 | 0 | 0 | 0 | 0 | 0 | 0 | 0 | 0 | 0 | 0 | 0 | 0 | 0 |  0 | 0 | 0 | 0 | 0 | 1 | 0 | 0 | 0 | 0 | 0 | 0 | 0 | 0 | 0 | 0 | 0 | 0 | 0 | 0 | 0 | 0 | 0 | 0 | 0 | 0 | 0 | 0 | 0 | 0 | 0 | 0 | 0 | 0 | 0 | 0 | 0 | 0 | 0 | 0 | 0 |
177 | Habermann, R. E. | Colorado Univ., Boulder. | 1981 | None | 1 | 2 | 1986 | 1 | 5 | 1994 | 0 | 0 | 0 | 0 | 0 | 1 | 0 | 0 | 1 | 0 | 1 | 0 | 0 | 0 | 0 | 0 | 0 | 0 | 0 | 0 | 0 | 0 | 0 | 0 | 0 | 0 | 0 | 0 | 0 | 0 | 0 | 0 | 0 | 0 | 0 | 0 | 0 | 0 | 0 | 0 | 0 |  0 | 0 | 0 | 0 | 0 | 1 | 0 | 0 | 1 | 0 | 1 | 0 | 0 | 0 | 1 | 0 | 1 | 0 | 1 | 0 | 0 | 0 | 0 | 0 | 0 | 0 | 0 | 0 | 0 | 0 | 0 | 0 | 0 | 0 | 0 | 0 | 0 | 0 | 0 | 0 | 0 |
178 | Hubbard, Eugene Norman | THE UNIVERSITY OF ARIZONA. | 1981 | male | 4 | 3 | 1985 | 7 | 11 | 1987 | 0 | 0 | 0 | 1 | 1 | 2 | 1 | 1 | 0 | 1 | 0 | 0 | 0 | 0 | 0 | 0 | 0 | 0 | 0 | 0 | 0 | 0 | 0 | 0 | 0 | 0 | 0 | 0 | 0 | 0 | 0 | 0 | 0 | 0 | 0 | 0 | 0 | 0 | 0 | 0 | 0 |  0 | 0 | 1 | 1 | 2 | 3 | 4 | 2 | 0 | 2 | 2 | 1 | 0 | 0 | 0 | 0 | 0 | 0 | 0 | 0 | 0 | 0 | 0 | 0 | 0 | 0 | 0 | 0 | 0 | 0 | 0 | 0 | 0 | 0 | 0 | 0 | 0 | 0 | 0 | 0 | 0 |
179 | Kuhn, Jeffrey Richard | PRINCETON UNIVERSITY. | 1981 | male | 2 | 39 | 2012 | 4 | 110 | 2017 | 0 | 0 | 0 | 1 | 0 | 1 | 2 | 2 | 1 | 1 | 1 | 3 | 2 | 3 | 1 | 3 | 0 | 1 | 1 | 0 | 3 | 0 | 1 | 3 | 4 | 2 | 0 | 0 | 2 | 0 | 0 | 2 | 0 | 0 | 0 | 0 | 1 | 0 | 0 | 0 | 0 |  0 | 0 | 0 | 1 | 0 | 3 | 2 | 3 | 3 | 3 | 3 | 4 | 2 | 4 | 3 | 5 | 3 | 1 | 5 | 2 | 6 | 0 | 3 | 4 | 6 | 3 | 1 | 2 | 4 | 3 | 2 | 8 | 3 | 4 | 4 | 1 | 3 | 0 | 0 | 6 | 3 |
180 | Lange, Gunther Lothar | THE OHIO STATE UNIVERSITY. | 1981 | male | 1 | 1 | 1986 | 1 | 7 | 1989 | 0 | 0 | 0 | 0 | 0 | 1 | 0 | 0 | 0 | 0 | 1 | 0 | 0 | 0 | 0 | 0 | 0 | 0 | 0 | 0 | 0 | 0 | 0 | 0 | 0 | 0 | 0 | 0 | 0 | 0 | 0 | 0 | 0 | 0 | 0 | 0 | 0 | 0 | 0 | 0 | 0 |  0 | 0 | 0 | 0 | 0 | 1 | 1 | 1 | 0 | 3 | 1 | 0 | 0 | 1 | 0 | 0 | 0 | 0 | 0 | 0 | 0 | 0 | 0 | 0 | 0 | 0 | 0 | 0 | 0 | 0 | 0 | 0 | 0 | 0 | 0 | 0 | 0 | 0 | 0 | 0 | 0 |
181 | Moore, Richard Lee | THE UNIVERSITY OF ARIZONA. | 1981 | male | 6 | 18 | 1999 | 15 | 82 | 2013 | 0 | 1 | 0 | 0 | 1 | 4 | 1 | 1 | 3 | 1 | 0 | 2 | 0 | 1 | 0 | 2 | 2 | 0 | 0 | 1 | 1 | 1 | 0 | 2 | 0 | 0 | 0 | 0 | 0 | 0 | 0 | 0 | 0 | 0 | 0 | 0 | 0 | 0 | 0 | 0 | 0 |  1 | 3 | 1 | 2 | 3 | 5 | 3 | 2 | 12 | 2 | 3 | 4 | 1 | 5 | 1 | 3 | 4 | 4 | 2 | 3 | 3 | 2 | 1 | 3 | 2 | 0 | 1 | 2 | 3 | 2 | 2 | 1 | 1 | 2 | 3 | 0 | 4 | 1 | 0 | 0 | 0 |
182 | Ogden, P. M. | Wisconsin Univ., Madison. | 1981 | None | 2 | 1 | 1985 | 7 | 6 | 2005 | 0 | 0 | 0 | 1 | 0 | 1 | 0 | 0 | 0 | 1 | 0 | 0 | 0 | 0 | 0 | 0 | 0 | 0 | 0 | 0 | 0 | 0 | 0 | 0 | 0 | 0 | 0 | 0 | 0 | 0 | 0 | 0 | 0 | 0 | 0 | 0 | 0 | 0 | 0 | 0 | 0 |  0 | 0 | 4 | 2 | 0 | 1 | 1 | 0 | 0 | 1 | 0 | 0 | 0 | 0 | 0 | 0 | 0 | 0 | 0 | 1 | 0 | 0 | 0 | 0 | 0 | 0 | 1 | 0 | 0 | 2 | 0 | 0 | 0 | 0 | 0 | 0 | 0 | 0 | 0 | 0 | 0 |
183 | Palma, Russell Lumir | RICE UNIVERSITY. | 1981 | male | 1 | 5 | 2002 | 3 | 17 | 2013 | 0 | 0 | 0 | 0 | 0 | 1 | 0 | 0 | 0 | 0 | 0 | 0 | 1 | 0 | 0 | 1 | 0 | 0 | 1 | 0 | 0 | 1 | 0 | 0 | 0 | 0 | 1 | 0 | 0 | 0 | 0 | 0 | 0 | 0 | 0 | 0 | 0 | 0 | 0 | 0 | 0 |  1 | 0 | 1 | 0 | 0 | 1 | 0 | 0 | 0 | 0 | 4 | 0 | 1 | 0 | 0 | 1 | 0 | 0 | 1 | 1 | 0 | 2 | 0 | 0 | 2 | 1 | 1 | 0 | 0 | 0 | 0 | 0 | 1 | 0 | 0 | 1 | 0 | 1 | 0 | 0 | 0 |
184 | Cook, Walter Richardson, III | CALIFORNIA INSTITUTE OF TECHNOLOGY. | 1981 | male | 5 | 8 | 1993 | 6 | 27 | 2016 | 0 | 0 | 0 | 2 | 2 | 1 | 0 | 0 | 2 | 1 | 0 | 0 | 1 | 0 | 0 | 2 | 0 | 2 | 0 | 0 | 0 | 0 | 0 | 0 | 0 | 0 | 0 | 0 | 0 | 0 | 0 | 0 | 0 | 0 | 0 | 0 | 0 | 0 | 0 | 0 | 0 |  0 | 0 | 0 | 3 | 2 | 1 | 0 | 0 | 2 | 3 | 0 | 1 | 1 | 0 | 0 | 2 | 0 | 4 | 0 | 0 | 0 | 6 | 2 | 0 | 0 | 1 | 0 | 0 | 0 | 0 | 0 | 0 | 3 | 1 | 0 | 0 | 0 | 0 | 0 | 0 | 1 |
185 | Stover, Richard James | THE UNIVERSITY OF TEXAS AT AUSTIN. | 1981 | male | 8 | 3 | 1998 | 11 | 15 | 2014 | 0 | 2 | 0 | 0 | 2 | 4 | 0 | 1 | 0 | 0 | 0 | 1 | 0 | 0 | 0 | 0 | 0 | 0 | 0 | 0 | 0 | 0 | 1 | 0 | 0 | 0 | 0 | 0 | 0 | 0 | 0 | 0 | 0 | 0 | 0 | 0 | 0 | 0 | 0 | 0 | 0 |  0 | 3 | 1 | 0 | 2 | 5 | 0 | 1 | 0 | 0 | 1 | 2 | 1 | 1 | 0 | 1 | 0 | 0 | 0 | 0 | 2 | 1 | 1 | 0 | 2 | 0 | 0 | 0 | 0 | 1 | 0 | 0 | 0 | 0 | 0 | 0 | 0 | 0 | 1 | 0 | 0 |
186 | Wilking, Bruce Alan | THE UNIVERSITY OF ARIZONA. | 1981 | male | 3 | 27 | 2015 | 7 | 75 | 2016 | 0 | 0 | 0 | 1 | 1 | 1 | 1 | 1 | 2 | 2 | 2 | 2 | 0 | 3 | 2 | 0 | 1 | 1 | 1 | 0 | 0 | 3 | 0 | 1 | 0 | 1 | 0 | 0 | 1 | 1 | 0 | 0 | 0 | 0 | 0 | 0 | 1 | 0 | 0 | 1 | 0 |  0 | 0 | 1 | 1 | 4 | 1 | 4 | 1 | 10 | 5 | 8 | 5 | 3 | 3 | 4 | 1 | 2 | 3 | 3 | 0 | 1 | 3 | 3 | 1 | 1 | 1 | 0 | 0 | 1 | 3 | 1 | 1 | 1 | 1 | 0 | 1 | 1 | 0 | 0 | 2 | 1 |
187 | Bruzual-Alfonzo, Gustavo Ramon | UNIVERSITY OF CALIFORNIA, BERKELEY. | 1981 | male | 1 | 0 | 1981 | 1 | 0 | 1981 | 0 | 0 | 0 | 0 | 0 | 1 | 0 | 0 | 0 | 0 | 0 | 0 | 0 | 0 | 0 | 0 | 0 | 0 | 0 | 0 | 0 | 0 | 0 | 0 | 0 | 0 | 0 | 0 | 0 | 0 | 0 | 0 | 0 | 0 | 0 | 0 | 0 | 0 | 0 | 0 | 0 |  0 | 0 | 0 | 0 | 0 | 1 | 0 | 0 | 0 | 0 | 0 | 0 | 0 | 0 | 0 | 0 | 0 | 0 | 0 | 0 | 0 | 0 | 0 | 0 | 0 | 0 | 0 | 0 | 0 | 0 | 0 | 0 | 0 | 0 | 0 | 0 | 0 | 0 | 0 | 0 | 0 |
188 | Rabin, Douglas Mark | CALIFORNIA INSTITUTE OF TECHNOLOGY. | 1981 | male | 2 | 10 | 1997 | 2 | 36 | 2015 | 0 | 0 | 0 | 0 | 1 | 1 | 1 | 0 | 2 | 0 | 1 | 0 | 0 | 0 | 0 | 1 | 3 | 0 | 0 | 0 | 0 | 2 | 0 | 0 | 0 | 0 | 0 | 0 | 0 | 0 | 0 | 0 | 0 | 0 | 0 | 0 | 0 | 0 | 0 | 0 | 0 |  0 | 0 | 0 | 0 | 1 | 1 | 1 | 0 | 3 | 1 | 3 | 1 | 0 | 0 | 1 | 1 | 7 | 1 | 1 | 2 | 1 | 2 | 0 | 0 | 0 | 1 | 0 | 0 | 0 | 0 | 0 | 1 | 3 | 1 | 1 | 2 | 0 | 0 | 1 | 1 | 0 |
189 | Greensfelder, R. W. | Stanford Univ., CA. | 1981 | None | 1 | 0 | 1981 | 1 | 0 | 1981 | 0 | 0 | 0 | 0 | 0 | 1 | 0 | 0 | 0 | 0 | 0 | 0 | 0 | 0 | 0 | 0 | 0 | 0 | 0 | 0 | 0 | 0 | 0 | 0 | 0 | 0 | 0 | 0 | 0 | 0 | 0 | 0 | 0 | 0 | 0 | 0 | 0 | 0 | 0 | 0 | 0 |  0 | 0 | 0 | 0 | 0 | 1 | 0 | 0 | 0 | 0 | 0 | 0 | 0 | 0 | 0 | 0 | 0 | 0 | 0 | 0 | 0 | 0 | 0 | 0 | 0 | 0 | 0 | 0 | 0 | 0 | 0 | 0 | 0 | 0 | 0 | 0 | 0 | 0 | 0 | 0 | 0 |
