 n |  name |  university |  phd_year |  gender |  fa_n_pubs_pre_phd |  fa_n_pubs_prost_phd |  fa_year_last |  all_n_pubs_pre_phd |  all_n_pubs_prost_phd |  all_year_last |  fa_1995 |  fa_1996 |  fa_1997 |  fa_1998 |  fa_1999 |  fa_2000 |  fa_2001 |  fa_2002 |  fa_2003 |  fa_2004 |  fa_2005 |  fa_2006 |  fa_2007 |  fa_2008 |  fa_2009 |  fa_2010 |  fa_2011 |  fa_2012 |  fa_2013 |  fa_2014 |  fa_2015 |  fa_2016 |  all_1995 |  all_1996 |  all_1997 |  all_1998 |  all_1999 |  all_2000 |  all_2001 |  all_2002 |  all_2003 |  all_2004 |  all_2005 |  all_2006 |  all_2007 |  all_2008 |  all_2009 |  all_2010 |  all_2011 |  all_2012 |  all_2013 |  all_2014 |  all_2015 |  all_2016 | foo
 24 | Joffre, Michael | The University of Chicago | 2000 | male | 2 | 1 | 2003 | 3 | 3 | 2003 | 0 | 0 | 0 | 0 | 0 | 2 | 0 | 0 | 1 | 0 | 0 | 0 | 0 | 0 | 0 | 0 | 0 | 0 | 0 | 0 | 0 | 0 | 0 | 0 | 0 | 0 | 0 | 3 | 2 | 0 | 1 | 0 | 0 | 0 | 0 | 0 | 0 | 0 | 0 | 0 | 0 | 0 | 0 | 0 |
 25 | Harlow, Jason John Bradley | THE PENNSYLVANIA STATE UNIVERSITY | 2000 | male | 2 | 0 | 2000 | 7 | 0 | 2000 | 0 | 1 | 0 | 0 | 0 | 1 | 0 | 0 | 0 | 0 | 0 | 0 | 0 | 0 | 0 | 0 | 0 | 0 | 0 | 0 | 0 | 0 | 0 | 2 | 2 | 0 | 1 | 2 | 0 | 0 | 0 | 0 | 0 | 0 | 0 | 0 | 0 | 0 | 0 | 0 | 0 | 0 | 0 | 0 |
 32 | Murphy, Thomas Williams, Jr. | CALIFORNIA INSTITUTE OF TECHNOLOGY | 2000 | male | 1 | 10 | 2014 | 3 | 73 | 2017 | 0 | 0 | 0 | 0 | 0 | 1 | 0 | 0 | 0 | 2 | 0 | 0 | 2 | 1 | 1 | 1 | 1 | 0 | 1 | 1 | 0 | 0 | 0 | 0 | 1 | 1 | 0 | 1 | 1 | 2 | 2 | 4 | 0 | 0 | 3 | 4 | 5 | 5 | 7 | 9 | 5 | 6 | 8 | 11 |
 33 | Humphreys, Tom Daniel, III | UNIVERSITY OF CALIFORNIA, BERKELEY | 2000 | male | 1 | 0 | 2000 | 1 | 0 | 2000 | 0 | 0 | 0 | 0 | 0 | 1 | 0 | 0 | 0 | 0 | 0 | 0 | 0 | 0 | 0 | 0 | 0 | 0 | 0 | 0 | 0 | 0 | 0 | 0 | 0 | 0 | 0 | 1 | 0 | 0 | 0 | 0 | 0 | 0 | 0 | 0 | 0 | 0 | 0 | 0 | 0 | 0 | 0 | 0 |
 37 | Krasnopolsky, Ruben | CALIFORNIA INSTITUTE OF TECHNOLOGY | 2000 | male | 2 | 8 | 2012 | 2 | 24 | 2017 | 0 | 0 | 0 | 0 | 1 | 1 | 0 | 1 | 2 | 0 | 1 | 0 | 0 | 0 | 1 | 1 | 1 | 1 | 0 | 0 | 0 | 0 | 0 | 0 | 0 | 0 | 1 | 1 | 0 | 1 | 3 | 0 | 2 | 1 | 0 | 1 | 1 | 1 | 3 | 1 | 1 | 3 | 3 | 1 |
 41 | Phelps, Steven D. | PRINCETON UNIVERSITY | 2000 | male | 1 | 3 | 2013 | 2 | 4 | 2013 | 0 | 0 | 0 | 0 | 0 | 1 | 0 | 1 | 0 | 0 | 0 | 1 | 0 | 0 | 0 | 0 | 0 | 0 | 1 | 0 | 0 | 0 | 0 | 0 | 0 | 1 | 0 | 1 | 1 | 1 | 0 | 0 | 0 | 1 | 0 | 0 | 0 | 0 | 0 | 0 | 1 | 0 | 0 | 0 |
 47 | Chiang, Eugene | CALIFORNIA INSTITUTE OF TECHNOLOGY | 2000 | male | 7 | 20 | 2013 | 8 | 81 | 2017 | 0 | 2 | 1 | 0 | 2 | 2 | 2 | 5 | 4 | 1 | 1 | 0 | 2 | 2 | 1 | 1 | 0 | 0 | 1 | 0 | 0 | 0 | 0 | 2 | 1 | 0 | 2 | 3 | 2 | 7 | 5 | 2 | 4 | 4 | 6 | 4 | 4 | 4 | 2 | 4 | 5 | 6 | 9 | 11 |
 53 | Dai, Wei | THE UNIVERSITY OF ARIZONA | 2000 | male | 2 | 2 | 2015 | 3 | 10 | 2017 | 0 | 0 | 0 | 1 | 0 | 1 | 0 | 0 | 0 | 0 | 0 | 0 | 0 | 1 | 0 | 0 | 0 | 0 | 0 | 0 | 1 | 0 | 0 | 1 | 0 | 1 | 0 | 1 | 0 | 0 | 0 | 0 | 0 | 0 | 0 | 2 | 0 | 0 | 1 | 1 | 0 | 1 | 3 | 1 |
 55 | Behr, Bradford Bartholomew | CALIFORNIA INSTITUTE OF TECHNOLOGY | 2000 | male | 4 | 4 | 2011 | 6 | 13 | 2011 | 0 | 0 | 0 | 0 | 1 | 3 | 0 | 0 | 2 | 0 | 0 | 0 | 0 | 0 | 1 | 0 | 1 | 0 | 0 | 0 | 0 | 0 | 1 | 0 | 0 | 0 | 2 | 3 | 2 | 0 | 2 | 0 | 0 | 1 | 3 | 2 | 1 | 1 | 1 | 0 | 0 | 0 | 0 | 0 |
 62 | Bay, Ryan Carlton | UNIVERSITY OF CALIFORNIA, BERKELEY | 2000 | male | 3 | 2 | 2004 | 9 | 137 | 2017 | 0 | 0 | 0 | 1 | 1 | 1 | 1 | 0 | 0 | 1 | 0 | 0 | 0 | 0 | 0 | 0 | 0 | 0 | 0 | 0 | 0 | 0 | 0 | 0 | 1 | 1 | 4 | 3 | 4 | 3 | 3 | 9 | 6 | 7 | 4 | 5 | 7 | 11 | 13 | 10 | 17 | 7 | 10 | 15 |
 72 | Golwala, Sunil Ramanlal | UNIVERSITY OF CALIFORNIA, BERKELEY | 2000 | male | 3 | 0 | 2000 | 8 | 73 | 2017 | 0 | 0 | 0 | 0 | 0 | 3 | 0 | 0 | 0 | 0 | 0 | 0 | 0 | 0 | 0 | 0 | 0 | 0 | 0 | 0 | 0 | 0 | 0 | 2 | 0 | 1 | 1 | 4 | 0 | 3 | 1 | 0 | 2 | 6 | 2 | 3 | 4 | 4 | 5 | 12 | 8 | 5 | 12 | 4 |
 73 | Vaitaitis, Arturas Genrikas | COLUMBIA UNIVERSITY | 2000 | male | 1 | 0 | 2000 | 1 | 0 | 2000 | 0 | 0 | 0 | 0 | 0 | 1 | 0 | 0 | 0 | 0 | 0 | 0 | 0 | 0 | 0 | 0 | 0 | 0 | 0 | 0 | 0 | 0 | 0 | 0 | 0 | 0 | 0 | 1 | 0 | 0 | 0 | 0 | 0 | 0 | 0 | 0 | 0 | 0 | 0 | 0 | 0 | 0 | 0 | 0 |
 86 | Chen, Xinzhong | COLUMBIA UNIVERSITY | 2000 | None | 2 | 33 | 2017 | 9 | 211 | 2017 | 0 | 0 | 0 | 0 | 0 | 2 | 4 | 1 | 0 | 1 | 1 | 3 | 1 | 1 | 3 | 2 | 4 | 2 | 2 | 1 | 2 | 3 | 1 | 3 | 1 | 0 | 0 | 4 | 7 | 3 | 1 | 3 | 4 | 6 | 5 | 4 | 11 | 7 | 14 | 11 | 23 | 51 | 31 | 22 |
 92 | Thomas, Brian Anthony | THE PENNSYLVANIA STATE UNIVERSITY | 2000 | male | 2 | 1 | 2015 | 3 | 9 | 2016 | 0 | 0 | 1 | 0 | 0 | 1 | 0 | 0 | 0 | 0 | 0 | 0 | 0 | 0 | 0 | 0 | 0 | 0 | 0 | 0 | 1 | 0 | 1 | 0 | 1 | 0 | 0 | 1 | 0 | 0 | 0 | 0 | 0 | 1 | 0 | 0 | 1 | 0 | 0 | 3 | 1 | 1 | 1 | 1 |
 94 | Muzerolle, James | Steward Observatory, University of Arizona, Tucson, AZ, 85721 | 2000 | male | 6 | 11 | 2013 | 7 | 120 | 2017 | 0 | 0 | 0 | 3 | 0 | 3 | 1 | 0 | 2 | 2 | 2 | 1 | 0 | 0 | 1 | 1 | 0 | 0 | 1 | 0 | 0 | 0 | 0 | 0 | 0 | 3 | 0 | 4 | 1 | 1 | 4 | 29 | 6 | 14 | 16 | 7 | 5 | 10 | 4 | 5 | 5 | 3 | 5 | 4 |
 101 | Richards, Gordon Todd | THE UNIVERSITY OF CHICAGO | 2000 | male | 3 | 20 | 2015 | 11 | 264 | 2017 | 0 | 0 | 1 | 0 | 1 | 1 | 4 | 3 | 1 | 3 | 1 | 4 | 0 | 0 | 2 | 0 | 1 | 0 | 0 | 0 | 1 | 0 | 0 | 0 | 1 | 1 | 3 | 6 | 14 | 13 | 15 | 17 | 20 | 26 | 14 | 14 | 14 | 10 | 14 | 12 | 13 | 16 | 22 | 21 |
 104 | Reichart, Daniel Eric | THE UNIVERSITY OF CHICAGO | 2000 | male | 9 | 6 | 2006 | 11 | 115 | 2017 | 0 | 0 | 2 | 1 | 4 | 2 | 3 | 1 | 0 | 0 | 1 | 1 | 0 | 0 | 0 | 0 | 0 | 0 | 0 | 0 | 0 | 0 | 0 | 0 | 2 | 1 | 5 | 3 | 9 | 9 | 3 | 1 | 3 | 6 | 1 | 2 | 3 | 8 | 9 | 10 | 11 | 12 | 11 | 11 |
 107 | Lichtenberg, Christopher L. | THE JOHNS HOPKINS UNIVERSITY | 2000 | male | 1 | 0 | 2000 | 2 | 1 | 2010 | 0 | 0 | 0 | 0 | 0 | 1 | 0 | 0 | 0 | 0 | 0 | 0 | 0 | 0 | 0 | 0 | 0 | 0 | 0 | 0 | 0 | 0 | 0 | 1 | 0 | 0 | 0 | 1 | 0 | 0 | 0 | 0 | 0 | 0 | 0 | 0 | 0 | 1 | 0 | 0 | 0 | 0 | 0 | 0 |
 108 | Mikulski, Paul Thomas | THE JOHNS HOPKINS UNIVERSITY | 2000 | male | 2 | 0 | 2000 | 2 | 0 | 2000 | 0 | 0 | 0 | 0 | 1 | 1 | 0 | 0 | 0 | 0 | 0 | 0 | 0 | 0 | 0 | 0 | 0 | 0 | 0 | 0 | 0 | 0 | 0 | 0 | 0 | 0 | 1 | 1 | 0 | 0 | 0 | 0 | 0 | 0 | 0 | 0 | 0 | 0 | 0 | 0 | 0 | 0 | 0 | 0 |
 110 | Moore, Michael Wayne | UNIVERSITY OF WASHINGTON | 2000 | male | 1 | 2 | 2014 | 2 | 5 | 2014 | 0 | 0 | 0 | 0 | 0 | 1 | 0 | 0 | 0 | 0 | 1 | 0 | 0 | 0 | 0 | 0 | 0 | 0 | 0 | 1 | 0 | 0 | 0 | 0 | 1 | 0 | 0 | 1 | 0 | 0 | 0 | 0 | 1 | 1 | 1 | 0 | 1 | 0 | 0 | 0 | 0 | 1 | 0 | 0 |
 116 | Phillips, Cynthia Baya | THE UNIVERSITY OF ARIZONA | 2000 | female | 2 | 2 | 2007 | 11 | 37 | 2017 | 0 | 0 | 0 | 0 | 0 | 2 | 1 | 0 | 0 | 0 | 0 | 0 | 1 | 0 | 0 | 0 | 0 | 0 | 0 | 0 | 0 | 0 | 0 | 0 | 1 | 5 | 1 | 4 | 7 | 2 | 0 | 2 | 0 | 1 | 2 | 2 | 3 | 1 | 2 | 0 | 1 | 4 | 3 | 5 |
 118 | Quinn, Theodore C. | THE UNIVERSITY OF CHICAGO | 2000 | male | 4 | 0 | 2000 | 10 | 57 | 2017 | 0 | 0 | 1 | 0 | 1 | 2 | 0 | 0 | 0 | 0 | 0 | 0 | 0 | 0 | 0 | 0 | 0 | 0 | 0 | 0 | 0 | 0 | 0 | 1 | 1 | 2 | 3 | 3 | 3 | 3 | 2 | 13 | 8 | 0 | 5 | 0 | 3 | 4 | 2 | 6 | 1 | 2 | 2 | 1 |
 130 | Young, Yuan-Nan | THE UNIVERSITY OF CHICAGO | 2000 | female | 1 | 0 | 2000 | 2 | 3 | 2002 | 0 | 0 | 0 | 0 | 0 | 1 | 0 | 0 | 0 | 0 | 0 | 0 | 0 | 0 | 0 | 0 | 0 | 0 | 0 | 0 | 0 | 0 | 0 | 0 | 0 | 0 | 0 | 2 | 1 | 2 | 0 | 0 | 0 | 0 | 0 | 0 | 0 | 0 | 0 | 0 | 0 | 0 | 0 | 0 |
 139 | Severson, Scott A. | THE UNIVERSITY OF CHICAGO | 2000 | male | 1 | 0 | 2000 | 4 | 3 | 2006 | 0 | 0 | 0 | 0 | 0 | 1 | 0 | 0 | 0 | 0 | 0 | 0 | 0 | 0 | 0 | 0 | 0 | 0 | 0 | 0 | 0 | 0 | 0 | 1 | 1 | 1 | 0 | 1 | 0 | 1 | 0 | 0 | 0 | 2 | 0 | 0 | 0 | 0 | 0 | 0 | 0 | 0 | 0 | 0 |
 145 | Venkatesan, Aparna | THE UNIVERSITY OF CHICAGO | 2000 | female | 4 | 9 | 2011 | 4 | 17 | 2016 | 0 | 0 | 1 | 0 | 1 | 2 | 1 | 1 | 2 | 1 | 0 | 3 | 0 | 0 | 0 | 0 | 1 | 0 | 0 | 0 | 0 | 0 | 0 | 0 | 1 | 0 | 1 | 2 | 1 | 1 | 4 | 2 | 0 | 3 | 0 | 1 | 0 | 0 | 2 | 0 | 1 | 1 | 0 | 1 |
 146 | Fowler, Joseph Westbrook | THE UNIVERSITY OF CHICAGO | 2000 | male | 1 | 7 | 2015 | 15 | 52 | 2016 | 0 | 0 | 0 | 0 | 0 | 1 | 1 | 0 | 0 | 0 | 2 | 0 | 1 | 0 | 0 | 1 | 0 | 1 | 0 | 0 | 1 | 0 | 1 | 0 | 7 | 1 | 3 | 3 | 3 | 1 | 0 | 0 | 2 | 5 | 1 | 1 | 0 | 4 | 11 | 10 | 7 | 3 | 2 | 2 |
 147 | Wegryn, Eric | THE UNIVERSITY OF ARIZONA | 2000 | male | 1 | 0 | 2000 | 3 | 1 | 2008 | 0 | 0 | 0 | 0 | 0 | 1 | 0 | 0 | 0 | 0 | 0 | 0 | 0 | 0 | 0 | 0 | 0 | 0 | 0 | 0 | 0 | 0 | 0 | 0 | 1 | 0 | 1 | 1 | 0 | 0 | 0 | 0 | 0 | 0 | 0 | 1 | 0 | 0 | 0 | 0 | 0 | 0 | 0 | 0 |
 150 | Creighton, Teviet David | CALIFORNIA INSTITUTE OF TECHNOLOGY | 2000 | None | 1 | 5 | 2009 | 4 | 120 | 2017 | 0 | 0 | 0 | 0 | 0 | 1 | 0 | 0 | 1 | 0 | 0 | 1 | 0 | 2 | 1 | 0 | 0 | 0 | 0 | 0 | 0 | 0 | 0 | 0 | 0 | 1 | 1 | 2 | 0 | 0 | 1 | 7 | 9 | 4 | 8 | 11 | 16 | 9 | 7 | 17 | 7 | 5 | 6 | 5 |
 152 | Baker, Andrew Jordan | CALIFORNIA INSTITUTE OF TECHNOLOGY | 2000 | male | 2 | 4 | 2004 | 9 | 109 | 2017 | 0 | 0 | 0 | 1 | 0 | 1 | 1 | 0 | 1 | 2 | 0 | 0 | 0 | 0 | 0 | 0 | 0 | 0 | 0 | 0 | 0 | 0 | 1 | 2 | 2 | 1 | 1 | 2 | 1 | 1 | 3 | 7 | 6 | 5 | 7 | 7 | 5 | 8 | 11 | 10 | 16 | 8 | 2 | 9 |
 153 | Blanton, Elizabeth Lyon | COLUMBIA UNIVERSITY | 2000 | female | 4 | 11 | 2016 | 5 | 34 | 2016 | 1 | 1 | 0 | 0 | 0 | 2 | 3 | 0 | 2 | 2 | 0 | 0 | 0 | 0 | 1 | 1 | 1 | 0 | 0 | 0 | 0 | 1 | 1 | 1 | 0 | 0 | 0 | 3 | 3 | 1 | 4 | 6 | 2 | 0 | 0 | 2 | 3 | 1 | 4 | 0 | 3 | 1 | 1 | 3 |
 154 | Cha, Alexandra Nicole Stuehler | THE JOHNS HOPKINS UNIVERSITY | 2000 | female | 1 | 0 | 2000 | 1 | 0 | 2000 | 0 | 0 | 0 | 0 | 0 | 1 | 0 | 0 | 0 | 0 | 0 | 0 | 0 | 0 | 0 | 0 | 0 | 0 | 0 | 0 | 0 | 0 | 0 | 0 | 0 | 0 | 0 | 1 | 0 | 0 | 0 | 0 | 0 | 0 | 0 | 0 | 0 | 0 | 0 | 0 | 0 | 0 | 0 | 0 |
 157 | Aurnou, Jonathan Michael | THE JOHNS HOPKINS UNIVERSITY | 2000 | male | 4 | 11 | 2017 | 6 | 46 | 2017 | 0 | 2 | 0 | 0 | 0 | 2 | 1 | 0 | 2 | 2 | 0 | 0 | 2 | 1 | 0 | 0 | 1 | 0 | 0 | 0 | 1 | 0 | 0 | 2 | 0 | 0 | 2 | 2 | 1 | 0 | 2 | 5 | 3 | 1 | 5 | 3 | 2 | 2 | 2 | 7 | 2 | 3 | 4 | 3 |
 159 | Chandar, Rupali | THE JOHNS HOPKINS UNIVERSITY | 2000 | female | 5 | 19 | 2016 | 5 | 78 | 2017 | 0 | 0 | 0 | 0 | 3 | 2 | 3 | 1 | 1 | 2 | 1 | 2 | 1 | 0 | 1 | 3 | 1 | 0 | 0 | 1 | 1 | 1 | 0 | 0 | 0 | 0 | 3 | 2 | 3 | 1 | 1 | 2 | 4 | 5 | 2 | 3 | 3 | 10 | 10 | 6 | 5 | 10 | 9 | 3 |
 166 | Janches, Diego | The Pennsylvania State University | 2000 | male | 3 | 16 | 2015 | 3 | 54 | 2017 | 0 | 0 | 0 | 0 | 0 | 3 | 1 | 1 | 1 | 1 | 2 | 1 | 1 | 1 | 2 | 0 | 0 | 0 | 1 | 2 | 2 | 0 | 0 | 0 | 0 | 0 | 0 | 3 | 2 | 3 | 2 | 3 | 5 | 2 | 1 | 4 | 7 | 2 | 2 | 3 | 2 | 4 | 5 | 4 |
 167 | Felice, Gian Marco | Princeton University | 2000 | male | 1 | 1 | 2001 | 1 | 1 | 2001 | 0 | 0 | 0 | 0 | 0 | 1 | 1 | 0 | 0 | 0 | 0 | 0 | 0 | 0 | 0 | 0 | 0 | 0 | 0 | 0 | 0 | 0 | 0 | 0 | 0 | 0 | 0 | 1 | 1 | 0 | 0 | 0 | 0 | 0 | 0 | 0 | 0 | 0 | 0 | 0 | 0 | 0 | 0 | 0 |
 171 | Nelson, Amy Elizabeth | University of California, Santa Cruz | 2000 | female | 2 | 3 | 2002 | 3 | 16 | 2016 | 0 | 0 | 0 | 1 | 0 | 1 | 1 | 2 | 0 | 0 | 0 | 0 | 0 | 0 | 0 | 0 | 0 | 0 | 0 | 0 | 0 | 0 | 0 | 0 | 1 | 1 | 0 | 1 | 2 | 2 | 2 | 0 | 0 | 0 | 0 | 2 | 1 | 0 | 0 | 0 | 1 | 2 | 3 | 1 |
 172 | Gu, Ming Feng | Columbia University | 2000 | male | 2 | 23 | 2017 | 3 | 53 | 2017 | 0 | 0 | 0 | 0 | 1 | 1 | 1 | 1 | 4 | 2 | 2 | 3 | 3 | 0 | 1 | 0 | 3 | 0 | 1 | 0 | 0 | 1 | 0 | 0 | 0 | 0 | 1 | 2 | 3 | 3 | 6 | 4 | 5 | 8 | 4 | 1 | 4 | 0 | 4 | 1 | 1 | 0 | 4 | 3 |
 173 | Jangren, Anna Maria | The Pennsylvania State University | 2000 | female | 1 | 2 | 2005 | 4 | 8 | 2005 | 0 | 0 | 0 | 0 | 0 | 1 | 0 | 0 | 0 | 0 | 2 | 0 | 0 | 0 | 0 | 0 | 0 | 0 | 0 | 0 | 0 | 0 | 0 | 0 | 0 | 1 | 0 | 3 | 0 | 0 | 1 | 3 | 4 | 0 | 0 | 0 | 0 | 0 | 0 | 0 | 0 | 0 | 0 | 0 |
 180 | Khanna, Gaurav | The Pennsylvania State University | 2000 | male | 3 | 6 | 2017 | 5 | 50 | 2017 | 0 | 0 | 0 | 0 | 1 | 2 | 1 | 2 | 0 | 1 | 0 | 0 | 0 | 0 | 0 | 1 | 0 | 0 | 0 | 0 | 0 | 0 | 0 | 0 | 0 | 1 | 1 | 3 | 2 | 4 | 2 | 3 | 3 | 3 | 3 | 3 | 3 | 3 | 6 | 2 | 3 | 3 | 2 | 4 |
 182 | Shah, Nitesh Navin | The University of Arizona | 2000 | male | 1 | 0 | 2000 | 1 | 2 | 2013 | 0 | 0 | 0 | 0 | 0 | 1 | 0 | 0 | 0 | 0 | 0 | 0 | 0 | 0 | 0 | 0 | 0 | 0 | 0 | 0 | 0 | 0 | 0 | 0 | 0 | 0 | 0 | 1 | 0 | 0 | 0 | 0 | 0 | 0 | 0 | 0 | 0 | 0 | 1 | 0 | 1 | 0 | 0 | 0 |
 183 | Gonzalez, Anthony Hernan | University of California, Santa Cruz | 2000 | male | 4 | 15 | 2015 | 10 | 189 | 2017 | 0 | 0 | 1 | 0 | 0 | 3 | 1 | 3 | 1 | 2 | 2 | 0 | 1 | 0 | 1 | 1 | 0 | 1 | 1 | 0 | 1 | 0 | 0 | 2 | 3 | 1 | 1 | 3 | 2 | 6 | 2 | 5 | 6 | 8 | 4 | 8 | 12 | 11 | 13 | 26 | 24 | 18 | 18 | 18 |
 193 | Cartin, Daniel Burdett, III | The Pennsylvania State University | 2000 | male | 1 | 11 | 2015 | 1 | 13 | 2015 | 0 | 0 | 0 | 0 | 0 | 1 | 0 | 1 | 0 | 1 | 2 | 1 | 0 | 0 | 0 | 1 | 0 | 1 | 1 | 1 | 2 | 0 | 0 | 0 | 0 | 0 | 0 | 1 | 0 | 1 | 0 | 1 | 2 | 1 | 1 | 0 | 0 | 1 | 0 | 2 | 1 | 1 | 2 | 0 |
 195 | Munoz Franco, Lucia | The University of Chicago | 2000 | female | 1 | 0 | 2000 | 1 | 0 | 2000 | 0 | 0 | 0 | 0 | 0 | 1 | 0 | 0 | 0 | 0 | 0 | 0 | 0 | 0 | 0 | 0 | 0 | 0 | 0 | 0 | 0 | 0 | 0 | 0 | 0 | 0 | 0 | 1 | 0 | 0 | 0 | 0 | 0 | 0 | 0 | 0 | 0 | 0 | 0 | 0 | 0 | 0 | 0 | 0 |
 197 | Wyder, Ted Kevin | University of Washington | 2000 | male | 5 | 5 | 2009 | 7 | 125 | 2015 | 0 | 0 | 1 | 1 | 0 | 3 | 1 | 0 | 1 | 0 | 1 | 0 | 1 | 0 | 1 | 0 | 0 | 0 | 0 | 0 | 0 | 0 | 0 | 0 | 1 | 1 | 1 | 4 | 1 | 1 | 1 | 1 | 35 | 5 | 32 | 3 | 10 | 9 | 10 | 7 | 7 | 2 | 1 | 0 |
 199 | Allen, Anthony Douglas | University of California, Berkeley | 2000 | male | 3 | 5 | 2013 | 4 | 12 | 2015 | 0 | 0 | 0 | 1 | 0 | 2 | 1 | 0 | 2 | 1 | 0 | 0 | 0 | 0 | 0 | 0 | 0 | 0 | 1 | 0 | 0 | 0 | 0 | 0 | 0 | 1 | 0 | 3 | 1 | 0 | 2 | 2 | 1 | 3 | 0 | 0 | 0 | 0 | 0 | 1 | 1 | 0 | 1 | 0 |
 200 | Tung, Yeh-Kai | University of California, Berkeley | 2000 | male | 1 | 3 | 2002 | 4 | 6 | 2004 | 0 | 0 | 0 | 0 | 0 | 1 | 2 | 1 | 0 | 0 | 0 | 0 | 0 | 0 | 0 | 0 | 0 | 0 | 0 | 0 | 0 | 0 | 1 | 0 | 0 | 1 | 0 | 2 | 2 | 1 | 2 | 1 | 0 | 0 | 0 | 0 | 0 | 0 | 0 | 0 | 0 | 0 | 0 | 0 |
 201 | Reitzel, David Brian | University of California, Santa Cruz | 2000 | male | 2 | 2 | 2004 | 4 | 33 | 2014 | 0 | 0 | 0 | 1 | 0 | 1 | 0 | 1 | 0 | 1 | 0 | 0 | 0 | 0 | 0 | 0 | 0 | 0 | 0 | 0 | 0 | 0 | 2 | 0 | 0 | 1 | 0 | 1 | 0 | 1 | 0 | 3 | 2 | 5 | 9 | 5 | 2 | 0 | 0 | 3 | 1 | 2 | 0 | 0 |
 203 | Wood, David Allen, Jr. | The University of Arizona | 2000 | male | 1 | 0 | 2000 | 1 | 4 | 2016 | 0 | 0 | 0 | 0 | 0 | 1 | 0 | 0 | 0 | 0 | 0 | 0 | 0 | 0 | 0 | 0 | 0 | 0 | 0 | 0 | 0 | 0 | 0 | 0 | 0 | 0 | 0 | 1 | 0 | 1 | 0 | 0 | 0 | 0 | 0 | 0 | 0 | 1 | 0 | 0 | 1 | 0 | 0 | 1 |
 214 | Miller, Amber Dawn | Princeton University | 2000 | female | 4 | 3 | 2015 | 17 | 60 | 2017 | 0 | 0 | 0 | 2 | 1 | 1 | 0 | 1 | 0 | 0 | 0 | 0 | 0 | 1 | 0 | 0 | 0 | 0 | 0 | 0 | 1 | 0 | 2 | 0 | 2 | 8 | 2 | 3 | 1 | 3 | 2 | 0 | 1 | 0 | 1 | 2 | 4 | 3 | 4 | 5 | 1 | 2 | 10 | 12 |
 221 | Saucedo Morales, Julio Cesar | The University of Arizona | 2000 | male | 1 | 0 | 2000 | 1 | 9 | 2017 | 0 | 0 | 0 | 0 | 0 | 1 | 0 | 0 | 0 | 0 | 0 | 0 | 0 | 0 | 0 | 0 | 0 | 0 | 0 | 0 | 0 | 0 | 0 | 0 | 0 | 0 | 0 | 1 | 2 | 0 | 0 | 0 | 0 | 0 | 0 | 3 | 0 | 0 | 0 | 1 | 0 | 0 | 2 | 0 |
 225 | Goldberg, David M. | Princeton University | 2000 | male | 9 | 8 | 2010 | 14 | 24 | 2016 | 0 | 0 | 3 | 3 | 1 | 2 | 2 | 1 | 0 | 1 | 2 | 0 | 1 | 0 | 0 | 1 | 0 | 0 | 0 | 0 | 0 | 0 | 0 | 0 | 5 | 4 | 3 | 2 | 4 | 1 | 0 | 2 | 3 | 1 | 3 | 4 | 0 | 2 | 2 | 0 | 0 | 1 | 0 | 1 |
 229 | Zakharian, Aramais Robert | The University of Arizona | 2000 | male | 2 | 1 | 2001 | 6 | 3 | 2001 | 0 | 0 | 0 | 0 | 1 | 1 | 1 | 0 | 0 | 0 | 0 | 0 | 0 | 0 | 0 | 0 | 0 | 0 | 0 | 0 | 0 | 0 | 0 | 1 | 1 | 0 | 3 | 1 | 3 | 0 | 0 | 0 | 0 | 0 | 0 | 0 | 0 | 0 | 0 | 0 | 0 | 0 | 0 | 0 |
 235 | Oser, Scott Michael | THE UNIVERSITY OF CHICAGO | 2000 | male | 2 | 1 | 2001 | 16 | 31 | 2017 | 0 | 0 | 0 | 0 | 1 | 1 | 1 | 0 | 0 | 0 | 0 | 0 | 0 | 0 | 0 | 0 | 0 | 0 | 0 | 0 | 0 | 0 | 1 | 1 | 6 | 2 | 5 | 1 | 2 | 3 | 0 | 1 | 4 | 3 | 1 | 2 | 1 | 2 | 2 | 1 | 3 | 1 | 4 | 0 |
 236 | Jewell, Jeffrey B. | THE UNIVERSITY OF CHICAGO | 2000 | male | 1 | 3 | 2009 | 1 | 38 | 2016 | 0 | 0 | 0 | 0 | 0 | 1 | 1 | 0 | 0 | 1 | 0 | 0 | 0 | 0 | 1 | 0 | 0 | 0 | 0 | 0 | 0 | 0 | 0 | 0 | 0 | 0 | 0 | 1 | 1 | 0 | 0 | 3 | 1 | 0 | 3 | 3 | 4 | 1 | 2 | 1 | 2 | 11 | 3 | 3 |
 242 | Rebull, Luisa Marie | Department of Astronomy, University of Chicago, 5640 S. Ellis Ave, Chicago, IL 60637 USA | 2000 | female | 3 | 22 | 2017 | 7 | 117 | 2017 | 0 | 0 | 0 | 1 | 0 | 2 | 1 | 2 | 1 | 1 | 0 | 2 | 1 | 1 | 0 | 1 | 3 | 0 | 1 | 1 | 3 | 3 | 0 | 1 | 1 | 2 | 1 | 2 | 2 | 2 | 2 | 11 | 2 | 6 | 8 | 6 | 10 | 9 | 9 | 10 | 4 | 7 | 11 | 14 |
 245 | MacFadyen, Andrew Ian | UNIVERSITY OF CALIFORNIA, SANTA CRUZ | 2000 | male | 2 | 2 | 2008 | 6 | 58 | 2017 | 0 | 0 | 0 | 0 | 1 | 1 | 1 | 0 | 0 | 0 | 0 | 0 | 0 | 1 | 0 | 0 | 0 | 0 | 0 | 0 | 0 | 0 | 0 | 0 | 1 | 0 | 2 | 3 | 1 | 2 | 2 | 0 | 2 | 5 | 3 | 3 | 2 | 4 | 2 | 6 | 10 | 4 | 10 | 1 |
 249 | Newman, Jeffrey Allen | UNIVERSITY OF CALIFORNIA, BERKELEY | 2000 | male | 4 | 7 | 2015 | 7 | 163 | 2017 | 0 | 0 | 1 | 0 | 1 | 2 | 1 | 2 | 0 | 0 | 0 | 0 | 0 | 1 | 0 | 0 | 0 | 0 | 1 | 0 | 2 | 0 | 0 | 0 | 2 | 1 | 2 | 2 | 3 | 4 | 1 | 4 | 5 | 9 | 17 | 12 | 9 | 6 | 12 | 18 | 20 | 6 | 19 | 13 |
 251 | Oh, Siang Peng | Princeton University | 2000 | male | 3 | 13 | 2017 | 8 | 71 | 2017 | 0 | 0 | 0 | 0 | 2 | 1 | 4 | 2 | 4 | 1 | 1 | 0 | 0 | 0 | 0 | 0 | 0 | 0 | 0 | 0 | 0 | 0 | 0 | 1 | 2 | 0 | 2 | 3 | 7 | 3 | 5 | 3 | 2 | 6 | 2 | 6 | 7 | 1 | 8 | 4 | 7 | 0 | 1 | 6 |
 256 | Zingale, Michael Anthony | THE UNIVERSITY OF CHICAGO | 2000 | male | 1 | 10 | 2015 | 4 | 32 | 2016 | 0 | 0 | 0 | 0 | 0 | 1 | 1 | 1 | 0 | 0 | 1 | 0 | 1 | 0 | 1 | 0 | 1 | 0 | 1 | 1 | 2 | 0 | 0 | 0 | 0 | 0 | 0 | 4 | 1 | 2 | 1 | 6 | 1 | 2 | 1 | 2 | 2 | 2 | 2 | 1 | 2 | 3 | 2 | 2 |
 263 | Youssef, Ashraf | UNIVERSITY OF CALIFORNIA, BERKELEY | 2000 | male | 1 | 4 | 2014 | 1 | 5 | 2014 | 0 | 0 | 0 | 0 | 0 | 1 | 0 | 0 | 1 | 0 | 0 | 0 | 0 | 0 | 0 | 0 | 1 | 0 | 1 | 1 | 0 | 0 | 0 | 0 | 0 | 0 | 0 | 1 | 0 | 0 | 1 | 0 | 0 | 0 | 0 | 0 | 0 | 1 | 1 | 0 | 1 | 1 | 0 | 0 |
 264 | Matheson, Thomas Douglas | UNIVERSITY OF CALIFORNIA, BERKELEY | 2000 | male | 4 | 8 | 2012 | 26 | 98 | 2017 | 0 | 0 | 0 | 0 | 0 | 4 | 2 | 0 | 2 | 1 | 1 | 0 | 0 | 1 | 0 | 0 | 0 | 1 | 0 | 0 | 0 | 0 | 8 | 3 | 3 | 0 | 4 | 8 | 6 | 6 | 10 | 6 | 5 | 5 | 5 | 13 | 3 | 2 | 7 | 8 | 2 | 8 | 2 | 8 |
 267 | Friedland, Alexander | UNIVERSITY OF CALIFORNIA, BERKELEY | 2000 | male | 2 | 11 | 2013 | 5 | 21 | 2013 | 0 | 0 | 0 | 0 | 0 | 2 | 1 | 0 | 3 | 1 | 0 | 1 | 0 | 1 | 1 | 1 | 0 | 0 | 2 | 0 | 0 | 0 | 0 | 0 | 0 | 0 | 2 | 3 | 2 | 0 | 3 | 1 | 2 | 1 | 0 | 1 | 3 | 1 | 3 | 1 | 3 | 0 | 0 | 0 |
 268 | Baltz, Edward Anthony | UNIVERSITY OF CALIFORNIA, BERKELEY | 2000 | male | 7 | 18 | 2009 | 7 | 32 | 2017 | 0 | 0 | 0 | 2 | 2 | 3 | 3 | 1 | 4 | 3 | 3 | 1 | 1 | 1 | 1 | 0 | 0 | 0 | 0 | 0 | 0 | 0 | 0 | 0 | 0 | 2 | 2 | 3 | 3 | 2 | 5 | 7 | 5 | 3 | 1 | 2 | 2 | 0 | 0 | 0 | 0 | 0 | 0 | 1 |
 270 | Leonard, Douglas Christopher | University of California, Berkeley | 2000 | male | 2 | 13 | 2011 | 15 | 81 | 2017 | 0 | 0 | 0 | 0 | 0 | 2 | 2 | 5 | 1 | 0 | 1 | 1 | 1 | 1 | 0 | 0 | 1 | 0 | 0 | 0 | 0 | 0 | 0 | 0 | 2 | 1 | 6 | 6 | 6 | 11 | 4 | 1 | 10 | 3 | 4 | 4 | 4 | 2 | 4 | 9 | 3 | 5 | 3 | 5 |
 271 | Becker, Andrew Cameron | University of Washington | 2000 | male | 1 | 8 | 2013 | 33 | 108 | 2016 | 0 | 0 | 0 | 0 | 0 | 1 | 0 | 0 | 0 | 1 | 0 | 0 | 1 | 3 | 0 | 0 | 1 | 1 | 1 | 0 | 0 | 0 | 0 | 4 | 7 | 4 | 8 | 10 | 10 | 3 | 4 | 2 | 8 | 4 | 7 | 16 | 5 | 7 | 7 | 9 | 9 | 9 | 4 | 4 |
 272 | Liu, Michael C. | University of California, Berkeley | 2000 | male | 7 | 22 | 2016 | 22 | 168 | 2017 | 1 | 2 | 0 | 0 | 0 | 4 | 1 | 3 | 1 | 2 | 1 | 1 | 1 | 1 | 0 | 3 | 2 | 1 | 2 | 0 | 1 | 2 | 3 | 3 | 2 | 1 | 4 | 9 | 3 | 5 | 7 | 9 | 10 | 4 | 10 | 12 | 9 | 12 | 10 | 11 | 15 | 14 | 18 | 14 |
 275 | Cumming, Andrew William | University of California, Berkeley | 2000 | male | 4 | 17 | 2017 | 6 | 219 | 2017 | 0 | 1 | 0 | 0 | 1 | 2 | 2 | 2 | 1 | 4 | 2 | 1 | 0 | 1 | 2 | 1 | 0 | 0 | 0 | 0 | 0 | 0 | 0 | 1 | 0 | 1 | 2 | 2 | 4 | 2 | 3 | 8 | 5 | 3 | 11 | 18 | 20 | 15 | 9 | 25 | 10 | 26 | 12 | 32 |
 282 | Harris, Jason Robert | University of California, Santa Cruz | 2000 | male | 3 | 12 | 2014 | 8 | 89 | 2015 | 0 | 0 | 1 | 0 | 1 | 1 | 2 | 0 | 0 | 2 | 0 | 1 | 1 | 2 | 1 | 0 | 0 | 1 | 0 | 2 | 0 | 0 | 0 | 0 | 3 | 1 | 2 | 2 | 4 | 1 | 0 | 6 | 1 | 4 | 2 | 7 | 11 | 2 | 4 | 10 | 12 | 15 | 10 | 0 |
 289 | Gildemeister, Jan Mathias | University of California, Berkeley | 2000 | male | 2 | 0 | 2000 | 2 | 1 | 2002 | 0 | 0 | 0 | 0 | 1 | 1 | 0 | 0 | 0 | 0 | 0 | 0 | 0 | 0 | 0 | 0 | 0 | 0 | 0 | 0 | 0 | 0 | 0 | 0 | 0 | 0 | 1 | 1 | 0 | 1 | 0 | 0 | 0 | 0 | 0 | 0 | 0 | 0 | 0 | 0 | 0 | 0 | 0 | 0 |
 291 | Wong, Tony Hao | University of California, Berkeley | 2000 | male | 2 | 16 | 2013 | 5 | 87 | 2017 | 0 | 0 | 0 | 0 | 0 | 2 | 2 | 2 | 0 | 3 | 0 | 1 | 1 | 2 | 2 | 0 | 1 | 0 | 2 | 0 | 0 | 0 | 0 | 0 | 0 | 1 | 1 | 3 | 4 | 2 | 2 | 4 | 3 | 4 | 4 | 6 | 7 | 5 | 4 | 9 | 12 | 6 | 8 | 2 |
 292 | Krisciunas, Kevin Lee | University of Washington | 2000 | male | 12 | 22 | 2017 | 24 | 74 | 2017 | 4 | 1 | 2 | 1 | 2 | 2 | 2 | 0 | 1 | 4 | 2 | 1 | 2 | 0 | 2 | 2 | 1 | 2 | 1 | 0 | 1 | 0 | 5 | 4 | 4 | 3 | 4 | 4 | 2 | 2 | 9 | 7 | 3 | 3 | 7 | 6 | 6 | 5 | 4 | 5 | 2 | 4 | 6 | 2 |
 295 | Beetle, Christopher | The Pennsylvania State University | 2000 | male | 1 | 8 | 2016 | 4 | 15 | 2016 | 0 | 0 | 0 | 0 | 0 | 1 | 0 | 1 | 0 | 0 | 1 | 1 | 1 | 0 | 0 | 1 | 0 | 0 | 0 | 1 | 1 | 1 | 0 | 0 | 0 | 0 | 1 | 3 | 1 | 3 | 0 | 1 | 2 | 2 | 1 | 0 | 0 | 1 | 0 | 0 | 0 | 1 | 2 | 1 |
 297 | Gardner, Jeffrey Paul | University of Washington | 2000 | male | 9 | 3 | 2003 | 16 | 27 | 2014 | 2 | 2 | 3 | 0 | 1 | 1 | 2 | 0 | 1 | 0 | 0 | 0 | 0 | 0 | 0 | 0 | 0 | 0 | 0 | 0 | 0 | 0 | 2 | 4 | 4 | 2 | 2 | 2 | 6 | 1 | 2 | 3 | 3 | 2 | 1 | 1 | 0 | 1 | 5 | 1 | 0 | 1 | 0 | 0 |
