n | name | university | phd_year | gender | fa_n_pubs_pre_phd | fa_n_pubs_prost_phd | fa_year_last | all_n_pubs_pre_phd | all_n_pubs_prost_phd | all_year_last |  fa_1994 | fa_1995 | fa_1996 | fa_1997 | fa_1998 | fa_1999 | fa_2000 | fa_2001 | fa_2002 | fa_2003 | fa_2004 | fa_2005 | fa_2006 | fa_2007 | fa_2008 | fa_2009 | fa_2010 | fa_2011 | fa_2012 | fa_2013 | fa_2014 | fa_2015 | fa_2016 |  all_1994 | all_1995 | all_1996 | all_1997 | all_1998 | all_1999 | all_2000 | all_2001 | all_2002 | all_2003 | all_2004 | all_2005 | all_2006 | all_2007 | all_2008 | all_2009 | all_2010 | all_2011 | all_2012 | all_2013 | all_2014 | all_2015 | all_2016 | foo
1 | Lee, Brian Charles | THE UNIVERSITY OF MICHIGAN | 1999 | male | 2 | 11 | 2015 | 6 | 117 | 2017 | 0 | 0 | 0 | 1 | 0 | 1 | 0 | 1 | 0 | 0 | 1 | 0 | 0 | 0 | 1 | 0 | 0 | 1 | 3 | 1 | 2 | 1 | 0 |  0 | 1 | 0 | 2 | 0 | 3 | 4 | 4 | 10 | 4 | 10 | 7 | 10 | 14 | 13 | 5 | 7 | 3 | 10 | 4 | 2 | 3 | 5 |
2 | Marronetti, Pedro | UNIVERSITY OF NOTRE DAME | 1999 | male | 3 | 8 | 2008 | 6 | 30 | 2016 | 0 | 0 | 0 | 0 | 1 | 2 | 3 | 0 | 0 | 1 | 1 | 0 | 1 | 1 | 1 | 0 | 0 | 0 | 0 | 0 | 0 | 0 | 0 |  1 | 0 | 1 | 0 | 2 | 2 | 5 | 0 | 0 | 3 | 1 | 0 | 2 | 2 | 2 | 2 | 2 | 1 | 1 | 4 | 1 | 2 | 2 |
3 | Pasquali, Lara | THE UNIVERSITY OF IOWA | 1999 | female | 5 | 0 | 1999 | 5 | 1 | 2009 | 0 | 0 | 0 | 0 | 1 | 4 | 0 | 0 | 0 | 0 | 0 | 0 | 0 | 0 | 0 | 0 | 0 | 0 | 0 | 0 | 0 | 0 | 0 |  0 | 0 | 0 | 0 | 1 | 4 | 0 | 0 | 0 | 0 | 0 | 0 | 0 | 0 | 0 | 1 | 0 | 0 | 0 | 0 | 0 | 0 | 0 |
4 | Sanford, Robert Ellis, Jr. | THE LOUISIANA STATE UNIVERSITY AND AGRICULTURAL AND MECHANICAL COL. | 1999 | male | 1 | 0 | 1999 | 9 | 2 | 2009 | 0 | 0 | 0 | 0 | 0 | 1 | 0 | 0 | 0 | 0 | 0 | 0 | 0 | 0 | 0 | 0 | 0 | 0 | 0 | 0 | 0 | 0 | 0 |  0 | 0 | 0 | 0 | 4 | 5 | 1 | 0 | 0 | 0 | 0 | 0 | 0 | 0 | 0 | 1 | 0 | 0 | 0 | 0 | 0 | 0 | 0 |
5 | Fisher, Paul | THE LOUISIANA STATE UNIVERSITY AND AGRICULTURAL AND MECHANICAL COL. | 1999 | male | 1 | 0 | 1999 | 4 | 20 | 2015 | 0 | 0 | 0 | 0 | 0 | 1 | 0 | 0 | 0 | 0 | 0 | 0 | 0 | 0 | 0 | 0 | 0 | 0 | 0 | 0 | 0 | 0 | 0 |  1 | 0 | 1 | 0 | 0 | 2 | 1 | 0 | 1 | 0 | 0 | 2 | 1 | 1 | 2 | 0 | 2 | 3 | 1 | 1 | 2 | 3 | 0 |
6 | Kass, David Michael | CALIFORNIA INSTITUTE OF TECHNOLOGY | 1999 | male | 3 | 1 | 2003 | 5 | 35 | 2016 | 0 | 1 | 0 | 0 | 0 | 2 | 0 | 0 | 0 | 1 | 0 | 0 | 0 | 0 | 0 | 0 | 0 | 0 | 0 | 0 | 0 | 0 | 0 |  0 | 1 | 1 | 0 | 1 | 2 | 0 | 1 | 0 | 3 | 0 | 1 | 0 | 1 | 2 | 2 | 5 | 4 | 3 | 2 | 1 | 7 | 3 |
7 | Levin, Yuri | CALIFORNIA INSTITUTE OF TECHNOLOGY | 1999 | male | 2 | 13 | 2012 | 2 | 122 | 2017 | 0 | 0 | 0 | 0 | 0 | 2 | 0 | 2 | 0 | 1 | 1 | 1 | 2 | 2 | 1 | 0 | 0 | 1 | 2 | 0 | 0 | 0 | 0 |  0 | 0 | 0 | 0 | 0 | 2 | 0 | 3 | 2 | 1 | 2 | 2 | 4 | 2 | 4 | 4 | 4 | 7 | 8 | 4 | 16 | 12 | 34 |
8 | Brockway, Jack Wolston, III | WAKE FOREST UNIVERSITY | 1999 | male | 2 | 0 | 1999 | 2 | 0 | 1999 | 0 | 0 | 1 | 0 | 0 | 1 | 0 | 0 | 0 | 0 | 0 | 0 | 0 | 0 | 0 | 0 | 0 | 0 | 0 | 0 | 0 | 0 | 0 |  0 | 0 | 1 | 0 | 0 | 1 | 0 | 0 | 0 | 0 | 0 | 0 | 0 | 0 | 0 | 0 | 0 | 0 | 0 | 0 | 0 | 0 | 0 |
9 | Mathis, Douglas Frank | ARIZONA STATE UNIVERSITY | 1999 | male | 1 | 0 | 1999 | 1 | 0 | 1999 | 0 | 0 | 0 | 0 | 0 | 1 | 0 | 0 | 0 | 0 | 0 | 0 | 0 | 0 | 0 | 0 | 0 | 0 | 0 | 0 | 0 | 0 | 0 |  0 | 0 | 0 | 0 | 0 | 1 | 0 | 0 | 0 | 0 | 0 | 0 | 0 | 0 | 0 | 0 | 0 | 0 | 0 | 0 | 0 | 0 | 0 |
10 | Sitar, Robert John | THE UNIVERSITY OF MICHIGAN | 1999 | male | 4 | 0 | 1999 | 7 | 0 | 1999 | 0 | 0 | 1 | 0 | 1 | 2 | 0 | 0 | 0 | 0 | 0 | 0 | 0 | 0 | 0 | 0 | 0 | 0 | 0 | 0 | 0 | 0 | 0 |  0 | 2 | 1 | 1 | 1 | 2 | 0 | 0 | 0 | 0 | 0 | 0 | 0 | 0 | 0 | 0 | 0 | 0 | 0 | 0 | 0 | 0 | 0 |
11 | Trilling, David Eric | THE UNIVERSITY OF ARIZONA | 1999 | male | 4 | 15 | 2016 | 5 | 85 | 2017 | 0 | 0 | 0 | 0 | 2 | 2 | 3 | 1 | 1 | 0 | 0 | 0 | 1 | 2 | 2 | 0 | 2 | 0 | 0 | 0 | 0 | 1 | 2 |  0 | 0 | 0 | 0 | 3 | 2 | 4 | 1 | 2 | 4 | 1 | 7 | 8 | 7 | 5 | 5 | 10 | 8 | 3 | 2 | 7 | 4 | 6 |
12 | Link, Robert | INDIANA UNIVERSITY | 1999 | male | 3 | 0 | 1999 | 10 | 9 | 2010 | 1 | 0 | 0 | 0 | 1 | 1 | 0 | 0 | 0 | 0 | 0 | 0 | 0 | 0 | 0 | 0 | 0 | 0 | 0 | 0 | 0 | 0 | 0 |  1 | 0 | 2 | 1 | 3 | 3 | 2 | 0 | 1 | 3 | 0 | 1 | 1 | 0 | 0 | 0 | 1 | 0 | 0 | 0 | 0 | 0 | 0 |
13 | Bullock, James Steven | UNIVERSITY OF CALIFORNIA, SANTA CRUZ | 1999 | male | 3 | 11 | 2010 | 6 | 148 | 2017 | 0 | 0 | 0 | 1 | 0 | 2 | 1 | 4 | 2 | 1 | 0 | 1 | 0 | 1 | 0 | 0 | 1 | 0 | 0 | 0 | 0 | 0 | 0 |  0 | 0 | 0 | 1 | 1 | 4 | 2 | 7 | 6 | 4 | 2 | 4 | 12 | 13 | 12 | 9 | 8 | 12 | 9 | 13 | 14 | 12 | 6 |
14 | Colegrove, Patrick Tod | UNIVERSITY OF NEVADA, RENO | 1999 | male | 1 | 0 | 1999 | 1 | 0 | 1999 | 0 | 0 | 0 | 0 | 0 | 1 | 0 | 0 | 0 | 0 | 0 | 0 | 0 | 0 | 0 | 0 | 0 | 0 | 0 | 0 | 0 | 0 | 0 |  0 | 0 | 0 | 0 | 0 | 1 | 0 | 0 | 0 | 0 | 0 | 0 | 0 | 0 | 0 | 0 | 0 | 0 | 0 | 0 | 0 | 0 | 0 |
15 | Deiker, Steven W. | THE UNIVERSITY OF WISCONSIN - MADISON | 1999 | male | 1 | 0 | 1999 | 2 | 6 | 2008 | 0 | 0 | 0 | 0 | 0 | 1 | 0 | 0 | 0 | 0 | 0 | 0 | 0 | 0 | 0 | 0 | 0 | 0 | 0 | 0 | 0 | 0 | 0 |  0 | 0 | 1 | 0 | 0 | 1 | 1 | 0 | 3 | 0 | 0 | 0 | 0 | 0 | 2 | 0 | 0 | 0 | 0 | 0 | 0 | 0 | 0 |
16 | Munrow, Michaeleen Rose | WESLEYAN UNIVERSITY | 1999 | None | 1 | 0 | 1999 | 2 | 0 | 1999 | 0 | 0 | 0 | 0 | 0 | 1 | 0 | 0 | 0 | 0 | 0 | 0 | 0 | 0 | 0 | 0 | 0 | 0 | 0 | 0 | 0 | 0 | 0 |  0 | 0 | 0 | 0 | 1 | 1 | 0 | 0 | 0 | 0 | 0 | 0 | 0 | 0 | 0 | 0 | 0 | 0 | 0 | 0 | 0 | 0 | 0 |
17 | Denn, Grant Russell | THE UNIVERSITY OF IOWA | 1999 | male | 1 | 1 | 2000 | 1 | 4 | 2010 | 0 | 0 | 0 | 0 | 0 | 1 | 1 | 0 | 0 | 0 | 0 | 0 | 0 | 0 | 0 | 0 | 0 | 0 | 0 | 0 | 0 | 0 | 0 |  0 | 0 | 0 | 0 | 0 | 1 | 1 | 0 | 0 | 0 | 0 | 1 | 1 | 0 | 0 | 0 | 1 | 0 | 0 | 0 | 0 | 0 | 0 |
18 | Dunn, David Erwin | THE UNIVERSITY OF IOWA | 1999 | male | 1 | 6 | 2010 | 2 | 12 | 2017 | 0 | 0 | 0 | 0 | 0 | 1 | 0 | 0 | 1 | 1 | 1 | 1 | 0 | 1 | 0 | 0 | 1 | 0 | 0 | 0 | 0 | 0 | 0 |  0 | 1 | 0 | 0 | 0 | 1 | 0 | 1 | 1 | 2 | 1 | 2 | 0 | 1 | 0 | 0 | 1 | 0 | 0 | 1 | 0 | 0 | 0 |
19 | Nicholson, Robert B. A. | University of Montana | 1999 | male | 1 | 0 | 1999 | 1 | 1 | 2007 | 0 | 0 | 0 | 0 | 0 | 1 | 0 | 0 | 0 | 0 | 0 | 0 | 0 | 0 | 0 | 0 | 0 | 0 | 0 | 0 | 0 | 0 | 0 |  0 | 0 | 0 | 0 | 0 | 1 | 0 | 0 | 0 | 0 | 0 | 0 | 0 | 1 | 0 | 0 | 0 | 0 | 0 | 0 | 0 | 0 | 0 |
20 | Craddock, Robert Anthony | UNIVERSITY OF VIRGINIA | 1999 | male | 3 | 8 | 2017 | 4 | 22 | 2017 | 0 | 0 | 0 | 2 | 0 | 1 | 1 | 0 | 1 | 0 | 0 | 0 | 0 | 0 | 0 | 1 | 0 | 1 | 1 | 0 | 0 | 1 | 1 |  0 | 1 | 0 | 2 | 0 | 1 | 2 | 1 | 2 | 0 | 1 | 2 | 1 | 0 | 0 | 2 | 1 | 2 | 2 | 0 | 3 | 1 | 1 |
21 | Coker, Robert Francis | THE UNIVERSITY OF ARIZONA | 1999 | male | 4 | 6 | 2007 | 7 | 22 | 2011 | 0 | 0 | 0 | 2 | 0 | 2 | 3 | 1 | 1 | 0 | 0 | 0 | 0 | 1 | 0 | 0 | 0 | 0 | 0 | 0 | 0 | 0 | 0 |  0 | 0 | 1 | 2 | 1 | 3 | 5 | 2 | 2 | 1 | 0 | 2 | 2 | 1 | 1 | 3 | 2 | 1 | 0 | 0 | 0 | 0 | 0 |
22 | Ghavamian, Parviz | Rice University | 1999 | male | 2 | 14 | 2016 | 2 | 61 | 2016 | 0 | 0 | 0 | 0 | 1 | 1 | 3 | 1 | 1 | 1 | 0 | 2 | 0 | 2 | 0 | 1 | 0 | 0 | 1 | 1 | 0 | 0 | 1 |  0 | 0 | 0 | 0 | 1 | 1 | 3 | 1 | 1 | 5 | 2 | 3 | 4 | 8 | 5 | 3 | 5 | 5 | 3 | 5 | 3 | 2 | 3 |
23 | Howk, Jay Christopher | THE UNIVERSITY OF WISCONSIN - MADISON | 1999 | male | 7 | 13 | 2012 | 9 | 91 | 2016 | 0 | 0 | 0 | 1 | 0 | 6 | 5 | 0 | 2 | 1 | 0 | 1 | 1 | 0 | 0 | 1 | 0 | 0 | 2 | 0 | 0 | 0 | 0 |  0 | 0 | 0 | 1 | 0 | 8 | 9 | 6 | 13 | 11 | 4 | 3 | 3 | 4 | 6 | 3 | 2 | 6 | 3 | 9 | 2 | 2 | 5 |
24 | Dolphin, Andrew Eugene | UNIVERSITY OF WASHINGTON | 1999 | male | 3 | 18 | 2016 | 6 | 167 | 2017 | 0 | 0 | 0 | 1 | 1 | 1 | 4 | 3 | 4 | 2 | 1 | 0 | 0 | 0 | 0 | 1 | 0 | 0 | 1 | 1 | 0 | 0 | 1 |  0 | 0 | 0 | 1 | 2 | 3 | 7 | 8 | 10 | 9 | 2 | 1 | 5 | 7 | 6 | 10 | 11 | 13 | 15 | 12 | 15 | 16 | 15 |
25 | Marsden, David Christopher | UNIVERSITY OF CALIFORNIA, SAN DIEGO | 1999 | male | 6 | 4 | 2003 | 12 | 15 | 2015 | 0 | 0 | 1 | 1 | 1 | 3 | 0 | 3 | 0 | 1 | 0 | 0 | 0 | 0 | 0 | 0 | 0 | 0 | 0 | 0 | 0 | 0 | 0 |  0 | 0 | 1 | 3 | 4 | 4 | 0 | 5 | 0 | 1 | 0 | 0 | 0 | 0 | 0 | 0 | 2 | 2 | 0 | 3 | 1 | 1 | 0 |
26 | Nishikida, Kaori | THE PENNSYLVANIA STATE UNIVERSITY | 1999 | female | 1 | 1 | 2006 | 1 | 11 | 2006 | 0 | 0 | 0 | 0 | 0 | 1 | 0 | 0 | 0 | 0 | 0 | 0 | 1 | 0 | 0 | 0 | 0 | 0 | 0 | 0 | 0 | 0 | 0 |  0 | 0 | 0 | 0 | 0 | 1 | 1 | 1 | 2 | 0 | 1 | 1 | 5 | 0 | 0 | 0 | 0 | 0 | 0 | 0 | 0 | 0 | 0 |
27 | Perna, Rosalba | HARVARD UNIVERSITY | 1999 | female | 7 | 34 | 2016 | 10 | 149 | 2017 | 0 | 0 | 0 | 2 | 4 | 1 | 8 | 2 | 3 | 4 | 2 | 0 | 2 | 1 | 2 | 1 | 3 | 1 | 2 | 1 | 1 | 0 | 1 |  0 | 0 | 0 | 3 | 6 | 1 | 8 | 7 | 7 | 9 | 9 | 12 | 7 | 16 | 11 | 9 | 7 | 3 | 7 | 12 | 3 | 9 | 8 |
28 | Shavers, Mark Randall | TEXAS A&M UNIVERSITY | 1999 | male | 1 | 1 | 2004 | 2 | 5 | 2011 | 0 | 0 | 0 | 0 | 0 | 1 | 0 | 0 | 0 | 0 | 1 | 0 | 0 | 0 | 0 | 0 | 0 | 0 | 0 | 0 | 0 | 0 | 0 |  0 | 0 | 1 | 0 | 0 | 1 | 0 | 0 | 0 | 0 | 1 | 0 | 1 | 1 | 1 | 0 | 0 | 1 | 0 | 0 | 0 | 0 | 0 |
29 | Williams, Ted Lee | UNIVERSITY OF GEORGIA | 1999 | male | 2 | 1 | 2015 | 3 | 25 | 2016 | 0 | 0 | 1 | 0 | 0 | 1 | 0 | 0 | 0 | 0 | 0 | 0 | 0 | 0 | 0 | 0 | 0 | 0 | 0 | 0 | 0 | 1 | 0 |  0 | 0 | 2 | 0 | 0 | 1 | 0 | 0 | 0 | 0 | 0 | 0 | 2 | 0 | 1 | 2 | 0 | 0 | 1 | 4 | 10 | 4 | 1 |
30 | Chen, Pin | CALIFORNIA INSTITUTE OF TECHNOLOGY | 1999 | male | 12 | 60 | 2017 | 17 | 169 | 2017 | 2 | 3 | 1 | 1 | 1 | 4 | 4 | 4 | 2 | 5 | 2 | 4 | 8 | 2 | 3 | 2 | 1 | 5 | 4 | 0 | 6 | 2 | 4 |  4 | 3 | 2 | 2 | 1 | 5 | 4 | 5 | 6 | 7 | 4 | 10 | 13 | 10 | 11 | 13 | 7 | 11 | 16 | 7 | 10 | 12 | 15 |
31 | Kim, Hee-Jeong | RICE UNIVERSITY | 1999 | female | 5 | 36 | 2015 | 10 | 153 | 2017 | 0 | 0 | 0 | 2 | 0 | 3 | 2 | 0 | 1 | 4 | 3 | 0 | 3 | 1 | 2 | 4 | 5 | 3 | 3 | 1 | 1 | 3 | 0 |  0 | 0 | 0 | 2 | 0 | 8 | 3 | 9 | 6 | 12 | 8 | 5 | 5 | 4 | 8 | 9 | 16 | 14 | 22 | 7 | 8 | 11 | 2 |
32 | Showman, Adam Peter | CALIFORNIA INSTITUTE OF TECHNOLOGY | 1999 | male | 5 | 24 | 2016 | 5 | 138 | 2017 | 0 | 0 | 0 | 2 | 1 | 2 | 1 | 1 | 1 | 0 | 2 | 2 | 1 | 1 | 3 | 2 | 1 | 2 | 0 | 4 | 1 | 1 | 1 |  0 | 0 | 0 | 2 | 1 | 2 | 1 | 2 | 2 | 0 | 3 | 8 | 5 | 7 | 10 | 11 | 10 | 8 | 6 | 18 | 18 | 14 | 10 |
33 | Wilson-Hodge, Colleen Anne | UNIVERSITY OF ALABAMA IN HUNTSVILLE | 1999 | female | 1 | 3 | 2014 | 49 | 120 | 2017 | 0 | 0 | 0 | 0 | 0 | 1 | 0 | 0 | 0 | 0 | 0 | 0 | 0 | 0 | 0 | 0 | 0 | 1 | 1 | 0 | 1 | 0 | 0 |  1 | 14 | 10 | 10 | 6 | 8 | 1 | 1 | 3 | 8 | 2 | 5 | 4 | 8 | 2 | 6 | 19 | 13 | 18 | 4 | 9 | 4 | 10 |
34 | Hashimoto, Yasuhiro | Yale University | 1999 | male | 4 | 9 | 2014 | 10 | 30 | 2016 | 0 | 0 | 0 | 1 | 1 | 2 | 1 | 0 | 1 | 0 | 1 | 1 | 0 | 3 | 1 | 0 | 0 | 0 | 0 | 0 | 1 | 0 | 0 |  0 | 0 | 1 | 2 | 2 | 5 | 2 | 3 | 1 | 1 | 2 | 2 | 0 | 5 | 2 | 3 | 2 | 0 | 2 | 0 | 2 | 2 | 1 |
35 | Frye, Brenda Louise | UNIVERSITY OF CALIFORNIA, BERKELEY | 1999 | female | 3 | 4 | 2012 | 6 | 44 | 2017 | 0 | 0 | 0 | 1 | 1 | 1 | 0 | 0 | 1 | 0 | 0 | 0 | 0 | 1 | 1 | 0 | 0 | 0 | 1 | 0 | 0 | 0 | 0 |  0 | 0 | 0 | 2 | 2 | 2 | 1 | 2 | 1 | 0 | 3 | 3 | 2 | 1 | 4 | 1 | 1 | 1 | 1 | 0 | 1 | 9 | 8 |
36 | Sugita, Seiji | BROWN UNIVERSITY | 1999 | male | 3 | 7 | 2009 | 3 | 83 | 2017 | 0 | 0 | 0 | 0 | 1 | 2 | 0 | 0 | 1 | 4 | 0 | 1 | 0 | 0 | 0 | 1 | 0 | 0 | 0 | 0 | 0 | 0 | 0 |  0 | 0 | 0 | 0 | 1 | 2 | 0 | 0 | 2 | 7 | 4 | 4 | 9 | 9 | 8 | 6 | 6 | 4 | 7 | 4 | 3 | 5 | 4 |
37 | Holtmann, Erich Nielsen | UNIVERSITY OF CALIFORNIA, BERKELEY | 1999 | male | 3 | 0 | 1999 | 4 | 1 | 2000 | 0 | 0 | 1 | 0 | 0 | 2 | 0 | 0 | 0 | 0 | 0 | 0 | 0 | 0 | 0 | 0 | 0 | 0 | 0 | 0 | 0 | 0 | 0 |  0 | 0 | 2 | 0 | 0 | 2 | 1 | 0 | 0 | 0 | 0 | 0 | 0 | 0 | 0 | 0 | 0 | 0 | 0 | 0 | 0 | 0 | 0 |
38 | Harbuck, Charles Craig | THE CATHOLIC UNIVERSITY OF AMERICA | 1999 | male | 1 | 0 | 1999 | 1 | 0 | 1999 | 0 | 0 | 0 | 0 | 0 | 1 | 0 | 0 | 0 | 0 | 0 | 0 | 0 | 0 | 0 | 0 | 0 | 0 | 0 | 0 | 0 | 0 | 0 |  0 | 0 | 0 | 0 | 0 | 1 | 0 | 0 | 0 | 0 | 0 | 0 | 0 | 0 | 0 | 0 | 0 | 0 | 0 | 0 | 0 | 0 | 0 |
39 | Kundu, Arunav | UNIVERSITY OF MARYLAND COLLEGE PARK | 1999 | male | 5 | 11 | 2017 | 10 | 57 | 2017 | 0 | 1 | 0 | 1 | 1 | 2 | 0 | 2 | 2 | 1 | 1 | 1 | 0 | 2 | 1 | 0 | 0 | 0 | 0 | 0 | 0 | 0 | 0 |  0 | 1 | 0 | 4 | 2 | 3 | 0 | 2 | 3 | 5 | 2 | 3 | 2 | 6 | 5 | 3 | 7 | 5 | 5 | 0 | 3 | 1 | 0 |
40 | Lockitch, Keith H. | THE UNIVERSITY OF WISCONSIN - MILWAUKEE | 1999 | male | 2 | 3 | 2004 | 2 | 5 | 2016 | 0 | 0 | 0 | 0 | 0 | 2 | 0 | 1 | 0 | 1 | 1 | 0 | 0 | 0 | 0 | 0 | 0 | 0 | 0 | 0 | 0 | 0 | 0 |  0 | 0 | 0 | 0 | 0 | 2 | 0 | 2 | 0 | 1 | 1 | 0 | 0 | 0 | 0 | 0 | 0 | 0 | 0 | 0 | 0 | 0 | 1 |
41 | Gawiser, Eric Joseph | UNIVERSITY OF CALIFORNIA, BERKELEY | 1999 | male | 3 | 6 | 2009 | 3 | 123 | 2017 | 0 | 0 | 0 | 1 | 1 | 1 | 1 | 1 | 0 | 0 | 0 | 0 | 2 | 1 | 0 | 1 | 0 | 0 | 0 | 0 | 0 | 0 | 0 |  0 | 0 | 0 | 1 | 1 | 1 | 4 | 4 | 1 | 5 | 2 | 3 | 12 | 9 | 6 | 10 | 11 | 13 | 9 | 5 | 8 | 8 | 9 |
42 | Jijina, Jasmin | THE UNIVERSITY OF MICHIGAN | 1999 | female | 3 | 0 | 1999 | 5 | 0 | 1999 | 0 | 0 | 1 | 0 | 0 | 2 | 0 | 0 | 0 | 0 | 0 | 0 | 0 | 0 | 0 | 0 | 0 | 0 | 0 | 0 | 0 | 0 | 0 |  1 | 1 | 1 | 0 | 0 | 2 | 0 | 0 | 0 | 0 | 0 | 0 | 0 | 0 | 0 | 0 | 0 | 0 | 0 | 0 | 0 | 0 | 0 |
43 | Finkbeiner, Douglas Paul | UNIVERSITY OF CALIFORNIA, BERKELEY | 1999 | male | 3 | 16 | 2016 | 5 | 110 | 2017 | 0 | 0 | 0 | 0 | 1 | 2 | 1 | 0 | 1 | 1 | 3 | 0 | 0 | 1 | 2 | 2 | 0 | 1 | 1 | 1 | 0 | 0 | 2 |  0 | 0 | 0 | 0 | 3 | 2 | 1 | 4 | 4 | 10 | 11 | 5 | 8 | 9 | 10 | 9 | 8 | 3 | 5 | 6 | 5 | 4 | 6 |
44 | Orloff, Seth Michael | RICE UNIVERSITY | 1999 | male | 1 | 0 | 1999 | 1 | 0 | 1999 | 0 | 0 | 0 | 0 | 0 | 1 | 0 | 0 | 0 | 0 | 0 | 0 | 0 | 0 | 0 | 0 | 0 | 0 | 0 | 0 | 0 | 0 | 0 |  0 | 0 | 0 | 0 | 0 | 1 | 0 | 0 | 0 | 0 | 0 | 0 | 0 | 0 | 0 | 0 | 0 | 0 | 0 | 0 | 0 | 0 | 0 |
45 | Brunt, Christopher Michael | UNIVERSITY OF MASSACHUSETTS | 1999 | male | 1 | 15 | 2015 | 5 | 67 | 2016 | 0 | 0 | 0 | 0 | 0 | 1 | 0 | 0 | 3 | 4 | 1 | 0 | 0 | 0 | 0 | 1 | 3 | 0 | 0 | 1 | 1 | 1 | 0 |  0 | 0 | 2 | 0 | 1 | 2 | 0 | 1 | 4 | 7 | 3 | 4 | 2 | 1 | 7 | 1 | 15 | 8 | 4 | 2 | 2 | 4 | 2 |
46 | Walker, Peter Wykoff, II | RICE UNIVERSITY | 1999 | male | 1 | 0 | 1999 | 5 | 9 | 2008 | 0 | 0 | 0 | 0 | 0 | 1 | 0 | 0 | 0 | 0 | 0 | 0 | 0 | 0 | 0 | 0 | 0 | 0 | 0 | 0 | 0 | 0 | 0 |  0 | 0 | 0 | 0 | 3 | 2 | 2 | 0 | 0 | 0 | 1 | 0 | 0 | 3 | 3 | 0 | 0 | 0 | 0 | 0 | 0 | 0 | 0 |
47 | Coble, Kimberly Ann | THE UNIVERSITY OF CHICAGO | 1999 | female | 3 | 3 | 2007 | 3 | 12 | 2007 | 0 | 0 | 0 | 1 | 0 | 2 | 1 | 0 | 0 | 1 | 0 | 0 | 0 | 1 | 0 | 0 | 0 | 0 | 0 | 0 | 0 | 0 | 0 |  0 | 0 | 0 | 1 | 0 | 2 | 4 | 2 | 3 | 2 | 0 | 0 | 0 | 1 | 0 | 0 | 0 | 0 | 0 | 0 | 0 | 0 | 0 |
48 | Fodor, Imola K. | UNIVERSITY OF CALIFORNIA, BERKELEY | 1999 | female | 1 | 0 | 1999 | 2 | 0 | 1999 | 0 | 0 | 0 | 0 | 0 | 1 | 0 | 0 | 0 | 0 | 0 | 0 | 0 | 0 | 0 | 0 | 0 | 0 | 0 | 0 | 0 | 0 | 0 |  0 | 0 | 0 | 0 | 0 | 2 | 0 | 0 | 0 | 0 | 0 | 0 | 0 | 0 | 0 | 0 | 0 | 0 | 0 | 0 | 0 | 0 | 0 |
49 | Glaccum, William Joseph | THE UNIVERSITY OF CHICAGO | 1999 | male | 2 | 0 | 1999 | 7 | 9 | 2016 | 0 | 0 | 1 | 0 | 0 | 1 | 0 | 0 | 0 | 0 | 0 | 0 | 0 | 0 | 0 | 0 | 0 | 0 | 0 | 0 | 0 | 0 | 0 |  0 | 2 | 2 | 2 | 0 | 1 | 0 | 0 | 0 | 0 | 2 | 2 | 1 | 0 | 1 | 0 | 0 | 0 | 1 | 0 | 0 | 0 | 2 |
50 | Harmon, Robert Olin, II | THE UNIVERSITY OF CHICAGO | 1999 | male | 1 | 1 | 2000 | 2 | 8 | 2016 | 0 | 0 | 0 | 0 | 0 | 1 | 1 | 0 | 0 | 0 | 0 | 0 | 0 | 0 | 0 | 0 | 0 | 0 | 0 | 0 | 0 | 0 | 0 |  0 | 1 | 0 | 0 | 0 | 1 | 1 | 0 | 0 | 0 | 0 | 1 | 0 | 0 | 0 | 0 | 0 | 1 | 0 | 1 | 0 | 2 | 2 |
51 | Jogee, Shardha | California Institute of Technology | 1999 | female | 3 | 6 | 2009 | 5 | 72 | 2016 | 0 | 0 | 0 | 0 | 1 | 2 | 0 | 0 | 2 | 0 | 1 | 1 | 1 | 0 | 0 | 1 | 0 | 0 | 0 | 0 | 0 | 0 | 0 |  0 | 1 | 0 | 0 | 1 | 3 | 0 | 1 | 2 | 0 | 9 | 7 | 6 | 2 | 5 | 11 | 2 | 4 | 4 | 6 | 4 | 3 | 6 |
52 | Lenters, Geoffrey T. | UNIVERSITY OF ALABAMA IN HUNTSVILLE | 1999 | male | 2 | 2 | 2003 | 2 | 2 | 2003 | 0 | 0 | 0 | 0 | 1 | 1 | 1 | 0 | 0 | 1 | 0 | 0 | 0 | 0 | 0 | 0 | 0 | 0 | 0 | 0 | 0 | 0 | 0 |  0 | 0 | 0 | 0 | 1 | 1 | 1 | 0 | 0 | 1 | 0 | 0 | 0 | 0 | 0 | 0 | 0 | 0 | 0 | 0 | 0 | 0 | 0 |
53 | Snook, Kelly Jean | STANFORD UNIVERSITY | 1999 | female | 1 | 0 | 1999 | 1 | 4 | 2010 | 0 | 0 | 0 | 0 | 0 | 1 | 0 | 0 | 0 | 0 | 0 | 0 | 0 | 0 | 0 | 0 | 0 | 0 | 0 | 0 | 0 | 0 | 0 |  0 | 0 | 0 | 0 | 0 | 1 | 1 | 0 | 0 | 0 | 0 | 0 | 0 | 0 | 0 | 0 | 3 | 0 | 0 | 0 | 0 | 0 | 0 |
54 | Demuth, David M., Jr. | UNIVERSITY OF MINNESOTA | 1999 | male | 4 | 2 | 2004 | 7 | 7 | 2016 | 0 | 0 | 0 | 1 | 0 | 3 | 0 | 1 | 0 | 0 | 1 | 0 | 0 | 0 | 0 | 0 | 0 | 0 | 0 | 0 | 0 | 0 | 0 |  0 | 1 | 0 | 3 | 0 | 3 | 1 | 1 | 0 | 1 | 1 | 1 | 0 | 0 | 0 | 0 | 0 | 0 | 0 | 0 | 0 | 0 | 2 |
55 | Kim, Matthew Yongsok | UNIVERSITY OF CALIFORNIA, BERKELEY | 1999 | male | 2 | 6 | 2016 | 11 | 55 | 2017 | 0 | 0 | 0 | 1 | 0 | 1 | 0 | 0 | 0 | 0 | 0 | 1 | 2 | 0 | 1 | 0 | 0 | 1 | 0 | 0 | 0 | 0 | 1 |  0 | 2 | 2 | 2 | 3 | 2 | 1 | 1 | 2 | 1 | 0 | 3 | 3 | 1 | 8 | 1 | 2 | 4 | 2 | 0 | 0 | 2 | 16 |
56 | Cazes, John E., Jr. | THE LOUISIANA STATE UNIVERSITY AND AGRICULTURAL AND MECHANICAL COL. | 1999 | male | 1 | 1 | 2000 | 2 | 2 | 2001 | 0 | 0 | 0 | 0 | 0 | 1 | 1 | 0 | 0 | 0 | 0 | 0 | 0 | 0 | 0 | 0 | 0 | 0 | 0 | 0 | 0 | 0 | 0 |  0 | 0 | 0 | 1 | 0 | 1 | 1 | 1 | 0 | 0 | 0 | 0 | 0 | 0 | 0 | 0 | 0 | 0 | 0 | 0 | 0 | 0 | 0 |
57 | Chabot, Nancy Lynne | THE UNIVERSITY OF ARIZONA | 1999 | female | 4 | 18 | 2016 | 5 | 41 | 2016 | 0 | 0 | 0 | 1 | 0 | 3 | 2 | 0 | 0 | 3 | 1 | 1 | 1 | 1 | 1 | 1 | 1 | 1 | 1 | 1 | 1 | 1 | 1 |  0 | 0 | 0 | 1 | 0 | 4 | 2 | 0 | 0 | 3 | 1 | 2 | 1 | 1 | 2 | 5 | 1 | 7 | 1 | 3 | 2 | 6 | 4 |
58 | Grier, Jennifer Ann | THE UNIVERSITY OF ARIZONA | 1999 | female | 4 | 2 | 2004 | 12 | 7 | 2011 | 0 | 1 | 0 | 1 | 0 | 2 | 0 | 1 | 0 | 0 | 1 | 0 | 0 | 0 | 0 | 0 | 0 | 0 | 0 | 0 | 0 | 0 | 0 |  3 | 4 | 1 | 1 | 1 | 2 | 1 | 1 | 1 | 1 | 1 | 0 | 0 | 0 | 0 | 0 | 0 | 2 | 0 | 0 | 0 | 0 | 0 |
59 | Kirkland, Laurel Ellyn | RICE UNIVERSITY | 1999 | female | 1 | 4 | 2004 | 1 | 21 | 2015 | 0 | 0 | 0 | 0 | 0 | 1 | 1 | 1 | 0 | 1 | 1 | 0 | 0 | 0 | 0 | 0 | 0 | 0 | 0 | 0 | 0 | 0 | 0 |  0 | 0 | 0 | 0 | 0 | 1 | 2 | 1 | 0 | 1 | 1 | 0 | 0 | 0 | 0 | 0 | 0 | 0 | 2 | 8 | 5 | 1 | 0 |
60 | Morrison, Glenn Evan | THE UNIVERSITY OF NEW MEXICO | 1999 | male | 1 | 3 | 2010 | 6 | 83 | 2016 | 0 | 0 | 0 | 0 | 0 | 1 | 0 | 0 | 0 | 2 | 0 | 0 | 0 | 0 | 0 | 0 | 1 | 0 | 0 | 0 | 0 | 0 | 0 |  1 | 0 | 0 | 1 | 0 | 4 | 0 | 2 | 4 | 4 | 1 | 5 | 4 | 3 | 7 | 10 | 16 | 4 | 7 | 3 | 4 | 4 | 5 |
61 | Grogin, Norman Andrew | HARVARD UNIVERSITY | 1999 | male | 6 | 4 | 2011 | 9 | 156 | 2017 | 0 | 0 | 2 | 0 | 2 | 2 | 1 | 0 | 0 | 1 | 0 | 1 | 0 | 0 | 0 | 0 | 0 | 1 | 0 | 0 | 0 | 0 | 0 |  0 | 0 | 2 | 0 | 3 | 4 | 1 | 2 | 4 | 1 | 15 | 5 | 4 | 3 | 3 | 7 | 4 | 10 | 19 | 24 | 18 | 19 | 9 |
62 | Han, Sang-In | THE UNIVERSITY OF WISCONSIN - MADISON | 1999 | male | 1 | 0 | 1999 | 1 | 6 | 2015 | 0 | 0 | 0 | 0 | 0 | 1 | 0 | 0 | 0 | 0 | 0 | 0 | 0 | 0 | 0 | 0 | 0 | 0 | 0 | 0 | 0 | 0 | 0 |  0 | 0 | 0 | 0 | 0 | 1 | 1 | 0 | 2 | 0 | 0 | 0 | 2 | 0 | 0 | 0 | 0 | 0 | 0 | 0 | 0 | 1 | 0 |
63 | Woods, Eric Alan | HARVARD UNIVERSITY | 1999 | male | 5 | 0 | 1999 | 5 | 0 | 1999 | 1 | 1 | 0 | 0 | 1 | 2 | 0 | 0 | 0 | 0 | 0 | 0 | 0 | 0 | 0 | 0 | 0 | 0 | 0 | 0 | 0 | 0 | 0 |  1 | 1 | 0 | 0 | 1 | 2 | 0 | 0 | 0 | 0 | 0 | 0 | 0 | 0 | 0 | 0 | 0 | 0 | 0 | 0 | 0 | 0 | 0 |
64 | Chae, Kyu-Hyun | UNIVERSITY OF PITTSBURGH | 1999 | male | 5 | 16 | 2015 | 5 | 23 | 2017 | 0 | 0 | 0 | 0 | 2 | 3 | 0 | 2 | 2 | 2 | 1 | 1 | 1 | 1 | 0 | 0 | 1 | 1 | 1 | 0 | 2 | 1 | 0 |  0 | 0 | 0 | 0 | 2 | 3 | 0 | 2 | 2 | 5 | 1 | 1 | 1 | 1 | 0 | 0 | 1 | 1 | 1 | 0 | 2 | 1 | 3 |
65 | Klumpe, Eric William | THE UNIVERSITY OF TEXAS AT AUSTIN | 1999 | male | 1 | 0 | 1999 | 3 | 13 | 2008 | 0 | 0 | 0 | 0 | 0 | 1 | 0 | 0 | 0 | 0 | 0 | 0 | 0 | 0 | 0 | 0 | 0 | 0 | 0 | 0 | 0 | 0 | 0 |  0 | 0 | 0 | 1 | 0 | 2 | 1 | 0 | 1 | 6 | 2 | 0 | 2 | 0 | 1 | 0 | 0 | 0 | 0 | 0 | 0 | 0 | 0 |
66 | Chalmers, James Handson | CARLETON UNIVERSITY (CANADA) | 1999 | male | 1 | 0 | 1999 | 1 | 1 | 2005 | 0 | 0 | 0 | 0 | 0 | 1 | 0 | 0 | 0 | 0 | 0 | 0 | 0 | 0 | 0 | 0 | 0 | 0 | 0 | 0 | 0 | 0 | 0 |  0 | 0 | 0 | 0 | 0 | 1 | 0 | 0 | 0 | 0 | 0 | 1 | 0 | 0 | 0 | 0 | 0 | 0 | 0 | 0 | 0 | 0 | 0 |
67 | Wright, Eric Boyd | NORTH CAROLINA STATE UNIVERSITY | 1999 | male | 1 | 0 | 1999 | 2 | 19 | 2014 | 0 | 0 | 0 | 0 | 0 | 1 | 0 | 0 | 0 | 0 | 0 | 0 | 0 | 0 | 0 | 0 | 0 | 0 | 0 | 0 | 0 | 0 | 0 |  0 | 0 | 0 | 0 | 1 | 1 | 0 | 0 | 0 | 0 | 0 | 0 | 0 | 2 | 0 | 1 | 0 | 8 | 4 | 2 | 2 | 0 | 0 |
68 | Mysore, Sangeeta | UNIVERSITY OF GEORGIA | 1999 | female | 1 | 0 | 1999 | 1 | 1 | 2016 | 0 | 0 | 0 | 0 | 0 | 1 | 0 | 0 | 0 | 0 | 0 | 0 | 0 | 0 | 0 | 0 | 0 | 0 | 0 | 0 | 0 | 0 | 0 |  0 | 0 | 0 | 0 | 0 | 1 | 0 | 0 | 0 | 0 | 0 | 0 | 0 | 0 | 0 | 0 | 0 | 0 | 0 | 0 | 0 | 0 | 1 |
69 | Cambrésy, Laurent | IPAC / CALTECH 100-22, CA 91125, USA | 1999 | male | 3 | 7 | 2013 | 6 | 31 | 2017 | 0 | 0 | 0 | 0 | 0 | 3 | 0 | 2 | 1 | 0 | 0 | 1 | 1 | 0 | 0 | 0 | 0 | 1 | 0 | 1 | 0 | 0 | 0 |  0 | 0 | 0 | 1 | 1 | 4 | 0 | 4 | 3 | 3 | 2 | 1 | 4 | 0 | 0 | 1 | 6 | 1 | 0 | 1 | 2 | 1 | 0 |
70 | Stanimirovic, S. | Arecibo Observatory, NAIC/Cornell University, HC 3 Box 53995, Arecibo, Puerto Rico 00612 | 1999 | None | 2 | 3 | 2010 | 3 | 75 | 2017 | 0 | 0 | 0 | 0 | 0 | 2 | 1 | 1 | 0 | 0 | 0 | 0 | 0 | 0 | 0 | 0 | 1 | 0 | 0 | 0 | 0 | 0 | 0 |  0 | 0 | 0 | 0 | 1 | 2 | 2 | 5 | 1 | 3 | 4 | 4 | 3 | 4 | 7 | 8 | 8 | 3 | 6 | 3 | 4 | 9 | 0 |
71 | Wojdowski, Patrick Stephen | MASSACHUSETTS INSTITUTE OF TECHNOLOGY | 1999 | male | 2 | 7 | 2008 | 2 | 9 | 2008 | 0 | 0 | 0 | 0 | 1 | 1 | 1 | 1 | 0 | 1 | 2 | 1 | 0 | 0 | 1 | 0 | 0 | 0 | 0 | 0 | 0 | 0 | 0 |  0 | 0 | 0 | 0 | 1 | 1 | 1 | 1 | 1 | 1 | 2 | 2 | 0 | 0 | 1 | 0 | 0 | 0 | 0 | 0 | 0 | 0 | 0 |
72 | Gomez, Juan Alexander | UNIVERSITY OF KANSAS | 1999 | male | 1 | 1 | 2016 | 2 | 8 | 2016 | 0 | 0 | 0 | 0 | 0 | 1 | 0 | 0 | 0 | 0 | 0 | 0 | 0 | 0 | 0 | 0 | 0 | 0 | 0 | 0 | 0 | 0 | 1 |  0 | 0 | 0 | 1 | 0 | 1 | 0 | 0 | 0 | 0 | 0 | 0 | 1 | 0 | 0 | 1 | 0 | 0 | 0 | 2 | 1 | 0 | 3 |
73 | Haghighipour, Nader | UNIVERSITY OF MISSOURI - COLUMBIA | 1999 | male | 3 | 27 | 2016 | 3 | 73 | 2017 | 0 | 1 | 0 | 0 | 0 | 2 | 1 | 0 | 1 | 4 | 0 | 2 | 1 | 1 | 2 | 2 | 1 | 4 | 2 | 3 | 0 | 1 | 2 |  0 | 1 | 0 | 0 | 0 | 2 | 1 | 0 | 2 | 4 | 0 | 2 | 1 | 4 | 3 | 3 | 4 | 6 | 15 | 12 | 5 | 5 | 5 |
74 | Parry, Matthew F. | BROWN UNIVERSITY | 1999 | male | 3 | 5 | 2006 | 4 | 9 | 2006 | 0 | 0 | 0 | 0 | 0 | 3 | 1 | 0 | 1 | 0 | 1 | 1 | 1 | 0 | 0 | 0 | 0 | 0 | 0 | 0 | 0 | 0 | 0 |  0 | 0 | 0 | 0 | 0 | 4 | 4 | 0 | 1 | 0 | 1 | 2 | 1 | 0 | 0 | 0 | 0 | 0 | 0 | 0 | 0 | 0 | 0 |
75 | Richardson, Mark Ian | UNIVERSITY OF CALIFORNIA, LOS ANGELES | 1999 | male | 2 | 6 | 2012 | 2 | 94 | 2017 | 0 | 0 | 0 | 0 | 1 | 1 | 0 | 0 | 3 | 0 | 0 | 1 | 0 | 1 | 0 | 0 | 0 | 0 | 1 | 0 | 0 | 0 | 0 |  0 | 0 | 0 | 0 | 1 | 1 | 2 | 1 | 5 | 10 | 2 | 6 | 2 | 2 | 3 | 5 | 6 | 8 | 7 | 14 | 11 | 6 | 1 |
76 | Jones, Brian Butler | STANFORD UNIVERSITY | 1999 | male | 3 | 2 | 2009 | 18 | 13 | 2010 | 1 | 0 | 1 | 0 | 0 | 1 | 0 | 0 | 0 | 0 | 0 | 0 | 0 | 0 | 1 | 1 | 0 | 0 | 0 | 0 | 0 | 0 | 0 |  1 | 2 | 5 | 5 | 2 | 3 | 1 | 1 | 0 | 0 | 2 | 3 | 1 | 1 | 1 | 2 | 1 | 0 | 0 | 0 | 0 | 0 | 0 |
77 | Taylor, Jason A. | UNIVERSITY OF MARYLAND COLLEGE PARK | 1999 | male | 3 | 4 | 2015 | 6 | 11 | 2017 | 0 | 0 | 1 | 0 | 1 | 1 | 2 | 0 | 0 | 0 | 0 | 0 | 0 | 0 | 0 | 0 | 0 | 0 | 0 | 1 | 0 | 1 | 0 |  0 | 0 | 2 | 0 | 1 | 3 | 2 | 0 | 0 | 0 | 0 | 0 | 0 | 1 | 0 | 0 | 0 | 0 | 1 | 1 | 2 | 2 | 1 |
78 | Gnedin, Oleg Yuri | PRINCETON UNIVERSITY | 1999 | male | 10 | 18 | 2014 | 12 | 64 | 2017 | 0 | 2 | 0 | 3 | 1 | 4 | 1 | 5 | 2 | 2 | 2 | 1 | 0 | 1 | 0 | 1 | 1 | 1 | 0 | 0 | 1 | 0 | 0 |  0 | 2 | 0 | 5 | 1 | 4 | 1 | 7 | 5 | 4 | 7 | 8 | 6 | 5 | 2 | 3 | 3 | 2 | 1 | 2 | 3 | 1 | 1 |
79 | Cho, Inyong | TUFTS UNIVERSITY | 1999 | male | 7 | 31 | 2017 | 8 | 36 | 2017 | 0 | 0 | 0 | 1 | 2 | 4 | 0 | 0 | 1 | 2 | 3 | 0 | 1 | 1 | 2 | 3 | 2 | 1 | 1 | 3 | 3 | 5 | 1 |  0 | 0 | 0 | 1 | 2 | 5 | 1 | 1 | 1 | 2 | 3 | 0 | 1 | 1 | 3 | 4 | 3 | 1 | 1 | 3 | 3 | 5 | 1 |
80 | Harvanek, Michael James | UNIVERSITY OF COLORADO AT BOULDER | 1999 | male | 3 | 2 | 2002 | 5 | 53 | 2009 | 0 | 0 | 0 | 1 | 1 | 1 | 0 | 1 | 1 | 0 | 0 | 0 | 0 | 0 | 0 | 0 | 0 | 0 | 0 | 0 | 0 | 0 | 0 |  0 | 0 | 0 | 1 | 2 | 2 | 0 | 1 | 7 | 4 | 6 | 6 | 14 | 8 | 6 | 1 | 0 | 0 | 0 | 0 | 0 | 0 | 0 |
81 | Greeley, Bradford W. | THE JOHNS HOPKINS UNIVERSITY | 1999 | male | 4 | 0 | 1999 | 5 | 0 | 1999 | 0 | 1 | 0 | 1 | 0 | 2 | 0 | 0 | 0 | 0 | 0 | 0 | 0 | 0 | 0 | 0 | 0 | 0 | 0 | 0 | 0 | 0 | 0 |  0 | 2 | 0 | 1 | 0 | 2 | 0 | 0 | 0 | 0 | 0 | 0 | 0 | 0 | 0 | 0 | 0 | 0 | 0 | 0 | 0 | 0 | 0 |
82 | Miles, Brian Herndon | THE UNIVERSITY OF ARIZONA | 1999 | male | 1 | 0 | 1999 | 1 | 0 | 1999 | 0 | 0 | 0 | 0 | 0 | 1 | 0 | 0 | 0 | 0 | 0 | 0 | 0 | 0 | 0 | 0 | 0 | 0 | 0 | 0 | 0 | 0 | 0 |  0 | 0 | 0 | 0 | 0 | 1 | 0 | 0 | 0 | 0 | 0 | 0 | 0 | 0 | 0 | 0 | 0 | 0 | 0 | 0 | 0 | 0 | 0 |
83 | Zlatev, Ivaylo S. | UNIVERSITY OF PENNSYLVANIA | 1999 | male | 4 | 0 | 1999 | 5 | 0 | 1999 | 0 | 0 | 0 | 0 | 1 | 3 | 0 | 0 | 0 | 0 | 0 | 0 | 0 | 0 | 0 | 0 | 0 | 0 | 0 | 0 | 0 | 0 | 0 |  0 | 0 | 0 | 0 | 1 | 4 | 0 | 0 | 0 | 0 | 0 | 0 | 0 | 0 | 0 | 0 | 0 | 0 | 0 | 0 | 0 | 0 | 0 |
84 | Larson, Kristen Anne | RENSSELAER POLYTECHNIC INSTITUTE | 1999 | female | 3 | 3 | 2014 | 9 | 6 | 2016 | 0 | 0 | 1 | 0 | 1 | 1 | 1 | 0 | 0 | 0 | 0 | 1 | 0 | 0 | 0 | 0 | 0 | 0 | 0 | 0 | 1 | 0 | 0 |  1 | 0 | 1 | 2 | 2 | 3 | 1 | 0 | 1 | 0 | 0 | 1 | 0 | 0 | 0 | 0 | 1 | 0 | 0 | 0 | 1 | 0 | 1 |
85 | Nam, Sae Woo | STANFORD UNIVERSITY | 1999 | male | 1 | 1 | 2008 | 6 | 72 | 2015 | 0 | 0 | 0 | 0 | 0 | 1 | 0 | 0 | 0 | 0 | 0 | 0 | 0 | 0 | 1 | 0 | 0 | 0 | 0 | 0 | 0 | 0 | 0 |  0 | 0 | 2 | 0 | 1 | 3 | 6 | 1 | 6 | 2 | 0 | 12 | 2 | 1 | 22 | 4 | 4 | 1 | 5 | 5 | 0 | 1 | 0 |
86 | Rhoadarmer, Troy Allen | THE UNIVERSITY OF ARIZONA | 1999 | male | 1 | 0 | 1999 | 4 | 0 | 1999 | 0 | 0 | 0 | 0 | 0 | 1 | 0 | 0 | 0 | 0 | 0 | 0 | 0 | 0 | 0 | 0 | 0 | 0 | 0 | 0 | 0 | 0 | 0 |  0 | 1 | 0 | 1 | 0 | 2 | 0 | 0 | 0 | 0 | 0 | 0 | 0 | 0 | 0 | 0 | 0 | 0 | 0 | 0 | 0 | 0 | 0 |
87 | Taylor, Brett Eric | MONTANA STATE UNIVERSITY | 1999 | male | 3 | 1 | 2000 | 6 | 29 | 2016 | 0 | 0 | 0 | 1 | 1 | 1 | 1 | 0 | 0 | 0 | 0 | 0 | 0 | 0 | 0 | 0 | 0 | 0 | 0 | 0 | 0 | 0 | 0 |  1 | 0 | 0 | 3 | 1 | 1 | 2 | 2 | 0 | 0 | 0 | 0 | 0 | 5 | 3 | 1 | 2 | 3 | 4 | 4 | 0 | 1 | 2 |
88 | Kane, Jave | THE UNIVERSITY OF ARIZONA | 1999 | male | 4 | 3 | 2005 | 7 | 19 | 2009 | 0 | 0 | 0 | 1 | 0 | 3 | 2 | 0 | 0 | 0 | 0 | 1 | 0 | 0 | 0 | 0 | 0 | 0 | 0 | 0 | 0 | 0 | 0 |  0 | 0 | 0 | 3 | 0 | 4 | 6 | 1 | 2 | 0 | 0 | 5 | 1 | 3 | 0 | 1 | 0 | 0 | 0 | 0 | 0 | 0 | 0 |
89 | Balsano, Richard Joseph | PRINCETON UNIVERSITY | 1999 | male | 1 | 0 | 1999 | 3 | 7 | 2004 | 0 | 0 | 0 | 0 | 0 | 1 | 0 | 0 | 0 | 0 | 0 | 0 | 0 | 0 | 0 | 0 | 0 | 0 | 0 | 0 | 0 | 0 | 0 |  0 | 0 | 0 | 0 | 0 | 3 | 3 | 2 | 1 | 0 | 1 | 0 | 0 | 0 | 0 | 0 | 0 | 0 | 0 | 0 | 0 | 0 | 0 |
90 | Dempsey, Donna Lynn | RICE UNIVERSITY | 1999 | female | 3 | 0 | 1999 | 4 | 1 | 2000 | 0 | 0 | 0 | 0 | 1 | 2 | 0 | 0 | 0 | 0 | 0 | 0 | 0 | 0 | 0 | 0 | 0 | 0 | 0 | 0 | 0 | 0 | 0 |  0 | 0 | 0 | 0 | 2 | 2 | 1 | 0 | 0 | 0 | 0 | 0 | 0 | 0 | 0 | 0 | 0 | 0 | 0 | 0 | 0 | 0 | 0 |
91 | Ahmad, Bilal | STANFORD UNIVERSITY | 1999 | male | 2 | 0 | 1999 | 2 | 0 | 1999 | 0 | 0 | 0 | 0 | 0 | 2 | 0 | 0 | 0 | 0 | 0 | 0 | 0 | 0 | 0 | 0 | 0 | 0 | 0 | 0 | 0 | 0 | 0 |  0 | 0 | 0 | 0 | 0 | 2 | 0 | 0 | 0 | 0 | 0 | 0 | 0 | 0 | 0 | 0 | 0 | 0 | 0 | 0 | 0 | 0 | 0 |
92 | Baker, John Gerard | THE PENNSYLVANIA STATE UNIVERSITY | 1999 | male | 4 | 20 | 2012 | 9 | 58 | 2016 | 0 | 0 | 0 | 2 | 0 | 2 | 3 | 1 | 2 | 1 | 1 | 2 | 3 | 4 | 2 | 0 | 0 | 0 | 1 | 0 | 0 | 0 | 0 |  0 | 0 | 1 | 4 | 1 | 3 | 4 | 1 | 2 | 1 | 2 | 4 | 4 | 9 | 6 | 4 | 8 | 2 | 2 | 5 | 1 | 1 | 2 |
93 | Tomsick, John Allen | COLUMBIA UNIVERSITY | 1999 | male | 4 | 32 | 2016 | 7 | 209 | 2017 | 0 | 0 | 0 | 0 | 1 | 3 | 2 | 3 | 1 | 3 | 2 | 2 | 2 | 1 | 2 | 3 | 1 | 1 | 2 | 0 | 3 | 2 | 2 |  0 | 0 | 0 | 0 | 3 | 4 | 2 | 6 | 3 | 11 | 7 | 6 | 12 | 7 | 6 | 13 | 7 | 10 | 17 | 16 | 28 | 21 | 26 |
94 | Kelley, Michael Shawn | RENSSELAER POLYTECHNIC INSTITUTE | 1999 | male | 1 | 15 | 2017 | 2 | 89 | 2017 | 0 | 0 | 0 | 0 | 0 | 1 | 1 | 0 | 1 | 1 | 1 | 0 | 1 | 0 | 1 | 2 | 0 | 0 | 0 | 2 | 2 | 1 | 1 |  0 | 0 | 0 | 1 | 0 | 1 | 3 | 1 | 2 | 1 | 5 | 1 | 2 | 5 | 4 | 10 | 3 | 10 | 8 | 10 | 10 | 5 | 6 |
95 | Dean, Bruce Herold | WEST VIRGINIA UNIVERSITY | 1999 | male | 3 | 0 | 1999 | 3 | 1 | 2012 | 0 | 0 | 0 | 0 | 0 | 3 | 0 | 0 | 0 | 0 | 0 | 0 | 0 | 0 | 0 | 0 | 0 | 0 | 0 | 0 | 0 | 0 | 0 |  0 | 0 | 0 | 0 | 0 | 3 | 0 | 0 | 0 | 0 | 0 | 0 | 0 | 0 | 0 | 0 | 0 | 0 | 1 | 0 | 0 | 0 | 0 |
96 | Foust, Jeffrey Alan | MASSACHUSETTS INSTITUTE OF TECHNOLOGY | 1999 | male | 2 | 0 | 1999 | 4 | 1 | 2011 | 0 | 0 | 0 | 1 | 0 | 1 | 0 | 0 | 0 | 0 | 0 | 0 | 0 | 0 | 0 | 0 | 0 | 0 | 0 | 0 | 0 | 0 | 0 |  0 | 0 | 1 | 2 | 0 | 1 | 0 | 0 | 0 | 0 | 0 | 0 | 0 | 0 | 0 | 0 | 0 | 1 | 0 | 0 | 0 | 0 | 0 |
97 | Lamb, David John | UNIVERSITY OF ALABAMA IN HUNTSVILLE | 1999 | male | 6 | 0 | 1999 | 10 | 3 | 2011 | 2 | 3 | 0 | 0 | 0 | 1 | 0 | 0 | 0 | 0 | 0 | 0 | 0 | 0 | 0 | 0 | 0 | 0 | 0 | 0 | 0 | 0 | 0 |  2 | 3 | 1 | 1 | 1 | 2 | 0 | 0 | 1 | 1 | 0 | 0 | 0 | 0 | 0 | 0 | 0 | 1 | 0 | 0 | 0 | 0 | 0 |
98 | Green, Kris H. | THE UNIVERSITY OF ARIZONA | 1999 | male | 1 | 0 | 1999 | 1 | 4 | 2014 | 0 | 0 | 0 | 0 | 0 | 1 | 0 | 0 | 0 | 0 | 0 | 0 | 0 | 0 | 0 | 0 | 0 | 0 | 0 | 0 | 0 | 0 | 0 |  0 | 0 | 0 | 0 | 0 | 1 | 0 | 0 | 0 | 2 | 0 | 0 | 0 | 0 | 0 | 0 | 0 | 0 | 0 | 1 | 1 | 0 | 0 |
99 | Wick, Stuart Dean | VANDERBILT UNIVERSITY | 1999 | male | 1 | 3 | 2004 | 2 | 5 | 2004 | 0 | 0 | 0 | 0 | 0 | 1 | 0 | 0 | 0 | 1 | 2 | 0 | 0 | 0 | 0 | 0 | 0 | 0 | 0 | 0 | 0 | 0 | 0 |  0 | 0 | 0 | 0 | 0 | 2 | 0 | 0 | 1 | 1 | 3 | 0 | 0 | 0 | 0 | 0 | 0 | 0 | 0 | 0 | 0 | 0 | 0 |
100 | Morse, Carroll Andrew | THE LOUISIANA STATE UNIVERSITY AND AGRICULTURAL AND MECHANICAL COL. | 1999 | male | 1 | 0 | 1999 | 1 | 0 | 1999 | 0 | 0 | 0 | 0 | 0 | 1 | 0 | 0 | 0 | 0 | 0 | 0 | 0 | 0 | 0 | 0 | 0 | 0 | 0 | 0 | 0 | 0 | 0 |  0 | 0 | 0 | 0 | 0 | 1 | 0 | 0 | 0 | 0 | 0 | 0 | 0 | 0 | 0 | 0 | 0 | 0 | 0 | 0 | 0 | 0 | 0 |
101 | Wood, Stephen Edward | UNIVERSITY OF CALIFORNIA, LOS ANGELES | 1999 | male | 1 | 0 | 1999 | 2 | 10 | 2016 | 0 | 0 | 0 | 0 | 0 | 1 | 0 | 0 | 0 | 0 | 0 | 0 | 0 | 0 | 0 | 0 | 0 | 0 | 0 | 0 | 0 | 0 | 0 |  0 | 0 | 0 | 0 | 0 | 2 | 1 | 0 | 0 | 0 | 0 | 0 | 1 | 0 | 0 | 2 | 1 | 1 | 1 | 0 | 0 | 1 | 2 |
102 | Rhodes, Jason Dennis | PRINCETON UNIVERSITY | 1999 | male | 2 | 8 | 2015 | 2 | 97 | 2017 | 0 | 0 | 0 | 0 | 0 | 2 | 1 | 1 | 0 | 0 | 2 | 0 | 0 | 1 | 0 | 0 | 1 | 0 | 1 | 0 | 0 | 1 | 0 |  0 | 0 | 0 | 0 | 0 | 2 | 2 | 1 | 1 | 2 | 4 | 3 | 1 | 17 | 7 | 4 | 10 | 4 | 14 | 9 | 2 | 10 | 3 |
103 | Szokoly, Gyula Pal | THE JOHNS HOPKINS UNIVERSITY | 1999 | male | 2 | 2 | 2005 | 4 | 103 | 2012 | 0 | 0 | 0 | 0 | 1 | 1 | 0 | 0 | 0 | 0 | 1 | 1 | 0 | 0 | 0 | 0 | 0 | 0 | 0 | 0 | 0 | 0 | 0 |  0 | 0 | 0 | 0 | 1 | 3 | 6 | 14 | 9 | 5 | 9 | 11 | 1 | 3 | 5 | 18 | 8 | 8 | 6 | 0 | 0 | 0 | 0 |
104 | Crider, Dana Hurley | RICE UNIVERSITY | 1999 | female | 1 | 13 | 2006 | 2 | 34 | 2007 | 0 | 0 | 0 | 0 | 0 | 1 | 2 | 1 | 2 | 3 | 2 | 2 | 1 | 0 | 0 | 0 | 0 | 0 | 0 | 0 | 0 | 0 | 0 |  0 | 0 | 0 | 0 | 0 | 2 | 4 | 2 | 5 | 4 | 11 | 6 | 1 | 1 | 0 | 0 | 0 | 0 | 0 | 0 | 0 | 0 | 0 |
105 | Decaen, Christopher Alan | THE CATHOLIC UNIVERSITY OF AMERICA | 1999 | male | 1 | 0 | 1999 | 1 | 0 | 1999 | 0 | 0 | 0 | 0 | 0 | 1 | 0 | 0 | 0 | 0 | 0 | 0 | 0 | 0 | 0 | 0 | 0 | 0 | 0 | 0 | 0 | 0 | 0 |  0 | 0 | 0 | 0 | 0 | 1 | 0 | 0 | 0 | 0 | 0 | 0 | 0 | 0 | 0 | 0 | 0 | 0 | 0 | 0 | 0 | 0 | 0 |
106 | Engle, Kimberly Anne | DREXEL UNIVERSITY | 1999 | female | 1 | 0 | 1999 | 1 | 2 | 2010 | 0 | 0 | 0 | 0 | 0 | 1 | 0 | 0 | 0 | 0 | 0 | 0 | 0 | 0 | 0 | 0 | 0 | 0 | 0 | 0 | 0 | 0 | 0 |  0 | 0 | 0 | 0 | 0 | 1 | 0 | 1 | 0 | 0 | 0 | 0 | 0 | 0 | 0 | 0 | 1 | 0 | 0 | 0 | 0 | 0 | 0 |
107 | Cabanela Larrinaga, Juan Enrique | UNIVERSITY OF MINNESOTA | 1999 | male | 1 | 0 | 1999 | 1 | 0 | 1999 | 0 | 0 | 0 | 0 | 0 | 1 | 0 | 0 | 0 | 0 | 0 | 0 | 0 | 0 | 0 | 0 | 0 | 0 | 0 | 0 | 0 | 0 | 0 |  0 | 0 | 0 | 0 | 0 | 1 | 0 | 0 | 0 | 0 | 0 | 0 | 0 | 0 | 0 | 0 | 0 | 0 | 0 | 0 | 0 | 0 | 0 |
108 | Weaver, Marsha Jane | UNIVERSITY OF OREGON | 1999 | female | 2 | 2 | 2004 | 3 | 11 | 2015 | 0 | 0 | 0 | 0 | 1 | 1 | 1 | 0 | 0 | 0 | 1 | 0 | 0 | 0 | 0 | 0 | 0 | 0 | 0 | 0 | 0 | 0 | 0 |  0 | 0 | 0 | 0 | 2 | 1 | 1 | 2 | 0 | 3 | 1 | 0 | 0 | 0 | 0 | 0 | 0 | 1 | 1 | 1 | 0 | 1 | 0 |
109 | Gelinas, Lynette Jean | UNIVERSITY OF NEW HAMPSHIRE | 1999 | female | 2 | 6 | 2008 | 2 | 10 | 2014 | 0 | 0 | 0 | 0 | 1 | 1 | 0 | 1 | 1 | 1 | 0 | 1 | 1 | 0 | 1 | 0 | 0 | 0 | 0 | 0 | 0 | 0 | 0 |  0 | 0 | 0 | 0 | 1 | 1 | 1 | 1 | 1 | 2 | 0 | 2 | 1 | 0 | 1 | 0 | 0 | 0 | 0 | 0 | 1 | 0 | 0 |
110 | Larson, Shane L. | MONTANA STATE UNIVERSITY | 1999 | male | 2 | 5 | 2006 | 6 | 78 | 2017 | 0 | 0 | 0 | 1 | 0 | 1 | 2 | 1 | 1 | 0 | 0 | 0 | 1 | 0 | 0 | 0 | 0 | 0 | 0 | 0 | 0 | 0 | 0 |  0 | 0 | 0 | 3 | 0 | 3 | 3 | 2 | 2 | 3 | 3 | 2 | 5 | 7 | 4 | 2 | 6 | 3 | 1 | 6 | 18 | 8 | 1 |
111 | Crider, Anthony Wayne | RICE UNIVERSITY | 1999 | male | 5 | 4 | 2012 | 10 | 7 | 2016 | 0 | 0 | 0 | 1 | 0 | 4 | 1 | 0 | 0 | 0 | 2 | 0 | 0 | 0 | 0 | 0 | 0 | 0 | 1 | 0 | 0 | 0 | 0 |  0 | 0 | 0 | 2 | 0 | 8 | 1 | 2 | 0 | 0 | 2 | 0 | 0 | 0 | 0 | 0 | 0 | 0 | 1 | 0 | 0 | 0 | 1 |
112 | Wang, Jing | THE JOHNS HOPKINS UNIVERSITY | 1999 | female | 29 | 128 | 2017 | 69 | 658 | 2017 | 7 | 3 | 4 | 5 | 5 | 5 | 5 | 3 | 3 | 5 | 8 | 7 | 6 | 3 | 7 | 6 | 10 | 16 | 11 | 5 | 9 | 11 | 10 |  17 | 10 | 9 | 14 | 10 | 9 | 22 | 26 | 19 | 33 | 18 | 35 | 26 | 28 | 31 | 43 | 54 | 56 | 43 | 37 | 42 | 63 | 49 |
113 | Turner, Neal James | UNIVERSITY OF CALIFORNIA, SANTA CRUZ | 1999 | male | 6 | 16 | 2014 | 8 | 123 | 2017 | 0 | 0 | 1 | 2 | 0 | 3 | 0 | 1 | 1 | 1 | 1 | 1 | 1 | 2 | 2 | 1 | 1 | 0 | 1 | 0 | 3 | 0 | 0 |  0 | 0 | 1 | 4 | 0 | 3 | 3 | 2 | 2 | 1 | 3 | 3 | 4 | 4 | 8 | 8 | 6 | 17 | 15 | 12 | 11 | 15 | 7 |
114 | Wolven, Brian Charles | THE JOHNS HOPKINS UNIVERSITY | 1999 | male | 3 | 1 | 2001 | 5 | 19 | 2015 | 0 | 0 | 0 | 1 | 1 | 1 | 0 | 1 | 0 | 0 | 0 | 0 | 0 | 0 | 0 | 0 | 0 | 0 | 0 | 0 | 0 | 0 | 0 |  0 | 1 | 0 | 2 | 1 | 1 | 3 | 3 | 1 | 2 | 4 | 3 | 0 | 0 | 0 | 0 | 1 | 0 | 0 | 1 | 0 | 1 | 0 |
115 | Shi, Wei | STATE UNIVERSITY OF NEW YORK AT STONY BROOK | 1999 | male | 1 | 12 | 2015 | 1 | 28 | 2017 | 0 | 0 | 0 | 0 | 0 | 1 | 0 | 0 | 0 | 2 | 0 | 0 | 0 | 1 | 3 | 1 | 0 | 1 | 1 | 0 | 2 | 1 | 0 |  0 | 0 | 0 | 0 | 0 | 1 | 0 | 0 | 0 | 4 | 0 | 2 | 1 | 6 | 3 | 4 | 1 | 1 | 1 | 0 | 3 | 1 | 0 |
116 | Wade, Manson Lashawn | UNIVERSITY OF ALABAMA AT BIRMINGHAM | 1999 | male | 2 | 0 | 1999 | 3 | 73 | 2017 | 0 | 0 | 0 | 0 | 0 | 2 | 0 | 0 | 0 | 0 | 0 | 0 | 0 | 0 | 0 | 0 | 0 | 0 | 0 | 0 | 0 | 0 | 0 |  1 | 0 | 0 | 0 | 0 | 2 | 0 | 1 | 0 | 1 | 0 | 0 | 0 | 0 | 0 | 0 | 0 | 0 | 7 | 6 | 13 | 6 | 28 |
117 | Margot, Jean-Luc C. | CORNELL UNIVERSITY | 1999 | male | 1 | 0 | 1999 | 1 | 0 | 1999 | 0 | 0 | 0 | 0 | 0 | 1 | 0 | 0 | 0 | 0 | 0 | 0 | 0 | 0 | 0 | 0 | 0 | 0 | 0 | 0 | 0 | 0 | 0 |  0 | 0 | 0 | 0 | 0 | 1 | 0 | 0 | 0 | 0 | 0 | 0 | 0 | 0 | 0 | 0 | 0 | 0 | 0 | 0 | 0 | 0 | 0 |
118 | Dickens, James E., Jr. | UNIVERSITY OF MASSACHUSETTS | 1999 | male | 5 | 3 | 2001 | 15 | 5 | 2002 | 0 | 0 | 1 | 2 | 0 | 2 | 1 | 2 | 0 | 0 | 0 | 0 | 0 | 0 | 0 | 0 | 0 | 0 | 0 | 0 | 0 | 0 | 0 |  0 | 1 | 3 | 5 | 4 | 2 | 1 | 3 | 1 | 0 | 0 | 0 | 0 | 0 | 0 | 0 | 0 | 0 | 0 | 0 | 0 | 0 | 0 |
119 | McPhate, Jason Boyce | THE JOHNS HOPKINS UNIVERSITY | 1999 | male | 2 | 0 | 1999 | 7 | 7 | 2012 | 0 | 0 | 0 | 0 | 0 | 2 | 0 | 0 | 0 | 0 | 0 | 0 | 0 | 0 | 0 | 0 | 0 | 0 | 0 | 0 | 0 | 0 | 0 |  2 | 1 | 0 | 0 | 2 | 2 | 0 | 0 | 1 | 1 | 0 | 0 | 0 | 0 | 0 | 1 | 1 | 2 | 1 | 0 | 0 | 0 | 0 |
120 | Qiu, Changqing | NEW JERSEY INSTITUTE OF TECHNOLOGY | 1999 | male | 1 | 0 | 1999 | 1 | 2 | 2013 | 0 | 0 | 0 | 0 | 0 | 1 | 0 | 0 | 0 | 0 | 0 | 0 | 0 | 0 | 0 | 0 | 0 | 0 | 0 | 0 | 0 | 0 | 0 |  0 | 0 | 0 | 0 | 0 | 1 | 0 | 1 | 0 | 0 | 0 | 0 | 0 | 0 | 0 | 0 | 0 | 0 | 0 | 1 | 0 | 0 | 0 |
121 | Attridge, Joanne Merrill | BRANDEIS UNIVERSITY | 1999 | female | 2 | 2 | 2005 | 2 | 4 | 2005 | 0 | 0 | 0 | 0 | 0 | 2 | 0 | 1 | 0 | 0 | 0 | 1 | 0 | 0 | 0 | 0 | 0 | 0 | 0 | 0 | 0 | 0 | 0 |  0 | 0 | 0 | 0 | 0 | 2 | 0 | 2 | 1 | 0 | 0 | 1 | 0 | 0 | 0 | 0 | 0 | 0 | 0 | 0 | 0 | 0 | 0 |
122 | Moellenbrock, George A., III | BRANDEIS UNIVERSITY | 1999 | male | 2 | 2 | 2009 | 4 | 16 | 2016 | 0 | 0 | 1 | 0 | 0 | 1 | 1 | 0 | 0 | 0 | 0 | 0 | 0 | 0 | 0 | 1 | 0 | 0 | 0 | 0 | 0 | 0 | 0 |  0 | 0 | 1 | 0 | 1 | 2 | 6 | 0 | 0 | 0 | 3 | 0 | 0 | 0 | 1 | 2 | 0 | 2 | 0 | 0 | 0 | 1 | 1 |
123 | Cole, David Michael | THE UNIVERSITY OF CHICAGO | 1999 | male | 2 | 0 | 1999 | 4 | 14 | 2013 | 0 | 0 | 0 | 1 | 0 | 1 | 0 | 0 | 0 | 0 | 0 | 0 | 0 | 0 | 0 | 0 | 0 | 0 | 0 | 0 | 0 | 0 | 0 |  0 | 0 | 0 | 1 | 1 | 2 | 2 | 0 | 0 | 1 | 3 | 0 | 1 | 0 | 2 | 2 | 1 | 1 | 0 | 1 | 0 | 0 | 0 |
124 | Switzer, Greggory William | MONTANA STATE UNIVERSITY | 1999 | male | 1 | 0 | 1999 | 1 | 0 | 1999 | 0 | 0 | 0 | 0 | 0 | 1 | 0 | 0 | 0 | 0 | 0 | 0 | 0 | 0 | 0 | 0 | 0 | 0 | 0 | 0 | 0 | 0 | 0 |  0 | 0 | 0 | 0 | 0 | 1 | 0 | 0 | 0 | 0 | 0 | 0 | 0 | 0 | 0 | 0 | 0 | 0 | 0 | 0 | 0 | 0 | 0 |
125 | Lovell, Amy Jean | UNIVERSITY OF MASSACHUSETTS | 1999 | female | 6 | 2 | 2008 | 13 | 11 | 2011 | 0 | 0 | 3 | 1 | 1 | 1 | 0 | 0 | 0 | 0 | 1 | 0 | 0 | 0 | 1 | 0 | 0 | 0 | 0 | 0 | 0 | 0 | 0 |  0 | 0 | 5 | 3 | 4 | 1 | 1 | 0 | 0 | 0 | 1 | 1 | 0 | 3 | 2 | 1 | 0 | 2 | 0 | 0 | 0 | 0 | 0 |
126 | Kupperman, David Gerson | THE JOHNS HOPKINS UNIVERSITY | 1999 | male | 2 | 0 | 1999 | 3 | 0 | 1999 | 0 | 0 | 0 | 0 | 1 | 1 | 0 | 0 | 0 | 0 | 0 | 0 | 0 | 0 | 0 | 0 | 0 | 0 | 0 | 0 | 0 | 0 | 0 |  0 | 0 | 0 | 0 | 2 | 1 | 0 | 0 | 0 | 0 | 0 | 0 | 0 | 0 | 0 | 0 | 0 | 0 | 0 | 0 | 0 | 0 | 0 |
127 | Jin, Wei Min | STATE UNIVERSITY OF NEW YORK AT BUFFALO | 1999 | male | 2 | 2 | 2005 | 11 | 6 | 2010 | 0 | 0 | 0 | 0 | 1 | 1 | 1 | 0 | 0 | 0 | 0 | 1 | 0 | 0 | 0 | 0 | 0 | 0 | 0 | 0 | 0 | 0 | 0 |  0 | 0 | 2 | 0 | 7 | 2 | 2 | 0 | 0 | 0 | 0 | 2 | 1 | 0 | 0 | 0 | 1 | 0 | 0 | 0 | 0 | 0 | 0 |
128 | Forster, Karl | COLUMBIA UNIVERSITY | 1999 | male | 4 | 1 | 2001 | 7 | 142 | 2017 | 0 | 1 | 1 | 0 | 0 | 2 | 0 | 1 | 0 | 0 | 0 | 0 | 0 | 0 | 0 | 0 | 0 | 0 | 0 | 0 | 0 | 0 | 0 |  0 | 1 | 1 | 2 | 1 | 2 | 0 | 2 | 1 | 0 | 1 | 35 | 6 | 33 | 3 | 3 | 7 | 9 | 7 | 7 | 5 | 10 | 7 |
129 | Fassnacht, Christopher D. | CALIFORNIA INSTITUTE OF TECHNOLOGY | 1999 | male | 5 | 8 | 2011 | 17 | 105 | 2017 | 0 | 0 | 1 | 0 | 1 | 3 | 0 | 1 | 2 | 0 | 1 | 0 | 2 | 0 | 1 | 0 | 0 | 1 | 0 | 0 | 0 | 0 | 0 |  2 | 1 | 2 | 0 | 5 | 7 | 7 | 4 | 3 | 5 | 4 | 4 | 2 | 7 | 6 | 8 | 5 | 3 | 10 | 10 | 5 | 8 | 6 |
130 | Albright, Brian James | UNIVERSITY OF CALIFORNIA, LOS ANGELES | 1999 | male | 3 | 2 | 2003 | 3 | 5 | 2011 | 0 | 0 | 1 | 0 | 0 | 2 | 0 | 1 | 0 | 1 | 0 | 0 | 0 | 0 | 0 | 0 | 0 | 0 | 0 | 0 | 0 | 0 | 0 |  0 | 0 | 1 | 0 | 0 | 2 | 0 | 1 | 0 | 1 | 0 | 1 | 0 | 0 | 0 | 0 | 0 | 2 | 0 | 0 | 0 | 0 | 0 |
131 | Umurhan, Orkan Mehmet | COLUMBIA UNIVERSITY | 1999 | male | 2 | 14 | 2017 | 2 | 36 | 2017 | 0 | 0 | 0 | 0 | 1 | 1 | 0 | 0 | 0 | 0 | 1 | 1 | 2 | 2 | 1 | 1 | 2 | 0 | 1 | 0 | 0 | 0 | 2 |  0 | 0 | 0 | 0 | 1 | 1 | 0 | 0 | 0 | 0 | 1 | 1 | 2 | 2 | 3 | 2 | 3 | 0 | 2 | 1 | 1 | 1 | 12 |
132 | Casti, Alexander Robert Richard | COLUMBIA UNIVERSITY | 1999 | male | 2 | 0 | 1999 | 2 | 0 | 1999 | 0 | 0 | 0 | 0 | 1 | 1 | 0 | 0 | 0 | 0 | 0 | 0 | 0 | 0 | 0 | 0 | 0 | 0 | 0 | 0 | 0 | 0 | 0 |  0 | 0 | 0 | 0 | 1 | 1 | 0 | 0 | 0 | 0 | 0 | 0 | 0 | 0 | 0 | 0 | 0 | 0 | 0 | 0 | 0 | 0 | 0 |
133 | Wong, Sun | COLUMBIA UNIVERSITY | 1999 | male | 1 | 2 | 2008 | 6 | 7 | 2016 | 0 | 0 | 0 | 0 | 0 | 1 | 0 | 0 | 0 | 0 | 0 | 1 | 0 | 0 | 1 | 0 | 0 | 0 | 0 | 0 | 0 | 0 | 0 |  1 | 2 | 0 | 2 | 0 | 1 | 0 | 0 | 0 | 0 | 0 | 1 | 0 | 1 | 1 | 0 | 0 | 0 | 0 | 0 | 1 | 2 | 1 |
134 | Kirkman, David Albert | UNIVERSITY OF CALIFORNIA, SAN DIEGO | 1999 | male | 4 | 6 | 2008 | 6 | 37 | 2012 | 0 | 0 | 0 | 2 | 0 | 2 | 1 | 1 | 0 | 1 | 0 | 1 | 0 | 1 | 1 | 0 | 0 | 0 | 0 | 0 | 0 | 0 | 0 |  0 | 0 | 0 | 2 | 1 | 3 | 3 | 4 | 5 | 3 | 3 | 4 | 1 | 4 | 1 | 4 | 1 | 2 | 2 | 0 | 0 | 0 | 0 |
135 | Slyz, Adrianne | COLUMBIA UNIVERSITY | 1999 | female | 2 | 4 | 2005 | 2 | 46 | 2017 | 0 | 0 | 0 | 0 | 0 | 2 | 0 | 0 | 1 | 2 | 0 | 1 | 0 | 0 | 0 | 0 | 0 | 0 | 0 | 0 | 0 | 0 | 0 |  0 | 0 | 0 | 0 | 0 | 2 | 0 | 1 | 1 | 3 | 3 | 2 | 2 | 1 | 1 | 2 | 2 | 5 | 5 | 2 | 2 | 8 | 4 |
136 | Christl, Mark Joseph | UNIVERSITY OF ALABAMA IN HUNTSVILLE | 1999 | male | 2 | 4 | 2008 | 10 | 74 | 2016 | 0 | 0 | 0 | 0 | 0 | 2 | 0 | 1 | 0 | 0 | 1 | 0 | 0 | 1 | 1 | 0 | 0 | 0 | 0 | 0 | 0 | 0 | 0 |  0 | 6 | 0 | 1 | 0 | 3 | 0 | 4 | 0 | 12 | 2 | 6 | 2 | 2 | 13 | 5 | 0 | 2 | 3 | 2 | 2 | 18 | 1 |
137 | Rinehart, Stephen Andrew | CORNELL UNIVERSITY | 1999 | male | 3 | 5 | 2014 | 4 | 19 | 2016 | 0 | 0 | 0 | 0 | 1 | 2 | 2 | 0 | 1 | 0 | 0 | 0 | 0 | 0 | 0 | 0 | 0 | 1 | 0 | 0 | 1 | 0 | 0 |  0 | 0 | 0 | 0 | 2 | 2 | 2 | 1 | 1 | 0 | 0 | 1 | 2 | 2 | 0 | 1 | 0 | 1 | 0 | 2 | 2 | 2 | 2 |
138 | Georganopoulos, Markos | BOSTON UNIVERSITY | 1999 | male | 3 | 17 | 2016 | 3 | 60 | 2017 | 0 | 0 | 0 | 0 | 2 | 1 | 1 | 2 | 1 | 4 | 3 | 2 | 1 | 0 | 1 | 0 | 1 | 0 | 0 | 0 | 0 | 0 | 1 |  0 | 0 | 0 | 0 | 2 | 1 | 1 | 2 | 3 | 5 | 4 | 4 | 4 | 1 | 2 | 4 | 6 | 4 | 5 | 1 | 1 | 5 | 5 |
139 | Ingalls, James Gregory | BOSTON UNIVERSITY | 1999 | male | 3 | 6 | 2016 | 6 | 23 | 2017 | 1 | 0 | 0 | 1 | 0 | 1 | 1 | 0 | 1 | 0 | 1 | 0 | 1 | 0 | 0 | 0 | 0 | 1 | 0 | 0 | 0 | 0 | 1 |  1 | 0 | 0 | 2 | 0 | 3 | 1 | 1 | 1 | 0 | 3 | 1 | 2 | 0 | 0 | 1 | 1 | 1 | 2 | 0 | 2 | 1 | 3 |
140 | Penton, Steven Victor | UNIVERSITY OF COLORADO AT BOULDER | 1999 | male | 1 | 4 | 2004 | 8 | 23 | 2017 | 0 | 0 | 0 | 0 | 0 | 1 | 2 | 0 | 1 | 0 | 1 | 0 | 0 | 0 | 0 | 0 | 0 | 0 | 0 | 0 | 0 | 0 | 0 |  0 | 0 | 2 | 1 | 2 | 3 | 4 | 1 | 2 | 1 | 1 | 0 | 2 | 1 | 0 | 0 | 1 | 4 | 2 | 1 | 1 | 0 | 1 |
141 | Rao, Ramprasad P. | UNIVERSITY OF ILLINOIS AT URBANA-CHAMPAIGN | 1999 | male | 2 | 3 | 2014 | 4 | 41 | 2016 | 0 | 0 | 0 | 0 | 1 | 1 | 0 | 0 | 0 | 0 | 0 | 0 | 0 | 0 | 0 | 1 | 0 | 1 | 0 | 0 | 1 | 0 | 0 |  0 | 0 | 1 | 0 | 1 | 2 | 0 | 1 | 1 | 1 | 1 | 1 | 3 | 1 | 4 | 6 | 2 | 3 | 4 | 0 | 10 | 1 | 2 |
142 | Maller, Ariyeh Hersl | UNIVERSITY OF CALIFORNIA, SANTA CRUZ | 1999 | None | 2 | 11 | 2009 | 3 | 22 | 2016 | 0 | 0 | 0 | 1 | 0 | 1 | 1 | 1 | 3 | 2 | 1 | 1 | 1 | 0 | 0 | 1 | 0 | 0 | 0 | 0 | 0 | 0 | 0 |  0 | 0 | 0 | 1 | 0 | 2 | 2 | 1 | 3 | 2 | 1 | 1 | 1 | 0 | 1 | 3 | 1 | 2 | 0 | 1 | 2 | 0 | 1 |
143 | Grimsrud, Ole Martin | CORNELL UNIVERSITY | 1999 | male | 2 | 0 | 1999 | 2 | 0 | 1999 | 0 | 0 | 0 | 0 | 1 | 1 | 0 | 0 | 0 | 0 | 0 | 0 | 0 | 0 | 0 | 0 | 0 | 0 | 0 | 0 | 0 | 0 | 0 |  0 | 0 | 0 | 0 | 1 | 1 | 0 | 0 | 0 | 0 | 0 | 0 | 0 | 0 | 0 | 0 | 0 | 0 | 0 | 0 | 0 | 0 | 0 |
144 | Barnes, Graham Keith | CORNELL UNIVERSITY | 1999 | male | 4 | 10 | 2016 | 4 | 38 | 2017 | 0 | 0 | 0 | 0 | 1 | 3 | 1 | 1 | 0 | 0 | 0 | 1 | 2 | 2 | 1 | 0 | 0 | 0 | 0 | 0 | 1 | 0 | 1 |  0 | 0 | 0 | 0 | 1 | 3 | 1 | 1 | 0 | 2 | 1 | 2 | 3 | 5 | 4 | 4 | 1 | 1 | 2 | 2 | 4 | 1 | 3 |
145 | Bhattacharya, Manojeet | UNIVERSITY OF NOTRE DAME | 1999 | male | 2 | 1 | 2000 | 2 | 5 | 2007 | 0 | 0 | 0 | 0 | 1 | 1 | 1 | 0 | 0 | 0 | 0 | 0 | 0 | 0 | 0 | 0 | 0 | 0 | 0 | 0 | 0 | 0 | 0 |  0 | 0 | 0 | 0 | 1 | 1 | 2 | 1 | 0 | 0 | 0 | 1 | 0 | 1 | 0 | 0 | 0 | 0 | 0 | 0 | 0 | 0 | 0 |
146 | Romanowsky, Aaron Joshua | HARVARD UNIVERSITY | 1999 | male | 4 | 6 | 2016 | 4 | 131 | 2017 | 0 | 0 | 0 | 1 | 1 | 2 | 0 | 1 | 0 | 1 | 0 | 0 | 0 | 0 | 0 | 1 | 0 | 0 | 2 | 0 | 0 | 0 | 1 |  0 | 0 | 0 | 1 | 1 | 2 | 0 | 1 | 1 | 2 | 0 | 1 | 4 | 2 | 4 | 6 | 3 | 15 | 12 | 11 | 18 | 17 | 25 |
147 | Wang, Edward Yung Ming | STATE UNIVERSITY OF NEW YORK AT STONY BROOK | 1999 | male | 1 | 2 | 2014 | 2 | 7 | 2014 | 0 | 0 | 0 | 0 | 0 | 1 | 0 | 0 | 0 | 0 | 0 | 0 | 0 | 0 | 0 | 0 | 0 | 0 | 1 | 0 | 1 | 0 | 0 |  0 | 0 | 1 | 0 | 0 | 1 | 1 | 0 | 1 | 0 | 0 | 0 | 0 | 0 | 0 | 0 | 0 | 0 | 1 | 2 | 2 | 0 | 0 |
148 | Dragowsky, Michael Raymond | OREGON STATE UNIVERSITY | 1999 | male | 1 | 1 | 2003 | 9 | 24 | 2013 | 0 | 0 | 0 | 0 | 0 | 1 | 0 | 0 | 0 | 1 | 0 | 0 | 0 | 0 | 0 | 0 | 0 | 0 | 0 | 0 | 0 | 0 | 0 |  0 | 0 | 0 | 3 | 2 | 4 | 1 | 1 | 2 | 1 | 2 | 1 | 2 | 3 | 0 | 2 | 2 | 3 | 1 | 3 | 0 | 0 | 0 |
149 | Fernando, Sharmanthie Marie | UNIVERSITY OF CINCINNATI | 1999 | None | 4 | 29 | 2017 | 4 | 29 | 2017 | 0 | 0 | 0 | 0 | 1 | 3 | 0 | 1 | 0 | 2 | 2 | 2 | 2 | 0 | 0 | 0 | 1 | 0 | 4 | 3 | 2 | 5 | 3 |  0 | 0 | 0 | 0 | 1 | 3 | 0 | 1 | 0 | 2 | 2 | 2 | 2 | 0 | 0 | 0 | 1 | 0 | 4 | 3 | 2 | 5 | 3 |
150 | Kommers, Jefferson Michael | MASSACHUSETTS INSTITUTE OF TECHNOLOGY | 1999 | male | 5 | 2 | 2001 | 16 | 6 | 2005 | 0 | 0 | 0 | 2 | 1 | 2 | 1 | 1 | 0 | 0 | 0 | 0 | 0 | 0 | 0 | 0 | 0 | 0 | 0 | 0 | 0 | 0 | 0 |  0 | 0 | 2 | 3 | 6 | 5 | 2 | 1 | 0 | 1 | 0 | 2 | 0 | 0 | 0 | 0 | 0 | 0 | 0 | 0 | 0 | 0 | 0 |
151 | Lai, Chi-Hsuan | THE UNIVERSITY OF TEXAS AT AUSTIN | 1999 | female | 1 | 0 | 1999 | 1 | 0 | 1999 | 0 | 0 | 0 | 0 | 0 | 1 | 0 | 0 | 0 | 0 | 0 | 0 | 0 | 0 | 0 | 0 | 0 | 0 | 0 | 0 | 0 | 0 | 0 |  0 | 0 | 0 | 0 | 0 | 1 | 0 | 0 | 0 | 0 | 0 | 0 | 0 | 0 | 0 | 0 | 0 | 0 | 0 | 0 | 0 | 0 | 0 |
152 | Lister, Matthew Leigh | BOSTON UNIVERSITY | 1999 | male | 5 | 19 | 2016 | 8 | 105 | 2017 | 1 | 0 | 0 | 1 | 1 | 2 | 1 | 4 | 0 | 2 | 0 | 1 | 0 | 0 | 0 | 3 | 0 | 1 | 0 | 1 | 0 | 1 | 5 |  2 | 0 | 0 | 2 | 1 | 3 | 2 | 5 | 1 | 4 | 5 | 4 | 4 | 5 | 6 | 9 | 12 | 7 | 6 | 8 | 6 | 11 | 9 |
153 | Bonini, Gian Franco | BOSTON UNIVERSITY | 1999 | male | 1 | 0 | 1999 | 1 | 0 | 1999 | 0 | 0 | 0 | 0 | 0 | 1 | 0 | 0 | 0 | 0 | 0 | 0 | 0 | 0 | 0 | 0 | 0 | 0 | 0 | 0 | 0 | 0 | 0 |  0 | 0 | 0 | 0 | 0 | 1 | 0 | 0 | 0 | 0 | 0 | 0 | 0 | 0 | 0 | 0 | 0 | 0 | 0 | 0 | 0 | 0 | 0 |
154 | O'Neill, Eric Stephen Daniel | UNIVERSITY OF FLORIDA | 1999 | male | 1 | 0 | 1999 | 2 | 2 | 2003 | 0 | 0 | 0 | 0 | 0 | 1 | 0 | 0 | 0 | 0 | 0 | 0 | 0 | 0 | 0 | 0 | 0 | 0 | 0 | 0 | 0 | 0 | 0 |  1 | 0 | 0 | 0 | 0 | 1 | 0 | 1 | 0 | 1 | 0 | 0 | 0 | 0 | 0 | 0 | 0 | 0 | 0 | 0 | 0 | 0 | 0 |
155 | Evans, Scott Edward | UNIVERSITY OF CALIFORNIA, LOS ANGELES | 1999 | male | 1 | 1 | 2004 | 2 | 13 | 2015 | 0 | 0 | 0 | 0 | 0 | 1 | 0 | 0 | 0 | 0 | 1 | 0 | 0 | 0 | 0 | 0 | 0 | 0 | 0 | 0 | 0 | 0 | 0 |  0 | 0 | 0 | 1 | 0 | 1 | 1 | 0 | 1 | 0 | 3 | 2 | 2 | 0 | 1 | 0 | 0 | 0 | 1 | 0 | 0 | 2 | 0 |
156 | Hall, Robert Dale | OREGON STATE UNIVERSITY | 1999 | male | 1 | 1 | 2002 | 2 | 6 | 2009 | 0 | 0 | 0 | 0 | 0 | 1 | 0 | 0 | 1 | 0 | 0 | 0 | 0 | 0 | 0 | 0 | 0 | 0 | 0 | 0 | 0 | 0 | 0 |  1 | 0 | 0 | 0 | 0 | 1 | 0 | 1 | 1 | 0 | 0 | 0 | 2 | 1 | 0 | 1 | 0 | 0 | 0 | 0 | 0 | 0 | 0 |
157 | Ishibashi, Kazunori | UNIVERSITY OF MINNESOTA | 1999 | male | 2 | 3 | 2016 | 11 | 33 | 2017 | 0 | 0 | 0 | 0 | 0 | 2 | 0 | 0 | 0 | 1 | 0 | 0 | 1 | 0 | 0 | 0 | 0 | 0 | 0 | 0 | 0 | 0 | 1 |  0 | 0 | 0 | 2 | 4 | 5 | 2 | 5 | 2 | 2 | 0 | 3 | 3 | 2 | 1 | 0 | 1 | 1 | 1 | 1 | 2 | 3 | 3 |
158 | Quataert, Eliot James Leo | HARVARD UNIVERSITY | 1999 | male | 7 | 14 | 2016 | 9 | 226 | 2017 | 0 | 0 | 0 | 0 | 1 | 6 | 4 | 0 | 2 | 0 | 1 | 1 | 0 | 0 | 1 | 0 | 0 | 0 | 2 | 0 | 0 | 2 | 1 |  0 | 0 | 0 | 1 | 1 | 7 | 6 | 5 | 4 | 2 | 7 | 8 | 7 | 12 | 14 | 20 | 18 | 11 | 28 | 10 | 7 | 28 | 27 |
159 | Samuelson, Frank William | IOWA STATE UNIVERSITY | 1999 | male | 3 | 1 | 2001 | 27 | 16 | 2012 | 0 | 0 | 0 | 0 | 1 | 2 | 0 | 1 | 0 | 0 | 0 | 0 | 0 | 0 | 0 | 0 | 0 | 0 | 0 | 0 | 0 | 0 | 0 |  0 | 0 | 1 | 14 | 4 | 8 | 2 | 2 | 0 | 4 | 3 | 2 | 0 | 2 | 0 | 0 | 0 | 0 | 1 | 0 | 0 | 0 | 0 |
160 | Ushomirsky, Gregory | UNIVERSITY OF CALIFORNIA, BERKELEY | 1999 | male | 1 | 0 | 1999 | 1 | 0 | 1999 | 0 | 0 | 0 | 0 | 0 | 1 | 0 | 0 | 0 | 0 | 0 | 0 | 0 | 0 | 0 | 0 | 0 | 0 | 0 | 0 | 0 | 0 | 0 |  0 | 0 | 0 | 0 | 0 | 1 | 0 | 0 | 0 | 0 | 0 | 0 | 0 | 0 | 0 | 0 | 0 | 0 | 0 | 0 | 0 | 0 | 0 |
161 | Harry, Gregory Michael | UNIVERSITY OF MARYLAND COLLEGE PARK | 1999 | male | 2 | 8 | 2010 | 3 | 180 | 2017 | 0 | 0 | 1 | 0 | 0 | 1 | 1 | 0 | 2 | 0 | 0 | 0 | 3 | 1 | 0 | 0 | 1 | 0 | 0 | 0 | 0 | 0 | 0 |  0 | 0 | 1 | 0 | 0 | 2 | 2 | 1 | 4 | 3 | 10 | 8 | 8 | 10 | 17 | 15 | 10 | 8 | 17 | 6 | 14 | 6 | 29 |
162 | Johnson, Jennifer Anne | UNIVERSITY OF CALIFORNIA, SANTA CRUZ | 1999 | female | 4 | 16 | 2016 | 11 | 164 | 2017 | 0 | 1 | 0 | 0 | 1 | 2 | 0 | 1 | 3 | 0 | 2 | 1 | 1 | 2 | 1 | 0 | 1 | 0 | 0 | 0 | 1 | 1 | 2 |  0 | 4 | 0 | 1 | 3 | 3 | 2 | 1 | 3 | 2 | 7 | 1 | 6 | 6 | 10 | 14 | 17 | 20 | 11 | 11 | 16 | 15 | 15 |
163 | Kelly, Mary Lena Urquhart | UNIVERSITY OF COLORADO AT BOULDER | 1999 | female | 1 | 0 | 1999 | 1 | 6 | 2006 | 0 | 0 | 0 | 0 | 0 | 1 | 0 | 0 | 0 | 0 | 0 | 0 | 0 | 0 | 0 | 0 | 0 | 0 | 0 | 0 | 0 | 0 | 0 |  0 | 0 | 0 | 0 | 0 | 1 | 0 | 0 | 3 | 1 | 1 | 0 | 1 | 0 | 0 | 0 | 0 | 0 | 0 | 0 | 0 | 0 | 0 |
164 | Topasna, Gregory Antonio | VIRGINIA POLYTECHNIC INSTITUTE AND STATE UNIVERSITY | 1999 | male | 1 | 1 | 2013 | 3 | 1 | 2013 | 0 | 0 | 0 | 0 | 0 | 1 | 0 | 0 | 0 | 0 | 0 | 0 | 0 | 0 | 0 | 0 | 0 | 0 | 0 | 1 | 0 | 0 | 0 |  0 | 0 | 1 | 1 | 0 | 1 | 0 | 0 | 0 | 0 | 0 | 0 | 0 | 0 | 0 | 0 | 0 | 0 | 0 | 1 | 0 | 0 | 0 |
165 | Grant, Catherine Elizabeth | THE PENNSYLVANIA STATE UNIVERSITY | 1999 | female | 2 | 2 | 2008 | 2 | 15 | 2015 | 0 | 0 | 0 | 0 | 0 | 2 | 0 | 0 | 0 | 0 | 1 | 0 | 0 | 0 | 1 | 0 | 0 | 0 | 0 | 0 | 0 | 0 | 0 |  0 | 0 | 0 | 0 | 0 | 2 | 0 | 1 | 0 | 2 | 1 | 0 | 0 | 0 | 4 | 0 | 1 | 3 | 1 | 0 | 0 | 2 | 0 |
166 | Powell, Denise Catherine | THE UNIVERSITY OF NORTH CAROLINA AT CHAPEL HILL | 1999 | female | 4 | 1 | 2013 | 5 | 7 | 2015 | 0 | 0 | 0 | 0 | 1 | 3 | 0 | 0 | 0 | 0 | 0 | 0 | 0 | 0 | 0 | 0 | 0 | 0 | 0 | 1 | 0 | 0 | 0 |  0 | 0 | 1 | 0 | 1 | 3 | 1 | 1 | 2 | 0 | 1 | 0 | 0 | 0 | 0 | 0 | 0 | 0 | 0 | 1 | 0 | 1 | 0 |
167 | Linder, Suzanne Michele | THE PENNSYLVANIA STATE UNIVERSITY | 1999 | female | 2 | 3 | 2004 | 4 | 14 | 2009 | 0 | 0 | 0 | 0 | 1 | 1 | 1 | 0 | 0 | 1 | 1 | 0 | 0 | 0 | 0 | 0 | 0 | 0 | 0 | 0 | 0 | 0 | 0 |  1 | 1 | 0 | 0 | 1 | 1 | 1 | 1 | 1 | 3 | 3 | 3 | 1 | 0 | 0 | 1 | 0 | 0 | 0 | 0 | 0 | 0 | 0 |
168 | Kim, Tae-Sun | UNIVERSITY OF HAWAII | 1999 | male | 3 | 9 | 2016 | 10 | 57 | 2017 | 0 | 0 | 1 | 1 | 0 | 1 | 0 | 1 | 2 | 0 | 2 | 0 | 0 | 1 | 0 | 0 | 0 | 0 | 0 | 1 | 0 | 0 | 2 |  0 | 2 | 2 | 4 | 0 | 2 | 1 | 2 | 7 | 4 | 7 | 0 | 3 | 6 | 3 | 0 | 0 | 0 | 3 | 2 | 6 | 2 | 5 |
169 | Smith, Donald Andrew | MASSACHUSETTS INSTITUTE OF TECHNOLOGY | 1999 | male | 11 | 10 | 2008 | 36 | 180 | 2017 | 1 | 0 | 2 | 3 | 2 | 3 | 2 | 0 | 2 | 1 | 2 | 0 | 2 | 0 | 1 | 0 | 0 | 0 | 0 | 0 | 0 | 0 | 0 |  1 | 4 | 10 | 4 | 7 | 10 | 3 | 5 | 8 | 7 | 7 | 4 | 10 | 3 | 3 | 36 | 42 | 11 | 7 | 11 | 7 | 4 | 11 |
170 | Wakely, Scott Patrick | UNIVERSITY OF MINNESOTA | 1999 | male | 2 | 12 | 2011 | 6 | 198 | 2017 | 0 | 0 | 0 | 0 | 0 | 2 | 0 | 2 | 1 | 3 | 0 | 0 | 0 | 1 | 4 | 0 | 0 | 1 | 0 | 0 | 0 | 0 | 0 |  0 | 0 | 0 | 4 | 0 | 2 | 2 | 8 | 6 | 21 | 5 | 17 | 5 | 6 | 26 | 15 | 8 | 20 | 9 | 9 | 13 | 11 | 10 |
171 | Norman, Dara Joscelyne | UNIVERSITY OF WASHINGTON | 1999 | female | 2 | 3 | 2009 | 2 | 12 | 2013 | 0 | 0 | 0 | 0 | 0 | 2 | 1 | 1 | 0 | 0 | 0 | 0 | 0 | 0 | 0 | 1 | 0 | 0 | 0 | 0 | 0 | 0 | 0 |  0 | 0 | 0 | 0 | 0 | 2 | 1 | 4 | 2 | 1 | 1 | 0 | 1 | 0 | 0 | 1 | 0 | 0 | 0 | 1 | 0 | 0 | 0 |
172 | Mason, Brian Scott | UNIVERSITY OF PENNSYLVANIA | 1999 | male | 6 | 8 | 2014 | 6 | 62 | 2017 | 0 | 0 | 2 | 2 | 0 | 2 | 1 | 1 | 0 | 1 | 0 | 0 | 0 | 0 | 0 | 2 | 1 | 1 | 0 | 0 | 1 | 0 | 0 |  0 | 0 | 2 | 2 | 0 | 2 | 2 | 2 | 3 | 4 | 6 | 2 | 2 | 1 | 0 | 5 | 3 | 9 | 6 | 3 | 4 | 4 | 4 |
173 | Wieczorek, Mark Allen | WASHINGTON UNIVERSITY | 1999 | male | 4 | 11 | 2013 | 4 | 68 | 2017 | 0 | 0 | 0 | 1 | 1 | 2 | 1 | 3 | 0 | 0 | 1 | 1 | 0 | 0 | 1 | 1 | 0 | 0 | 2 | 1 | 0 | 0 | 0 |  0 | 0 | 0 | 1 | 1 | 2 | 2 | 3 | 1 | 0 | 3 | 2 | 1 | 3 | 2 | 6 | 1 | 4 | 11 | 6 | 7 | 6 | 8 |
174 | Huber, Albert Kris | UTAH STATE UNIVERSITY | 1999 | male | 1 | 0 | 1999 | 2 | 2 | 2017 | 0 | 0 | 0 | 0 | 0 | 1 | 0 | 0 | 0 | 0 | 0 | 0 | 0 | 0 | 0 | 0 | 0 | 0 | 0 | 0 | 0 | 0 | 0 |  0 | 0 | 0 | 1 | 0 | 1 | 0 | 0 | 0 | 0 | 0 | 0 | 0 | 0 | 0 | 0 | 0 | 0 | 0 | 0 | 0 | 1 | 0 |
175 | Schultz, Gregory Ronald | UNIVERSITY OF CALIFORNIA, LOS ANGELES | 1999 | male | 1 | 0 | 1999 | 5 | 0 | 1999 | 0 | 0 | 0 | 0 | 0 | 1 | 0 | 0 | 0 | 0 | 0 | 0 | 0 | 0 | 0 | 0 | 0 | 0 | 0 | 0 | 0 | 0 | 0 |  0 | 1 | 1 | 2 | 0 | 1 | 0 | 0 | 0 | 0 | 0 | 0 | 0 | 0 | 0 | 0 | 0 | 0 | 0 | 0 | 0 | 0 | 0 |
176 | Froning, Cynthia Suzanne | THE UNIVERSITY OF TEXAS AT AUSTIN | 1999 | female | 2 | 11 | 2014 | 3 | 51 | 2017 | 0 | 0 | 0 | 0 | 0 | 2 | 1 | 2 | 0 | 2 | 0 | 0 | 0 | 1 | 0 | 1 | 0 | 2 | 1 | 0 | 1 | 0 | 0 |  0 | 0 | 0 | 0 | 0 | 3 | 2 | 2 | 0 | 5 | 1 | 2 | 1 | 1 | 1 | 4 | 7 | 6 | 5 | 3 | 3 | 1 | 4 |
177 | Head, James Norman | THE UNIVERSITY OF ARIZONA | 1999 | male | 1 | 3 | 2015 | 5 | 15 | 2017 | 0 | 0 | 0 | 0 | 0 | 1 | 0 | 0 | 2 | 0 | 0 | 0 | 0 | 0 | 0 | 0 | 0 | 0 | 0 | 0 | 0 | 1 | 0 |  1 | 0 | 3 | 0 | 0 | 1 | 1 | 1 | 3 | 0 | 0 | 0 | 1 | 1 | 0 | 1 | 0 | 2 | 1 | 1 | 0 | 2 | 0 |
178 | Haffner, L. Matthew | THE UNIVERSITY OF WISCONSIN - MADISON | 1999 | male | 4 | 3 | 2009 | 8 | 41 | 2017 | 0 | 1 | 0 | 0 | 1 | 2 | 0 | 1 | 0 | 1 | 0 | 0 | 0 | 0 | 0 | 1 | 0 | 0 | 0 | 0 | 0 | 0 | 0 |  0 | 1 | 0 | 0 | 4 | 3 | 5 | 4 | 5 | 1 | 0 | 2 | 2 | 1 | 2 | 3 | 1 | 0 | 4 | 2 | 3 | 1 | 1 |
179 | Narayanan, Vijay Krishna | THE OHIO STATE UNIVERSITY | 1999 | male | 6 | 3 | 2001 | 8 | 32 | 2003 | 0 | 0 | 1 | 0 | 1 | 4 | 2 | 1 | 0 | 0 | 0 | 0 | 0 | 0 | 0 | 0 | 0 | 0 | 0 | 0 | 0 | 0 | 0 |  0 | 0 | 2 | 0 | 1 | 5 | 4 | 9 | 14 | 5 | 0 | 0 | 0 | 0 | 0 | 0 | 0 | 0 | 0 | 0 | 0 | 0 | 0 |
180 | Balch, Christopher Connor | UNIVERSITY OF COLORADO AT BOULDER | 1999 | male | 1 | 1 | 2008 | 1 | 6 | 2016 | 0 | 0 | 0 | 0 | 0 | 1 | 0 | 0 | 0 | 0 | 0 | 0 | 0 | 0 | 1 | 0 | 0 | 0 | 0 | 0 | 0 | 0 | 0 |  0 | 0 | 0 | 0 | 0 | 1 | 0 | 0 | 0 | 0 | 0 | 2 | 0 | 0 | 1 | 1 | 0 | 0 | 0 | 0 | 0 | 0 | 2 |
181 | Carlson, Matthew Norman | NEW MEXICO STATE UNIVERSITY | 1999 | male | 3 | 1 | 2001 | 6 | 3 | 2001 | 0 | 0 | 0 | 0 | 1 | 2 | 0 | 1 | 0 | 0 | 0 | 0 | 0 | 0 | 0 | 0 | 0 | 0 | 0 | 0 | 0 | 0 | 0 |  0 | 0 | 0 | 0 | 2 | 4 | 2 | 1 | 0 | 0 | 0 | 0 | 0 | 0 | 0 | 0 | 0 | 0 | 0 | 0 | 0 | 0 | 0 |
182 | Erwin, Henry Peter | THE UNIVERSITY OF WISCONSIN - MADISON | 1999 | male | 1 | 0 | 1999 | 1 | 0 | 1999 | 0 | 0 | 0 | 0 | 0 | 1 | 0 | 0 | 0 | 0 | 0 | 0 | 0 | 0 | 0 | 0 | 0 | 0 | 0 | 0 | 0 | 0 | 0 |  0 | 0 | 0 | 0 | 0 | 1 | 0 | 0 | 0 | 0 | 0 | 0 | 0 | 0 | 0 | 0 | 0 | 0 | 0 | 0 | 0 | 0 | 0 |
183 | Panaitescu, Alin-Daniel | THE PENNSYLVANIA STATE UNIVERSITY | 1999 | male | 8 | 33 | 2017 | 9 | 57 | 2017 | 0 | 0 | 0 | 1 | 4 | 3 | 2 | 4 | 1 | 1 | 2 | 2 | 4 | 4 | 3 | 1 | 0 | 2 | 1 | 2 | 2 | 1 | 0 |  0 | 0 | 0 | 2 | 4 | 3 | 5 | 6 | 3 | 3 | 4 | 3 | 6 | 7 | 4 | 2 | 0 | 3 | 3 | 2 | 3 | 1 | 1 |
184 | Skelton, Brooke Patterson | UNIVERSITY OF WASHINGTON | 1999 | female | 2 | 0 | 1999 | 4 | 0 | 1999 | 0 | 0 | 0 | 0 | 0 | 2 | 0 | 0 | 0 | 0 | 0 | 0 | 0 | 0 | 0 | 0 | 0 | 0 | 0 | 0 | 0 | 0 | 0 |  0 | 0 | 0 | 1 | 0 | 3 | 0 | 0 | 0 | 0 | 0 | 0 | 0 | 0 | 0 | 0 | 0 | 0 | 0 | 0 | 0 | 0 | 0 |
185 | Zhang, Jie | UNIVERSITY OF MARYLAND COLLEGE PARK | 1999 | male | 16 | 87 | 2017 | 39 | 491 | 2017 | 2 | 5 | 1 | 1 | 5 | 2 | 4 | 4 | 1 | 4 | 4 | 4 | 4 | 5 | 5 | 5 | 8 | 7 | 8 | 4 | 4 | 10 | 4 |  5 | 5 | 2 | 11 | 7 | 9 | 10 | 21 | 5 | 27 | 12 | 27 | 25 | 24 | 47 | 40 | 29 | 29 | 29 | 29 | 38 | 51 | 37 |
186 | Blanton, Michael Rogers | PRINCETON UNIVERSITY | 1999 | male | 3 | 20 | 2016 | 3 | 156 | 2017 | 0 | 0 | 0 | 0 | 1 | 2 | 3 | 2 | 0 | 4 | 0 | 3 | 2 | 2 | 1 | 1 | 0 | 1 | 0 | 0 | 0 | 0 | 1 |  0 | 0 | 0 | 0 | 1 | 2 | 3 | 3 | 7 | 11 | 10 | 22 | 13 | 7 | 5 | 5 | 8 | 12 | 11 | 8 | 5 | 16 | 9 |
187 | Sokoloski, Jennifer Lynn | UNIVERSITY OF CALIFORNIA, BERKELEY | 1999 | female | 3 | 13 | 2013 | 3 | 64 | 2016 | 0 | 0 | 1 | 0 | 0 | 2 | 1 | 1 | 1 | 3 | 0 | 0 | 2 | 0 | 1 | 0 | 1 | 0 | 0 | 3 | 0 | 0 | 0 |  0 | 0 | 1 | 0 | 0 | 2 | 1 | 1 | 2 | 3 | 3 | 3 | 4 | 6 | 6 | 4 | 2 | 3 | 5 | 5 | 5 | 5 | 6 |
188 | Bouwens, Rychard John | UNIVERSITY OF CALIFORNIA, BERKELEY | 1999 | male | 7 | 32 | 2017 | 9 | 174 | 2017 | 0 | 0 | 1 | 1 | 2 | 3 | 0 | 0 | 1 | 2 | 4 | 1 | 3 | 1 | 1 | 2 | 3 | 2 | 2 | 1 | 2 | 2 | 4 |  0 | 0 | 1 | 1 | 2 | 5 | 1 | 1 | 1 | 8 | 10 | 14 | 11 | 4 | 6 | 8 | 14 | 10 | 16 | 15 | 16 | 12 | 22 |
189 | Stevens, Daniel Keith | UNIVERSITY OF CALIFORNIA, BERKELEY | 1999 | male | 1 | 0 | 1999 | 1 | 10 | 2015 | 0 | 0 | 0 | 0 | 0 | 1 | 0 | 0 | 0 | 0 | 0 | 0 | 0 | 0 | 0 | 0 | 0 | 0 | 0 | 0 | 0 | 0 | 0 |  0 | 0 | 0 | 0 | 0 | 1 | 0 | 0 | 0 | 0 | 0 | 0 | 0 | 0 | 0 | 0 | 0 | 0 | 0 | 2 | 5 | 3 | 0 |
190 | Mathiesen, Benjamin Francis | THE UNIVERSITY OF MICHIGAN | 1999 | male | 3 | 2 | 2001 | 4 | 5 | 2009 | 0 | 0 | 0 | 0 | 1 | 2 | 0 | 2 | 0 | 0 | 0 | 0 | 0 | 0 | 0 | 0 | 0 | 0 | 0 | 0 | 0 | 0 | 0 |  0 | 0 | 0 | 0 | 1 | 3 | 0 | 3 | 0 | 0 | 1 | 0 | 0 | 0 | 0 | 1 | 0 | 0 | 0 | 0 | 0 | 0 | 0 |
191 | Bardayan, Daniel Wayne | Yale University | 1999 | male | 5 | 19 | 2012 | 10 | 67 | 2017 | 0 | 1 | 0 | 2 | 0 | 2 | 2 | 1 | 2 | 2 | 3 | 2 | 2 | 1 | 1 | 1 | 1 | 0 | 1 | 0 | 0 | 0 | 0 |  0 | 1 | 0 | 3 | 4 | 2 | 3 | 2 | 3 | 6 | 6 | 9 | 3 | 7 | 1 | 5 | 3 | 5 | 5 | 1 | 1 | 2 | 2 |
192 | Berberian, John Edwin | STANFORD UNIVERSITY | 1999 | male | 1 | 0 | 1999 | 1 | 2 | 2015 | 0 | 0 | 0 | 0 | 0 | 1 | 0 | 0 | 0 | 0 | 0 | 0 | 0 | 0 | 0 | 0 | 0 | 0 | 0 | 0 | 0 | 0 | 0 |  0 | 0 | 0 | 0 | 0 | 1 | 0 | 0 | 0 | 0 | 0 | 0 | 0 | 0 | 0 | 0 | 0 | 0 | 0 | 0 | 0 | 2 | 0 |
193 | Shmakova, Marina Valentinovna | THE UNIVERSITY OF TENNESSEE | 1999 | female | 2 | 1 | 2000 | 5 | 16 | 2013 | 0 | 0 | 0 | 1 | 0 | 1 | 1 | 0 | 0 | 0 | 0 | 0 | 0 | 0 | 0 | 0 | 0 | 0 | 0 | 0 | 0 | 0 | 0 |  0 | 0 | 2 | 1 | 0 | 2 | 1 | 0 | 2 | 1 | 2 | 2 | 1 | 1 | 0 | 1 | 1 | 1 | 1 | 2 | 0 | 0 | 0 |
194 | Cohl, Howard Saul | THE LOUISIANA STATE UNIVERSITY AND AGRICULTURAL AND MECHANICAL COL. | 1999 | male | 2 | 4 | 2012 | 2 | 5 | 2012 | 0 | 0 | 0 | 0 | 0 | 2 | 1 | 1 | 0 | 0 | 0 | 0 | 0 | 0 | 0 | 0 | 0 | 1 | 1 | 0 | 0 | 0 | 0 |  0 | 0 | 0 | 0 | 0 | 2 | 1 | 1 | 0 | 0 | 0 | 0 | 0 | 1 | 0 | 0 | 0 | 1 | 1 | 0 | 0 | 0 | 0 |
195 | Weber, Mark Alan | Department of Physics, Montana State University-Bozeman Bozeman, MT 59717, USA | 1999 | male | 9 | 15 | 2015 | 19 | 243 | 2017 | 3 | 0 | 1 | 0 | 3 | 2 | 0 | 1 | 1 | 1 | 2 | 3 | 0 | 2 | 0 | 0 | 1 | 1 | 0 | 1 | 0 | 2 | 0 |  3 | 2 | 2 | 4 | 4 | 4 | 7 | 7 | 8 | 5 | 11 | 14 | 6 | 11 | 7 | 9 | 7 | 22 | 24 | 19 | 28 | 34 | 19 |
196 | Chary, Ranga-Ram | UNIVERSITY OF CALIFORNIA, LOS ANGELES | 1999 | male | 3 | 12 | 2016 | 4 | 150 | 2017 | 0 | 0 | 0 | 1 | 1 | 1 | 1 | 1 | 1 | 0 | 1 | 2 | 0 | 2 | 2 | 0 | 0 | 0 | 0 | 0 | 0 | 0 | 2 |  0 | 0 | 0 | 1 | 2 | 1 | 2 | 2 | 2 | 0 | 5 | 8 | 8 | 12 | 8 | 6 | 5 | 26 | 2 | 13 | 16 | 11 | 20 |
197 | Yetzer, Kenneth H. | THE OHIO STATE UNIVERSITY | 1999 | male | 1 | 0 | 1999 | 1 | 0 | 1999 | 0 | 0 | 0 | 0 | 0 | 1 | 0 | 0 | 0 | 0 | 0 | 0 | 0 | 0 | 0 | 0 | 0 | 0 | 0 | 0 | 0 | 0 | 0 |  0 | 0 | 0 | 0 | 0 | 1 | 0 | 0 | 0 | 0 | 0 | 0 | 0 | 0 | 0 | 0 | 0 | 0 | 0 | 0 | 0 | 0 | 0 |
198 | Markiel, J. Andrew | THE UNIVERSITY OF ROCHESTER | 1999 | male | 3 | 0 | 1999 | 4 | 1 | 2001 | 1 | 0 | 0 | 0 | 0 | 2 | 0 | 0 | 0 | 0 | 0 | 0 | 0 | 0 | 0 | 0 | 0 | 0 | 0 | 0 | 0 | 0 | 0 |  1 | 1 | 0 | 0 | 0 | 2 | 0 | 1 | 0 | 0 | 0 | 0 | 0 | 0 | 0 | 0 | 0 | 0 | 0 | 0 | 0 | 0 | 0 |
199 | Kravtsov, Andrey V. | NEW MEXICO STATE UNIVERSITY | 1999 | male | 4 | 11 | 2013 | 14 | 126 | 2017 | 0 | 0 | 0 | 1 | 1 | 2 | 1 | 0 | 1 | 1 | 2 | 2 | 1 | 0 | 0 | 0 | 1 | 0 | 1 | 1 | 0 | 0 | 0 |  1 | 1 | 1 | 1 | 1 | 9 | 4 | 5 | 4 | 6 | 6 | 8 | 10 | 6 | 9 | 9 | 8 | 10 | 10 | 8 | 5 | 5 | 10 |
200 | Reiss, David J. | UNIVERSITY OF WASHINGTON | 1999 | male | 2 | 11 | 2014 | 8 | 45 | 2016 | 0 | 0 | 0 | 0 | 1 | 1 | 0 | 0 | 0 | 1 | 1 | 1 | 1 | 0 | 0 | 1 | 2 | 2 | 0 | 0 | 2 | 0 | 0 |  0 | 0 | 1 | 1 | 5 | 1 | 2 | 0 | 0 | 1 | 2 | 5 | 3 | 1 | 0 | 2 | 6 | 4 | 4 | 2 | 6 | 3 | 4 |
201 | McDonald, Douglas Steven | UNIVERSITY OF PENNSYLVANIA | 1999 | male | 1 | 0 | 1999 | 1 | 7 | 2011 | 0 | 0 | 0 | 0 | 0 | 1 | 0 | 0 | 0 | 0 | 0 | 0 | 0 | 0 | 0 | 0 | 0 | 0 | 0 | 0 | 0 | 0 | 0 |  0 | 0 | 0 | 0 | 0 | 1 | 1 | 1 | 2 | 0 | 0 | 0 | 0 | 1 | 0 | 0 | 0 | 2 | 0 | 0 | 0 | 0 | 0 |
202 | Smith, Edgar Osbourn | COLUMBIA UNIVERSITY | 1999 | male | 4 | 0 | 1999 | 5 | 24 | 2016 | 0 | 0 | 1 | 1 | 1 | 1 | 0 | 0 | 0 | 0 | 0 | 0 | 0 | 0 | 0 | 0 | 0 | 0 | 0 | 0 | 0 | 0 | 0 |  0 | 1 | 1 | 1 | 1 | 1 | 0 | 3 | 1 | 2 | 1 | 4 | 1 | 1 | 2 | 2 | 0 | 2 | 2 | 1 | 0 | 0 | 2 |
203 | Bus, Schelte John | MASSACHUSETTS INSTITUTE OF TECHNOLOGY | 1999 | male | 3 | 1351 | 2011 | 14 | 1411 | 2016 | 1 | 0 | 1 | 0 | 0 | 1 | 0 | 1 | 3 | 0 | 1342 | 0 | 0 | 0 | 0 | 1 | 3 | 1 | 0 | 0 | 0 | 0 | 0 |  1 | 3 | 7 | 1 | 1 | 1 | 1 | 5 | 5 | 2 | 1351 | 3 | 4 | 4 | 7 | 7 | 6 | 6 | 1 | 2 | 2 | 4 | 1 |
204 | Bottorff, Mark Clinton | UNIVERSITY OF KENTUCKY | 1999 | male | 3 | 7 | 2006 | 3 | 17 | 2017 | 0 | 0 | 0 | 1 | 1 | 1 | 3 | 1 | 2 | 0 | 0 | 0 | 1 | 0 | 0 | 0 | 0 | 0 | 0 | 0 | 0 | 0 | 0 |  0 | 0 | 0 | 1 | 1 | 1 | 3 | 1 | 2 | 0 | 0 | 1 | 1 | 1 | 0 | 1 | 0 | 0 | 0 | 0 | 0 | 1 | 2 |
205 | Sanwal, Divas | THE UNIVERSITY OF TEXAS AT AUSTIN | 1999 | None | 2 | 1 | 2002 | 2 | 20 | 2006 | 0 | 0 | 1 | 0 | 0 | 1 | 0 | 0 | 1 | 0 | 0 | 0 | 0 | 0 | 0 | 0 | 0 | 0 | 0 | 0 | 0 | 0 | 0 |  0 | 0 | 1 | 0 | 0 | 1 | 2 | 4 | 4 | 4 | 1 | 2 | 3 | 0 | 0 | 0 | 0 | 0 | 0 | 0 | 0 | 0 | 0 |
206 | Winebarger, Amy Renee | UNIVERSITY OF ALABAMA IN HUNTSVILLE | 1999 | female | 2 | 16 | 2016 | 2 | 60 | 2017 | 0 | 0 | 0 | 0 | 0 | 2 | 0 | 1 | 3 | 2 | 1 | 1 | 0 | 0 | 1 | 0 | 0 | 1 | 1 | 2 | 2 | 0 | 1 |  0 | 0 | 0 | 0 | 0 | 2 | 1 | 2 | 4 | 5 | 1 | 1 | 2 | 3 | 2 | 0 | 2 | 4 | 2 | 12 | 6 | 2 | 6 |
207 | Barton, Elizabeth Jean | HARVARD UNIVERSITY | 1999 | female | 4 | 9 | 2009 | 7 | 46 | 2016 | 0 | 0 | 1 | 0 | 1 | 2 | 2 | 2 | 0 | 0 | 1 | 0 | 2 | 1 | 0 | 1 | 0 | 0 | 0 | 0 | 0 | 0 | 0 |  2 | 0 | 1 | 0 | 1 | 3 | 2 | 2 | 0 | 0 | 4 | 0 | 9 | 2 | 1 | 5 | 6 | 6 | 3 | 1 | 1 | 3 | 1 |
208 | Millan-Gabet, Rafael | Harvard-Smithsonian CfA, 60 Garden St. MS 20, Cambridge MA 02138, USA | 1999 | male | 3 | 11 | 2016 | 3 | 76 | 2017 | 0 | 0 | 0 | 0 | 0 | 3 | 1 | 1 | 1 | 0 | 0 | 1 | 2 | 2 | 0 | 0 | 1 | 1 | 0 | 0 | 0 | 0 | 1 |  0 | 0 | 0 | 0 | 0 | 3 | 1 | 2 | 3 | 3 | 4 | 10 | 5 | 5 | 4 | 8 | 3 | 7 | 4 | 5 | 2 | 6 | 3 |
209 | Woodahl, Brian Arvid | PURDUE UNIVERSITY | 1999 | male | 1 | 0 | 1999 | 1 | 1 | 2007 | 0 | 0 | 0 | 0 | 0 | 1 | 0 | 0 | 0 | 0 | 0 | 0 | 0 | 0 | 0 | 0 | 0 | 0 | 0 | 0 | 0 | 0 | 0 |  0 | 0 | 0 | 0 | 0 | 1 | 0 | 0 | 0 | 0 | 0 | 0 | 0 | 1 | 0 | 0 | 0 | 0 | 0 | 0 | 0 | 0 | 0 |
210 | Spodek, Joshua David | COLUMBIA UNIVERSITY | 1999 | male | 1 | 0 | 1999 | 1 | 1 | 2001 | 0 | 0 | 0 | 0 | 0 | 1 | 0 | 0 | 0 | 0 | 0 | 0 | 0 | 0 | 0 | 0 | 0 | 0 | 0 | 0 | 0 | 0 | 0 |  0 | 0 | 0 | 0 | 0 | 1 | 0 | 1 | 0 | 0 | 0 | 0 | 0 | 0 | 0 | 0 | 0 | 0 | 0 | 0 | 0 | 0 | 0 |
211 | Brown, Edward Francis | UNIVERSITY OF CALIFORNIA, BERKELEY | 1999 | male | 4 | 6 | 2009 | 8 | 104 | 2017 | 0 | 0 | 0 | 0 | 3 | 1 | 2 | 0 | 1 | 0 | 1 | 1 | 0 | 0 | 0 | 1 | 0 | 0 | 0 | 0 | 0 | 0 | 0 |  0 | 0 | 0 | 2 | 4 | 2 | 3 | 3 | 5 | 1 | 2 | 3 | 2 | 7 | 6 | 8 | 7 | 13 | 6 | 9 | 11 | 5 | 11 |
212 | Shi, Fang | THE UNIVERSITY OF CHICAGO | 1999 | female | 1 | 7 | 2016 | 1 | 42 | 2017 | 0 | 0 | 0 | 0 | 0 | 1 | 0 | 1 | 0 | 0 | 1 | 1 | 1 | 1 | 0 | 0 | 0 | 0 | 0 | 0 | 0 | 1 | 1 |  0 | 0 | 0 | 0 | 0 | 1 | 0 | 1 | 0 | 0 | 1 | 1 | 1 | 1 | 2 | 4 | 1 | 4 | 6 | 4 | 4 | 7 | 4 |
213 | Cole, Andrew Alexander | THE UNIVERSITY OF WISCONSIN - MADISON | 1999 | male | 8 | 10 | 2017 | 13 | 109 | 2017 | 0 | 0 | 0 | 2 | 2 | 4 | 1 | 1 | 1 | 0 | 2 | 1 | 0 | 1 | 0 | 0 | 1 | 0 | 0 | 0 | 1 | 0 | 0 |  0 | 0 | 0 | 2 | 6 | 5 | 2 | 3 | 5 | 3 | 5 | 1 | 2 | 1 | 2 | 10 | 9 | 11 | 16 | 15 | 7 | 5 | 8 |
214 | Shoemaker, Deirdre Marie | THE UNIVERSITY OF TEXAS AT AUSTIN | 1999 | female | 1 | 3 | 2008 | 7 | 93 | 2017 | 0 | 0 | 0 | 0 | 0 | 1 | 1 | 0 | 0 | 1 | 0 | 0 | 0 | 0 | 1 | 0 | 0 | 0 | 0 | 0 | 0 | 0 | 0 |  0 | 0 | 1 | 1 | 3 | 2 | 3 | 2 | 2 | 2 | 4 | 2 | 0 | 4 | 6 | 8 | 5 | 3 | 4 | 7 | 3 | 1 | 27 |
215 | Salmonson, Jay David | UNIVERSITY OF CALIFORNIA, DAVIS | 1999 | male | 2 | 9 | 2006 | 4 | 17 | 2009 | 0 | 0 | 0 | 0 | 0 | 2 | 2 | 3 | 2 | 1 | 0 | 0 | 1 | 0 | 0 | 0 | 0 | 0 | 0 | 0 | 0 | 0 | 0 |  0 | 0 | 0 | 0 | 0 | 4 | 3 | 3 | 2 | 1 | 2 | 3 | 1 | 1 | 0 | 1 | 0 | 0 | 0 | 0 | 0 | 0 | 0 |
216 | Mancuso, Salvatore | THE UNIVERSITY OF IOWA | 1999 | male | 2 | 22 | 2016 | 2 | 41 | 2016 | 0 | 0 | 0 | 0 | 0 | 2 | 1 | 0 | 1 | 1 | 2 | 0 | 0 | 2 | 1 | 2 | 0 | 3 | 1 | 4 | 0 | 2 | 2 |  0 | 0 | 0 | 0 | 0 | 2 | 2 | 2 | 2 | 1 | 4 | 1 | 3 | 3 | 2 | 3 | 1 | 4 | 1 | 6 | 0 | 3 | 3 |
217 | Joiner, David Andrew | RENSSELAER POLYTECHNIC INSTITUTE | 1999 | male | 1 | 2 | 2014 | 1 | 2 | 2014 | 0 | 0 | 0 | 0 | 0 | 1 | 0 | 0 | 0 | 1 | 0 | 0 | 0 | 0 | 0 | 0 | 0 | 0 | 0 | 0 | 1 | 0 | 0 |  0 | 0 | 0 | 0 | 0 | 1 | 0 | 0 | 0 | 1 | 0 | 0 | 0 | 0 | 0 | 0 | 0 | 0 | 0 | 0 | 1 | 0 | 0 |
218 | Li, Pak Shing | UNIVERSITY OF WYOMING | 1999 | male | 6 | 11 | 2015 | 15 | 23 | 2015 | 1 | 2 | 0 | 2 | 0 | 1 | 0 | 0 | 0 | 0 | 1 | 0 | 1 | 1 | 1 | 0 | 0 | 2 | 3 | 0 | 1 | 1 | 0 |  2 | 4 | 4 | 2 | 0 | 3 | 1 | 0 | 0 | 0 | 1 | 0 | 3 | 3 | 1 | 0 | 1 | 3 | 3 | 1 | 4 | 2 | 0 |
219 | Neilsen, David Wayne | THE UNIVERSITY OF TEXAS AT AUSTIN | 1999 | male | 1 | 5 | 2014 | 2 | 26 | 2016 | 0 | 0 | 0 | 0 | 0 | 1 | 2 | 0 | 0 | 0 | 0 | 0 | 1 | 0 | 0 | 0 | 0 | 1 | 0 | 0 | 1 | 0 | 0 |  0 | 0 | 0 | 1 | 0 | 1 | 3 | 0 | 1 | 2 | 3 | 1 | 2 | 0 | 2 | 2 | 3 | 1 | 0 | 3 | 1 | 1 | 1 |
220 | Chen, Xuelei | COLUMBIA UNIVERSITY | 1999 | None | 5 | 40 | 2017 | 11 | 298 | 2017 | 1 | 0 | 0 | 1 | 1 | 2 | 0 | 4 | 1 | 2 | 3 | 1 | 3 | 2 | 2 | 3 | 2 | 5 | 2 | 2 | 1 | 2 | 3 |  2 | 1 | 3 | 1 | 2 | 2 | 2 | 7 | 5 | 5 | 6 | 4 | 8 | 9 | 11 | 20 | 15 | 25 | 17 | 29 | 56 | 38 | 29 |
221 | Thilker, David Allan | NEW MEXICO STATE UNIVERSITY | 1999 | male | 2 | 10 | 2010 | 5 | 79 | 2017 | 0 | 0 | 0 | 0 | 1 | 1 | 1 | 0 | 1 | 0 | 1 | 2 | 0 | 2 | 1 | 1 | 1 | 0 | 0 | 0 | 0 | 0 | 0 |  0 | 0 | 0 | 0 | 2 | 3 | 1 | 0 | 1 | 1 | 2 | 10 | 3 | 9 | 7 | 3 | 8 | 6 | 5 | 4 | 6 | 7 | 2 |
222 | Keller, Luke David | THE UNIVERSITY OF TEXAS AT AUSTIN | 1999 | male | 1 | 2 | 2008 | 8 | 36 | 2016 | 0 | 0 | 0 | 0 | 0 | 1 | 0 | 1 | 0 | 0 | 0 | 0 | 0 | 0 | 1 | 0 | 0 | 0 | 0 | 0 | 0 | 0 | 0 |  2 | 3 | 1 | 0 | 1 | 1 | 0 | 3 | 0 | 2 | 5 | 3 | 2 | 2 | 2 | 2 | 1 | 2 | 6 | 2 | 1 | 1 | 2 |
223 | Marietta, Evonne Grace | THE UNIVERSITY OF ARIZONA | 1999 | female | 2 | 1 | 2000 | 2 | 1 | 2000 | 0 | 0 | 0 | 1 | 0 | 1 | 1 | 0 | 0 | 0 | 0 | 0 | 0 | 0 | 0 | 0 | 0 | 0 | 0 | 0 | 0 | 0 | 0 |  0 | 0 | 0 | 1 | 0 | 1 | 1 | 0 | 0 | 0 | 0 | 0 | 0 | 0 | 0 | 0 | 0 | 0 | 0 | 0 | 0 | 0 | 0 |
224 | Fernandez, Yanga Rolando | UNIVERSITY OF MARYLAND COLLEGE PARK | 1999 | male | 1 | 1 | 2010 | 7 | 66 | 2017 | 0 | 0 | 0 | 0 | 0 | 1 | 0 | 0 | 0 | 0 | 0 | 0 | 0 | 0 | 0 | 0 | 1 | 0 | 0 | 0 | 0 | 0 | 0 |  0 | 0 | 0 | 4 | 0 | 3 | 1 | 1 | 5 | 5 | 4 | 10 | 3 | 5 | 2 | 8 | 3 | 4 | 2 | 4 | 2 | 1 | 1 |
225 | Henney, Carl John | UNIVERSITY OF CALIFORNIA, LOS ANGELES | 1999 | male | 2 | 2 | 2012 | 4 | 25 | 2016 | 0 | 0 | 0 | 0 | 0 | 2 | 0 | 0 | 1 | 0 | 0 | 0 | 0 | 0 | 0 | 0 | 0 | 0 | 1 | 0 | 0 | 0 | 0 |  0 | 0 | 0 | 1 | 0 | 3 | 4 | 1 | 1 | 1 | 1 | 0 | 1 | 2 | 1 | 0 | 2 | 0 | 3 | 3 | 0 | 3 | 2 |
226 | Holley-Bockelmann, Jocelyn Kelly | THE UNIVERSITY OF MICHIGAN | 1999 | female | 1 | 0 | 1999 | 1 | 0 | 1999 | 0 | 0 | 0 | 0 | 0 | 1 | 0 | 0 | 0 | 0 | 0 | 0 | 0 | 0 | 0 | 0 | 0 | 0 | 0 | 0 | 0 | 0 | 0 |  0 | 0 | 0 | 0 | 0 | 1 | 0 | 0 | 0 | 0 | 0 | 0 | 0 | 0 | 0 | 0 | 0 | 0 | 0 | 0 | 0 | 0 | 0 |
227 | Weingartner, Joseph C. | PRINCETON UNIVERSITY | 1999 | male | 2 | 10 | 2009 | 6 | 19 | 2016 | 0 | 0 | 0 | 0 | 0 | 2 | 0 | 4 | 1 | 1 | 0 | 0 | 2 | 0 | 1 | 1 | 0 | 0 | 0 | 0 | 0 | 0 | 0 |  1 | 0 | 2 | 1 | 0 | 2 | 0 | 4 | 1 | 2 | 4 | 0 | 3 | 1 | 1 | 2 | 0 | 0 | 0 | 0 | 0 | 0 | 1 |
228 | Sabbey, Christopher Norman | Yale University | 1999 | male | 3 | 2 | 2001 | 5 | 12 | 2009 | 0 | 1 | 0 | 0 | 1 | 1 | 1 | 1 | 0 | 0 | 0 | 0 | 0 | 0 | 0 | 0 | 0 | 0 | 0 | 0 | 0 | 0 | 0 |  0 | 2 | 0 | 0 | 1 | 2 | 1 | 3 | 4 | 0 | 2 | 1 | 0 | 0 | 0 | 1 | 0 | 0 | 0 | 0 | 0 | 0 | 0 |
229 | Clayton, Edmund Gary | THE LOUISIANA STATE UNIVERSITY AND AGRICULTURAL AND MECHANICAL COL. | 1999 | male | 2 | 1 | 2000 | 2 | 1 | 2000 | 0 | 0 | 0 | 0 | 0 | 2 | 1 | 0 | 0 | 0 | 0 | 0 | 0 | 0 | 0 | 0 | 0 | 0 | 0 | 0 | 0 | 0 | 0 |  0 | 0 | 0 | 0 | 0 | 2 | 1 | 0 | 0 | 0 | 0 | 0 | 0 | 0 | 0 | 0 | 0 | 0 | 0 | 0 | 0 | 0 | 0 |
230 | Lee, Jounghun | UNIVERSITY OF KANSAS | 1999 | male | 10 | 87 | 2017 | 26 | 426 | 2017 | 0 | 2 | 0 | 1 | 3 | 4 | 7 | 2 | 5 | 3 | 4 | 9 | 6 | 7 | 9 | 4 | 6 | 3 | 5 | 3 | 4 | 7 | 2 |  2 | 3 | 2 | 5 | 4 | 10 | 15 | 8 | 17 | 12 | 23 | 38 | 17 | 29 | 36 | 27 | 31 | 15 | 27 | 24 | 38 | 40 | 19 |
231 | Seager, Sara | HARVARD UNIVERSITY | 1999 | female | 3 | 21 | 2016 | 6 | 151 | 2017 | 0 | 0 | 0 | 0 | 1 | 2 | 3 | 0 | 1 | 2 | 0 | 2 | 0 | 1 | 1 | 2 | 1 | 0 | 3 | 3 | 1 | 0 | 1 |  1 | 2 | 0 | 0 | 1 | 2 | 4 | 1 | 5 | 10 | 2 | 7 | 7 | 9 | 11 | 8 | 17 | 26 | 13 | 13 | 9 | 5 | 2 |
232 | Grego, Laura Elizabeth | CALIFORNIA INSTITUTE OF TECHNOLOGY | 1999 | female | 1 | 3 | 2004 | 5 | 12 | 2004 | 0 | 0 | 0 | 0 | 0 | 1 | 1 | 1 | 0 | 0 | 1 | 0 | 0 | 0 | 0 | 0 | 0 | 0 | 0 | 0 | 0 | 0 | 0 |  0 | 0 | 2 | 0 | 2 | 1 | 7 | 2 | 2 | 0 | 1 | 0 | 0 | 0 | 0 | 0 | 0 | 0 | 0 | 0 | 0 | 0 | 0 |
233 | Henry, Holly Grace | THE PENNSYLVANIA STATE UNIVERSITY | 1999 | female | 1 | 0 | 1999 | 1 | 0 | 1999 | 0 | 0 | 0 | 0 | 0 | 1 | 0 | 0 | 0 | 0 | 0 | 0 | 0 | 0 | 0 | 0 | 0 | 0 | 0 | 0 | 0 | 0 | 0 |  0 | 0 | 0 | 0 | 0 | 1 | 0 | 0 | 0 | 0 | 0 | 0 | 0 | 0 | 0 | 0 | 0 | 0 | 0 | 0 | 0 | 0 | 0 |
234 | Jurac, Slobodan | UNIVERSITY OF VIRGINIA | 1999 | male | 3 | 7 | 2007 | 4 | 12 | 2007 | 0 | 1 | 0 | 0 | 1 | 1 | 0 | 3 | 2 | 0 | 0 | 1 | 0 | 1 | 0 | 0 | 0 | 0 | 0 | 0 | 0 | 0 | 0 |  0 | 2 | 0 | 0 | 1 | 1 | 0 | 3 | 2 | 0 | 3 | 1 | 1 | 2 | 0 | 0 | 0 | 0 | 0 | 0 | 0 | 0 | 0 |
235 | Kleyna, Jan Thomas | HARVARD UNIVERSITY | 1999 | male | 4 | 9 | 2016 | 6 | 53 | 2017 | 0 | 0 | 0 | 1 | 1 | 2 | 0 | 1 | 1 | 2 | 1 | 1 | 0 | 0 | 0 | 0 | 0 | 0 | 1 | 1 | 0 | 0 | 1 |  0 | 0 | 0 | 1 | 2 | 3 | 0 | 1 | 2 | 2 | 3 | 3 | 7 | 6 | 3 | 2 | 1 | 4 | 4 | 5 | 1 | 4 | 4 |
236 | Markoff, Sera Brodie | THE UNIVERSITY OF ARIZONA | 1999 | female | 4 | 16 | 2015 | 6 | 138 | 2017 | 0 | 0 | 0 | 1 | 0 | 3 | 0 | 4 | 0 | 2 | 2 | 3 | 0 | 1 | 1 | 0 | 2 | 0 | 0 | 0 | 0 | 1 | 0 |  0 | 1 | 0 | 1 | 1 | 3 | 1 | 4 | 3 | 5 | 5 | 4 | 1 | 6 | 5 | 5 | 9 | 9 | 12 | 19 | 10 | 21 | 14 |
237 | Dorelli, John Charles | THE UNIVERSITY OF IOWA | 1999 | male | 3 | 8 | 2015 | 3 | 49 | 2017 | 0 | 0 | 0 | 0 | 0 | 3 | 0 | 0 | 0 | 2 | 1 | 0 | 0 | 2 | 1 | 1 | 0 | 0 | 0 | 0 | 0 | 1 | 0 |  0 | 0 | 0 | 0 | 0 | 3 | 0 | 0 | 0 | 2 | 3 | 1 | 0 | 2 | 1 | 1 | 0 | 1 | 1 | 1 | 0 | 2 | 29 |
238 | Fulbright, Jon Patrick | UNIVERSITY OF CALIFORNIA, SANTA CRUZ | 1999 | male | 2 | 11 | 2010 | 14 | 38 | 2012 | 0 | 0 | 0 | 0 | 0 | 2 | 1 | 1 | 1 | 1 | 3 | 1 | 1 | 1 | 0 | 0 | 1 | 0 | 0 | 0 | 0 | 0 | 0 |  0 | 1 | 3 | 3 | 3 | 4 | 1 | 1 | 1 | 2 | 6 | 1 | 3 | 3 | 3 | 2 | 3 | 11 | 1 | 0 | 0 | 0 | 0 |
239 | Richards, Eric A. | UNIVERSITY OF VIRGINIA | 1999 | male | 5 | 4 | 2007 | 12 | 16 | 2015 | 0 | 0 | 0 | 1 | 1 | 3 | 2 | 1 | 0 | 0 | 0 | 0 | 0 | 1 | 0 | 0 | 0 | 0 | 0 | 0 | 0 | 0 | 0 |  0 | 1 | 0 | 3 | 3 | 5 | 4 | 4 | 2 | 2 | 0 | 1 | 1 | 1 | 0 | 0 | 0 | 0 | 0 | 0 | 0 | 1 | 0 |
240 | Bryden, Geoffrey | UNIVERSITY OF CALIFORNIA, SANTA CRUZ | 1999 | male | 2 | 5 | 2009 | 2 | 86 | 2017 | 0 | 0 | 0 | 0 | 0 | 2 | 2 | 0 | 0 | 0 | 0 | 0 | 2 | 0 | 0 | 1 | 0 | 0 | 0 | 0 | 0 | 0 | 0 |  0 | 0 | 0 | 0 | 0 | 2 | 4 | 0 | 0 | 0 | 1 | 3 | 7 | 7 | 3 | 7 | 6 | 6 | 8 | 8 | 9 | 5 | 9 |
241 | Taherion, Saeed | UNIVERSITY OF KANSAS | 1999 | male | 1 | 1 | 2008 | 1 | 3 | 2009 | 0 | 0 | 0 | 0 | 0 | 1 | 0 | 0 | 0 | 0 | 0 | 0 | 0 | 0 | 1 | 0 | 0 | 0 | 0 | 0 | 0 | 0 | 0 |  0 | 0 | 0 | 0 | 0 | 1 | 0 | 0 | 0 | 0 | 0 | 1 | 0 | 0 | 1 | 1 | 0 | 0 | 0 | 0 | 0 | 0 | 0 |
242 | An, Penghui | STATE UNIVERSITY OF NEW YORK AT STONY BROOK | 1999 | male | 1 | 0 | 1999 | 1 | 1 | 2002 | 0 | 0 | 0 | 0 | 0 | 1 | 0 | 0 | 0 | 0 | 0 | 0 | 0 | 0 | 0 | 0 | 0 | 0 | 0 | 0 | 0 | 0 | 0 |  0 | 0 | 0 | 0 | 0 | 1 | 0 | 0 | 1 | 0 | 0 | 0 | 0 | 0 | 0 | 0 | 0 | 0 | 0 | 0 | 0 | 0 | 0 |
243 | Tryfonidis, Michail | MASSACHUSETTS INSTITUTE OF TECHNOLOGY | 1999 | male | 1 | 0 | 1999 | 1 | 0 | 1999 | 0 | 0 | 0 | 0 | 0 | 1 | 0 | 0 | 0 | 0 | 0 | 0 | 0 | 0 | 0 | 0 | 0 | 0 | 0 | 0 | 0 | 0 | 0 |  0 | 0 | 0 | 0 | 0 | 1 | 0 | 0 | 0 | 0 | 0 | 0 | 0 | 0 | 0 | 0 | 0 | 0 | 0 | 0 | 0 | 0 | 0 |
244 | White, Russel Joseph | University of Texas at Austin, R. L. M. Hall 15.308, Austin, TX 78712-1083 | 1999 | male | 5 | 10 | 2008 | 15 | 148 | 2017 | 1 | 0 | 0 | 2 | 0 | 2 | 0 | 1 | 0 | 2 | 1 | 1 | 0 | 3 | 2 | 0 | 0 | 0 | 0 | 0 | 0 | 0 | 0 |  5 | 2 | 1 | 3 | 1 | 3 | 0 | 1 | 2 | 4 | 2 | 6 | 5 | 11 | 10 | 6 | 3 | 6 | 25 | 17 | 23 | 13 | 10 |
245 | Faison, Michael Douglas | THE UNIVERSITY OF WISCONSIN - MADISON | 1999 | male | 3 | 1 | 2001 | 4 | 2 | 2005 | 0 | 0 | 0 | 0 | 2 | 1 | 0 | 1 | 0 | 0 | 0 | 0 | 0 | 0 | 0 | 0 | 0 | 0 | 0 | 0 | 0 | 0 | 0 |  0 | 0 | 1 | 0 | 2 | 1 | 0 | 1 | 0 | 0 | 0 | 1 | 0 | 0 | 0 | 0 | 0 | 0 | 0 | 0 | 0 | 0 | 0 |
246 | Swisdak, Michael Marchand, III | UNIVERSITY OF COLORADO AT BOULDER | 1999 | male | 2 | 10 | 2016 | 2 | 67 | 2017 | 0 | 0 | 0 | 0 | 0 | 2 | 0 | 1 | 0 | 1 | 0 | 1 | 1 | 1 | 1 | 0 | 1 | 0 | 0 | 2 | 0 | 0 | 1 |  0 | 0 | 0 | 0 | 0 | 2 | 0 | 1 | 0 | 3 | 2 | 4 | 4 | 3 | 1 | 4 | 6 | 8 | 8 | 9 | 5 | 1 | 4 |
247 | Schwarz, Gregory James | ARIZONA STATE UNIVERSITY | 1999 | male | 2 | 3 | 2007 | 4 | 38 | 2016 | 0 | 0 | 0 | 1 | 0 | 1 | 1 | 0 | 1 | 0 | 0 | 0 | 0 | 1 | 0 | 0 | 0 | 0 | 0 | 0 | 0 | 0 | 0 |  0 | 1 | 1 | 1 | 0 | 1 | 1 | 2 | 3 | 0 | 0 | 1 | 2 | 7 | 3 | 3 | 2 | 4 | 1 | 3 | 2 | 2 | 2 |
248 | Tompkins, William Fraser | STANFORD UNIVERSITY | 1999 | male | 2 | 0 | 1999 | 7 | 2 | 2003 | 0 | 0 | 0 | 1 | 0 | 1 | 0 | 0 | 0 | 0 | 0 | 0 | 0 | 0 | 0 | 0 | 0 | 0 | 0 | 0 | 0 | 0 | 0 |  0 | 0 | 2 | 1 | 0 | 4 | 1 | 0 | 0 | 1 | 0 | 0 | 0 | 0 | 0 | 0 | 0 | 0 | 0 | 0 | 0 | 0 | 0 |
249 | Katalinic, Visnja | THE UNIVERSITY OF CHICAGO | 1999 | female | 1 | 0 | 1999 | 2 | 1 | 2000 | 0 | 0 | 0 | 0 | 0 | 1 | 0 | 0 | 0 | 0 | 0 | 0 | 0 | 0 | 0 | 0 | 0 | 0 | 0 | 0 | 0 | 0 | 0 |  0 | 0 | 0 | 0 | 1 | 1 | 1 | 0 | 0 | 0 | 0 | 0 | 0 | 0 | 0 | 0 | 0 | 0 | 0 | 0 | 0 | 0 | 0 |
250 | Lopez, Robert Edwards | THE UNIVERSITY OF CHICAGO | 1999 | male | 10 | 16 | 2015 | 25 | 133 | 2017 | 2 | 1 | 1 | 1 | 1 | 4 | 1 | 1 | 0 | 1 | 4 | 0 | 0 | 0 | 3 | 1 | 1 | 1 | 1 | 0 | 1 | 1 | 0 |  4 | 4 | 2 | 4 | 6 | 5 | 2 | 2 | 2 | 7 | 5 | 10 | 4 | 3 | 11 | 8 | 10 | 12 | 21 | 3 | 11 | 9 | 9 |
251 | Monnier, John David | UNIVERSITY OF CALIFORNIA, BERKELEY | 1999 | male | 7 | 24 | 2017 | 10 | 150 | 2017 | 0 | 0 | 0 | 1 | 1 | 5 | 4 | 1 | 3 | 1 | 2 | 2 | 2 | 3 | 1 | 1 | 1 | 1 | 1 | 0 | 0 | 0 | 0 |  0 | 0 | 0 | 3 | 1 | 6 | 10 | 6 | 6 | 4 | 5 | 8 | 8 | 10 | 8 | 13 | 9 | 8 | 17 | 10 | 7 | 5 | 11 |
252 | Williams, Rosa Nina | UNIVERSITY OF ILLINOIS AT URBANA-CHAMPAIGN | 1999 | female | 1 | 1 | 2011 | 3 | 79 | 2017 | 0 | 0 | 0 | 0 | 0 | 1 | 0 | 0 | 0 | 0 | 0 | 0 | 0 | 0 | 0 | 0 | 0 | 1 | 0 | 0 | 0 | 0 | 0 |  1 | 0 | 1 | 0 | 0 | 1 | 0 | 0 | 0 | 1 | 8 | 8 | 3 | 2 | 2 | 2 | 2 | 4 | 9 | 8 | 18 | 9 | 2 |
253 | Benford, Dominic James | CALIFORNIA INSTITUTE OF TECHNOLOGY | 1999 | male | 3 | 8 | 2016 | 15 | 76 | 2016 | 0 | 0 | 0 | 0 | 1 | 2 | 0 | 0 | 1 | 0 | 3 | 0 | 0 | 1 | 0 | 0 | 2 | 0 | 0 | 0 | 0 | 0 | 1 |  3 | 1 | 2 | 3 | 3 | 3 | 3 | 1 | 3 | 0 | 5 | 3 | 5 | 4 | 3 | 3 | 9 | 7 | 8 | 8 | 8 | 5 | 1 |
254 | Goldin, Alexey | THE UNIVERSITY OF CHICAGO | 1999 | male | 2 | 3 | 2007 | 3 | 14 | 2016 | 0 | 0 | 0 | 1 | 0 | 1 | 0 | 0 | 1 | 0 | 0 | 0 | 1 | 1 | 0 | 0 | 0 | 0 | 0 | 0 | 0 | 0 | 0 |  0 | 0 | 0 | 2 | 0 | 1 | 1 | 0 | 2 | 0 | 0 | 2 | 3 | 1 | 0 | 2 | 1 | 0 | 0 | 0 | 0 | 0 | 2 |
255 | Sonnenschein, Andrew Harry | UNIVERSITY OF CALIFORNIA, SANTA BARBARA | 1999 | male | 1 | 0 | 1999 | 4 | 21 | 2016 | 0 | 0 | 0 | 0 | 0 | 1 | 0 | 0 | 0 | 0 | 0 | 0 | 0 | 0 | 0 | 0 | 0 | 0 | 0 | 0 | 0 | 0 | 0 |  0 | 0 | 1 | 0 | 1 | 2 | 2 | 0 | 4 | 0 | 0 | 1 | 0 | 1 | 2 | 1 | 0 | 1 | 2 | 2 | 1 | 2 | 2 |
256 | Mason, Christopher Garrett | UNIVERSITY OF MINNESOTA | 1999 | male | 4 | 1 | 2001 | 9 | 7 | 2017 | 0 | 0 | 1 | 0 | 2 | 1 | 0 | 1 | 0 | 0 | 0 | 0 | 0 | 0 | 0 | 0 | 0 | 0 | 0 | 0 | 0 | 0 | 0 |  0 | 1 | 2 | 2 | 3 | 1 | 0 | 1 | 0 | 0 | 0 | 1 | 0 | 0 | 0 | 0 | 0 | 0 | 0 | 0 | 1 | 1 | 2 |
257 | Moscoso, Michael Douglas | THE UNIVERSITY OF TEXAS AT AUSTIN | 1999 | male | 1 | 0 | 1999 | 1 | 0 | 1999 | 0 | 0 | 0 | 0 | 0 | 1 | 0 | 0 | 0 | 0 | 0 | 0 | 0 | 0 | 0 | 0 | 0 | 0 | 0 | 0 | 0 | 0 | 0 |  0 | 0 | 0 | 0 | 0 | 1 | 0 | 0 | 0 | 0 | 0 | 0 | 0 | 0 | 0 | 0 | 0 | 0 | 0 | 0 | 0 | 0 | 0 |
258 | Sposato, Stephanie Helen | WASHINGTON UNIVERSITY | 1999 | female | 2 | 0 | 1999 | 4 | 0 | 1999 | 0 | 0 | 0 | 0 | 0 | 2 | 0 | 0 | 0 | 0 | 0 | 0 | 0 | 0 | 0 | 0 | 0 | 0 | 0 | 0 | 0 | 0 | 0 |  0 | 0 | 0 | 1 | 0 | 3 | 0 | 0 | 0 | 0 | 0 | 0 | 0 | 0 | 0 | 0 | 0 | 0 | 0 | 0 | 0 | 0 | 0 |
259 | Shepherd, Simon George | DARTMOUTH COLLEGE | 1999 | male | 5 | 8 | 2014 | 7 | 20 | 2016 | 0 | 0 | 0 | 1 | 1 | 3 | 1 | 0 | 1 | 3 | 0 | 0 | 0 | 2 | 0 | 0 | 0 | 0 | 0 | 0 | 1 | 0 | 0 |  0 | 0 | 0 | 2 | 2 | 3 | 1 | 1 | 3 | 3 | 1 | 0 | 0 | 2 | 0 | 0 | 2 | 0 | 4 | 0 | 1 | 1 | 1 |
260 | Carter, Barbara J. | THE UNIVERSITY OF CHICAGO | 1999 | female | 6 | 4 | 2006 | 13 | 16 | 2017 | 2 | 0 | 2 | 0 | 0 | 2 | 1 | 2 | 0 | 0 | 0 | 0 | 1 | 0 | 0 | 0 | 0 | 0 | 0 | 0 | 0 | 0 | 0 |  5 | 2 | 3 | 1 | 0 | 2 | 1 | 2 | 0 | 0 | 1 | 1 | 4 | 0 | 0 | 2 | 1 | 0 | 0 | 1 | 0 | 0 | 1 |
261 | Buchalter, Ari | COLUMBIA UNIVERSITY | 1999 | male | 5 | 3 | 2001 | 7 | 4 | 2001 | 0 | 0 | 1 | 1 | 1 | 2 | 1 | 2 | 0 | 0 | 0 | 0 | 0 | 0 | 0 | 0 | 0 | 0 | 0 | 0 | 0 | 0 | 0 |  0 | 1 | 1 | 1 | 1 | 3 | 1 | 3 | 0 | 0 | 0 | 0 | 0 | 0 | 0 | 0 | 0 | 0 | 0 | 0 | 0 | 0 | 0 |
262 | Metzger, Stephen M. | UNIVERSITY OF NEVADA, RENO | 1999 | male | 2 | 3 | 2011 | 2 | 12 | 2013 | 0 | 0 | 0 | 0 | 0 | 2 | 2 | 0 | 0 | 0 | 0 | 0 | 0 | 0 | 0 | 0 | 0 | 1 | 0 | 0 | 0 | 0 | 0 |  0 | 0 | 0 | 0 | 0 | 2 | 2 | 0 | 0 | 3 | 0 | 0 | 0 | 1 | 0 | 2 | 1 | 1 | 1 | 1 | 0 | 0 | 0 |
263 | Balakrishna, Jayashree | WASHINGTON UNIVERSITY | 1999 | female | 4 | 3 | 2016 | 4 | 5 | 2016 | 0 | 0 | 1 | 0 | 2 | 1 | 0 | 0 | 0 | 0 | 0 | 0 | 1 | 0 | 1 | 0 | 0 | 0 | 0 | 0 | 0 | 0 | 1 |  0 | 0 | 1 | 0 | 2 | 1 | 0 | 0 | 0 | 0 | 0 | 0 | 1 | 0 | 1 | 0 | 1 | 0 | 1 | 0 | 0 | 0 | 1 |
264 | Holden, Bradford Paul | THE UNIVERSITY OF CHICAGO | 1999 | male | 3 | 12 | 2016 | 10 | 85 | 2017 | 0 | 0 | 0 | 1 | 0 | 2 | 1 | 1 | 1 | 0 | 1 | 2 | 1 | 1 | 0 | 1 | 1 | 0 | 1 | 0 | 0 | 0 | 1 |  0 | 0 | 1 | 3 | 2 | 4 | 7 | 4 | 2 | 1 | 6 | 11 | 8 | 5 | 5 | 6 | 3 | 5 | 4 | 4 | 4 | 5 | 4 |
265 | Metcalf, Robert Benton | UNIVERSITY OF CALIFORNIA, BERKELEY | 1999 | male | 7 | 17 | 2014 | 7 | 44 | 2017 | 0 | 1 | 1 | 1 | 1 | 3 | 1 | 2 | 2 | 0 | 1 | 2 | 1 | 4 | 0 | 1 | 1 | 0 | 1 | 0 | 1 | 0 | 0 |  0 | 1 | 1 | 1 | 1 | 3 | 1 | 2 | 2 | 1 | 2 | 2 | 2 | 6 | 0 | 2 | 2 | 0 | 1 | 1 | 5 | 8 | 6 |
266 | McCartney, Scott Alan | THE UNIVERSITY OF OKLAHOMA | 1999 | male | 1 | 0 | 1999 | 2 | 0 | 1999 | 0 | 0 | 0 | 0 | 0 | 1 | 0 | 0 | 0 | 0 | 0 | 0 | 0 | 0 | 0 | 0 | 0 | 0 | 0 | 0 | 0 | 0 | 0 |  0 | 0 | 0 | 1 | 0 | 1 | 0 | 0 | 0 | 0 | 0 | 0 | 0 | 0 | 0 | 0 | 0 | 0 | 0 | 0 | 0 | 0 | 0 |
267 | Kuo, Chaincy | UNIVERSITY OF CALIFORNIA, BERKELEY | 1999 | None | 2 | 16 | 2015 | 4 | 63 | 2017 | 0 | 1 | 0 | 0 | 0 | 1 | 0 | 0 | 1 | 0 | 2 | 0 | 1 | 1 | 0 | 0 | 0 | 3 | 1 | 2 | 2 | 3 | 0 |  0 | 3 | 0 | 0 | 0 | 1 | 0 | 0 | 1 | 3 | 2 | 1 | 2 | 1 | 2 | 1 | 5 | 6 | 6 | 6 | 9 | 11 | 6 |
268 | MacDonald, Daniel Rufus | UNIVERSITY OF CALIFORNIA, RIVERSIDE | 1999 | male | 1 | 1 | 2001 | 5 | 3 | 2016 | 0 | 0 | 0 | 0 | 0 | 1 | 0 | 1 | 0 | 0 | 0 | 0 | 0 | 0 | 0 | 0 | 0 | 0 | 0 | 0 | 0 | 0 | 0 |  0 | 0 | 0 | 0 | 1 | 4 | 0 | 1 | 0 | 0 | 0 | 0 | 0 | 0 | 0 | 0 | 0 | 0 | 0 | 0 | 1 | 0 | 1 |
269 | Wu, Katherine Liang-Kai | UNIVERSITY OF CALIFORNIA, SANTA CRUZ | 1999 | female | 6 | 7 | 2008 | 14 | 50 | 2017 | 2 | 2 | 1 | 0 | 0 | 1 | 1 | 1 | 1 | 1 | 0 | 0 | 0 | 0 | 3 | 0 | 0 | 0 | 0 | 0 | 0 | 0 | 0 |  5 | 3 | 2 | 2 | 0 | 2 | 8 | 6 | 4 | 5 | 3 | 6 | 3 | 3 | 5 | 1 | 0 | 0 | 1 | 0 | 1 | 1 | 1 |
270 | Chen, Hsiao-Wen | STATE UNIVERSITY OF NEW YORK AT STONY BROOK | 1999 | female | 9 | 39 | 2016 | 16 | 178 | 2017 | 1 | 2 | 1 | 2 | 1 | 2 | 3 | 2 | 2 | 2 | 2 | 4 | 2 | 6 | 1 | 2 | 3 | 2 | 4 | 1 | 1 | 1 | 1 |  2 | 2 | 1 | 4 | 3 | 4 | 6 | 7 | 11 | 4 | 11 | 11 | 20 | 17 | 13 | 20 | 8 | 10 | 10 | 5 | 8 | 8 | 8 |
271 | Held, Eric Daniel | THE UNIVERSITY OF WISCONSIN - MADISON | 1999 | male | 1 | 0 | 1999 | 1 | 1 | 2013 | 0 | 0 | 0 | 0 | 0 | 1 | 0 | 0 | 0 | 0 | 0 | 0 | 0 | 0 | 0 | 0 | 0 | 0 | 0 | 0 | 0 | 0 | 0 |  0 | 0 | 0 | 0 | 0 | 1 | 0 | 0 | 0 | 0 | 0 | 0 | 0 | 0 | 0 | 0 | 0 | 0 | 0 | 1 | 0 | 0 | 0 |
272 | Harker, David E. | UNIVERSITY OF WYOMING | 1999 | male | 4 | 9 | 2017 | 11 | 42 | 2017 | 0 | 0 | 0 | 2 | 0 | 2 | 0 | 0 | 2 | 0 | 1 | 2 | 0 | 2 | 0 | 0 | 0 | 1 | 0 | 0 | 0 | 0 | 0 |  0 | 1 | 0 | 6 | 1 | 3 | 3 | 0 | 2 | 0 | 2 | 4 | 1 | 3 | 0 | 2 | 0 | 4 | 1 | 10 | 5 | 2 | 1 |
273 | Young Owl, Rolaine Chandler | UNIVERSITY OF ILLINOIS AT URBANA-CHAMPAIGN | 1999 | None | 1 | 2 | 2002 | 2 | 2 | 2002 | 0 | 0 | 0 | 0 | 0 | 1 | 1 | 0 | 1 | 0 | 0 | 0 | 0 | 0 | 0 | 0 | 0 | 0 | 0 | 0 | 0 | 0 | 0 |  0 | 0 | 0 | 0 | 0 | 2 | 1 | 0 | 1 | 0 | 0 | 0 | 0 | 0 | 0 | 0 | 0 | 0 | 0 | 0 | 0 | 0 | 0 |
274 | Hale, Stephen Earl, Jr. | THE UNIVERSITY OF NORTH CAROLINA AT CHAPEL HILL | 1999 | male | 1 | 2 | 2004 | 2 | 5 | 2004 | 0 | 0 | 0 | 0 | 0 | 1 | 0 | 0 | 1 | 0 | 1 | 0 | 0 | 0 | 0 | 0 | 0 | 0 | 0 | 0 | 0 | 0 | 0 |  0 | 0 | 0 | 0 | 0 | 2 | 1 | 1 | 2 | 0 | 1 | 0 | 0 | 0 | 0 | 0 | 0 | 0 | 0 | 0 | 0 | 0 | 0 |
275 | Kaplinghat, Manoj | THE OHIO STATE UNIVERSITY | 1999 | male | 4 | 21 | 2016 | 4 | 78 | 2016 | 0 | 0 | 0 | 0 | 0 | 4 | 3 | 1 | 2 | 3 | 1 | 2 | 1 | 1 | 1 | 2 | 0 | 0 | 0 | 0 | 2 | 1 | 1 |  0 | 0 | 0 | 0 | 0 | 4 | 4 | 1 | 3 | 6 | 3 | 2 | 5 | 7 | 4 | 5 | 7 | 5 | 3 | 6 | 9 | 5 | 3 |
276 | Naoumov, Sergei Olegovich | THE UNIVERSITY OF NORTH CAROLINA AT CHAPEL HILL | 1999 | male | 1 | 0 | 1999 | 1 | 0 | 1999 | 0 | 0 | 0 | 0 | 0 | 1 | 0 | 0 | 0 | 0 | 0 | 0 | 0 | 0 | 0 | 0 | 0 | 0 | 0 | 0 | 0 | 0 | 0 |  0 | 0 | 0 | 0 | 0 | 1 | 0 | 0 | 0 | 0 | 0 | 0 | 0 | 0 | 0 | 0 | 0 | 0 | 0 | 0 | 0 | 0 | 0 |
277 | Oppenheimer, Ben R. | CALIFORNIA INSTITUTE OF TECHNOLOGY | 1999 | male | 6 | 7 | 2013 | 11 | 76 | 2017 | 1 | 1 | 0 | 2 | 1 | 1 | 1 | 3 | 0 | 0 | 0 | 0 | 0 | 0 | 1 | 1 | 0 | 0 | 0 | 1 | 0 | 0 | 0 |  1 | 3 | 1 | 2 | 2 | 2 | 3 | 4 | 2 | 1 | 2 | 4 | 4 | 6 | 2 | 2 | 4 | 5 | 3 | 3 | 3 | 12 | 10 |
278 | Staren, John William | University of California, Santa Barbara | 1999 | male | 1 | 1 | 2000 | 4 | 2 | 2000 | 0 | 0 | 0 | 0 | 0 | 1 | 1 | 0 | 0 | 0 | 0 | 0 | 0 | 0 | 0 | 0 | 0 | 0 | 0 | 0 | 0 | 0 | 0 |  0 | 1 | 2 | 0 | 0 | 1 | 2 | 0 | 0 | 0 | 0 | 0 | 0 | 0 | 0 | 0 | 0 | 0 | 0 | 0 | 0 | 0 | 0 |
279 | Smith, Kendall Shafer, III | UNIVERSITY OF CALIFORNIA, SANTA CRUZ | 1999 | female | 2 | 3 | 2005 | 6 | 70 | 2017 | 0 | 0 | 0 | 0 | 1 | 1 | 0 | 1 | 0 | 1 | 0 | 1 | 0 | 0 | 0 | 0 | 0 | 0 | 0 | 0 | 0 | 0 | 0 |  2 | 0 | 1 | 1 | 1 | 1 | 0 | 1 | 0 | 1 | 3 | 1 | 1 | 0 | 3 | 3 | 4 | 2 | 5 | 12 | 12 | 14 | 5 |
280 | Diercks, Alan Hodgdon | University of California, Santa Barbara | 1999 | male | 2 | 0 | 1999 | 8 | 9 | 2006 | 0 | 0 | 0 | 0 | 1 | 1 | 0 | 0 | 0 | 0 | 0 | 0 | 0 | 0 | 0 | 0 | 0 | 0 | 0 | 0 | 0 | 0 | 0 |  0 | 0 | 0 | 0 | 6 | 2 | 3 | 5 | 0 | 0 | 0 | 0 | 1 | 0 | 0 | 0 | 0 | 0 | 0 | 0 | 0 | 0 | 0 |
281 | Naylor, Jaylene R. | University of Montana | 1999 | female | 1 | 0 | 1999 | 1 | 0 | 1999 | 0 | 0 | 0 | 0 | 0 | 1 | 0 | 0 | 0 | 0 | 0 | 0 | 0 | 0 | 0 | 0 | 0 | 0 | 0 | 0 | 0 | 0 | 0 |  0 | 0 | 0 | 0 | 0 | 1 | 0 | 0 | 0 | 0 | 0 | 0 | 0 | 0 | 0 | 0 | 0 | 0 | 0 | 0 | 0 | 0 | 0 |
