n | name | university | phd_year | gender | fa_n_pubs_pre_phd | fa_n_pubs_prost_phd | fa_year_last | all_n_pubs_pre_phd | all_n_pubs_prost_phd | all_year_last |  fa_1972 | fa_1973 | fa_1974 | fa_1975 | fa_1976 | fa_1977 | fa_1978 | fa_1979 | fa_1980 | fa_1981 | fa_1982 | fa_1983 | fa_1984 | fa_1985 | fa_1986 | fa_1987 | fa_1988 | fa_1989 | fa_1990 | fa_1991 | fa_1992 | fa_1993 | fa_1994 | fa_1995 | fa_1996 | fa_1997 | fa_1998 | fa_1999 | fa_2000 | fa_2001 | fa_2002 | fa_2003 | fa_2004 | fa_2005 | fa_2006 | fa_2007 | fa_2008 | fa_2009 | fa_2010 | fa_2011 | fa_2012 | fa_2013 | fa_2014 | fa_2015 | fa_2016 |  all_1972 | all_1973 | all_1974 | all_1975 | all_1976 | all_1977 | all_1978 | all_1979 | all_1980 | all_1981 | all_1982 | all_1983 | all_1984 | all_1985 | all_1986 | all_1987 | all_1988 | all_1989 | all_1990 | all_1991 | all_1992 | all_1993 | all_1994 | all_1995 | all_1996 | all_1997 | all_1998 | all_1999 | all_2000 | all_2001 | all_2002 | all_2003 | all_2004 | all_2005 | all_2006 | all_2007 | all_2008 | all_2009 | all_2010 | all_2011 | all_2012 | all_2013 | all_2014 | all_2015 | all_2016 | foo
1 | Wiedenbeck, M. E. | California Institute of Technology, Pasadena. | 1977 | None | 1 | 36 | 2013 | 1 | 170 | 2016 | 0 | 0 | 0 | 0 | 0 | 1 | 1 | 1 | 2 | 3 | 0 | 2 | 1 | 2 | 0 | 1 | 0 | 0 | 1 | 0 | 0 | 0 | 1 | 2 | 0 | 2 | 0 | 1 | 1 | 3 | 0 | 2 | 0 | 2 | 0 | 1 | 2 | 1 | 2 | 0 | 0 | 2 | 0 | 0 | 0 |  0 | 0 | 0 | 0 | 0 | 1 | 1 | 3 | 3 | 4 | 1 | 7 | 1 | 3 | 0 | 5 | 1 | 0 | 1 | 0 | 1 | 1 | 1 | 3 | 0 | 7 | 2 | 6 | 1 | 31 | 3 | 13 | 1 | 13 | 2 | 8 | 18 | 7 | 6 | 0 | 2 | 4 | 3 | 2 | 5 |
2 | Chatham, R. E. | State University of New York, Stony Brook. | 1977 | None | 1 | 0 | 1977 | 1 | 0 | 1977 | 0 | 0 | 0 | 0 | 0 | 1 | 0 | 0 | 0 | 0 | 0 | 0 | 0 | 0 | 0 | 0 | 0 | 0 | 0 | 0 | 0 | 0 | 0 | 0 | 0 | 0 | 0 | 0 | 0 | 0 | 0 | 0 | 0 | 0 | 0 | 0 | 0 | 0 | 0 | 0 | 0 | 0 | 0 | 0 | 0 |  0 | 0 | 0 | 0 | 0 | 1 | 0 | 0 | 0 | 0 | 0 | 0 | 0 | 0 | 0 | 0 | 0 | 0 | 0 | 0 | 0 | 0 | 0 | 0 | 0 | 0 | 0 | 0 | 0 | 0 | 0 | 0 | 0 | 0 | 0 | 0 | 0 | 0 | 0 | 0 | 0 | 0 | 0 | 0 | 0 |
3 | Richardson, D. L. | Cornell Univ., Ithaca, NY. | 1977 | None | 1 | 10 | 2004 | 3 | 17 | 2004 | 0 | 0 | 0 | 0 | 0 | 1 | 0 | 0 | 2 | 0 | 1 | 0 | 0 | 0 | 0 | 1 | 2 | 2 | 0 | 0 | 0 | 1 | 0 | 0 | 0 | 0 | 0 | 0 | 0 | 0 | 0 | 0 | 1 | 0 | 0 | 0 | 0 | 0 | 0 | 0 | 0 | 0 | 0 | 0 | 0 |  0 | 1 | 0 | 0 | 0 | 2 | 0 | 0 | 2 | 0 | 2 | 0 | 1 | 0 | 0 | 1 | 2 | 2 | 1 | 1 | 0 | 1 | 0 | 0 | 1 | 1 | 0 | 0 | 0 | 1 | 0 | 0 | 1 | 0 | 0 | 0 | 0 | 0 | 0 | 0 | 0 | 0 | 0 | 0 | 0 |
4 | Decoster, Richard Joseph, II | THE UNIVERSITY OF IOWA. | 1977 | male | 2 | 0 | 1977 | 2 | 4 | 1981 | 0 | 0 | 0 | 1 | 0 | 1 | 0 | 0 | 0 | 0 | 0 | 0 | 0 | 0 | 0 | 0 | 0 | 0 | 0 | 0 | 0 | 0 | 0 | 0 | 0 | 0 | 0 | 0 | 0 | 0 | 0 | 0 | 0 | 0 | 0 | 0 | 0 | 0 | 0 | 0 | 0 | 0 | 0 | 0 | 0 |  0 | 0 | 0 | 1 | 0 | 1 | 2 | 1 | 0 | 1 | 0 | 0 | 0 | 0 | 0 | 0 | 0 | 0 | 0 | 0 | 0 | 0 | 0 | 0 | 0 | 0 | 0 | 0 | 0 | 0 | 0 | 0 | 0 | 0 | 0 | 0 | 0 | 0 | 0 | 0 | 0 | 0 | 0 | 0 | 0 |
5 | Frey, H. | National Aeronautics and Space Administration. Goddard Space Flight Center, Greenbelt, MD. | 1977 | None | 6 | 46 | 2016 | 7 | 285 | 2017 | 0 | 0 | 1 | 1 | 0 | 4 | 0 | 4 | 0 | 0 | 3 | 0 | 0 | 0 | 0 | 0 | 2 | 0 | 3 | 1 | 0 | 0 | 0 | 0 | 5 | 1 | 4 | 2 | 1 | 2 | 3 | 4 | 3 | 1 | 2 | 1 | 1 | 0 | 2 | 0 | 0 | 0 | 0 | 0 | 1 |  0 | 1 | 1 | 1 | 0 | 4 | 0 | 4 | 0 | 0 | 3 | 0 | 0 | 1 | 0 | 0 | 2 | 1 | 5 | 2 | 0 | 0 | 1 | 2 | 5 | 2 | 8 | 6 | 7 | 10 | 17 | 30 | 11 | 25 | 13 | 12 | 27 | 18 | 17 | 7 | 11 | 12 | 10 | 6 | 9 |
6 | Rose, L. A. | Minnesota Univ., Minneapolis. | 1977 | None | 1 | 1 | 1979 | 1 | 2 | 1980 | 0 | 0 | 0 | 0 | 0 | 1 | 0 | 1 | 0 | 0 | 0 | 0 | 0 | 0 | 0 | 0 | 0 | 0 | 0 | 0 | 0 | 0 | 0 | 0 | 0 | 0 | 0 | 0 | 0 | 0 | 0 | 0 | 0 | 0 | 0 | 0 | 0 | 0 | 0 | 0 | 0 | 0 | 0 | 0 | 0 |  0 | 0 | 0 | 0 | 0 | 1 | 0 | 1 | 1 | 0 | 0 | 0 | 0 | 0 | 0 | 0 | 0 | 0 | 0 | 0 | 0 | 0 | 0 | 0 | 0 | 0 | 0 | 0 | 0 | 0 | 0 | 0 | 0 | 0 | 0 | 0 | 0 | 0 | 0 | 0 | 0 | 0 | 0 | 0 | 0 |
7 | Limaye, S. S. | Wisconsin Univ., Madison. | 1977 | None | 3 | 18 | 2017 | 5 | 54 | 2017 | 0 | 0 | 0 | 0 | 0 | 3 | 0 | 0 | 0 | 1 | 2 | 0 | 1 | 1 | 2 | 1 | 2 | 0 | 1 | 1 | 1 | 0 | 0 | 0 | 0 | 0 | 0 | 0 | 0 | 0 | 0 | 0 | 0 | 0 | 0 | 2 | 0 | 1 | 0 | 0 | 0 | 0 | 0 | 1 | 0 |  0 | 0 | 0 | 0 | 0 | 5 | 0 | 2 | 2 | 2 | 3 | 0 | 1 | 3 | 2 | 1 | 2 | 2 | 1 | 3 | 1 | 1 | 0 | 1 | 2 | 0 | 0 | 0 | 0 | 5 | 0 | 1 | 0 | 0 | 1 | 4 | 0 | 2 | 0 | 1 | 4 | 2 | 1 | 1 | 0 |
8 | Mosher, James Marshall | CALIFORNIA INSTITUTE OF TECHNOLOGY. | 1977 | male | 2 | 4 | 2014 | 2 | 11 | 2014 | 0 | 0 | 0 | 0 | 0 | 2 | 0 | 1 | 1 | 0 | 0 | 0 | 0 | 0 | 0 | 0 | 0 | 0 | 0 | 0 | 0 | 0 | 0 | 0 | 0 | 0 | 0 | 0 | 0 | 0 | 0 | 0 | 0 | 0 | 0 | 0 | 0 | 0 | 0 | 0 | 1 | 0 | 1 | 0 | 0 |  0 | 0 | 0 | 0 | 0 | 2 | 0 | 1 | 3 | 0 | 0 | 0 | 0 | 0 | 0 | 0 | 1 | 0 | 0 | 0 | 0 | 0 | 0 | 0 | 1 | 0 | 0 | 0 | 0 | 0 | 0 | 0 | 0 | 0 | 0 | 0 | 0 | 0 | 0 | 1 | 1 | 1 | 2 | 0 | 0 |
9 | Olson, Gordon Lee | THE UNIVERSITY OF WISCONSIN - MADISON. | 1977 | male | 2 | 8 | 2000 | 2 | 18 | 2000 | 0 | 0 | 0 | 0 | 1 | 1 | 1 | 0 | 0 | 3 | 1 | 0 | 0 | 0 | 1 | 1 | 0 | 0 | 0 | 0 | 0 | 0 | 0 | 0 | 0 | 0 | 0 | 0 | 1 | 0 | 0 | 0 | 0 | 0 | 0 | 0 | 0 | 0 | 0 | 0 | 0 | 0 | 0 | 0 | 0 |  0 | 0 | 0 | 0 | 1 | 1 | 2 | 1 | 1 | 4 | 1 | 1 | 1 | 1 | 1 | 1 | 1 | 0 | 0 | 0 | 0 | 0 | 0 | 0 | 1 | 0 | 0 | 1 | 1 | 0 | 0 | 0 | 0 | 0 | 0 | 0 | 0 | 0 | 0 | 0 | 0 | 0 | 0 | 0 | 0 |
10 | Pizzo, Victor John | UNIVERSITY OF COLORADO AT BOULDER. | 1977 | male | 2 | 21 | 2005 | 7 | 60 | 2017 | 0 | 1 | 0 | 0 | 0 | 1 | 1 | 0 | 1 | 1 | 1 | 1 | 0 | 1 | 2 | 1 | 0 | 1 | 1 | 1 | 0 | 2 | 4 | 1 | 0 | 0 | 0 | 0 | 0 | 0 | 0 | 0 | 1 | 1 | 0 | 0 | 0 | 0 | 0 | 0 | 0 | 0 | 0 | 0 | 0 |  2 | 2 | 1 | 1 | 0 | 1 | 1 | 0 | 1 | 2 | 1 | 2 | 0 | 2 | 2 | 1 | 0 | 2 | 1 | 1 | 0 | 4 | 7 | 4 | 1 | 1 | 1 | 6 | 1 | 1 | 3 | 0 | 2 | 4 | 0 | 0 | 2 | 3 | 0 | 0 | 0 | 1 | 0 | 1 | 1 |
11 | Rainey, George William, Jr. | UNIVERSITY OF CALIFORNIA, LOS ANGELES. | 1977 | male | 1 | 0 | 1977 | 1 | 0 | 1977 | 0 | 0 | 0 | 0 | 0 | 1 | 0 | 0 | 0 | 0 | 0 | 0 | 0 | 0 | 0 | 0 | 0 | 0 | 0 | 0 | 0 | 0 | 0 | 0 | 0 | 0 | 0 | 0 | 0 | 0 | 0 | 0 | 0 | 0 | 0 | 0 | 0 | 0 | 0 | 0 | 0 | 0 | 0 | 0 | 0 |  0 | 0 | 0 | 0 | 0 | 1 | 0 | 0 | 0 | 0 | 0 | 0 | 0 | 0 | 0 | 0 | 0 | 0 | 0 | 0 | 0 | 0 | 0 | 0 | 0 | 0 | 0 | 0 | 0 | 0 | 0 | 0 | 0 | 0 | 0 | 0 | 0 | 0 | 0 | 0 | 0 | 0 | 0 | 0 | 0 |
12 | Schommer, Robert Andrew | UNIVERSITY OF WASHINGTON. | 1977 | male | 2 | 9 | 1993 | 2 | 123 | 2016 | 0 | 0 | 0 | 0 | 1 | 1 | 0 | 0 | 0 | 1 | 0 | 1 | 1 | 0 | 1 | 0 | 1 | 0 | 0 | 2 | 1 | 1 | 0 | 0 | 0 | 0 | 0 | 0 | 0 | 0 | 0 | 0 | 0 | 0 | 0 | 0 | 0 | 0 | 0 | 0 | 0 | 0 | 0 | 0 | 0 |  0 | 0 | 0 | 0 | 1 | 1 | 1 | 1 | 1 | 5 | 10 | 6 | 13 | 1 | 7 | 4 | 4 | 2 | 2 | 5 | 4 | 6 | 4 | 3 | 7 | 3 | 8 | 2 | 5 | 5 | 3 | 2 | 2 | 0 | 2 | 3 | 1 | 0 | 0 | 0 | 0 | 0 | 0 | 0 | 1 |
13 | Tsikoudi, Vassiliki | THE UNIVERSITY OF TEXAS AT AUSTIN. | 1977 | female | 2 | 12 | 2000 | 4 | 21 | 2009 | 0 | 0 | 0 | 1 | 0 | 1 | 0 | 1 | 1 | 0 | 1 | 1 | 0 | 0 | 0 | 0 | 1 | 1 | 2 | 0 | 0 | 0 | 0 | 1 | 0 | 1 | 0 | 0 | 2 | 0 | 0 | 0 | 0 | 0 | 0 | 0 | 0 | 0 | 0 | 0 | 0 | 0 | 0 | 0 | 0 |  0 | 1 | 0 | 1 | 1 | 1 | 0 | 1 | 1 | 0 | 1 | 1 | 0 | 0 | 0 | 0 | 1 | 1 | 2 | 0 | 2 | 1 | 0 | 1 | 0 | 3 | 0 | 1 | 2 | 0 | 1 | 0 | 0 | 0 | 0 | 0 | 0 | 2 | 0 | 0 | 0 | 0 | 0 | 0 | 0 |
14 | Koenig, B. | SCITRAN, Inc., Santa Barbara, CA. | 1977 | None | 1 | 0 | 1977 | 4 | 11 | 2006 | 0 | 0 | 0 | 0 | 0 | 1 | 0 | 0 | 0 | 0 | 0 | 0 | 0 | 0 | 0 | 0 | 0 | 0 | 0 | 0 | 0 | 0 | 0 | 0 | 0 | 0 | 0 | 0 | 0 | 0 | 0 | 0 | 0 | 0 | 0 | 0 | 0 | 0 | 0 | 0 | 0 | 0 | 0 | 0 | 0 |  0 | 0 | 0 | 2 | 1 | 1 | 0 | 0 | 0 | 0 | 0 | 0 | 0 | 0 | 1 | 0 | 0 | 0 | 0 | 0 | 0 | 0 | 0 | 0 | 0 | 0 | 0 | 0 | 0 | 2 | 1 | 1 | 1 | 3 | 2 | 0 | 0 | 0 | 0 | 0 | 0 | 0 | 0 | 0 | 0 |
15 | Vitello, Peter A. J. | CORNELL UNIVERSITY. | 1977 | male | 2 | 7 | 1993 | 2 | 11 | 1999 | 0 | 0 | 0 | 0 | 0 | 2 | 2 | 0 | 0 | 0 | 0 | 0 | 2 | 0 | 0 | 0 | 1 | 0 | 0 | 1 | 0 | 1 | 0 | 0 | 0 | 0 | 0 | 0 | 0 | 0 | 0 | 0 | 0 | 0 | 0 | 0 | 0 | 0 | 0 | 0 | 0 | 0 | 0 | 0 | 0 |  0 | 0 | 0 | 0 | 0 | 2 | 2 | 0 | 0 | 0 | 1 | 0 | 2 | 0 | 0 | 0 | 1 | 0 | 0 | 1 | 0 | 2 | 0 | 0 | 1 | 0 | 0 | 1 | 0 | 0 | 0 | 0 | 0 | 0 | 0 | 0 | 0 | 0 | 0 | 0 | 0 | 0 | 0 | 0 | 0 |
16 | Wells, Eddie Neil | UNIVERSITY OF PITTSBURGH. | 1977 | male | 1 | 2 | 2001 | 1 | 17 | 2006 | 0 | 0 | 0 | 0 | 0 | 1 | 0 | 0 | 0 | 0 | 0 | 0 | 1 | 0 | 0 | 0 | 0 | 0 | 0 | 0 | 0 | 0 | 0 | 0 | 0 | 0 | 0 | 0 | 0 | 1 | 0 | 0 | 0 | 0 | 0 | 0 | 0 | 0 | 0 | 0 | 0 | 0 | 0 | 0 | 0 |  0 | 0 | 0 | 0 | 0 | 1 | 0 | 0 | 0 | 2 | 0 | 0 | 1 | 0 | 0 | 2 | 0 | 0 | 0 | 0 | 0 | 0 | 1 | 0 | 0 | 4 | 1 | 2 | 1 | 1 | 0 | 0 | 1 | 0 | 1 | 0 | 0 | 0 | 0 | 0 | 0 | 0 | 0 | 0 | 0 |
17 | Ake, Thomas Bellis, III | CASE WESTERN RESERVE UNIVERSITY. | 1977 | male | 1 | 5 | 2000 | 1 | 44 | 2011 | 0 | 0 | 0 | 0 | 0 | 1 | 0 | 1 | 1 | 0 | 0 | 0 | 0 | 1 | 0 | 0 | 1 | 0 | 0 | 0 | 0 | 0 | 0 | 0 | 0 | 0 | 0 | 0 | 1 | 0 | 0 | 0 | 0 | 0 | 0 | 0 | 0 | 0 | 0 | 0 | 0 | 0 | 0 | 0 | 0 |  0 | 0 | 0 | 0 | 0 | 1 | 0 | 1 | 1 | 0 | 0 | 1 | 1 | 5 | 2 | 0 | 2 | 0 | 1 | 1 | 0 | 3 | 1 | 2 | 1 | 1 | 3 | 2 | 6 | 3 | 2 | 2 | 0 | 2 | 0 | 0 | 0 | 0 | 0 | 1 | 0 | 0 | 0 | 0 | 0 |
18 | Brown, Timothy Mccain | UNIVERSITY OF COLORADO AT BOULDER. | 1977 | male | 1 | 42 | 2016 | 2 | 193 | 2017 | 0 | 0 | 0 | 0 | 0 | 1 | 3 | 1 | 2 | 0 | 3 | 1 | 2 | 1 | 0 | 3 | 0 | 1 | 3 | 2 | 2 | 0 | 3 | 0 | 0 | 1 | 3 | 0 | 0 | 2 | 1 | 2 | 0 | 0 | 1 | 0 | 0 | 0 | 1 | 1 | 0 | 1 | 1 | 0 | 1 |  0 | 0 | 1 | 0 | 0 | 1 | 3 | 2 | 2 | 0 | 3 | 1 | 2 | 1 | 1 | 3 | 2 | 1 | 3 | 5 | 4 | 4 | 5 | 1 | 2 | 3 | 6 | 2 | 6 | 3 | 2 | 5 | 3 | 9 | 7 | 10 | 4 | 5 | 26 | 28 | 4 | 4 | 4 | 11 | 1 |
19 | Chester, Thomas Jay | PRINCETON UNIVERSITY. | 1977 | male | 2 | 6 | 1981 | 3 | 27 | 2006 | 0 | 0 | 0 | 0 | 0 | 2 | 2 | 3 | 0 | 1 | 0 | 0 | 0 | 0 | 0 | 0 | 0 | 0 | 0 | 0 | 0 | 0 | 0 | 0 | 0 | 0 | 0 | 0 | 0 | 0 | 0 | 0 | 0 | 0 | 0 | 0 | 0 | 0 | 0 | 0 | 0 | 0 | 0 | 0 | 0 |  0 | 0 | 0 | 0 | 0 | 3 | 2 | 3 | 1 | 1 | 0 | 0 | 2 | 2 | 3 | 2 | 1 | 0 | 1 | 0 | 0 | 0 | 1 | 0 | 0 | 1 | 2 | 0 | 2 | 1 | 0 | 1 | 0 | 0 | 1 | 0 | 0 | 0 | 0 | 0 | 0 | 0 | 0 | 0 | 0 |
20 | Dawson, Dennis Wade | NEW MEXICO STATE UNIVERSITY. | 1977 | male | 3 | 7 | 1998 | 3 | 13 | 2001 | 0 | 0 | 0 | 0 | 0 | 3 | 1 | 1 | 0 | 1 | 1 | 0 | 0 | 0 | 0 | 0 | 0 | 0 | 0 | 0 | 0 | 0 | 0 | 1 | 0 | 1 | 1 | 0 | 0 | 0 | 0 | 0 | 0 | 0 | 0 | 0 | 0 | 0 | 0 | 0 | 0 | 0 | 0 | 0 | 0 |  0 | 0 | 0 | 0 | 0 | 3 | 1 | 1 | 0 | 3 | 1 | 2 | 0 | 0 | 0 | 0 | 0 | 0 | 1 | 0 | 0 | 0 | 0 | 1 | 0 | 1 | 1 | 0 | 0 | 1 | 0 | 0 | 0 | 0 | 0 | 0 | 0 | 0 | 0 | 0 | 0 | 0 | 0 | 0 | 0 |
21 | Frey, H. | National Aeronautics and Space Administration. Goddard Inst. for Space Studies, New York, NY. | 1977 | None | 6 | 46 | 2016 | 7 | 285 | 2017 | 0 | 0 | 1 | 1 | 0 | 4 | 0 | 4 | 0 | 0 | 3 | 0 | 0 | 0 | 0 | 0 | 2 | 0 | 3 | 1 | 0 | 0 | 0 | 0 | 5 | 1 | 4 | 2 | 1 | 2 | 3 | 4 | 3 | 1 | 2 | 1 | 1 | 0 | 2 | 0 | 0 | 0 | 0 | 0 | 1 |  0 | 1 | 1 | 1 | 0 | 4 | 0 | 4 | 0 | 0 | 3 | 0 | 0 | 1 | 0 | 0 | 2 | 1 | 5 | 2 | 0 | 0 | 1 | 2 | 5 | 2 | 8 | 6 | 7 | 10 | 17 | 30 | 11 | 25 | 13 | 12 | 27 | 18 | 17 | 7 | 11 | 12 | 10 | 6 | 9 |
22 | Cook, T. L. | Los Alamos Scientific Lab., NM. | 1977 | None | 1 | 2 | 2015 | 1 | 3 | 2015 | 0 | 0 | 0 | 0 | 0 | 1 | 1 | 0 | 0 | 0 | 0 | 0 | 0 | 0 | 0 | 0 | 0 | 0 | 0 | 0 | 0 | 0 | 0 | 0 | 0 | 0 | 0 | 0 | 0 | 0 | 0 | 0 | 0 | 0 | 0 | 0 | 0 | 0 | 0 | 0 | 0 | 0 | 0 | 1 | 0 |  0 | 0 | 0 | 0 | 0 | 1 | 1 | 0 | 0 | 0 | 0 | 0 | 0 | 0 | 0 | 0 | 0 | 0 | 0 | 0 | 0 | 0 | 0 | 0 | 0 | 0 | 0 | 0 | 0 | 0 | 0 | 0 | 0 | 0 | 0 | 0 | 0 | 0 | 0 | 0 | 1 | 0 | 0 | 1 | 0 |
23 | Chen, Robert Hsin | THE UNIVERSITY OF MICHIGAN. | 1977 | male | 2 | 9 | 2012 | 5 | 27 | 2013 | 0 | 0 | 0 | 0 | 0 | 2 | 2 | 0 | 0 | 1 | 1 | 1 | 0 | 0 | 0 | 0 | 0 | 0 | 0 | 0 | 0 | 0 | 0 | 0 | 0 | 0 | 0 | 0 | 0 | 0 | 0 | 0 | 0 | 0 | 0 | 0 | 0 | 0 | 0 | 2 | 2 | 0 | 0 | 0 | 0 |  2 | 0 | 0 | 0 | 1 | 2 | 3 | 2 | 0 | 1 | 2 | 2 | 0 | 0 | 0 | 0 | 0 | 0 | 0 | 1 | 1 | 2 | 1 | 2 | 0 | 2 | 0 | 1 | 0 | 0 | 0 | 0 | 0 | 0 | 0 | 0 | 1 | 0 | 0 | 3 | 2 | 1 | 0 | 0 | 0 |
24 | Saenz, Richard Anthony | CORNELL UNIVERSITY. | 1977 | male | 2 | 3 | 1981 | 2 | 3 | 1981 | 0 | 0 | 0 | 0 | 0 | 2 | 1 | 1 | 0 | 1 | 0 | 0 | 0 | 0 | 0 | 0 | 0 | 0 | 0 | 0 | 0 | 0 | 0 | 0 | 0 | 0 | 0 | 0 | 0 | 0 | 0 | 0 | 0 | 0 | 0 | 0 | 0 | 0 | 0 | 0 | 0 | 0 | 0 | 0 | 0 |  0 | 0 | 0 | 0 | 0 | 2 | 1 | 1 | 0 | 1 | 0 | 0 | 0 | 0 | 0 | 0 | 0 | 0 | 0 | 0 | 0 | 0 | 0 | 0 | 0 | 0 | 0 | 0 | 0 | 0 | 0 | 0 | 0 | 0 | 0 | 0 | 0 | 0 | 0 | 0 | 0 | 0 | 0 | 0 | 0 |
25 | Strikwerda, Thomas Earl | UNIVERSITY OF VIRGINIA. | 1977 | male | 1 | 0 | 1977 | 1 | 1 | 2006 | 0 | 0 | 0 | 0 | 0 | 1 | 0 | 0 | 0 | 0 | 0 | 0 | 0 | 0 | 0 | 0 | 0 | 0 | 0 | 0 | 0 | 0 | 0 | 0 | 0 | 0 | 0 | 0 | 0 | 0 | 0 | 0 | 0 | 0 | 0 | 0 | 0 | 0 | 0 | 0 | 0 | 0 | 0 | 0 | 0 |  0 | 0 | 0 | 0 | 0 | 1 | 0 | 0 | 0 | 0 | 0 | 0 | 0 | 0 | 0 | 0 | 0 | 0 | 0 | 0 | 0 | 0 | 0 | 0 | 0 | 0 | 0 | 0 | 0 | 0 | 0 | 0 | 0 | 0 | 1 | 0 | 0 | 0 | 0 | 0 | 0 | 0 | 0 | 0 | 0 |
26 | Shoub, Edward Charles | STANFORD UNIVERSITY. | 1977 | male | 3 | 2 | 1992 | 3 | 6 | 1992 | 0 | 0 | 0 | 0 | 0 | 3 | 0 | 0 | 0 | 0 | 0 | 1 | 0 | 0 | 0 | 0 | 0 | 0 | 0 | 0 | 1 | 0 | 0 | 0 | 0 | 0 | 0 | 0 | 0 | 0 | 0 | 0 | 0 | 0 | 0 | 0 | 0 | 0 | 0 | 0 | 0 | 0 | 0 | 0 | 0 |  0 | 0 | 0 | 0 | 0 | 3 | 0 | 0 | 0 | 0 | 1 | 1 | 0 | 1 | 0 | 0 | 0 | 0 | 1 | 0 | 2 | 0 | 0 | 0 | 0 | 0 | 0 | 0 | 0 | 0 | 0 | 0 | 0 | 0 | 0 | 0 | 0 | 0 | 0 | 0 | 0 | 0 | 0 | 0 | 0 |
27 | Healy, Alfred Webb | THE UNIVERSITY OF ARIZONA. | 1977 | male | 1 | 0 | 1977 | 6 | 0 | 1977 | 0 | 0 | 0 | 0 | 0 | 1 | 0 | 0 | 0 | 0 | 0 | 0 | 0 | 0 | 0 | 0 | 0 | 0 | 0 | 0 | 0 | 0 | 0 | 0 | 0 | 0 | 0 | 0 | 0 | 0 | 0 | 0 | 0 | 0 | 0 | 0 | 0 | 0 | 0 | 0 | 0 | 0 | 0 | 0 | 0 |  0 | 0 | 3 | 2 | 0 | 1 | 0 | 0 | 0 | 0 | 0 | 0 | 0 | 0 | 0 | 0 | 0 | 0 | 0 | 0 | 0 | 0 | 0 | 0 | 0 | 0 | 0 | 0 | 0 | 0 | 0 | 0 | 0 | 0 | 0 | 0 | 0 | 0 | 0 | 0 | 0 | 0 | 0 | 0 | 0 |
28 | Jordan, Thomas Morris | OKLAHOMA STATE UNIVERSITY. | 1977 | male | 1 | 1 | 1989 | 1 | 9 | 2016 | 0 | 0 | 0 | 0 | 0 | 1 | 0 | 0 | 0 | 0 | 0 | 0 | 0 | 0 | 0 | 0 | 0 | 1 | 0 | 0 | 0 | 0 | 0 | 0 | 0 | 0 | 0 | 0 | 0 | 0 | 0 | 0 | 0 | 0 | 0 | 0 | 0 | 0 | 0 | 0 | 0 | 0 | 0 | 0 | 0 |  0 | 0 | 0 | 0 | 0 | 1 | 0 | 0 | 0 | 0 | 0 | 0 | 0 | 0 | 0 | 0 | 0 | 2 | 0 | 0 | 0 | 0 | 0 | 0 | 0 | 0 | 0 | 0 | 0 | 0 | 1 | 0 | 0 | 1 | 1 | 1 | 1 | 0 | 0 | 0 | 0 | 0 | 0 | 1 | 1 |
29 | Loh, Edwin Din | PRINCETON UNIVERSITY. | 1977 | male | 1 | 9 | 2012 | 1 | 22 | 2013 | 0 | 0 | 0 | 0 | 0 | 1 | 0 | 0 | 0 | 0 | 0 | 0 | 0 | 0 | 3 | 0 | 2 | 0 | 0 | 0 | 0 | 0 | 0 | 0 | 0 | 0 | 0 | 0 | 0 | 0 | 0 | 0 | 0 | 0 | 0 | 0 | 0 | 0 | 1 | 1 | 2 | 0 | 0 | 0 | 0 |  0 | 0 | 0 | 0 | 0 | 1 | 0 | 0 | 0 | 0 | 1 | 1 | 1 | 0 | 4 | 0 | 2 | 0 | 0 | 0 | 0 | 0 | 0 | 1 | 0 | 0 | 0 | 0 | 0 | 0 | 0 | 4 | 1 | 0 | 0 | 0 | 1 | 0 | 1 | 1 | 2 | 2 | 0 | 0 | 0 |
30 | McNamara, Daniel Joseph Peter | UNIVERSITY OF COLORADO AT BOULDER. | 1977 | male | 1 | 1 | 1997 | 1 | 8 | 2012 | 0 | 0 | 0 | 0 | 0 | 1 | 0 | 0 | 0 | 0 | 0 | 0 | 0 | 0 | 0 | 0 | 0 | 0 | 0 | 0 | 0 | 0 | 0 | 0 | 0 | 1 | 0 | 0 | 0 | 0 | 0 | 0 | 0 | 0 | 0 | 0 | 0 | 0 | 0 | 0 | 0 | 0 | 0 | 0 | 0 |  0 | 0 | 0 | 0 | 0 | 1 | 0 | 0 | 0 | 0 | 0 | 0 | 0 | 0 | 0 | 0 | 0 | 0 | 0 | 0 | 0 | 0 | 0 | 0 | 0 | 1 | 0 | 0 | 0 | 0 | 0 | 0 | 0 | 0 | 0 | 0 | 1 | 1 | 3 | 1 | 1 | 0 | 0 | 0 | 0 |
31 | Nicolas, Kenneth Robert | UNIVERSITY OF MARYLAND COLLEGE PARK. | 1977 | male | 3 | 1 | 1979 | 5 | 6 | 1984 | 0 | 0 | 0 | 0 | 1 | 2 | 0 | 1 | 0 | 0 | 0 | 0 | 0 | 0 | 0 | 0 | 0 | 0 | 0 | 0 | 0 | 0 | 0 | 0 | 0 | 0 | 0 | 0 | 0 | 0 | 0 | 0 | 0 | 0 | 0 | 0 | 0 | 0 | 0 | 0 | 0 | 0 | 0 | 0 | 0 |  0 | 1 | 0 | 0 | 1 | 3 | 0 | 4 | 0 | 0 | 0 | 0 | 2 | 0 | 0 | 0 | 0 | 0 | 0 | 0 | 0 | 0 | 0 | 0 | 0 | 0 | 0 | 0 | 0 | 0 | 0 | 0 | 0 | 0 | 0 | 0 | 0 | 0 | 0 | 0 | 0 | 0 | 0 | 0 | 0 |
32 | Okeefe, J. D. | California Univ., Los Angeles. | 1977 | None | 1 | 1 | 1982 | 1 | 1 | 1982 | 0 | 0 | 0 | 0 | 0 | 1 | 0 | 0 | 0 | 0 | 1 | 0 | 0 | 0 | 0 | 0 | 0 | 0 | 0 | 0 | 0 | 0 | 0 | 0 | 0 | 0 | 0 | 0 | 0 | 0 | 0 | 0 | 0 | 0 | 0 | 0 | 0 | 0 | 0 | 0 | 0 | 0 | 0 | 0 | 0 |  0 | 0 | 0 | 0 | 0 | 1 | 0 | 0 | 0 | 0 | 1 | 0 | 0 | 0 | 0 | 0 | 0 | 0 | 0 | 0 | 0 | 0 | 0 | 0 | 0 | 0 | 0 | 0 | 0 | 0 | 0 | 0 | 0 | 0 | 0 | 0 | 0 | 0 | 0 | 0 | 0 | 0 | 0 | 0 | 0 |
33 | Piccirillo, John | INDIANA UNIVERSITY. | 1977 | male | 4 | 3 | 1981 | 4 | 3 | 1981 | 0 | 1 | 1 | 0 | 1 | 1 | 1 | 0 | 1 | 1 | 0 | 0 | 0 | 0 | 0 | 0 | 0 | 0 | 0 | 0 | 0 | 0 | 0 | 0 | 0 | 0 | 0 | 0 | 0 | 0 | 0 | 0 | 0 | 0 | 0 | 0 | 0 | 0 | 0 | 0 | 0 | 0 | 0 | 0 | 0 |  0 | 1 | 1 | 0 | 1 | 1 | 1 | 0 | 1 | 1 | 0 | 0 | 0 | 0 | 0 | 0 | 0 | 0 | 0 | 0 | 0 | 0 | 0 | 0 | 0 | 0 | 0 | 0 | 0 | 0 | 0 | 0 | 0 | 0 | 0 | 0 | 0 | 0 | 0 | 0 | 0 | 0 | 0 | 0 | 0 |
34 | Rousey, Carlton Earl | THE UNIVERSITY OF OKLAHOMA. | 1977 | male | 1 | 0 | 1977 | 1 | 0 | 1977 | 0 | 0 | 0 | 0 | 0 | 1 | 0 | 0 | 0 | 0 | 0 | 0 | 0 | 0 | 0 | 0 | 0 | 0 | 0 | 0 | 0 | 0 | 0 | 0 | 0 | 0 | 0 | 0 | 0 | 0 | 0 | 0 | 0 | 0 | 0 | 0 | 0 | 0 | 0 | 0 | 0 | 0 | 0 | 0 | 0 |  0 | 0 | 0 | 0 | 0 | 1 | 0 | 0 | 0 | 0 | 0 | 0 | 0 | 0 | 0 | 0 | 0 | 0 | 0 | 0 | 0 | 0 | 0 | 0 | 0 | 0 | 0 | 0 | 0 | 0 | 0 | 0 | 0 | 0 | 0 | 0 | 0 | 0 | 0 | 0 | 0 | 0 | 0 | 0 | 0 |
35 | Zweibel, Ellen Gould | PRINCETON UNIVERSITY. | 1977 | female | 2 | 46 | 2013 | 5 | 149 | 2017 | 0 | 0 | 0 | 1 | 0 | 1 | 2 | 0 | 1 | 1 | 3 | 2 | 0 | 3 | 1 | 1 | 2 | 2 | 3 | 2 | 1 | 1 | 0 | 2 | 2 | 4 | 2 | 1 | 0 | 0 | 2 | 2 | 0 | 0 | 2 | 0 | 1 | 1 | 1 | 0 | 0 | 1 | 0 | 0 | 0 |  0 | 0 | 1 | 2 | 1 | 1 | 2 | 1 | 1 | 2 | 4 | 3 | 1 | 4 | 2 | 4 | 3 | 4 | 3 | 5 | 5 | 1 | 5 | 4 | 4 | 6 | 4 | 5 | 3 | 2 | 2 | 4 | 7 | 0 | 4 | 4 | 6 | 3 | 8 | 4 | 5 | 8 | 5 | 3 | 4 |
36 | Antiochos, Spiro Kosta | STANFORD UNIVERSITY. | 1977 | male | 2 | 31 | 2013 | 3 | 150 | 2017 | 0 | 0 | 0 | 0 | 1 | 1 | 2 | 2 | 2 | 0 | 1 | 0 | 1 | 1 | 2 | 2 | 0 | 0 | 1 | 1 | 0 | 0 | 2 | 0 | 0 | 1 | 1 | 4 | 2 | 0 | 1 | 1 | 0 | 0 | 0 | 1 | 0 | 0 | 0 | 1 | 1 | 1 | 0 | 0 | 0 |  1 | 0 | 0 | 0 | 1 | 1 | 3 | 3 | 3 | 1 | 3 | 3 | 2 | 1 | 5 | 3 | 0 | 4 | 6 | 4 | 1 | 1 | 8 | 4 | 2 | 3 | 3 | 5 | 5 | 3 | 3 | 5 | 4 | 8 | 5 | 1 | 6 | 3 | 7 | 6 | 3 | 2 | 2 | 6 | 6 |
37 | Cheng, Andrew Francis | COLUMBIA UNIVERSITY. | 1977 | male | 7 | 75 | 2017 | 7 | 189 | 2017 | 0 | 0 | 1 | 0 | 1 | 5 | 3 | 3 | 3 | 0 | 2 | 4 | 4 | 4 | 2 | 4 | 2 | 5 | 4 | 0 | 4 | 0 | 0 | 0 | 1 | 2 | 1 | 2 | 2 | 1 | 3 | 0 | 2 | 0 | 1 | 1 | 2 | 1 | 8 | 0 | 0 | 1 | 0 | 0 | 1 |  0 | 0 | 1 | 0 | 1 | 5 | 3 | 3 | 3 | 0 | 3 | 4 | 4 | 5 | 5 | 7 | 4 | 9 | 8 | 3 | 4 | 3 | 2 | 6 | 4 | 10 | 5 | 8 | 7 | 5 | 11 | 0 | 4 | 1 | 3 | 12 | 6 | 2 | 8 | 1 | 3 | 3 | 0 | 1 | 12 |
38 | Edgerley, D. A. | Texas A&M Univ., College Station. | 1977 | None | 1 | 0 | 1977 | 3 | 0 | 1977 | 0 | 0 | 0 | 0 | 0 | 1 | 0 | 0 | 0 | 0 | 0 | 0 | 0 | 0 | 0 | 0 | 0 | 0 | 0 | 0 | 0 | 0 | 0 | 0 | 0 | 0 | 0 | 0 | 0 | 0 | 0 | 0 | 0 | 0 | 0 | 0 | 0 | 0 | 0 | 0 | 0 | 0 | 0 | 0 | 0 |  0 | 1 | 1 | 0 | 0 | 1 | 0 | 0 | 0 | 0 | 0 | 0 | 0 | 0 | 0 | 0 | 0 | 0 | 0 | 0 | 0 | 0 | 0 | 0 | 0 | 0 | 0 | 0 | 0 | 0 | 0 | 0 | 0 | 0 | 0 | 0 | 0 | 0 | 0 | 0 | 0 | 0 | 0 | 0 | 0 |
39 | Fleck, Robert Charles, Jr. | UNIVERSITY OF FLORIDA. | 1977 | male | 2 | 4 | 2011 | 3 | 4 | 2011 | 0 | 0 | 0 | 0 | 1 | 1 | 0 | 0 | 1 | 0 | 0 | 0 | 0 | 0 | 0 | 0 | 0 | 0 | 1 | 0 | 0 | 0 | 0 | 0 | 0 | 0 | 0 | 0 | 0 | 0 | 0 | 0 | 0 | 0 | 0 | 0 | 1 | 0 | 0 | 1 | 0 | 0 | 0 | 0 | 0 |  0 | 0 | 0 | 1 | 1 | 1 | 0 | 0 | 1 | 0 | 0 | 0 | 0 | 0 | 0 | 0 | 0 | 0 | 1 | 0 | 0 | 0 | 0 | 0 | 0 | 0 | 0 | 0 | 0 | 0 | 0 | 0 | 0 | 0 | 0 | 0 | 1 | 0 | 0 | 1 | 0 | 0 | 0 | 0 | 0 |
40 | Pieters, C. | Massachusetts Institute of Technology, Cambridge. | 1977 | None | 8 | 43 | 2016 | 17 | 254 | 2017 | 0 | 1 | 1 | 1 | 3 | 2 | 1 | 1 | 3 | 1 | 2 | 2 | 1 | 2 | 2 | 0 | 1 | 1 | 0 | 2 | 0 | 3 | 3 | 0 | 0 | 1 | 0 | 1 | 1 | 2 | 1 | 1 | 0 | 0 | 1 | 1 | 2 | 1 | 0 | 2 | 1 | 1 | 1 | 0 | 1 |  2 | 3 | 3 | 1 | 4 | 4 | 4 | 3 | 3 | 2 | 3 | 2 | 1 | 4 | 7 | 4 | 5 | 4 | 0 | 8 | 4 | 15 | 13 | 5 | 8 | 1 | 5 | 4 | 4 | 10 | 4 | 3 | 4 | 3 | 7 | 9 | 6 | 8 | 7 | 25 | 9 | 15 | 12 | 8 | 9 |
41 | Stencel, Robert Edward | THE UNIVERSITY OF MICHIGAN. | 1977 | male | 4 | 41 | 2015 | 7 | 150 | 2015 | 0 | 1 | 0 | 0 | 1 | 2 | 2 | 4 | 5 | 2 | 1 | 0 | 2 | 0 | 3 | 3 | 0 | 1 | 1 | 1 | 0 | 2 | 1 | 2 | 0 | 0 | 0 | 1 | 0 | 0 | 0 | 0 | 0 | 0 | 1 | 0 | 1 | 2 | 1 | 1 | 2 | 1 | 0 | 1 | 0 |  1 | 2 | 0 | 0 | 2 | 2 | 3 | 9 | 8 | 5 | 5 | 10 | 6 | 5 | 6 | 8 | 3 | 3 | 2 | 6 | 2 | 3 | 2 | 3 | 4 | 4 | 2 | 4 | 0 | 0 | 0 | 2 | 5 | 1 | 6 | 1 | 4 | 4 | 6 | 3 | 10 | 2 | 0 | 3 | 0 |
42 | Thomsen, Michelle Nina Fluckey | THE UNIVERSITY OF IOWA. | 1977 | female | 1 | 0 | 1977 | 1 | 29 | 2016 | 0 | 0 | 0 | 0 | 0 | 1 | 0 | 0 | 0 | 0 | 0 | 0 | 0 | 0 | 0 | 0 | 0 | 0 | 0 | 0 | 0 | 0 | 0 | 0 | 0 | 0 | 0 | 0 | 0 | 0 | 0 | 0 | 0 | 0 | 0 | 0 | 0 | 0 | 0 | 0 | 0 | 0 | 0 | 0 | 0 |  0 | 0 | 0 | 0 | 0 | 1 | 0 | 0 | 0 | 0 | 0 | 0 | 0 | 0 | 3 | 1 | 0 | 0 | 1 | 0 | 0 | 0 | 0 | 0 | 0 | 2 | 0 | 0 | 0 | 1 | 1 | 1 | 1 | 7 | 1 | 2 | 0 | 1 | 1 | 2 | 2 | 0 | 1 | 0 | 1 |
43 | Yushak, Stephen Michael | CLARKSON UNIVERSITY. | 1977 | male | 1 | 0 | 1977 | 1 | 7 | 1983 | 0 | 0 | 0 | 0 | 0 | 1 | 0 | 0 | 0 | 0 | 0 | 0 | 0 | 0 | 0 | 0 | 0 | 0 | 0 | 0 | 0 | 0 | 0 | 0 | 0 | 0 | 0 | 0 | 0 | 0 | 0 | 0 | 0 | 0 | 0 | 0 | 0 | 0 | 0 | 0 | 0 | 0 | 0 | 0 | 0 |  0 | 0 | 0 | 0 | 0 | 1 | 0 | 3 | 3 | 0 | 0 | 1 | 0 | 0 | 0 | 0 | 0 | 0 | 0 | 0 | 0 | 0 | 0 | 0 | 0 | 0 | 0 | 0 | 0 | 0 | 0 | 0 | 0 | 0 | 0 | 0 | 0 | 0 | 0 | 0 | 0 | 0 | 0 | 0 | 0 |
44 | Guthrie, Paul Donald | UNIVERSITY OF MASSACHUSETTS. | 1977 | male | 3 | 1 | 1983 | 3 | 1 | 1983 | 0 | 1 | 0 | 1 | 0 | 1 | 0 | 0 | 0 | 0 | 0 | 1 | 0 | 0 | 0 | 0 | 0 | 0 | 0 | 0 | 0 | 0 | 0 | 0 | 0 | 0 | 0 | 0 | 0 | 0 | 0 | 0 | 0 | 0 | 0 | 0 | 0 | 0 | 0 | 0 | 0 | 0 | 0 | 0 | 0 |  0 | 1 | 0 | 1 | 0 | 1 | 0 | 0 | 0 | 0 | 0 | 1 | 0 | 0 | 0 | 0 | 0 | 0 | 0 | 0 | 0 | 0 | 0 | 0 | 0 | 0 | 0 | 0 | 0 | 0 | 0 | 0 | 0 | 0 | 0 | 0 | 0 | 0 | 0 | 0 | 0 | 0 | 0 | 0 | 0 |
45 | Goad, C. C. | National Geodetic Survey, Rockville, MD. | 1977 | None | 2 | 2 | 1991 | 2 | 5 | 1996 | 0 | 0 | 0 | 0 | 0 | 2 | 1 | 0 | 0 | 0 | 0 | 0 | 0 | 0 | 0 | 0 | 0 | 0 | 0 | 1 | 0 | 0 | 0 | 0 | 0 | 0 | 0 | 0 | 0 | 0 | 0 | 0 | 0 | 0 | 0 | 0 | 0 | 0 | 0 | 0 | 0 | 0 | 0 | 0 | 0 |  0 | 0 | 0 | 0 | 0 | 2 | 2 | 0 | 1 | 0 | 0 | 0 | 0 | 0 | 0 | 0 | 0 | 0 | 0 | 1 | 0 | 0 | 0 | 0 | 1 | 0 | 0 | 0 | 0 | 0 | 0 | 0 | 0 | 0 | 0 | 0 | 0 | 0 | 0 | 0 | 0 | 0 | 0 | 0 | 0 |
46 | Ebbets, Dennis Charles | UNIVERSITY OF COLORADO AT BOULDER. | 1977 | male | 1 | 13 | 1997 | 2 | 57 | 2012 | 0 | 0 | 0 | 0 | 0 | 1 | 1 | 2 | 3 | 2 | 3 | 1 | 0 | 0 | 0 | 0 | 0 | 0 | 0 | 0 | 0 | 0 | 0 | 0 | 0 | 1 | 0 | 0 | 0 | 0 | 0 | 0 | 0 | 0 | 0 | 0 | 0 | 0 | 0 | 0 | 0 | 0 | 0 | 0 | 0 |  0 | 0 | 0 | 0 | 0 | 2 | 1 | 2 | 4 | 4 | 3 | 2 | 0 | 0 | 0 | 0 | 0 | 0 | 1 | 9 | 3 | 5 | 2 | 3 | 1 | 3 | 4 | 4 | 0 | 3 | 0 | 0 | 0 | 0 | 1 | 0 | 0 | 0 | 0 | 1 | 1 | 0 | 0 | 0 | 0 |
47 | Frisch, Priscilla Chapman | UNIVERSITY OF CALIFORNIA, BERKELEY. | 1977 | female | 3 | 49 | 2015 | 4 | 96 | 2016 | 1 | 1 | 0 | 0 | 0 | 1 | 0 | 1 | 2 | 1 | 0 | 1 | 0 | 0 | 1 | 2 | 0 | 0 | 2 | 0 | 0 | 3 | 1 | 2 | 2 | 0 | 2 | 1 | 3 | 0 | 1 | 3 | 1 | 3 | 1 | 1 | 0 | 2 | 3 | 1 | 1 | 5 | 0 | 3 | 0 |  1 | 1 | 0 | 0 | 0 | 2 | 0 | 1 | 2 | 1 | 0 | 1 | 0 | 0 | 1 | 2 | 0 | 0 | 2 | 0 | 0 | 3 | 1 | 2 | 3 | 4 | 5 | 4 | 3 | 0 | 2 | 3 | 1 | 3 | 3 | 2 | 1 | 10 | 7 | 3 | 6 | 8 | 2 | 9 | 1 |
48 | Goebel, Ronald William | STATE UNIVERSITY OF NEW YORK AT ALBANY. | 1977 | male | 2 | 1 | 1978 | 3 | 2 | 1980 | 0 | 0 | 0 | 0 | 1 | 1 | 1 | 0 | 0 | 0 | 0 | 0 | 0 | 0 | 0 | 0 | 0 | 0 | 0 | 0 | 0 | 0 | 0 | 0 | 0 | 0 | 0 | 0 | 0 | 0 | 0 | 0 | 0 | 0 | 0 | 0 | 0 | 0 | 0 | 0 | 0 | 0 | 0 | 0 | 0 |  0 | 0 | 0 | 1 | 1 | 1 | 1 | 0 | 1 | 0 | 0 | 0 | 0 | 0 | 0 | 0 | 0 | 0 | 0 | 0 | 0 | 0 | 0 | 0 | 0 | 0 | 0 | 0 | 0 | 0 | 0 | 0 | 0 | 0 | 0 | 0 | 0 | 0 | 0 | 0 | 0 | 0 | 0 | 0 | 0 |
49 | Haas, Michael Robert | IOWA STATE UNIVERSITY. | 1977 | male | 2 | 35 | 2013 | 2 | 212 | 2017 | 0 | 0 | 0 | 1 | 0 | 1 | 0 | 1 | 0 | 0 | 1 | 0 | 0 | 1 | 2 | 0 | 0 | 0 | 4 | 1 | 1 | 2 | 0 | 0 | 0 | 1 | 2 | 0 | 2 | 1 | 1 | 1 | 2 | 2 | 1 | 1 | 2 | 1 | 2 | 1 | 1 | 1 | 0 | 0 | 0 |  0 | 0 | 0 | 1 | 0 | 1 | 0 | 1 | 0 | 1 | 1 | 0 | 0 | 3 | 4 | 2 | 3 | 3 | 7 | 6 | 2 | 5 | 4 | 2 | 7 | 10 | 4 | 0 | 5 | 4 | 3 | 5 | 7 | 5 | 6 | 5 | 5 | 1 | 15 | 16 | 15 | 18 | 14 | 13 | 8 |
50 | Kaluzienski, Louis Joseph | UNIVERSITY OF MARYLAND COLLEGE PARK. | 1977 | male | 6 | 1 | 1980 | 14 | 12 | 2007 | 0 | 0 | 0 | 2 | 1 | 3 | 0 | 0 | 1 | 0 | 0 | 0 | 0 | 0 | 0 | 0 | 0 | 0 | 0 | 0 | 0 | 0 | 0 | 0 | 0 | 0 | 0 | 0 | 0 | 0 | 0 | 0 | 0 | 0 | 0 | 0 | 0 | 0 | 0 | 0 | 0 | 0 | 0 | 0 | 0 |  0 | 0 | 0 | 3 | 8 | 3 | 0 | 3 | 4 | 0 | 0 | 1 | 0 | 0 | 0 | 0 | 0 | 0 | 0 | 0 | 0 | 0 | 0 | 0 | 0 | 0 | 0 | 0 | 0 | 0 | 0 | 0 | 0 | 0 | 2 | 2 | 0 | 0 | 0 | 0 | 0 | 0 | 0 | 0 | 0 |
51 | Abbott, David Charles | UNIVERSITY OF COLORADO AT BOULDER. | 1977 | male | 1 | 18 | 1987 | 2 | 32 | 1993 | 0 | 0 | 0 | 0 | 0 | 1 | 1 | 0 | 2 | 1 | 3 | 1 | 2 | 3 | 3 | 2 | 0 | 0 | 0 | 0 | 0 | 0 | 0 | 0 | 0 | 0 | 0 | 0 | 0 | 0 | 0 | 0 | 0 | 0 | 0 | 0 | 0 | 0 | 0 | 0 | 0 | 0 | 0 | 0 | 0 |  0 | 0 | 0 | 1 | 0 | 1 | 1 | 0 | 2 | 1 | 4 | 1 | 2 | 4 | 5 | 3 | 1 | 4 | 2 | 0 | 1 | 1 | 0 | 0 | 0 | 0 | 0 | 0 | 0 | 0 | 0 | 0 | 0 | 0 | 0 | 0 | 0 | 0 | 0 | 0 | 0 | 0 | 0 | 0 | 0 |
52 | Breakiron, Lee Allen | UNIVERSITY OF PITTSBURGH. | 1977 | male | 4 | 3 | 1987 | 4 | 8 | 1987 | 0 | 0 | 1 | 2 | 0 | 1 | 0 | 1 | 0 | 0 | 1 | 0 | 0 | 0 | 0 | 1 | 0 | 0 | 0 | 0 | 0 | 0 | 0 | 0 | 0 | 0 | 0 | 0 | 0 | 0 | 0 | 0 | 0 | 0 | 0 | 0 | 0 | 0 | 0 | 0 | 0 | 0 | 0 | 0 | 0 |  0 | 0 | 1 | 2 | 0 | 1 | 1 | 1 | 2 | 1 | 1 | 0 | 0 | 1 | 0 | 1 | 0 | 0 | 0 | 0 | 0 | 0 | 0 | 0 | 0 | 0 | 0 | 0 | 0 | 0 | 0 | 0 | 0 | 0 | 0 | 0 | 0 | 0 | 0 | 0 | 0 | 0 | 0 | 0 | 0 |
53 | Dwek, Eliahu | RICE UNIVERSITY. | 1977 | male | 1 | 20 | 2007 | 4 | 96 | 2015 | 0 | 0 | 0 | 0 | 0 | 1 | 2 | 1 | 2 | 4 | 0 | 2 | 0 | 1 | 0 | 1 | 1 | 0 | 0 | 0 | 1 | 0 | 0 | 1 | 0 | 1 | 2 | 0 | 0 | 0 | 0 | 0 | 0 | 0 | 0 | 1 | 0 | 0 | 0 | 0 | 0 | 0 | 0 | 0 | 0 |  0 | 0 | 0 | 1 | 1 | 2 | 2 | 1 | 2 | 5 | 1 | 2 | 2 | 1 | 1 | 2 | 1 | 4 | 1 | 0 | 2 | 0 | 4 | 3 | 0 | 3 | 6 | 1 | 0 | 1 | 0 | 0 | 0 | 0 | 0 | 3 | 1 | 0 | 31 | 7 | 3 | 3 | 1 | 2 | 0 |
54 | Stocke, John Thomas | THE UNIVERSITY OF ARIZONA. | 1977 | male | 2 | 46 | 2017 | 2 | 209 | 2017 | 0 | 0 | 0 | 1 | 0 | 1 | 4 | 2 | 0 | 2 | 3 | 1 | 2 | 4 | 1 | 2 | 1 | 2 | 1 | 3 | 2 | 0 | 1 | 3 | 0 | 1 | 1 | 1 | 0 | 0 | 0 | 0 | 2 | 0 | 1 | 1 | 0 | 0 | 1 | 1 | 0 | 1 | 1 | 0 | 0 |  0 | 0 | 0 | 1 | 0 | 1 | 4 | 2 | 1 | 5 | 5 | 4 | 7 | 10 | 7 | 5 | 4 | 4 | 4 | 7 | 6 | 4 | 8 | 7 | 8 | 3 | 5 | 7 | 7 | 8 | 10 | 5 | 5 | 6 | 6 | 1 | 0 | 1 | 10 | 7 | 7 | 4 | 5 | 2 | 6 |
55 | Vitz, Robert Charles | THE JOHNS HOPKINS UNIVERSITY. | 1977 | male | 2 | 0 | 1977 | 4 | 1 | 1982 | 0 | 0 | 0 | 0 | 1 | 1 | 0 | 0 | 0 | 0 | 0 | 0 | 0 | 0 | 0 | 0 | 0 | 0 | 0 | 0 | 0 | 0 | 0 | 0 | 0 | 0 | 0 | 0 | 0 | 0 | 0 | 0 | 0 | 0 | 0 | 0 | 0 | 0 | 0 | 0 | 0 | 0 | 0 | 0 | 0 |  0 | 0 | 0 | 0 | 2 | 2 | 0 | 0 | 0 | 0 | 1 | 0 | 0 | 0 | 0 | 0 | 0 | 0 | 0 | 0 | 0 | 0 | 0 | 0 | 0 | 0 | 0 | 0 | 0 | 0 | 0 | 0 | 0 | 0 | 0 | 0 | 0 | 0 | 0 | 0 | 0 | 0 | 0 | 0 | 0 |
56 | Weinstein, Arthur | THE JOHNS HOPKINS UNIVERSITY. | 1977 | male | 3 | 2 | 2014 | 7 | 254 | 2017 | 1 | 0 | 0 | 0 | 0 | 2 | 0 | 0 | 0 | 0 | 0 | 0 | 0 | 0 | 0 | 0 | 0 | 0 | 0 | 0 | 0 | 0 | 0 | 0 | 0 | 0 | 0 | 0 | 0 | 0 | 0 | 0 | 0 | 0 | 0 | 0 | 1 | 0 | 0 | 0 | 0 | 0 | 1 | 0 | 0 |  1 | 0 | 0 | 1 | 2 | 3 | 1 | 0 | 0 | 0 | 0 | 0 | 0 | 0 | 0 | 0 | 0 | 0 | 0 | 0 | 0 | 0 | 0 | 0 | 0 | 0 | 1 | 0 | 0 | 0 | 0 | 0 | 6 | 8 | 4 | 8 | 23 | 27 | 16 | 22 | 24 | 16 | 27 | 15 | 37 |
57 | Smolka, Francisco Martim | THE UNIVERSITY OF ARIZONA. | 1977 | male | 2 | 0 | 1977 | 2 | 0 | 1977 | 0 | 0 | 0 | 0 | 1 | 1 | 0 | 0 | 0 | 0 | 0 | 0 | 0 | 0 | 0 | 0 | 0 | 0 | 0 | 0 | 0 | 0 | 0 | 0 | 0 | 0 | 0 | 0 | 0 | 0 | 0 | 0 | 0 | 0 | 0 | 0 | 0 | 0 | 0 | 0 | 0 | 0 | 0 | 0 | 0 |  0 | 0 | 0 | 0 | 1 | 1 | 0 | 0 | 0 | 0 | 0 | 0 | 0 | 0 | 0 | 0 | 0 | 0 | 0 | 0 | 0 | 0 | 0 | 0 | 0 | 0 | 0 | 0 | 0 | 0 | 0 | 0 | 0 | 0 | 0 | 0 | 0 | 0 | 0 | 0 | 0 | 0 | 0 | 0 | 0 |
58 | Carlson, John Bernard | UNIVERSITY OF MARYLAND COLLEGE PARK. | 1977 | male | 2 | 36 | 2015 | 8 | 61 | 2015 | 0 | 0 | 0 | 1 | 0 | 1 | 2 | 5 | 2 | 0 | 4 | 4 | 6 | 1 | 2 | 0 | 1 | 0 | 1 | 1 | 0 | 0 | 0 | 0 | 0 | 0 | 0 | 2 | 2 | 1 | 0 | 1 | 0 | 0 | 0 | 0 | 0 | 0 | 0 | 0 | 0 | 0 | 0 | 1 | 0 |  0 | 0 | 1 | 2 | 3 | 2 | 2 | 6 | 3 | 0 | 4 | 4 | 7 | 1 | 2 | 0 | 1 | 0 | 1 | 1 | 0 | 0 | 0 | 0 | 1 | 0 | 1 | 2 | 2 | 1 | 0 | 1 | 1 | 0 | 2 | 2 | 3 | 0 | 2 | 1 | 3 | 2 | 3 | 2 | 0 |
59 | MacGregor, Keith Bruce | MASSACHUSETTS INSTITUTE OF TECHNOLOGY. | 1977 | male | 1 | 16 | 2011 | 2 | 61 | 2017 | 0 | 0 | 0 | 0 | 0 | 1 | 0 | 1 | 0 | 0 | 1 | 1 | 0 | 0 | 1 | 2 | 1 | 0 | 0 | 1 | 2 | 0 | 1 | 0 | 0 | 1 | 0 | 1 | 0 | 0 | 0 | 1 | 0 | 0 | 0 | 1 | 0 | 0 | 0 | 1 | 0 | 0 | 0 | 0 | 0 |  0 | 0 | 0 | 0 | 1 | 1 | 0 | 1 | 1 | 0 | 3 | 1 | 1 | 0 | 3 | 2 | 1 | 0 | 4 | 1 | 4 | 5 | 1 | 2 | 2 | 2 | 1 | 3 | 0 | 2 | 0 | 2 | 1 | 3 | 1 | 1 | 2 | 4 | 1 | 2 | 1 | 1 | 1 | 0 | 0 |
60 | Melnick, Jorge | CALIFORNIA INSTITUTE OF TECHNOLOGY. | 1977 | male | 5 | 35 | 2017 | 6 | 121 | 2017 | 0 | 0 | 0 | 1 | 0 | 4 | 3 | 1 | 1 | 2 | 2 | 0 | 2 | 6 | 1 | 1 | 1 | 1 | 1 | 0 | 1 | 1 | 0 | 0 | 0 | 1 | 0 | 2 | 1 | 1 | 0 | 0 | 0 | 0 | 0 | 0 | 0 | 0 | 0 | 0 | 1 | 1 | 2 | 1 | 0 |  0 | 0 | 0 | 2 | 0 | 4 | 3 | 1 | 2 | 4 | 3 | 0 | 4 | 8 | 3 | 3 | 5 | 3 | 5 | 4 | 9 | 2 | 2 | 3 | 2 | 5 | 1 | 6 | 4 | 4 | 1 | 1 | 1 | 2 | 2 | 2 | 3 | 2 | 1 | 5 | 2 | 3 | 5 | 2 | 2 |
61 | Heacox, William Dale | UNIVERSITY OF HAWAII. | 1977 | male | 2 | 15 | 1999 | 4 | 20 | 1999 | 0 | 0 | 0 | 0 | 1 | 1 | 0 | 1 | 1 | 0 | 0 | 1 | 0 | 0 | 1 | 0 | 0 | 0 | 0 | 0 | 1 | 0 | 1 | 2 | 2 | 1 | 2 | 2 | 0 | 0 | 0 | 0 | 0 | 0 | 0 | 0 | 0 | 0 | 0 | 0 | 0 | 0 | 0 | 0 | 0 |  0 | 1 | 0 | 0 | 1 | 2 | 2 | 2 | 1 | 0 | 1 | 2 | 0 | 0 | 1 | 0 | 0 | 0 | 0 | 0 | 1 | 0 | 1 | 2 | 2 | 1 | 2 | 2 | 0 | 0 | 0 | 0 | 0 | 0 | 0 | 0 | 0 | 0 | 0 | 0 | 0 | 0 | 0 | 0 | 0 |
62 | Drummond, John Wendell | UNIVERSITY OF WYOMING. | 1977 | male | 1 | 1 | 1988 | 1 | 33 | 2016 | 0 | 0 | 0 | 0 | 0 | 1 | 0 | 0 | 0 | 0 | 0 | 0 | 0 | 0 | 0 | 0 | 1 | 0 | 0 | 0 | 0 | 0 | 0 | 0 | 0 | 0 | 0 | 0 | 0 | 0 | 0 | 0 | 0 | 0 | 0 | 0 | 0 | 0 | 0 | 0 | 0 | 0 | 0 | 0 | 0 |  0 | 0 | 0 | 0 | 0 | 1 | 1 | 1 | 0 | 0 | 0 | 2 | 0 | 0 | 0 | 1 | 1 | 2 | 0 | 0 | 0 | 1 | 0 | 0 | 0 | 0 | 0 | 0 | 1 | 0 | 0 | 1 | 0 | 1 | 0 | 0 | 0 | 0 | 1 | 3 | 5 | 5 | 2 | 2 | 3 |
63 | Kong, Ten-Ying | HARVARD UNIVERSITY. | 1977 | female | 3 | 0 | 1977 | 7 | 0 | 1977 | 0 | 0 | 0 | 0 | 0 | 3 | 0 | 0 | 0 | 0 | 0 | 0 | 0 | 0 | 0 | 0 | 0 | 0 | 0 | 0 | 0 | 0 | 0 | 0 | 0 | 0 | 0 | 0 | 0 | 0 | 0 | 0 | 0 | 0 | 0 | 0 | 0 | 0 | 0 | 0 | 0 | 0 | 0 | 0 | 0 |  0 | 0 | 0 | 0 | 2 | 5 | 0 | 0 | 0 | 0 | 0 | 0 | 0 | 0 | 0 | 0 | 0 | 0 | 0 | 0 | 0 | 0 | 0 | 0 | 0 | 0 | 0 | 0 | 0 | 0 | 0 | 0 | 0 | 0 | 0 | 0 | 0 | 0 | 0 | 0 | 0 | 0 | 0 | 0 | 0 |
64 | Chen, Chin-Kung | UNIVERSITY OF CALIFORNIA, LOS ANGELES. | 1977 | female | 2 | 9 | 2011 | 10 | 74 | 2016 | 0 | 0 | 0 | 0 | 0 | 2 | 0 | 0 | 0 | 0 | 1 | 0 | 0 | 0 | 1 | 1 | 0 | 0 | 0 | 0 | 0 | 0 | 0 | 0 | 1 | 0 | 0 | 0 | 0 | 0 | 0 | 0 | 0 | 1 | 0 | 0 | 1 | 1 | 1 | 1 | 0 | 0 | 0 | 0 | 0 |  0 | 1 | 0 | 3 | 2 | 4 | 0 | 1 | 0 | 1 | 3 | 0 | 0 | 0 | 1 | 1 | 0 | 0 | 1 | 1 | 0 | 2 | 0 | 1 | 1 | 0 | 1 | 1 | 2 | 0 | 3 | 1 | 2 | 1 | 0 | 3 | 9 | 9 | 4 | 4 | 8 | 2 | 5 | 3 | 3 |
65 | McGraw, John Thomas | THE UNIVERSITY OF TEXAS AT AUSTIN. | 1977 | male | 10 | 4 | 1984 | 16 | 31 | 2013 | 0 | 1 | 2 | 1 | 3 | 3 | 0 | 1 | 1 | 1 | 0 | 0 | 1 | 0 | 0 | 0 | 0 | 0 | 0 | 0 | 0 | 0 | 0 | 0 | 0 | 0 | 0 | 0 | 0 | 0 | 0 | 0 | 0 | 0 | 0 | 0 | 0 | 0 | 0 | 0 | 0 | 0 | 0 | 0 | 0 |  0 | 4 | 3 | 1 | 5 | 3 | 1 | 1 | 2 | 4 | 3 | 2 | 3 | 1 | 0 | 0 | 0 | 1 | 1 | 2 | 0 | 1 | 1 | 0 | 2 | 0 | 0 | 0 | 0 | 3 | 0 | 0 | 1 | 0 | 0 | 1 | 0 | 0 | 0 | 0 | 0 | 1 | 0 | 0 | 0 |
66 | Pelton, W. H. | Utah Univ., Salt Lake City. | 1977 | None | 1 | 0 | 1977 | 1 | 0 | 1977 | 0 | 0 | 0 | 0 | 0 | 1 | 0 | 0 | 0 | 0 | 0 | 0 | 0 | 0 | 0 | 0 | 0 | 0 | 0 | 0 | 0 | 0 | 0 | 0 | 0 | 0 | 0 | 0 | 0 | 0 | 0 | 0 | 0 | 0 | 0 | 0 | 0 | 0 | 0 | 0 | 0 | 0 | 0 | 0 | 0 |  0 | 0 | 0 | 0 | 0 | 1 | 0 | 0 | 0 | 0 | 0 | 0 | 0 | 0 | 0 | 0 | 0 | 0 | 0 | 0 | 0 | 0 | 0 | 0 | 0 | 0 | 0 | 0 | 0 | 0 | 0 | 0 | 0 | 0 | 0 | 0 | 0 | 0 | 0 | 0 | 0 | 0 | 0 | 0 | 0 |
67 | Soler, T. | Ohio State University, Columbus. | 1977 | None | 1 | 12 | 2000 | 1 | 13 | 2007 | 0 | 0 | 0 | 0 | 0 | 1 | 1 | 0 | 0 | 0 | 0 | 0 | 1 | 2 | 0 | 1 | 0 | 1 | 0 | 1 | 1 | 2 | 0 | 0 | 0 | 1 | 0 | 0 | 1 | 0 | 0 | 0 | 0 | 0 | 0 | 0 | 0 | 0 | 0 | 0 | 0 | 0 | 0 | 0 | 0 |  0 | 0 | 0 | 0 | 0 | 1 | 1 | 0 | 0 | 0 | 0 | 0 | 1 | 2 | 0 | 1 | 0 | 1 | 0 | 1 | 1 | 2 | 0 | 0 | 0 | 1 | 0 | 0 | 1 | 0 | 0 | 0 | 0 | 0 | 0 | 1 | 0 | 0 | 0 | 0 | 0 | 0 | 0 | 0 | 0 |
68 | McKay, G. A. | Oregon Univ., Eugene. | 1977 | None | 4 | 17 | 2003 | 9 | 49 | 2016 | 0 | 1 | 0 | 0 | 1 | 2 | 1 | 1 | 0 | 0 | 0 | 0 | 0 | 1 | 6 | 1 | 1 | 1 | 0 | 1 | 0 | 1 | 0 | 1 | 0 | 0 | 1 | 0 | 0 | 0 | 0 | 1 | 0 | 0 | 0 | 0 | 0 | 0 | 0 | 0 | 0 | 0 | 0 | 0 | 0 |  1 | 2 | 1 | 2 | 1 | 2 | 2 | 3 | 0 | 0 | 1 | 0 | 1 | 1 | 11 | 1 | 2 | 2 | 1 | 1 | 0 | 1 | 2 | 2 | 1 | 0 | 4 | 3 | 0 | 1 | 0 | 3 | 0 | 1 | 1 | 0 | 2 | 0 | 1 | 0 | 0 | 0 | 0 | 0 | 1 |
69 | Rhodes, Edward Joseph, Jr. | UNIVERSITY OF CALIFORNIA, LOS ANGELES. | 1977 | male | 2 | 10 | 2011 | 2 | 24 | 2017 | 0 | 0 | 0 | 0 | 1 | 1 | 0 | 0 | 0 | 1 | 0 | 2 | 1 | 0 | 0 | 0 | 0 | 0 | 1 | 3 | 0 | 0 | 1 | 0 | 0 | 0 | 0 | 0 | 0 | 0 | 0 | 0 | 0 | 0 | 0 | 0 | 0 | 0 | 0 | 1 | 0 | 0 | 0 | 0 | 0 |  0 | 0 | 0 | 0 | 1 | 1 | 0 | 0 | 0 | 1 | 0 | 2 | 1 | 1 | 0 | 0 | 0 | 0 | 3 | 5 | 0 | 0 | 1 | 0 | 1 | 0 | 0 | 0 | 0 | 0 | 0 | 0 | 0 | 0 | 0 | 1 | 1 | 0 | 2 | 1 | 0 | 1 | 0 | 1 | 1 |
70 | Frey, Herbert Vandyke | UNIVERSITY OF MARYLAND COLLEGE PARK. | 1977 | male | 6 | 20 | 2008 | 7 | 71 | 2014 | 0 | 0 | 1 | 1 | 0 | 4 | 0 | 4 | 0 | 0 | 3 | 0 | 0 | 0 | 0 | 0 | 2 | 0 | 3 | 1 | 0 | 0 | 0 | 0 | 1 | 0 | 1 | 1 | 0 | 0 | 1 | 0 | 0 | 0 | 2 | 0 | 1 | 0 | 0 | 0 | 0 | 0 | 0 | 0 | 0 |  0 | 1 | 1 | 1 | 0 | 4 | 0 | 4 | 0 | 0 | 3 | 0 | 0 | 1 | 0 | 0 | 2 | 1 | 5 | 2 | 0 | 0 | 0 | 1 | 1 | 0 | 4 | 2 | 1 | 4 | 3 | 0 | 4 | 3 | 5 | 2 | 10 | 1 | 5 | 2 | 1 | 2 | 2 | 0 | 0 |
71 | Liebert, James William | UNIVERSITY OF CALIFORNIA, BERKELEY. | 1977 | male | 17 | 67 | 2015 | 27 | 336 | 2017 | 0 | 0 | 0 | 2 | 6 | 9 | 5 | 7 | 2 | 2 | 4 | 4 | 2 | 1 | 1 | 3 | 3 | 4 | 1 | 0 | 0 | 2 | 5 | 2 | 0 | 0 | 0 | 3 | 2 | 0 | 0 | 3 | 1 | 3 | 3 | 1 | 0 | 0 | 0 | 0 | 0 | 2 | 0 | 1 | 0 |  0 | 0 | 0 | 4 | 11 | 12 | 8 | 9 | 6 | 8 | 9 | 9 | 14 | 13 | 13 | 15 | 11 | 16 | 10 | 3 | 6 | 12 | 16 | 13 | 4 | 8 | 5 | 12 | 9 | 10 | 12 | 15 | 9 | 9 | 16 | 6 | 11 | 7 | 2 | 1 | 0 | 4 | 1 | 1 | 1 |
72 | Moder, J. J. | Fordham Univ., New York, NY. | 1977 | None | 1 | 0 | 1977 | 1 | 0 | 1977 | 0 | 0 | 0 | 0 | 0 | 1 | 0 | 0 | 0 | 0 | 0 | 0 | 0 | 0 | 0 | 0 | 0 | 0 | 0 | 0 | 0 | 0 | 0 | 0 | 0 | 0 | 0 | 0 | 0 | 0 | 0 | 0 | 0 | 0 | 0 | 0 | 0 | 0 | 0 | 0 | 0 | 0 | 0 | 0 | 0 |  0 | 0 | 0 | 0 | 0 | 1 | 0 | 0 | 0 | 0 | 0 | 0 | 0 | 0 | 0 | 0 | 0 | 0 | 0 | 0 | 0 | 0 | 0 | 0 | 0 | 0 | 0 | 0 | 0 | 0 | 0 | 0 | 0 | 0 | 0 | 0 | 0 | 0 | 0 | 0 | 0 | 0 | 0 | 0 | 0 |
73 | Gatley, Ian | CALIFORNIA INSTITUTE OF TECHNOLOGY. | 1977 | male | 5 | 9 | 1988 | 10 | 122 | 2005 | 0 | 0 | 3 | 0 | 0 | 2 | 2 | 1 | 0 | 1 | 2 | 0 | 0 | 0 | 1 | 1 | 1 | 0 | 0 | 0 | 0 | 0 | 0 | 0 | 0 | 0 | 0 | 0 | 0 | 0 | 0 | 0 | 0 | 0 | 0 | 0 | 0 | 0 | 0 | 0 | 0 | 0 | 0 | 0 | 0 |  0 | 0 | 4 | 0 | 2 | 4 | 8 | 7 | 8 | 8 | 9 | 9 | 5 | 4 | 7 | 9 | 8 | 2 | 6 | 8 | 3 | 2 | 3 | 1 | 5 | 3 | 3 | 0 | 1 | 1 | 1 | 0 | 0 | 1 | 0 | 0 | 0 | 0 | 0 | 0 | 0 | 0 | 0 | 0 | 0 |
74 | Herzog, Adrian Daniel | NEW MEXICO STATE UNIVERSITY. | 1977 | male | 4 | 5 | 2016 | 5 | 14 | 2016 | 0 | 0 | 0 | 2 | 0 | 2 | 0 | 0 | 1 | 0 | 0 | 0 | 0 | 0 | 0 | 0 | 0 | 0 | 0 | 0 | 0 | 0 | 0 | 0 | 0 | 0 | 0 | 0 | 0 | 0 | 0 | 0 | 0 | 0 | 0 | 0 | 0 | 0 | 0 | 0 | 0 | 0 | 1 | 2 | 1 |  0 | 0 | 0 | 3 | 0 | 2 | 0 | 0 | 1 | 0 | 1 | 1 | 1 | 1 | 1 | 0 | 1 | 1 | 0 | 0 | 1 | 0 | 0 | 0 | 0 | 0 | 0 | 0 | 0 | 0 | 0 | 0 | 0 | 0 | 0 | 0 | 0 | 0 | 0 | 0 | 0 | 0 | 1 | 3 | 1 |
75 | Bania, Thomas Michael | UNIVERSITY OF VIRGINIA. | 1977 | male | 2 | 15 | 2012 | 6 | 95 | 2016 | 0 | 0 | 0 | 0 | 0 | 2 | 0 | 0 | 2 | 0 | 0 | 1 | 1 | 0 | 2 | 1 | 1 | 0 | 0 | 1 | 0 | 0 | 0 | 0 | 0 | 1 | 0 | 0 | 0 | 0 | 1 | 0 | 0 | 0 | 0 | 2 | 0 | 0 | 1 | 0 | 1 | 0 | 0 | 0 | 0 |  0 | 0 | 2 | 1 | 1 | 2 | 0 | 1 | 3 | 1 | 2 | 2 | 2 | 1 | 3 | 1 | 2 | 1 | 2 | 4 | 2 | 3 | 3 | 1 | 1 | 4 | 1 | 3 | 1 | 3 | 6 | 3 | 3 | 7 | 5 | 6 | 0 | 2 | 2 | 3 | 2 | 2 | 1 | 4 | 2 |
76 | Harding, David Scott | UNIVERSITY OF MASSACHUSETTS. | 1977 | male | 1 | 2 | 1982 | 1 | 2 | 1982 | 0 | 0 | 0 | 0 | 0 | 1 | 1 | 0 | 0 | 0 | 1 | 0 | 0 | 0 | 0 | 0 | 0 | 0 | 0 | 0 | 0 | 0 | 0 | 0 | 0 | 0 | 0 | 0 | 0 | 0 | 0 | 0 | 0 | 0 | 0 | 0 | 0 | 0 | 0 | 0 | 0 | 0 | 0 | 0 | 0 |  0 | 0 | 0 | 0 | 0 | 1 | 1 | 0 | 0 | 0 | 1 | 0 | 0 | 0 | 0 | 0 | 0 | 0 | 0 | 0 | 0 | 0 | 0 | 0 | 0 | 0 | 0 | 0 | 0 | 0 | 0 | 0 | 0 | 0 | 0 | 0 | 0 | 0 | 0 | 0 | 0 | 0 | 0 | 0 | 0 |
77 | Jones, Terry Jay | UNIVERSITY OF HAWAII. | 1977 | male | 9 | 57 | 2016 | 12 | 181 | 2017 | 0 | 2 | 3 | 0 | 2 | 2 | 2 | 1 | 3 | 2 | 3 | 5 | 2 | 1 | 3 | 1 | 3 | 3 | 4 | 0 | 1 | 2 | 3 | 0 | 0 | 1 | 0 | 0 | 3 | 0 | 1 | 4 | 1 | 1 | 0 | 2 | 1 | 0 | 0 | 0 | 0 | 0 | 0 | 3 | 1 |  0 | 2 | 3 | 1 | 2 | 4 | 4 | 1 | 4 | 6 | 7 | 10 | 5 | 3 | 5 | 5 | 6 | 5 | 11 | 4 | 8 | 4 | 5 | 6 | 3 | 7 | 4 | 2 | 3 | 3 | 2 | 7 | 2 | 1 | 2 | 6 | 1 | 3 | 1 | 6 | 4 | 4 | 4 | 8 | 7 |
78 | Kovacs, Sandor Janos, Jr. | CALIFORNIA INSTITUTE OF TECHNOLOGY. | 1977 | male | 1 | 0 | 1977 | 3 | 0 | 1977 | 0 | 0 | 0 | 0 | 0 | 1 | 0 | 0 | 0 | 0 | 0 | 0 | 0 | 0 | 0 | 0 | 0 | 0 | 0 | 0 | 0 | 0 | 0 | 0 | 0 | 0 | 0 | 0 | 0 | 0 | 0 | 0 | 0 | 0 | 0 | 0 | 0 | 0 | 0 | 0 | 0 | 0 | 0 | 0 | 0 |  0 | 0 | 0 | 1 | 0 | 2 | 0 | 0 | 0 | 0 | 0 | 0 | 0 | 0 | 0 | 0 | 0 | 0 | 0 | 0 | 0 | 0 | 0 | 0 | 0 | 0 | 0 | 0 | 0 | 0 | 0 | 0 | 0 | 0 | 0 | 0 | 0 | 0 | 0 | 0 | 0 | 0 | 0 | 0 | 0 |
79 | Edgecombe, D. S. | Ohio State University, Columbus. | 1977 | None | 1 | 0 | 1977 | 1 | 0 | 1977 | 0 | 0 | 0 | 0 | 0 | 1 | 0 | 0 | 0 | 0 | 0 | 0 | 0 | 0 | 0 | 0 | 0 | 0 | 0 | 0 | 0 | 0 | 0 | 0 | 0 | 0 | 0 | 0 | 0 | 0 | 0 | 0 | 0 | 0 | 0 | 0 | 0 | 0 | 0 | 0 | 0 | 0 | 0 | 0 | 0 |  0 | 0 | 0 | 0 | 0 | 1 | 0 | 0 | 0 | 0 | 0 | 0 | 0 | 0 | 0 | 0 | 0 | 0 | 0 | 0 | 0 | 0 | 0 | 0 | 0 | 0 | 0 | 0 | 0 | 0 | 0 | 0 | 0 | 0 | 0 | 0 | 0 | 0 | 0 | 0 | 0 | 0 | 0 | 0 | 0 |
80 | Bruhweiler, Frederick Carlton | THE UNIVERSITY OF TEXAS AT AUSTIN. | 1977 | male | 2 | 29 | 2010 | 3 | 121 | 2014 | 0 | 1 | 0 | 0 | 0 | 1 | 1 | 1 | 2 | 3 | 4 | 3 | 0 | 0 | 4 | 1 | 2 | 1 | 0 | 3 | 0 | 2 | 0 | 0 | 0 | 0 | 0 | 0 | 0 | 0 | 0 | 0 | 0 | 0 | 0 | 0 | 1 | 0 | 1 | 0 | 0 | 0 | 0 | 0 | 0 |  0 | 1 | 0 | 1 | 0 | 1 | 2 | 1 | 3 | 4 | 8 | 3 | 4 | 3 | 6 | 1 | 2 | 4 | 4 | 13 | 1 | 3 | 2 | 9 | 5 | 7 | 4 | 4 | 3 | 5 | 2 | 3 | 1 | 5 | 1 | 0 | 3 | 2 | 2 | 0 | 0 | 0 | 1 | 0 | 0 |
81 | Cornett, Robert Huston | UNIVERSITY OF MARYLAND COLLEGE PARK. | 1977 | male | 3 | 5 | 1998 | 4 | 40 | 2001 | 0 | 0 | 0 | 1 | 0 | 2 | 0 | 0 | 0 | 0 | 0 | 0 | 0 | 0 | 0 | 0 | 0 | 0 | 0 | 0 | 1 | 0 | 2 | 0 | 0 | 1 | 1 | 0 | 0 | 0 | 0 | 0 | 0 | 0 | 0 | 0 | 0 | 0 | 0 | 0 | 0 | 0 | 0 | 0 | 0 |  0 | 1 | 0 | 1 | 0 | 2 | 0 | 0 | 1 | 0 | 2 | 2 | 1 | 2 | 0 | 0 | 1 | 0 | 3 | 1 | 6 | 1 | 4 | 2 | 1 | 4 | 3 | 0 | 3 | 3 | 0 | 0 | 0 | 0 | 0 | 0 | 0 | 0 | 0 | 0 | 0 | 0 | 0 | 0 | 0 |
82 | Dickey, John Miller | CORNELL UNIVERSITY. | 1977 | male | 2 | 35 | 2013 | 5 | 167 | 2017 | 0 | 0 | 0 | 0 | 0 | 2 | 2 | 2 | 1 | 2 | 2 | 2 | 1 | 0 | 1 | 1 | 1 | 2 | 3 | 1 | 2 | 1 | 1 | 0 | 0 | 2 | 0 | 0 | 1 | 2 | 0 | 1 | 2 | 0 | 0 | 0 | 0 | 1 | 0 | 0 | 0 | 1 | 0 | 0 | 0 |  0 | 2 | 0 | 0 | 1 | 2 | 4 | 3 | 2 | 3 | 5 | 3 | 2 | 7 | 1 | 3 | 4 | 3 | 4 | 2 | 3 | 3 | 4 | 4 | 4 | 10 | 3 | 4 | 3 | 6 | 5 | 9 | 11 | 9 | 6 | 6 | 1 | 1 | 2 | 3 | 5 | 5 | 4 | 5 | 2 |
83 | Greenberg, Lawrence Thomas | UNIVERSITY OF CALIFORNIA, BERKELEY. | 1977 | male | 2 | 0 | 1977 | 4 | 0 | 1977 | 0 | 0 | 0 | 0 | 0 | 2 | 0 | 0 | 0 | 0 | 0 | 0 | 0 | 0 | 0 | 0 | 0 | 0 | 0 | 0 | 0 | 0 | 0 | 0 | 0 | 0 | 0 | 0 | 0 | 0 | 0 | 0 | 0 | 0 | 0 | 0 | 0 | 0 | 0 | 0 | 0 | 0 | 0 | 0 | 0 |  0 | 1 | 1 | 0 | 0 | 2 | 0 | 0 | 0 | 0 | 0 | 0 | 0 | 0 | 0 | 0 | 0 | 0 | 0 | 0 | 0 | 0 | 0 | 0 | 0 | 0 | 0 | 0 | 0 | 0 | 0 | 0 | 0 | 0 | 0 | 0 | 0 | 0 | 0 | 0 | 0 | 0 | 0 | 0 | 0 |
84 | Hawley, Steven Alan | UNIVERSITY OF CALIFORNIA, SANTA CRUZ. | 1977 | male | 6 | 10 | 2012 | 7 | 14 | 2016 | 0 | 0 | 0 | 0 | 2 | 4 | 6 | 0 | 1 | 1 | 0 | 0 | 0 | 0 | 0 | 0 | 0 | 0 | 0 | 0 | 0 | 0 | 0 | 0 | 0 | 0 | 0 | 0 | 0 | 0 | 0 | 0 | 0 | 0 | 0 | 0 | 0 | 0 | 0 | 1 | 1 | 0 | 0 | 0 | 0 |  0 | 0 | 0 | 0 | 2 | 5 | 9 | 0 | 1 | 1 | 0 | 0 | 0 | 0 | 0 | 0 | 0 | 0 | 0 | 0 | 0 | 0 | 0 | 0 | 0 | 0 | 0 | 0 | 0 | 0 | 0 | 0 | 0 | 0 | 0 | 0 | 0 | 0 | 0 | 1 | 1 | 0 | 0 | 0 | 1 |
85 | Pomphrey, Richard Bryan | UNIVERSITY OF FLORIDA. | 1977 | male | 3 | 0 | 1977 | 6 | 10 | 1983 | 1 | 0 | 0 | 0 | 1 | 1 | 0 | 0 | 0 | 0 | 0 | 0 | 0 | 0 | 0 | 0 | 0 | 0 | 0 | 0 | 0 | 0 | 0 | 0 | 0 | 0 | 0 | 0 | 0 | 0 | 0 | 0 | 0 | 0 | 0 | 0 | 0 | 0 | 0 | 0 | 0 | 0 | 0 | 0 | 0 |  2 | 0 | 1 | 0 | 1 | 2 | 0 | 1 | 0 | 2 | 2 | 5 | 0 | 0 | 0 | 0 | 0 | 0 | 0 | 0 | 0 | 0 | 0 | 0 | 0 | 0 | 0 | 0 | 0 | 0 | 0 | 0 | 0 | 0 | 0 | 0 | 0 | 0 | 0 | 0 | 0 | 0 | 0 | 0 | 0 |
86 | Robinson, Richard David, Jr. | UNIVERSITY OF COLORADO AT BOULDER. | 1977 | male | 5 | 36 | 2005 | 10 | 108 | 2011 | 0 | 0 | 1 | 1 | 1 | 2 | 5 | 0 | 1 | 0 | 4 | 2 | 1 | 2 | 6 | 0 | 0 | 1 | 1 | 0 | 1 | 1 | 1 | 2 | 1 | 0 | 2 | 1 | 1 | 1 | 1 | 0 | 0 | 1 | 0 | 0 | 0 | 0 | 0 | 0 | 0 | 0 | 0 | 0 | 0 |  0 | 1 | 1 | 3 | 3 | 2 | 5 | 1 | 1 | 3 | 6 | 2 | 2 | 4 | 7 | 2 | 0 | 4 | 3 | 4 | 3 | 4 | 8 | 7 | 1 | 6 | 10 | 6 | 6 | 2 | 3 | 2 | 2 | 2 | 0 | 1 | 0 | 0 | 0 | 1 | 0 | 0 | 0 | 0 | 0 |
87 | Sandler, Errol | UNIVERSITY OF MISSOURI - COLUMBIA. | 1977 | male | 1 | 0 | 1977 | 1 | 0 | 1977 | 0 | 0 | 0 | 0 | 0 | 1 | 0 | 0 | 0 | 0 | 0 | 0 | 0 | 0 | 0 | 0 | 0 | 0 | 0 | 0 | 0 | 0 | 0 | 0 | 0 | 0 | 0 | 0 | 0 | 0 | 0 | 0 | 0 | 0 | 0 | 0 | 0 | 0 | 0 | 0 | 0 | 0 | 0 | 0 | 0 |  0 | 0 | 0 | 0 | 0 | 1 | 0 | 0 | 0 | 0 | 0 | 0 | 0 | 0 | 0 | 0 | 0 | 0 | 0 | 0 | 0 | 0 | 0 | 0 | 0 | 0 | 0 | 0 | 0 | 0 | 0 | 0 | 0 | 0 | 0 | 0 | 0 | 0 | 0 | 0 | 0 | 0 | 0 | 0 | 0 |
88 | Tripp, D. A. | Utah State University, Logan. | 1977 | None | 1 | 1 | 1978 | 3 | 1 | 1978 | 0 | 0 | 0 | 0 | 0 | 1 | 1 | 0 | 0 | 0 | 0 | 0 | 0 | 0 | 0 | 0 | 0 | 0 | 0 | 0 | 0 | 0 | 0 | 0 | 0 | 0 | 0 | 0 | 0 | 0 | 0 | 0 | 0 | 0 | 0 | 0 | 0 | 0 | 0 | 0 | 0 | 0 | 0 | 0 | 0 |  0 | 1 | 0 | 0 | 0 | 2 | 1 | 0 | 0 | 0 | 0 | 0 | 0 | 0 | 0 | 0 | 0 | 0 | 0 | 0 | 0 | 0 | 0 | 0 | 0 | 0 | 0 | 0 | 0 | 0 | 0 | 0 | 0 | 0 | 0 | 0 | 0 | 0 | 0 | 0 | 0 | 0 | 0 | 0 | 0 |
89 | Maloney, Frank Patrick | UNIVERSITY OF FLORIDA. | 1977 | male | 1 | 4 | 1991 | 1 | 12 | 2014 | 0 | 0 | 0 | 0 | 0 | 1 | 0 | 1 | 0 | 1 | 0 | 0 | 0 | 0 | 0 | 0 | 0 | 1 | 0 | 1 | 0 | 0 | 0 | 0 | 0 | 0 | 0 | 0 | 0 | 0 | 0 | 0 | 0 | 0 | 0 | 0 | 0 | 0 | 0 | 0 | 0 | 0 | 0 | 0 | 0 |  0 | 0 | 0 | 0 | 0 | 1 | 0 | 1 | 0 | 1 | 0 | 0 | 0 | 1 | 0 | 0 | 0 | 1 | 0 | 1 | 0 | 0 | 1 | 0 | 0 | 0 | 1 | 0 | 1 | 0 | 2 | 1 | 0 | 0 | 0 | 0 | 0 | 0 | 0 | 0 | 0 | 0 | 1 | 0 | 0 |
90 | Marscher, Alan Patrick | UNIVERSITY OF VIRGINIA. | 1977 | male | 4 | 50 | 2016 | 8 | 220 | 2017 | 0 | 0 | 0 | 1 | 0 | 3 | 5 | 3 | 6 | 2 | 2 | 3 | 1 | 4 | 0 | 2 | 1 | 0 | 0 | 2 | 0 | 1 | 1 | 1 | 1 | 0 | 0 | 1 | 0 | 0 | 2 | 0 | 0 | 1 | 2 | 1 | 1 | 0 | 1 | 3 | 0 | 0 | 1 | 0 | 2 |  0 | 1 | 1 | 1 | 1 | 4 | 6 | 4 | 6 | 4 | 3 | 3 | 1 | 4 | 1 | 4 | 2 | 0 | 1 | 4 | 0 | 3 | 4 | 5 | 6 | 8 | 5 | 9 | 7 | 10 | 3 | 2 | 5 | 3 | 9 | 6 | 7 | 9 | 9 | 16 | 8 | 8 | 9 | 8 | 17 |
91 | Rudy, Richard Jack | UNIVERSITY OF OREGON. | 1977 | male | 3 | 47 | 2003 | 9 | 137 | 2015 | 0 | 0 | 0 | 0 | 1 | 2 | 4 | 1 | 1 | 1 | 5 | 2 | 2 | 3 | 0 | 1 | 2 | 3 | 1 | 3 | 2 | 2 | 2 | 0 | 1 | 1 | 0 | 2 | 1 | 2 | 3 | 2 | 0 | 0 | 0 | 0 | 0 | 0 | 0 | 0 | 0 | 0 | 0 | 0 | 0 |  0 | 0 | 0 | 2 | 3 | 4 | 6 | 1 | 2 | 8 | 8 | 4 | 9 | 3 | 3 | 4 | 4 | 4 | 3 | 4 | 4 | 2 | 4 | 1 | 3 | 3 | 2 | 2 | 5 | 4 | 7 | 4 | 7 | 2 | 2 | 8 | 3 | 2 | 3 | 1 | 2 | 0 | 2 | 1 | 0 |
92 | Thieman, James Richard | UNIVERSITY OF FLORIDA. | 1977 | male | 2 | 6 | 1994 | 2 | 22 | 2015 | 0 | 0 | 0 | 1 | 0 | 1 | 1 | 1 | 0 | 1 | 0 | 0 | 0 | 1 | 0 | 0 | 1 | 0 | 0 | 0 | 0 | 0 | 1 | 0 | 0 | 0 | 0 | 0 | 0 | 0 | 0 | 0 | 0 | 0 | 0 | 0 | 0 | 0 | 0 | 0 | 0 | 0 | 0 | 0 | 0 |  0 | 0 | 0 | 1 | 0 | 1 | 1 | 6 | 0 | 3 | 0 | 0 | 0 | 1 | 0 | 0 | 1 | 0 | 0 | 0 | 0 | 0 | 1 | 1 | 0 | 0 | 1 | 1 | 0 | 1 | 0 | 0 | 0 | 0 | 0 | 0 | 1 | 0 | 0 | 3 | 0 | 0 | 0 | 1 | 0 |
93 | Wehrbein, W. M. | Colorado Univ., Boulder. | 1977 | None | 1 | 1 | 1979 | 1 | 2 | 1980 | 0 | 0 | 0 | 0 | 0 | 1 | 0 | 1 | 0 | 0 | 0 | 0 | 0 | 0 | 0 | 0 | 0 | 0 | 0 | 0 | 0 | 0 | 0 | 0 | 0 | 0 | 0 | 0 | 0 | 0 | 0 | 0 | 0 | 0 | 0 | 0 | 0 | 0 | 0 | 0 | 0 | 0 | 0 | 0 | 0 |  0 | 0 | 0 | 0 | 0 | 1 | 0 | 1 | 1 | 0 | 0 | 0 | 0 | 0 | 0 | 0 | 0 | 0 | 0 | 0 | 0 | 0 | 0 | 0 | 0 | 0 | 0 | 0 | 0 | 0 | 0 | 0 | 0 | 0 | 0 | 0 | 0 | 0 | 0 | 0 | 0 | 0 | 0 | 0 | 0 |
94 | McCarthy, John Joseph | UNIVERSITY OF MARYLAND COLLEGE PARK. | 1977 | male | 4 | 0 | 1977 | 5 | 13 | 2006 | 0 | 1 | 0 | 1 | 1 | 1 | 0 | 0 | 0 | 0 | 0 | 0 | 0 | 0 | 0 | 0 | 0 | 0 | 0 | 0 | 0 | 0 | 0 | 0 | 0 | 0 | 0 | 0 | 0 | 0 | 0 | 0 | 0 | 0 | 0 | 0 | 0 | 0 | 0 | 0 | 0 | 0 | 0 | 0 | 0 |  0 | 2 | 0 | 1 | 1 | 1 | 0 | 0 | 0 | 1 | 0 | 0 | 0 | 0 | 0 | 0 | 0 | 0 | 0 | 1 | 1 | 1 | 3 | 1 | 0 | 0 | 0 | 2 | 0 | 0 | 0 | 0 | 1 | 1 | 1 | 0 | 0 | 0 | 0 | 0 | 0 | 0 | 0 | 0 | 0 |
95 | Anderson, Lawrence Sven | UNIVERSITY OF CALIFORNIA, BERKELEY. | 1977 | male | 4 | 8 | 1989 | 5 | 20 | 2015 | 0 | 0 | 1 | 1 | 0 | 2 | 1 | 1 | 0 | 1 | 0 | 1 | 0 | 1 | 0 | 0 | 0 | 3 | 0 | 0 | 0 | 0 | 0 | 0 | 0 | 0 | 0 | 0 | 0 | 0 | 0 | 0 | 0 | 0 | 0 | 0 | 0 | 0 | 0 | 0 | 0 | 0 | 0 | 0 | 0 |  0 | 0 | 1 | 1 | 1 | 2 | 2 | 2 | 1 | 1 | 0 | 1 | 0 | 1 | 0 | 1 | 0 | 3 | 0 | 0 | 1 | 1 | 1 | 0 | 0 | 0 | 0 | 0 | 0 | 0 | 0 | 0 | 0 | 0 | 0 | 0 | 0 | 0 | 2 | 0 | 0 | 1 | 0 | 2 | 0 |
96 | Delano, J. W. | State University of New York, Albany. | 1977 | None | 5 | 20 | 2007 | 9 | 44 | 2016 | 0 | 1 | 0 | 1 | 0 | 3 | 2 | 1 | 1 | 1 | 3 | 2 | 0 | 0 | 4 | 0 | 1 | 1 | 1 | 1 | 0 | 0 | 0 | 0 | 0 | 0 | 0 | 0 | 0 | 1 | 0 | 0 | 0 | 0 | 0 | 1 | 0 | 0 | 0 | 0 | 0 | 0 | 0 | 0 | 0 |  0 | 4 | 1 | 1 | 0 | 3 | 2 | 1 | 2 | 3 | 4 | 2 | 4 | 0 | 4 | 0 | 2 | 3 | 3 | 1 | 0 | 0 | 0 | 0 | 1 | 0 | 0 | 0 | 1 | 1 | 1 | 0 | 0 | 1 | 0 | 1 | 1 | 3 | 0 | 0 | 0 | 0 | 0 | 2 | 1 |
97 | Grebenkemper, C. J. | Stanford Univ., CA. | 1977 | None | 1 | 0 | 1977 | 3 | 1 | 1979 | 0 | 0 | 0 | 0 | 0 | 1 | 0 | 0 | 0 | 0 | 0 | 0 | 0 | 0 | 0 | 0 | 0 | 0 | 0 | 0 | 0 | 0 | 0 | 0 | 0 | 0 | 0 | 0 | 0 | 0 | 0 | 0 | 0 | 0 | 0 | 0 | 0 | 0 | 0 | 0 | 0 | 0 | 0 | 0 | 0 |  0 | 1 | 0 | 1 | 0 | 1 | 0 | 1 | 0 | 0 | 0 | 0 | 0 | 0 | 0 | 0 | 0 | 0 | 0 | 0 | 0 | 0 | 0 | 0 | 0 | 0 | 0 | 0 | 0 | 0 | 0 | 0 | 0 | 0 | 0 | 0 | 0 | 0 | 0 | 0 | 0 | 0 | 0 | 0 | 0 |
98 | Lubow, Stephen Harvey | UNIVERSITY OF CALIFORNIA, BERKELEY. | 1977 | male | 4 | 42 | 2016 | 5 | 102 | 2017 | 0 | 0 | 0 | 1 | 1 | 2 | 0 | 2 | 0 | 1 | 1 | 0 | 0 | 0 | 2 | 0 | 1 | 1 | 1 | 2 | 2 | 4 | 3 | 1 | 1 | 1 | 1 | 2 | 3 | 1 | 1 | 0 | 0 | 0 | 1 | 0 | 0 | 0 | 2 | 0 | 2 | 1 | 3 | 1 | 1 |  0 | 0 | 0 | 1 | 2 | 2 | 0 | 3 | 2 | 2 | 2 | 0 | 0 | 0 | 2 | 0 | 1 | 1 | 1 | 3 | 3 | 5 | 4 | 1 | 5 | 1 | 2 | 3 | 4 | 2 | 5 | 2 | 0 | 3 | 5 | 2 | 1 | 1 | 4 | 3 | 7 | 3 | 8 | 5 | 4 |
99 | McClintock, William Edward | THE JOHNS HOPKINS UNIVERSITY. | 1977 | male | 5 | 14 | 2015 | 10 | 104 | 2017 | 0 | 0 | 0 | 2 | 1 | 2 | 2 | 1 | 1 | 0 | 1 | 0 | 0 | 0 | 0 | 0 | 0 | 0 | 0 | 0 | 0 | 1 | 1 | 0 | 0 | 0 | 0 | 0 | 0 | 0 | 0 | 0 | 0 | 2 | 0 | 1 | 2 | 1 | 0 | 0 | 0 | 0 | 0 | 1 | 0 |  0 | 0 | 2 | 2 | 1 | 5 | 2 | 3 | 1 | 0 | 1 | 0 | 0 | 0 | 0 | 0 | 3 | 0 | 0 | 1 | 2 | 1 | 2 | 1 | 1 | 1 | 3 | 0 | 0 | 3 | 0 | 0 | 2 | 7 | 1 | 5 | 6 | 7 | 10 | 5 | 2 | 4 | 4 | 20 | 4 |
100 | Wier, S. K. | Princeton Univ., NJ. | 1977 | None | 1 | 0 | 1977 | 1 | 0 | 1977 | 0 | 0 | 0 | 0 | 0 | 1 | 0 | 0 | 0 | 0 | 0 | 0 | 0 | 0 | 0 | 0 | 0 | 0 | 0 | 0 | 0 | 0 | 0 | 0 | 0 | 0 | 0 | 0 | 0 | 0 | 0 | 0 | 0 | 0 | 0 | 0 | 0 | 0 | 0 | 0 | 0 | 0 | 0 | 0 | 0 |  0 | 0 | 0 | 0 | 0 | 1 | 0 | 0 | 0 | 0 | 0 | 0 | 0 | 0 | 0 | 0 | 0 | 0 | 0 | 0 | 0 | 0 | 0 | 0 | 0 | 0 | 0 | 0 | 0 | 0 | 0 | 0 | 0 | 0 | 0 | 0 | 0 | 0 | 0 | 0 | 0 | 0 | 0 | 0 | 0 |
101 | Boyd, Robert William | UNIVERSITY OF CALIFORNIA, BERKELEY. | 1977 | male | 5 | 6 | 2015 | 5 | 7 | 2015 | 1 | 0 | 0 | 0 | 0 | 4 | 1 | 0 | 0 | 0 | 0 | 1 | 0 | 0 | 0 | 0 | 2 | 0 | 0 | 0 | 0 | 0 | 0 | 0 | 0 | 0 | 0 | 0 | 0 | 0 | 0 | 0 | 0 | 1 | 0 | 0 | 0 | 0 | 0 | 0 | 0 | 0 | 0 | 1 | 0 |  1 | 0 | 0 | 0 | 0 | 4 | 1 | 0 | 0 | 0 | 0 | 1 | 0 | 0 | 0 | 0 | 2 | 0 | 0 | 0 | 0 | 0 | 0 | 0 | 0 | 0 | 0 | 0 | 0 | 0 | 0 | 1 | 0 | 1 | 0 | 0 | 0 | 0 | 0 | 0 | 0 | 0 | 0 | 1 | 0 |
102 | Perrenod, Stephen Charles | HARVARD UNIVERSITY. | 1977 | male | 4 | 8 | 1981 | 5 | 12 | 1981 | 0 | 0 | 0 | 1 | 1 | 2 | 3 | 2 | 2 | 1 | 0 | 0 | 0 | 0 | 0 | 0 | 0 | 0 | 0 | 0 | 0 | 0 | 0 | 0 | 0 | 0 | 0 | 0 | 0 | 0 | 0 | 0 | 0 | 0 | 0 | 0 | 0 | 0 | 0 | 0 | 0 | 0 | 0 | 0 | 0 |  0 | 0 | 0 | 1 | 1 | 3 | 4 | 3 | 2 | 3 | 0 | 0 | 0 | 0 | 0 | 0 | 0 | 0 | 0 | 0 | 0 | 0 | 0 | 0 | 0 | 0 | 0 | 0 | 0 | 0 | 0 | 0 | 0 | 0 | 0 | 0 | 0 | 0 | 0 | 0 | 0 | 0 | 0 | 0 | 0 |
103 | Reed, Robert Alen | CORNELL UNIVERSITY. | 1977 | male | 2 | 1 | 1978 | 5 | 7 | 2011 | 0 | 0 | 1 | 0 | 0 | 1 | 1 | 0 | 0 | 0 | 0 | 0 | 0 | 0 | 0 | 0 | 0 | 0 | 0 | 0 | 0 | 0 | 0 | 0 | 0 | 0 | 0 | 0 | 0 | 0 | 0 | 0 | 0 | 0 | 0 | 0 | 0 | 0 | 0 | 0 | 0 | 0 | 0 | 0 | 0 |  0 | 0 | 2 | 1 | 1 | 1 | 1 | 0 | 0 | 0 | 0 | 0 | 0 | 0 | 0 | 0 | 0 | 0 | 0 | 0 | 0 | 0 | 0 | 0 | 0 | 0 | 1 | 0 | 0 | 1 | 1 | 0 | 0 | 1 | 0 | 0 | 0 | 0 | 0 | 2 | 0 | 0 | 0 | 0 | 0 |
104 | Lee, Hsi-Nan | THE UNIVERSITY OF UTAH. | 1977 | female | 1 | 9 | 2005 | 2 | 28 | 2014 | 0 | 0 | 0 | 0 | 0 | 1 | 0 | 0 | 0 | 0 | 0 | 0 | 0 | 2 | 1 | 0 | 0 | 0 | 1 | 0 | 0 | 0 | 0 | 0 | 2 | 1 | 0 | 0 | 0 | 0 | 0 | 0 | 1 | 1 | 0 | 0 | 0 | 0 | 0 | 0 | 0 | 0 | 0 | 0 | 0 |  0 | 1 | 0 | 0 | 0 | 1 | 0 | 0 | 0 | 0 | 0 | 1 | 0 | 2 | 1 | 0 | 0 | 0 | 2 | 0 | 0 | 0 | 0 | 1 | 3 | 2 | 0 | 1 | 0 | 1 | 0 | 1 | 2 | 2 | 0 | 0 | 2 | 0 | 2 | 1 | 1 | 1 | 2 | 0 | 0 |
105 | Rages, Kathy Ann | CORNELL UNIVERSITY. | 1977 | female | 2 | 8 | 2004 | 4 | 36 | 2016 | 0 | 0 | 1 | 0 | 0 | 1 | 0 | 0 | 1 | 0 | 0 | 2 | 0 | 0 | 0 | 0 | 0 | 0 | 0 | 1 | 1 | 0 | 0 | 0 | 0 | 0 | 0 | 1 | 0 | 0 | 1 | 0 | 1 | 0 | 0 | 0 | 0 | 0 | 0 | 0 | 0 | 0 | 0 | 0 | 0 |  0 | 0 | 1 | 1 | 1 | 1 | 0 | 0 | 2 | 0 | 0 | 2 | 0 | 0 | 2 | 1 | 0 | 1 | 1 | 2 | 1 | 0 | 0 | 1 | 1 | 0 | 1 | 1 | 2 | 3 | 1 | 0 | 1 | 3 | 0 | 1 | 0 | 2 | 0 | 1 | 3 | 0 | 1 | 0 | 2 |
106 | Hanni, Richard Squier | STANFORD UNIVERSITY. | 1977 | male | 5 | 4 | 1983 | 5 | 5 | 1983 | 0 | 1 | 0 | 0 | 1 | 3 | 1 | 1 | 0 | 0 | 1 | 1 | 0 | 0 | 0 | 0 | 0 | 0 | 0 | 0 | 0 | 0 | 0 | 0 | 0 | 0 | 0 | 0 | 0 | 0 | 0 | 0 | 0 | 0 | 0 | 0 | 0 | 0 | 0 | 0 | 0 | 0 | 0 | 0 | 0 |  0 | 1 | 0 | 0 | 1 | 3 | 2 | 1 | 0 | 0 | 1 | 1 | 0 | 0 | 0 | 0 | 0 | 0 | 0 | 0 | 0 | 0 | 0 | 0 | 0 | 0 | 0 | 0 | 0 | 0 | 0 | 0 | 0 | 0 | 0 | 0 | 0 | 0 | 0 | 0 | 0 | 0 | 0 | 0 | 0 |
107 | Hartman, D. H., Jr. | Arizona Univ., Tucson. | 1977 | None | 0 | 0 | 1977 | 0 | 0 | 1977 | 0 | 0 | 0 | 0 | 0 | 0 | 0 | 0 | 0 | 0 | 0 | 0 | 0 | 0 | 0 | 0 | 0 | 0 | 0 | 0 | 0 | 0 | 0 | 0 | 0 | 0 | 0 | 0 | 0 | 0 | 0 | 0 | 0 | 0 | 0 | 0 | 0 | 0 | 0 | 0 | 0 | 0 | 0 | 0 | 0 |  0 | 0 | 0 | 0 | 0 | 0 | 0 | 0 | 0 | 0 | 0 | 0 | 0 | 0 | 0 | 0 | 0 | 0 | 0 | 0 | 0 | 0 | 0 | 0 | 0 | 0 | 0 | 0 | 0 | 0 | 0 | 0 | 0 | 0 | 0 | 0 | 0 | 0 | 0 | 0 | 0 | 0 | 0 | 0 | 0 |
108 | Kraemer, D. R. | Michigan Univ., Ann Arbor. | 1977 | None | 1 | 0 | 1977 | 2 | 1 | 1978 | 0 | 0 | 0 | 0 | 0 | 1 | 0 | 0 | 0 | 0 | 0 | 0 | 0 | 0 | 0 | 0 | 0 | 0 | 0 | 0 | 0 | 0 | 0 | 0 | 0 | 0 | 0 | 0 | 0 | 0 | 0 | 0 | 0 | 0 | 0 | 0 | 0 | 0 | 0 | 0 | 0 | 0 | 0 | 0 | 0 |  0 | 0 | 0 | 0 | 0 | 2 | 1 | 0 | 0 | 0 | 0 | 0 | 0 | 0 | 0 | 0 | 0 | 0 | 0 | 0 | 0 | 0 | 0 | 0 | 0 | 0 | 0 | 0 | 0 | 0 | 0 | 0 | 0 | 0 | 0 | 0 | 0 | 0 | 0 | 0 | 0 | 0 | 0 | 0 | 0 |
109 | Marti, Felix | MICHIGAN STATE UNIVERSITY. | 1977 | male | 2 | 0 | 1977 | 2 | 0 | 1977 | 0 | 0 | 0 | 0 | 0 | 2 | 0 | 0 | 0 | 0 | 0 | 0 | 0 | 0 | 0 | 0 | 0 | 0 | 0 | 0 | 0 | 0 | 0 | 0 | 0 | 0 | 0 | 0 | 0 | 0 | 0 | 0 | 0 | 0 | 0 | 0 | 0 | 0 | 0 | 0 | 0 | 0 | 0 | 0 | 0 |  0 | 0 | 0 | 0 | 0 | 2 | 0 | 0 | 0 | 0 | 0 | 0 | 0 | 0 | 0 | 0 | 0 | 0 | 0 | 0 | 0 | 0 | 0 | 0 | 0 | 0 | 0 | 0 | 0 | 0 | 0 | 0 | 0 | 0 | 0 | 0 | 0 | 0 | 0 | 0 | 0 | 0 | 0 | 0 | 0 |
110 | Perley, Richard Alan | UNIVERSITY OF MARYLAND COLLEGE PARK. | 1977 | male | 1 | 27 | 2017 | 5 | 131 | 2017 | 0 | 0 | 0 | 0 | 0 | 1 | 0 | 4 | 2 | 0 | 3 | 0 | 2 | 0 | 2 | 0 | 0 | 1 | 0 | 1 | 0 | 1 | 0 | 0 | 0 | 1 | 0 | 0 | 0 | 0 | 0 | 0 | 0 | 0 | 0 | 0 | 0 | 1 | 0 | 1 | 0 | 3 | 0 | 1 | 0 |  1 | 0 | 1 | 2 | 0 | 1 | 0 | 4 | 4 | 1 | 3 | 2 | 5 | 2 | 5 | 5 | 2 | 6 | 4 | 5 | 4 | 5 | 4 | 2 | 3 | 5 | 2 | 5 | 5 | 2 | 3 | 3 | 1 | 3 | 5 | 2 | 3 | 1 | 1 | 2 | 3 | 7 | 3 | 1 | 4 |
111 | Meier, David Lawrence | THE UNIVERSITY OF TEXAS AT AUSTIN. | 1977 | male | 4 | 26 | 2008 | 5 | 88 | 2017 | 0 | 0 | 0 | 0 | 3 | 1 | 0 | 4 | 2 | 1 | 3 | 0 | 0 | 0 | 0 | 0 | 0 | 1 | 0 | 1 | 0 | 0 | 0 | 0 | 1 | 1 | 0 | 2 | 1 | 3 | 1 | 2 | 1 | 1 | 0 | 0 | 1 | 0 | 0 | 0 | 0 | 0 | 0 | 0 | 0 |  0 | 0 | 0 | 0 | 3 | 2 | 0 | 4 | 3 | 1 | 4 | 0 | 2 | 0 | 0 | 0 | 0 | 6 | 0 | 2 | 1 | 0 | 0 | 2 | 3 | 3 | 4 | 3 | 11 | 6 | 7 | 4 | 2 | 1 | 1 | 1 | 2 | 1 | 3 | 1 | 1 | 3 | 3 | 1 | 0 |
112 | Rose, James Anthony | YALE UNIVERSITY. | 1977 | male | 5 | 25 | 2010 | 5 | 86 | 2013 | 0 | 0 | 0 | 0 | 1 | 4 | 0 | 2 | 0 | 0 | 3 | 3 | 2 | 3 | 1 | 1 | 1 | 0 | 0 | 1 | 0 | 0 | 2 | 0 | 0 | 0 | 0 | 1 | 0 | 1 | 1 | 0 | 0 | 1 | 1 | 0 | 0 | 0 | 1 | 0 | 0 | 0 | 0 | 0 | 0 |  0 | 0 | 0 | 0 | 1 | 4 | 0 | 2 | 0 | 1 | 3 | 3 | 3 | 4 | 2 | 1 | 2 | 1 | 1 | 1 | 0 | 2 | 2 | 0 | 3 | 2 | 3 | 4 | 1 | 3 | 4 | 2 | 4 | 7 | 4 | 4 | 3 | 7 | 3 | 3 | 0 | 1 | 0 | 0 | 0 |
113 | Branham, R. L., Jr. | Case Western Reserve Univ., Cleveland, OH. | 1977 | None | 0 | 0 | 1977 | 0 | 0 | 1977 | 0 | 0 | 0 | 0 | 0 | 0 | 0 | 0 | 0 | 0 | 0 | 0 | 0 | 0 | 0 | 0 | 0 | 0 | 0 | 0 | 0 | 0 | 0 | 0 | 0 | 0 | 0 | 0 | 0 | 0 | 0 | 0 | 0 | 0 | 0 | 0 | 0 | 0 | 0 | 0 | 0 | 0 | 0 | 0 | 0 |  0 | 0 | 0 | 0 | 0 | 0 | 0 | 0 | 0 | 0 | 0 | 0 | 0 | 0 | 0 | 0 | 0 | 0 | 0 | 0 | 0 | 0 | 0 | 0 | 0 | 0 | 0 | 0 | 0 | 0 | 0 | 0 | 0 | 0 | 0 | 0 | 0 | 0 | 0 | 0 | 0 | 0 | 0 | 0 | 0 |
114 | Davis, A. M. | Yale University., New Haven, CT. | 1977 | None | 7 | 34 | 2015 | 11 | 209 | 2017 | 0 | 0 | 0 | 0 | 2 | 5 | 2 | 1 | 1 | 0 | 2 | 1 | 1 | 2 | 1 | 2 | 1 | 0 | 3 | 3 | 2 | 0 | 1 | 1 | 0 | 0 | 0 | 0 | 0 | 0 | 0 | 1 | 2 | 1 | 0 | 0 | 1 | 1 | 0 | 1 | 0 | 0 | 2 | 1 | 0 |  0 | 1 | 0 | 0 | 2 | 8 | 3 | 3 | 2 | 2 | 3 | 1 | 5 | 5 | 4 | 5 | 5 | 3 | 6 | 4 | 8 | 5 | 6 | 4 | 5 | 3 | 7 | 4 | 7 | 3 | 4 | 12 | 5 | 9 | 5 | 5 | 8 | 7 | 8 | 4 | 7 | 3 | 22 | 3 | 2 |
115 | Gilman, David Arnold | CORNELL UNIVERSITY. | 1977 | male | 1 | 3 | 1986 | 4 | 4 | 1986 | 0 | 0 | 0 | 0 | 0 | 1 | 0 | 1 | 1 | 0 | 0 | 0 | 0 | 0 | 1 | 0 | 0 | 0 | 0 | 0 | 0 | 0 | 0 | 0 | 0 | 0 | 0 | 0 | 0 | 0 | 0 | 0 | 0 | 0 | 0 | 0 | 0 | 0 | 0 | 0 | 0 | 0 | 0 | 0 | 0 |  0 | 0 | 2 | 1 | 0 | 1 | 0 | 1 | 1 | 0 | 0 | 1 | 0 | 0 | 1 | 0 | 0 | 0 | 0 | 0 | 0 | 0 | 0 | 0 | 0 | 0 | 0 | 0 | 0 | 0 | 0 | 0 | 0 | 0 | 0 | 0 | 0 | 0 | 0 | 0 | 0 | 0 | 0 | 0 | 0 |
116 | Bregman, Joel Norman | UNIVERSITY OF CALIFORNIA, SANTA CRUZ. | 1977 | male | 1 | 62 | 2015 | 3 | 218 | 2016 | 0 | 0 | 0 | 0 | 0 | 1 | 2 | 1 | 3 | 3 | 3 | 0 | 3 | 2 | 3 | 0 | 4 | 3 | 4 | 0 | 2 | 3 | 1 | 2 | 0 | 1 | 1 | 0 | 0 | 1 | 2 | 2 | 2 | 1 | 5 | 3 | 0 | 2 | 1 | 0 | 0 | 1 | 0 | 1 | 0 |  1 | 0 | 0 | 1 | 0 | 1 | 3 | 1 | 3 | 3 | 3 | 1 | 5 | 3 | 3 | 1 | 8 | 4 | 7 | 3 | 3 | 11 | 8 | 10 | 5 | 4 | 4 | 6 | 9 | 8 | 8 | 5 | 4 | 5 | 8 | 6 | 5 | 7 | 7 | 4 | 6 | 11 | 7 | 9 | 10 |
117 | Giovane, Frank | UNIVERSITY OF PENNSYLVANIA. | 1977 | male | 3 | 1 | 1991 | 5 | 24 | 2016 | 0 | 0 | 0 | 0 | 1 | 2 | 0 | 0 | 0 | 0 | 0 | 0 | 0 | 0 | 0 | 0 | 0 | 0 | 0 | 1 | 0 | 0 | 0 | 0 | 0 | 0 | 0 | 0 | 0 | 0 | 0 | 0 | 0 | 0 | 0 | 0 | 0 | 0 | 0 | 0 | 0 | 0 | 0 | 0 | 0 |  0 | 0 | 0 | 1 | 2 | 2 | 0 | 0 | 0 | 1 | 0 | 0 | 0 | 1 | 1 | 0 | 0 | 0 | 0 | 1 | 0 | 0 | 0 | 0 | 1 | 0 | 1 | 5 | 1 | 0 | 0 | 1 | 0 | 0 | 1 | 4 | 0 | 0 | 0 | 0 | 0 | 0 | 1 | 3 | 2 |
118 | Holman, Gordon Dean | THE UNIVERSITY OF NORTH CAROLINA AT CHAPEL HILL. | 1977 | male | 1 | 19 | 2016 | 1 | 83 | 2017 | 0 | 0 | 0 | 0 | 0 | 1 | 0 | 1 | 0 | 1 | 2 | 1 | 1 | 2 | 1 | 0 | 0 | 1 | 0 | 0 | 1 | 0 | 0 | 1 | 0 | 0 | 0 | 0 | 0 | 0 | 0 | 2 | 0 | 1 | 0 | 0 | 0 | 0 | 0 | 1 | 1 | 0 | 0 | 1 | 1 |  0 | 0 | 0 | 0 | 0 | 1 | 1 | 3 | 1 | 2 | 2 | 1 | 1 | 2 | 1 | 2 | 2 | 2 | 0 | 2 | 4 | 1 | 3 | 1 | 1 | 1 | 1 | 0 | 0 | 0 | 2 | 5 | 2 | 4 | 4 | 3 | 2 | 6 | 1 | 3 | 5 | 4 | 1 | 2 | 3 |
119 | Jacobson, Michael Ray | CORNELL UNIVERSITY. | 1977 | male | 1 | 1 | 1978 | 2 | 39 | 2016 | 0 | 0 | 0 | 0 | 0 | 1 | 1 | 0 | 0 | 0 | 0 | 0 | 0 | 0 | 0 | 0 | 0 | 0 | 0 | 0 | 0 | 0 | 0 | 0 | 0 | 0 | 0 | 0 | 0 | 0 | 0 | 0 | 0 | 0 | 0 | 0 | 0 | 0 | 0 | 0 | 0 | 0 | 0 | 0 | 0 |  0 | 0 | 0 | 0 | 1 | 1 | 1 | 0 | 0 | 0 | 0 | 0 | 0 | 1 | 0 | 0 | 0 | 0 | 0 | 0 | 0 | 0 | 0 | 0 | 0 | 0 | 0 | 0 | 0 | 0 | 0 | 0 | 0 | 0 | 0 | 0 | 0 | 0 | 0 | 1 | 10 | 6 | 13 | 6 | 1 |
120 | Kanagy, Sherman Paul, II | UNIVERSITY OF ILLINOIS AT URBANA-CHAMPAIGN. | 1977 | male | 1 | 2 | 1994 | 1 | 2 | 1994 | 0 | 0 | 0 | 0 | 0 | 1 | 1 | 0 | 0 | 0 | 0 | 0 | 0 | 0 | 0 | 0 | 0 | 0 | 0 | 0 | 0 | 0 | 1 | 0 | 0 | 0 | 0 | 0 | 0 | 0 | 0 | 0 | 0 | 0 | 0 | 0 | 0 | 0 | 0 | 0 | 0 | 0 | 0 | 0 | 0 |  0 | 0 | 0 | 0 | 0 | 1 | 1 | 0 | 0 | 0 | 0 | 0 | 0 | 0 | 0 | 0 | 0 | 0 | 0 | 0 | 0 | 0 | 1 | 0 | 0 | 0 | 0 | 0 | 0 | 0 | 0 | 0 | 0 | 0 | 0 | 0 | 0 | 0 | 0 | 0 | 0 | 0 | 0 | 0 | 0 |
121 | Love, Patrick Thomas | WASHINGTON UNIVERSITY. | 1977 | male | 2 | 0 | 1977 | 3 | 4 | 2009 | 0 | 0 | 0 | 0 | 0 | 2 | 0 | 0 | 0 | 0 | 0 | 0 | 0 | 0 | 0 | 0 | 0 | 0 | 0 | 0 | 0 | 0 | 0 | 0 | 0 | 0 | 0 | 0 | 0 | 0 | 0 | 0 | 0 | 0 | 0 | 0 | 0 | 0 | 0 | 0 | 0 | 0 | 0 | 0 | 0 |  0 | 0 | 0 | 0 | 0 | 3 | 0 | 0 | 0 | 0 | 0 | 0 | 0 | 0 | 0 | 0 | 0 | 0 | 0 | 0 | 0 | 0 | 0 | 0 | 0 | 0 | 0 | 0 | 0 | 0 | 0 | 0 | 0 | 0 | 2 | 0 | 0 | 2 | 0 | 0 | 0 | 0 | 0 | 0 | 0 |
122 | Martin, J. W. | Washington Univ., Seattle. | 1977 | None | 2 | 13 | 2014 | 2 | 35 | 2016 | 0 | 1 | 0 | 0 | 0 | 1 | 0 | 0 | 0 | 1 | 0 | 0 | 1 | 0 | 0 | 0 | 0 | 0 | 0 | 0 | 0 | 1 | 0 | 1 | 0 | 1 | 0 | 1 | 0 | 1 | 1 | 0 | 0 | 1 | 0 | 0 | 0 | 0 | 0 | 0 | 0 | 2 | 2 | 0 | 0 |  0 | 1 | 0 | 0 | 0 | 1 | 0 | 0 | 0 | 1 | 1 | 0 | 2 | 0 | 0 | 0 | 0 | 0 | 0 | 0 | 0 | 3 | 0 | 1 | 0 | 2 | 0 | 2 | 1 | 1 | 2 | 1 | 1 | 2 | 0 | 0 | 0 | 2 | 1 | 1 | 0 | 4 | 5 | 1 | 1 |
123 | Phillips, Mark Monroe | UNIVERSITY OF CALIFORNIA, SANTA CRUZ. | 1977 | male | 6 | 35 | 2013 | 9 | 262 | 2017 | 0 | 0 | 0 | 1 | 3 | 2 | 3 | 3 | 2 | 1 | 2 | 4 | 4 | 0 | 2 | 1 | 1 | 1 | 2 | 0 | 1 | 1 | 0 | 0 | 0 | 0 | 0 | 1 | 0 | 0 | 0 | 1 | 0 | 0 | 1 | 1 | 0 | 0 | 0 | 1 | 1 | 1 | 0 | 0 | 0 |  0 | 0 | 0 | 2 | 4 | 3 | 5 | 4 | 4 | 5 | 8 | 5 | 7 | 3 | 3 | 5 | 5 | 4 | 4 | 5 | 3 | 8 | 8 | 6 | 9 | 4 | 9 | 4 | 8 | 7 | 8 | 10 | 6 | 4 | 5 | 6 | 5 | 9 | 8 | 6 | 11 | 8 | 22 | 10 | 8 |
124 | Rephaeli, Yoel | UNIVERSITY OF CALIFORNIA, SAN DIEGO. | 1977 | male | 3 | 46 | 2016 | 3 | 135 | 2016 | 0 | 0 | 0 | 0 | 0 | 3 | 1 | 1 | 2 | 2 | 2 | 2 | 0 | 2 | 1 | 3 | 3 | 0 | 0 | 2 | 2 | 1 | 1 | 4 | 0 | 1 | 0 | 2 | 1 | 0 | 3 | 1 | 1 | 0 | 2 | 1 | 2 | 0 | 1 | 0 | 0 | 0 | 0 | 1 | 1 |  0 | 0 | 0 | 0 | 0 | 3 | 3 | 1 | 2 | 2 | 2 | 2 | 0 | 2 | 1 | 5 | 6 | 0 | 2 | 4 | 2 | 2 | 3 | 5 | 0 | 5 | 1 | 6 | 2 | 3 | 9 | 4 | 6 | 3 | 4 | 5 | 10 | 6 | 5 | 7 | 7 | 3 | 1 | 2 | 2 |
125 | Simpson, George Arthur | UNIVERSITY OF NEW HAMPSHIRE. | 1977 | male | 6 | 3 | 1998 | 12 | 32 | 1998 | 0 | 0 | 0 | 1 | 0 | 5 | 0 | 0 | 0 | 0 | 0 | 0 | 0 | 0 | 1 | 1 | 0 | 0 | 0 | 0 | 0 | 0 | 0 | 0 | 0 | 0 | 1 | 0 | 0 | 0 | 0 | 0 | 0 | 0 | 0 | 0 | 0 | 0 | 0 | 0 | 0 | 0 | 0 | 0 | 0 |  0 | 0 | 1 | 3 | 0 | 8 | 1 | 2 | 2 | 7 | 0 | 0 | 1 | 1 | 2 | 2 | 0 | 0 | 4 | 0 | 0 | 8 | 0 | 0 | 1 | 0 | 1 | 0 | 0 | 0 | 0 | 0 | 0 | 0 | 0 | 0 | 0 | 0 | 0 | 0 | 0 | 0 | 0 | 0 | 0 |
126 | Weaver, R. L. | Cornell Univ., New York, NY. | 1977 | None | 2 | 2 | 2013 | 5 | 5 | 2013 | 0 | 0 | 0 | 0 | 0 | 2 | 0 | 0 | 0 | 0 | 0 | 0 | 0 | 0 | 0 | 0 | 0 | 0 | 0 | 0 | 0 | 0 | 0 | 0 | 0 | 0 | 0 | 0 | 0 | 0 | 0 | 0 | 0 | 0 | 0 | 0 | 0 | 0 | 0 | 1 | 0 | 1 | 0 | 0 | 0 |  0 | 0 | 0 | 1 | 1 | 3 | 2 | 0 | 0 | 0 | 0 | 0 | 0 | 0 | 0 | 0 | 0 | 0 | 0 | 0 | 0 | 0 | 0 | 0 | 0 | 0 | 0 | 0 | 0 | 0 | 0 | 0 | 0 | 1 | 0 | 0 | 0 | 0 | 0 | 1 | 0 | 1 | 0 | 0 | 0 |
127 | Betz, Albert Louis | UNIVERSITY OF CALIFORNIA, BERKELEY. | 1977 | male | 6 | 5 | 1989 | 10 | 29 | 2002 | 0 | 0 | 0 | 2 | 1 | 3 | 0 | 1 | 0 | 1 | 0 | 0 | 0 | 0 | 2 | 0 | 0 | 1 | 0 | 0 | 0 | 0 | 0 | 0 | 0 | 0 | 0 | 0 | 0 | 0 | 0 | 0 | 0 | 0 | 0 | 0 | 0 | 0 | 0 | 0 | 0 | 0 | 0 | 0 | 0 |  0 | 0 | 2 | 2 | 2 | 4 | 0 | 2 | 1 | 1 | 0 | 0 | 1 | 1 | 4 | 1 | 2 | 3 | 1 | 2 | 0 | 1 | 0 | 1 | 4 | 1 | 1 | 1 | 0 | 0 | 1 | 0 | 0 | 0 | 0 | 0 | 0 | 0 | 0 | 0 | 0 | 0 | 0 | 0 | 0 |
128 | Chen, R. H. | Michigan Univ., Ann Arbor. | 1977 | None | 2 | 10 | 2012 | 5 | 28 | 2013 | 0 | 0 | 0 | 0 | 0 | 2 | 2 | 0 | 0 | 1 | 1 | 1 | 0 | 0 | 0 | 0 | 0 | 0 | 0 | 0 | 0 | 0 | 0 | 0 | 0 | 1 | 0 | 0 | 0 | 0 | 0 | 0 | 0 | 0 | 0 | 0 | 0 | 0 | 0 | 2 | 2 | 0 | 0 | 0 | 0 |  2 | 0 | 0 | 0 | 1 | 2 | 3 | 2 | 0 | 1 | 2 | 2 | 0 | 0 | 0 | 0 | 0 | 0 | 0 | 1 | 1 | 2 | 1 | 2 | 0 | 3 | 0 | 1 | 0 | 0 | 0 | 0 | 0 | 0 | 0 | 0 | 1 | 0 | 0 | 3 | 2 | 1 | 0 | 0 | 0 |
129 | Davidson, Jeffrey Kent | THE UNIVERSITY OF IOWA. | 1977 | male | 3 | 2 | 1990 | 3 | 4 | 2010 | 0 | 0 | 0 | 0 | 1 | 2 | 0 | 0 | 0 | 0 | 0 | 0 | 0 | 0 | 0 | 0 | 0 | 0 | 2 | 0 | 0 | 0 | 0 | 0 | 0 | 0 | 0 | 0 | 0 | 0 | 0 | 0 | 0 | 0 | 0 | 0 | 0 | 0 | 0 | 0 | 0 | 0 | 0 | 0 | 0 |  0 | 0 | 0 | 0 | 1 | 2 | 0 | 0 | 0 | 0 | 0 | 0 | 0 | 0 | 0 | 0 | 0 | 0 | 2 | 0 | 0 | 0 | 0 | 0 | 0 | 0 | 0 | 0 | 0 | 0 | 0 | 0 | 0 | 0 | 0 | 0 | 1 | 0 | 1 | 0 | 0 | 0 | 0 | 0 | 0 |
130 | Golden, L. M. | California Univ., Berkeley. | 1977 | None | 2 | 0 | 1977 | 3 | 0 | 1977 | 0 | 0 | 1 | 0 | 0 | 1 | 0 | 0 | 0 | 0 | 0 | 0 | 0 | 0 | 0 | 0 | 0 | 0 | 0 | 0 | 0 | 0 | 0 | 0 | 0 | 0 | 0 | 0 | 0 | 0 | 0 | 0 | 0 | 0 | 0 | 0 | 0 | 0 | 0 | 0 | 0 | 0 | 0 | 0 | 0 |  0 | 0 | 2 | 0 | 0 | 1 | 0 | 0 | 0 | 0 | 0 | 0 | 0 | 0 | 0 | 0 | 0 | 0 | 0 | 0 | 0 | 0 | 0 | 0 | 0 | 0 | 0 | 0 | 0 | 0 | 0 | 0 | 0 | 0 | 0 | 0 | 0 | 0 | 0 | 0 | 0 | 0 | 0 | 0 | 0 |
131 | Alissandrakis, Constantine Emmanuel | UNIVERSITY OF MARYLAND COLLEGE PARK. | 1977 | male | 4 | 30 | 2015 | 9 | 110 | 2016 | 1 | 1 | 0 | 1 | 0 | 1 | 1 | 0 | 1 | 1 | 2 | 0 | 2 | 2 | 1 | 1 | 2 | 0 | 1 | 2 | 2 | 3 | 3 | 0 | 2 | 0 | 0 | 0 | 0 | 0 | 0 | 0 | 0 | 0 | 0 | 0 | 1 | 1 | 0 | 0 | 0 | 1 | 0 | 1 | 0 |  2 | 1 | 0 | 3 | 1 | 2 | 1 | 0 | 1 | 1 | 2 | 0 | 3 | 4 | 2 | 5 | 4 | 2 | 8 | 3 | 5 | 8 | 6 | 2 | 7 | 6 | 3 | 6 | 1 | 9 | 1 | 0 | 1 | 0 | 4 | 0 | 3 | 2 | 0 | 2 | 1 | 1 | 0 | 4 | 2 |
132 | Boughton, Willis Lee | UNIVERSITY OF ILLINOIS AT URBANA-CHAMPAIGN. | 1977 | male | 1 | 1 | 1978 | 1 | 1 | 1978 | 0 | 0 | 0 | 0 | 0 | 1 | 1 | 0 | 0 | 0 | 0 | 0 | 0 | 0 | 0 | 0 | 0 | 0 | 0 | 0 | 0 | 0 | 0 | 0 | 0 | 0 | 0 | 0 | 0 | 0 | 0 | 0 | 0 | 0 | 0 | 0 | 0 | 0 | 0 | 0 | 0 | 0 | 0 | 0 | 0 |  0 | 0 | 0 | 0 | 0 | 1 | 1 | 0 | 0 | 0 | 0 | 0 | 0 | 0 | 0 | 0 | 0 | 0 | 0 | 0 | 0 | 0 | 0 | 0 | 0 | 0 | 0 | 0 | 0 | 0 | 0 | 0 | 0 | 0 | 0 | 0 | 0 | 0 | 0 | 0 | 0 | 0 | 0 | 0 | 0 |
133 | Cordell, Bruce Monteith | THE UNIVERSITY OF ARIZONA. | 1977 | male | 3 | 3 | 1981 | 3 | 3 | 1981 | 0 | 0 | 1 | 0 | 0 | 2 | 1 | 0 | 1 | 1 | 0 | 0 | 0 | 0 | 0 | 0 | 0 | 0 | 0 | 0 | 0 | 0 | 0 | 0 | 0 | 0 | 0 | 0 | 0 | 0 | 0 | 0 | 0 | 0 | 0 | 0 | 0 | 0 | 0 | 0 | 0 | 0 | 0 | 0 | 0 |  0 | 0 | 1 | 0 | 0 | 2 | 1 | 0 | 1 | 1 | 0 | 0 | 0 | 0 | 0 | 0 | 0 | 0 | 0 | 0 | 0 | 0 | 0 | 0 | 0 | 0 | 0 | 0 | 0 | 0 | 0 | 0 | 0 | 0 | 0 | 0 | 0 | 0 | 0 | 0 | 0 | 0 | 0 | 0 | 0 |
134 | Dittmer, Phil Howard | STANFORD UNIVERSITY. | 1977 | male | 2 | 2 | 1978 | 3 | 2 | 1978 | 0 | 0 | 0 | 1 | 0 | 1 | 2 | 0 | 0 | 0 | 0 | 0 | 0 | 0 | 0 | 0 | 0 | 0 | 0 | 0 | 0 | 0 | 0 | 0 | 0 | 0 | 0 | 0 | 0 | 0 | 0 | 0 | 0 | 0 | 0 | 0 | 0 | 0 | 0 | 0 | 0 | 0 | 0 | 0 | 0 |  0 | 0 | 0 | 1 | 0 | 2 | 2 | 0 | 0 | 0 | 0 | 0 | 0 | 0 | 0 | 0 | 0 | 0 | 0 | 0 | 0 | 0 | 0 | 0 | 0 | 0 | 0 | 0 | 0 | 0 | 0 | 0 | 0 | 0 | 0 | 0 | 0 | 0 | 0 | 0 | 0 | 0 | 0 | 0 | 0 |
135 | Tsiang, Eugene Yu-Kong | COLUMBIA UNIVERSITY. | 1977 | male | 1 | 0 | 1977 | 5 | 0 | 1977 | 0 | 0 | 0 | 0 | 0 | 1 | 0 | 0 | 0 | 0 | 0 | 0 | 0 | 0 | 0 | 0 | 0 | 0 | 0 | 0 | 0 | 0 | 0 | 0 | 0 | 0 | 0 | 0 | 0 | 0 | 0 | 0 | 0 | 0 | 0 | 0 | 0 | 0 | 0 | 0 | 0 | 0 | 0 | 0 | 0 |  0 | 0 | 0 | 0 | 1 | 4 | 0 | 0 | 0 | 0 | 0 | 0 | 0 | 0 | 0 | 0 | 0 | 0 | 0 | 0 | 0 | 0 | 0 | 0 | 0 | 0 | 0 | 0 | 0 | 0 | 0 | 0 | 0 | 0 | 0 | 0 | 0 | 0 | 0 | 0 | 0 | 0 | 0 | 0 | 0 |
136 | Tsoubelis, Dimitri George | CITY UNIVERSITY OF NEW YORK. | 1977 | male | 1 | 11 | 1992 | 2 | 18 | 1992 | 0 | 0 | 0 | 0 | 0 | 1 | 0 | 2 | 0 | 1 | 0 | 1 | 0 | 0 | 0 | 1 | 1 | 3 | 1 | 0 | 1 | 0 | 0 | 0 | 0 | 0 | 0 | 0 | 0 | 0 | 0 | 0 | 0 | 0 | 0 | 0 | 0 | 0 | 0 | 0 | 0 | 0 | 0 | 0 | 0 |  0 | 0 | 0 | 0 | 0 | 2 | 0 | 2 | 0 | 1 | 1 | 1 | 0 | 0 | 0 | 2 | 5 | 3 | 1 | 0 | 2 | 0 | 0 | 0 | 0 | 0 | 0 | 0 | 0 | 0 | 0 | 0 | 0 | 0 | 0 | 0 | 0 | 0 | 0 | 0 | 0 | 0 | 0 | 0 | 0 |
137 | Hudson, Jerome Alan | THE AMERICAN UNIVERSITY. | 1977 | male | 5 | 22 | 2000 | 12 | 43 | 2006 | 0 | 1 | 1 | 0 | 0 | 3 | 0 | 0 | 2 | 3 | 1 | 2 | 0 | 0 | 1 | 1 | 1 | 1 | 2 | 2 | 0 | 0 | 2 | 0 | 2 | 1 | 0 | 0 | 1 | 0 | 0 | 0 | 0 | 0 | 0 | 0 | 0 | 0 | 0 | 0 | 0 | 0 | 0 | 0 | 0 |  1 | 2 | 4 | 2 | 0 | 3 | 0 | 0 | 2 | 4 | 2 | 3 | 0 | 1 | 1 | 1 | 3 | 1 | 7 | 2 | 0 | 0 | 4 | 1 | 4 | 2 | 1 | 0 | 2 | 1 | 0 | 0 | 0 | 0 | 1 | 0 | 0 | 0 | 0 | 0 | 0 | 0 | 0 | 0 | 0 |
138 | Huchra, John Peter | CALIFORNIA INSTITUTE OF TECHNOLOGY. | 1977 | male | 13 | 26 | 2012 | 18 | 320 | 2014 | 1 | 3 | 0 | 3 | 1 | 5 | 0 | 0 | 1 | 0 | 3 | 2 | 2 | 1 | 1 | 1 | 1 | 0 | 2 | 1 | 2 | 1 | 0 | 1 | 1 | 1 | 0 | 2 | 0 | 1 | 0 | 0 | 0 | 0 | 0 | 0 | 0 | 0 | 0 | 1 | 1 | 0 | 0 | 0 | 0 |  2 | 3 | 1 | 4 | 2 | 6 | 2 | 3 | 7 | 1 | 9 | 7 | 11 | 7 | 8 | 3 | 13 | 8 | 11 | 12 | 15 | 11 | 21 | 16 | 17 | 13 | 18 | 17 | 18 | 16 | 6 | 5 | 6 | 3 | 8 | 6 | 3 | 8 | 5 | 3 | 2 | 0 | 1 | 0 | 0 |
139 | Ionson, James Albert | UNIVERSITY OF MARYLAND COLLEGE PARK. | 1977 | male | 2 | 8 | 1985 | 3 | 17 | 1985 | 0 | 0 | 0 | 0 | 1 | 1 | 1 | 1 | 0 | 0 | 1 | 1 | 2 | 2 | 0 | 0 | 0 | 0 | 0 | 0 | 0 | 0 | 0 | 0 | 0 | 0 | 0 | 0 | 0 | 0 | 0 | 0 | 0 | 0 | 0 | 0 | 0 | 0 | 0 | 0 | 0 | 0 | 0 | 0 | 0 |  1 | 0 | 0 | 0 | 1 | 1 | 2 | 4 | 1 | 3 | 1 | 1 | 2 | 3 | 0 | 0 | 0 | 0 | 0 | 0 | 0 | 0 | 0 | 0 | 0 | 0 | 0 | 0 | 0 | 0 | 0 | 0 | 0 | 0 | 0 | 0 | 0 | 0 | 0 | 0 | 0 | 0 | 0 | 0 | 0 |
140 | Jensen, Eric Bruce | THE UNIVERSITY OF ARIZONA. | 1977 | male | 5 | 7 | 2005 | 10 | 25 | 2016 | 0 | 0 | 2 | 0 | 2 | 1 | 0 | 0 | 0 | 1 | 1 | 0 | 0 | 0 | 1 | 0 | 0 | 1 | 0 | 0 | 0 | 1 | 0 | 0 | 0 | 0 | 0 | 0 | 0 | 0 | 1 | 0 | 0 | 1 | 0 | 0 | 0 | 0 | 0 | 0 | 0 | 0 | 0 | 0 | 0 |  0 | 0 | 3 | 0 | 4 | 3 | 0 | 3 | 2 | 1 | 1 | 0 | 1 | 0 | 2 | 0 | 2 | 2 | 0 | 0 | 0 | 1 | 0 | 0 | 0 | 0 | 1 | 1 | 0 | 0 | 1 | 0 | 0 | 1 | 0 | 0 | 0 | 0 | 0 | 1 | 0 | 1 | 2 | 1 | 1 |
141 | Marshall, F. E. | California Institute of Technology, Pasadena. | 1977 | None | 3 | 15 | 2016 | 3 | 145 | 2016 | 0 | 0 | 0 | 0 | 0 | 3 | 2 | 2 | 1 | 0 | 0 | 2 | 0 | 0 | 0 | 0 | 0 | 0 | 0 | 0 | 0 | 2 | 0 | 0 | 0 | 0 | 1 | 0 | 0 | 0 | 0 | 0 | 1 | 0 | 1 | 0 | 0 | 0 | 0 | 1 | 0 | 0 | 0 | 1 | 1 |  0 | 0 | 0 | 0 | 0 | 3 | 2 | 7 | 4 | 5 | 5 | 4 | 5 | 1 | 0 | 0 | 0 | 2 | 4 | 1 | 1 | 12 | 2 | 1 | 3 | 2 | 2 | 9 | 2 | 3 | 2 | 1 | 3 | 5 | 11 | 12 | 4 | 6 | 5 | 2 | 4 | 2 | 2 | 4 | 5 |
142 | Nelson, Robert M. | UNIVERSITY OF PITTSBURGH. | 1977 | male | 2 | 30 | 2009 | 5 | 119 | 2016 | 0 | 0 | 0 | 0 | 0 | 2 | 2 | 1 | 2 | 0 | 0 | 1 | 0 | 0 | 1 | 4 | 0 | 1 | 3 | 0 | 0 | 2 | 0 | 1 | 1 | 2 | 1 | 0 | 1 | 0 | 1 | 0 | 2 | 0 | 1 | 1 | 0 | 2 | 0 | 0 | 0 | 0 | 0 | 0 | 0 |  0 | 1 | 0 | 2 | 0 | 2 | 2 | 3 | 3 | 1 | 0 | 1 | 2 | 1 | 6 | 6 | 4 | 4 | 4 | 1 | 0 | 4 | 1 | 1 | 2 | 2 | 2 | 0 | 3 | 1 | 7 | 3 | 13 | 7 | 9 | 5 | 5 | 6 | 3 | 0 | 3 | 1 | 1 | 0 | 2 |
143 | Oegerle, William Randolph | UNIVERSITY OF MASSACHUSETTS. | 1977 | male | 3 | 20 | 2005 | 3 | 75 | 2016 | 0 | 0 | 0 | 0 | 2 | 1 | 0 | 2 | 0 | 0 | 1 | 1 | 1 | 0 | 1 | 1 | 0 | 2 | 0 | 3 | 1 | 0 | 1 | 2 | 0 | 0 | 0 | 0 | 1 | 2 | 0 | 0 | 0 | 1 | 0 | 0 | 0 | 0 | 0 | 0 | 0 | 0 | 0 | 0 | 0 |  0 | 0 | 0 | 0 | 2 | 1 | 2 | 7 | 3 | 0 | 3 | 1 | 1 | 1 | 1 | 2 | 1 | 2 | 1 | 3 | 1 | 1 | 1 | 2 | 0 | 0 | 3 | 0 | 9 | 9 | 8 | 3 | 2 | 4 | 1 | 0 | 1 | 0 | 0 | 0 | 1 | 0 | 0 | 0 | 1 |
144 | Aaronson, Marc | HARVARD UNIVERSITY. | 1977 | male | 3 | 35 | 1990 | 10 | 79 | 1995 | 0 | 0 | 1 | 1 | 0 | 1 | 4 | 1 | 5 | 4 | 4 | 3 | 3 | 4 | 3 | 1 | 0 | 2 | 1 | 0 | 0 | 0 | 0 | 0 | 0 | 0 | 0 | 0 | 0 | 0 | 0 | 0 | 0 | 0 | 0 | 0 | 0 | 0 | 0 | 0 | 0 | 0 | 0 | 0 | 0 |  0 | 0 | 2 | 3 | 1 | 4 | 6 | 4 | 8 | 4 | 8 | 6 | 7 | 9 | 12 | 5 | 2 | 5 | 1 | 1 | 0 | 0 | 0 | 1 | 0 | 0 | 0 | 0 | 0 | 0 | 0 | 0 | 0 | 0 | 0 | 0 | 0 | 0 | 0 | 0 | 0 | 0 | 0 | 0 | 0 |
145 | Varma, S. K. | Utah Univ., Salt Lake City. | 1977 | None | 1 | 2 | 2013 | 1 | 2 | 2013 | 0 | 0 | 0 | 0 | 0 | 1 | 0 | 0 | 0 | 0 | 0 | 0 | 0 | 0 | 0 | 0 | 0 | 0 | 0 | 0 | 0 | 0 | 0 | 0 | 0 | 0 | 0 | 0 | 0 | 0 | 0 | 0 | 0 | 0 | 0 | 0 | 0 | 0 | 0 | 0 | 0 | 2 | 0 | 0 | 0 |  0 | 0 | 0 | 0 | 0 | 1 | 0 | 0 | 0 | 0 | 0 | 0 | 0 | 0 | 0 | 0 | 0 | 0 | 0 | 0 | 0 | 0 | 0 | 0 | 0 | 0 | 0 | 0 | 0 | 0 | 0 | 0 | 0 | 0 | 0 | 0 | 0 | 0 | 0 | 0 | 0 | 2 | 0 | 0 | 0 |
146 | Cook, John William | DARTMOUTH COLLEGE. | 1977 | male | 1 | 27 | 2008 | 1 | 73 | 2015 | 0 | 0 | 0 | 0 | 0 | 1 | 0 | 3 | 3 | 3 | 1 | 1 | 1 | 0 | 0 | 2 | 1 | 1 | 1 | 1 | 0 | 0 | 2 | 1 | 2 | 0 | 0 | 0 | 1 | 0 | 0 | 0 | 0 | 1 | 0 | 0 | 2 | 0 | 0 | 0 | 0 | 0 | 0 | 0 | 0 |  0 | 0 | 0 | 0 | 0 | 1 | 1 | 6 | 3 | 4 | 1 | 2 | 1 | 0 | 1 | 5 | 4 | 3 | 2 | 1 | 2 | 0 | 5 | 1 | 3 | 1 | 2 | 3 | 3 | 2 | 2 | 2 | 1 | 5 | 0 | 0 | 4 | 0 | 0 | 1 | 0 | 0 | 1 | 1 | 0 |
147 | Dzurisin, D. | California Institute of Technology, Pasadena. | 1977 | None | 5 | 2 | 1980 | 7 | 11 | 2009 | 0 | 0 | 0 | 2 | 1 | 2 | 1 | 0 | 1 | 0 | 0 | 0 | 0 | 0 | 0 | 0 | 0 | 0 | 0 | 0 | 0 | 0 | 0 | 0 | 0 | 0 | 0 | 0 | 0 | 0 | 0 | 0 | 0 | 0 | 0 | 0 | 0 | 0 | 0 | 0 | 0 | 0 | 0 | 0 | 0 |  0 | 0 | 0 | 3 | 1 | 3 | 4 | 0 | 1 | 0 | 0 | 0 | 1 | 0 | 0 | 0 | 0 | 0 | 0 | 0 | 0 | 0 | 0 | 0 | 0 | 1 | 0 | 0 | 1 | 0 | 2 | 0 | 0 | 0 | 0 | 0 | 0 | 1 | 0 | 0 | 0 | 0 | 0 | 0 | 0 |
148 | Eastmond, Thomas Stephen | UNIVERSITY OF CALIFORNIA, LOS ANGELES. | 1977 | male | 1 | 1 | 1978 | 1 | 2 | 1978 | 0 | 0 | 0 | 0 | 0 | 1 | 1 | 0 | 0 | 0 | 0 | 0 | 0 | 0 | 0 | 0 | 0 | 0 | 0 | 0 | 0 | 0 | 0 | 0 | 0 | 0 | 0 | 0 | 0 | 0 | 0 | 0 | 0 | 0 | 0 | 0 | 0 | 0 | 0 | 0 | 0 | 0 | 0 | 0 | 0 |  0 | 0 | 0 | 0 | 0 | 1 | 2 | 0 | 0 | 0 | 0 | 0 | 0 | 0 | 0 | 0 | 0 | 0 | 0 | 0 | 0 | 0 | 0 | 0 | 0 | 0 | 0 | 0 | 0 | 0 | 0 | 0 | 0 | 0 | 0 | 0 | 0 | 0 | 0 | 0 | 0 | 0 | 0 | 0 | 0 |
149 | French, Richard Gordon | CORNELL UNIVERSITY. | 1977 | male | 3 | 30 | 2017 | 6 | 97 | 2017 | 0 | 0 | 1 | 0 | 1 | 1 | 2 | 2 | 0 | 2 | 2 | 3 | 0 | 1 | 2 | 1 | 1 | 0 | 0 | 0 | 0 | 1 | 0 | 0 | 1 | 0 | 1 | 0 | 1 | 0 | 0 | 1 | 0 | 0 | 1 | 2 | 0 | 0 | 1 | 0 | 0 | 0 | 0 | 2 | 2 |  0 | 1 | 1 | 0 | 1 | 3 | 3 | 3 | 0 | 5 | 3 | 4 | 1 | 2 | 3 | 4 | 1 | 1 | 0 | 1 | 1 | 1 | 1 | 1 | 2 | 1 | 2 | 0 | 3 | 1 | 4 | 3 | 4 | 5 | 3 | 4 | 2 | 3 | 6 | 3 | 1 | 0 | 3 | 5 | 6 |
150 | Bai, Taeil | UNIVERSITY OF MARYLAND COLLEGE PARK. | 1977 | male | 3 | 38 | 2006 | 3 | 43 | 2006 | 0 | 0 | 0 | 1 | 1 | 1 | 2 | 3 | 3 | 1 | 1 | 3 | 0 | 1 | 2 | 3 | 2 | 1 | 3 | 1 | 2 | 2 | 2 | 0 | 0 | 1 | 0 | 1 | 0 | 0 | 0 | 3 | 0 | 0 | 1 | 0 | 0 | 0 | 0 | 0 | 0 | 0 | 0 | 0 | 0 |  0 | 0 | 0 | 1 | 1 | 1 | 3 | 3 | 4 | 1 | 1 | 3 | 0 | 2 | 2 | 4 | 2 | 1 | 3 | 1 | 3 | 2 | 2 | 0 | 0 | 1 | 0 | 1 | 0 | 0 | 0 | 3 | 0 | 0 | 1 | 0 | 0 | 0 | 0 | 0 | 0 | 0 | 0 | 0 | 0 |
151 | Bowers, Phillip Frederick | UNIVERSITY OF MARYLAND COLLEGE PARK. | 1977 | male | 7 | 29 | 1994 | 11 | 53 | 1998 | 0 | 1 | 0 | 3 | 1 | 2 | 4 | 2 | 2 | 4 | 0 | 2 | 4 | 0 | 0 | 1 | 2 | 2 | 1 | 1 | 1 | 2 | 1 | 0 | 0 | 0 | 0 | 0 | 0 | 0 | 0 | 0 | 0 | 0 | 0 | 0 | 0 | 0 | 0 | 0 | 0 | 0 | 0 | 0 | 0 |  0 | 2 | 2 | 3 | 1 | 3 | 5 | 2 | 3 | 5 | 2 | 4 | 4 | 1 | 2 | 4 | 3 | 3 | 1 | 2 | 3 | 2 | 2 | 2 | 1 | 1 | 1 | 0 | 0 | 0 | 0 | 0 | 0 | 0 | 0 | 0 | 0 | 0 | 0 | 0 | 0 | 0 | 0 | 0 | 0 |
152 | Chen, Henry Sha-Lin | THE UNIVERSITY OF IOWA. | 1977 | male | 1 | 27 | 2016 | 1 | 82 | 2016 | 0 | 0 | 0 | 0 | 0 | 1 | 1 | 0 | 0 | 0 | 0 | 0 | 0 | 0 | 0 | 0 | 1 | 0 | 0 | 1 | 2 | 4 | 1 | 2 | 1 | 2 | 0 | 0 | 0 | 0 | 1 | 0 | 1 | 1 | 2 | 1 | 0 | 0 | 0 | 1 | 2 | 1 | 0 | 1 | 1 |  0 | 0 | 0 | 0 | 0 | 1 | 1 | 0 | 0 | 0 | 0 | 0 | 1 | 0 | 0 | 0 | 3 | 1 | 0 | 1 | 4 | 6 | 2 | 2 | 1 | 3 | 1 | 1 | 2 | 2 | 5 | 1 | 2 | 4 | 6 | 4 | 3 | 5 | 0 | 2 | 3 | 2 | 4 | 5 | 5 |
153 | Donofrio, R. R. | Oklahoma Univ., Norman. | 1977 | None | 1 | 0 | 1977 | 1 | 0 | 1977 | 0 | 0 | 0 | 0 | 0 | 1 | 0 | 0 | 0 | 0 | 0 | 0 | 0 | 0 | 0 | 0 | 0 | 0 | 0 | 0 | 0 | 0 | 0 | 0 | 0 | 0 | 0 | 0 | 0 | 0 | 0 | 0 | 0 | 0 | 0 | 0 | 0 | 0 | 0 | 0 | 0 | 0 | 0 | 0 | 0 |  0 | 0 | 0 | 0 | 0 | 1 | 0 | 0 | 0 | 0 | 0 | 0 | 0 | 0 | 0 | 0 | 0 | 0 | 0 | 0 | 0 | 0 | 0 | 0 | 0 | 0 | 0 | 0 | 0 | 0 | 0 | 0 | 0 | 0 | 0 | 0 | 0 | 0 | 0 | 0 | 0 | 0 | 0 | 0 | 0 |
154 | Markworth, Norman Lee | UNIVERSITY OF FLORIDA. | 1977 | male | 1 | 3 | 1985 | 1 | 10 | 2006 | 0 | 0 | 0 | 0 | 0 | 1 | 0 | 1 | 0 | 0 | 1 | 0 | 0 | 1 | 0 | 0 | 0 | 0 | 0 | 0 | 0 | 0 | 0 | 0 | 0 | 0 | 0 | 0 | 0 | 0 | 0 | 0 | 0 | 0 | 0 | 0 | 0 | 0 | 0 | 0 | 0 | 0 | 0 | 0 | 0 |  0 | 0 | 0 | 0 | 0 | 1 | 0 | 1 | 0 | 1 | 1 | 0 | 0 | 2 | 1 | 0 | 0 | 0 | 1 | 1 | 0 | 0 | 0 | 0 | 0 | 0 | 0 | 0 | 0 | 0 | 0 | 0 | 1 | 0 | 1 | 0 | 0 | 0 | 0 | 0 | 0 | 0 | 0 | 0 | 0 |
155 | Brady, Leslie Ray, Jr. | BRANDEIS UNIVERSITY. | 1977 | female | 1 | 0 | 1977 | 1 | 0 | 1977 | 0 | 0 | 0 | 0 | 0 | 1 | 0 | 0 | 0 | 0 | 0 | 0 | 0 | 0 | 0 | 0 | 0 | 0 | 0 | 0 | 0 | 0 | 0 | 0 | 0 | 0 | 0 | 0 | 0 | 0 | 0 | 0 | 0 | 0 | 0 | 0 | 0 | 0 | 0 | 0 | 0 | 0 | 0 | 0 | 0 |  0 | 0 | 0 | 0 | 0 | 1 | 0 | 0 | 0 | 0 | 0 | 0 | 0 | 0 | 0 | 0 | 0 | 0 | 0 | 0 | 0 | 0 | 0 | 0 | 0 | 0 | 0 | 0 | 0 | 0 | 0 | 0 | 0 | 0 | 0 | 0 | 0 | 0 | 0 | 0 | 0 | 0 | 0 | 0 | 0 |
156 | Carbary, James Franklin | RICE UNIVERSITY. | 1977 | male | 2 | 62 | 2017 | 3 | 94 | 2017 | 0 | 0 | 0 | 0 | 1 | 1 | 1 | 1 | 1 | 1 | 2 | 3 | 0 | 0 | 2 | 0 | 0 | 0 | 0 | 0 | 0 | 0 | 1 | 0 | 0 | 0 | 0 | 1 | 1 | 3 | 0 | 3 | 3 | 0 | 0 | 4 | 5 | 4 | 3 | 4 | 3 | 3 | 4 | 3 | 3 |  0 | 0 | 1 | 0 | 1 | 1 | 2 | 3 | 1 | 4 | 4 | 6 | 1 | 0 | 2 | 0 | 0 | 0 | 0 | 0 | 1 | 0 | 1 | 0 | 0 | 0 | 1 | 1 | 1 | 4 | 2 | 4 | 3 | 0 | 0 | 4 | 7 | 9 | 5 | 5 | 4 | 3 | 6 | 3 | 4 |
157 | Gerend, Donald James | UNIVERSITY OF WASHINGTON. | 1977 | male | 2 | 0 | 1977 | 4 | 1 | 1979 | 0 | 0 | 0 | 0 | 1 | 1 | 0 | 0 | 0 | 0 | 0 | 0 | 0 | 0 | 0 | 0 | 0 | 0 | 0 | 0 | 0 | 0 | 0 | 0 | 0 | 0 | 0 | 0 | 0 | 0 | 0 | 0 | 0 | 0 | 0 | 0 | 0 | 0 | 0 | 0 | 0 | 0 | 0 | 0 | 0 |  0 | 1 | 0 | 0 | 2 | 1 | 0 | 1 | 0 | 0 | 0 | 0 | 0 | 0 | 0 | 0 | 0 | 0 | 0 | 0 | 0 | 0 | 0 | 0 | 0 | 0 | 0 | 0 | 0 | 0 | 0 | 0 | 0 | 0 | 0 | 0 | 0 | 0 | 0 | 0 | 0 | 0 | 0 | 0 | 0 |
158 | Hendry, Elaine Marie | NORTHWESTERN UNIVERSITY. | 1977 | female | 1 | 10 | 1984 | 2 | 16 | 1984 | 0 | 0 | 0 | 0 | 0 | 1 | 2 | 0 | 1 | 4 | 1 | 1 | 1 | 0 | 0 | 0 | 0 | 0 | 0 | 0 | 0 | 0 | 0 | 0 | 0 | 0 | 0 | 0 | 0 | 0 | 0 | 0 | 0 | 0 | 0 | 0 | 0 | 0 | 0 | 0 | 0 | 0 | 0 | 0 | 0 |  0 | 0 | 0 | 1 | 0 | 1 | 2 | 0 | 1 | 5 | 3 | 3 | 2 | 0 | 0 | 0 | 0 | 0 | 0 | 0 | 0 | 0 | 0 | 0 | 0 | 0 | 0 | 0 | 0 | 0 | 0 | 0 | 0 | 0 | 0 | 0 | 0 | 0 | 0 | 0 | 0 | 0 | 0 | 0 | 0 |
159 | Katz, Andrew | THE UNIVERSITY OF WISCONSIN - MADISON. | 1977 | male | 4 | 3 | 1986 | 6 | 12 | 2008 | 2 | 0 | 0 | 1 | 0 | 1 | 0 | 0 | 0 | 0 | 0 | 0 | 0 | 1 | 2 | 0 | 0 | 0 | 0 | 0 | 0 | 0 | 0 | 0 | 0 | 0 | 0 | 0 | 0 | 0 | 0 | 0 | 0 | 0 | 0 | 0 | 0 | 0 | 0 | 0 | 0 | 0 | 0 | 0 | 0 |  2 | 0 | 0 | 2 | 1 | 1 | 0 | 0 | 0 | 0 | 1 | 0 | 0 | 3 | 2 | 2 | 0 | 0 | 0 | 0 | 1 | 0 | 0 | 0 | 0 | 1 | 0 | 0 | 1 | 0 | 0 | 0 | 0 | 0 | 0 | 0 | 1 | 0 | 0 | 0 | 0 | 0 | 0 | 0 | 0 |
160 | Jacques, Sylvan Arnold | UNIVERSITY OF COLORADO AT BOULDER. | 1977 | male | 2 | 1 | 1978 | 4 | 1 | 1978 | 0 | 0 | 0 | 0 | 0 | 2 | 1 | 0 | 0 | 0 | 0 | 0 | 0 | 0 | 0 | 0 | 0 | 0 | 0 | 0 | 0 | 0 | 0 | 0 | 0 | 0 | 0 | 0 | 0 | 0 | 0 | 0 | 0 | 0 | 0 | 0 | 0 | 0 | 0 | 0 | 0 | 0 | 0 | 0 | 0 |  0 | 0 | 0 | 0 | 2 | 2 | 1 | 0 | 0 | 0 | 0 | 0 | 0 | 0 | 0 | 0 | 0 | 0 | 0 | 0 | 0 | 0 | 0 | 0 | 0 | 0 | 0 | 0 | 0 | 0 | 0 | 0 | 0 | 0 | 0 | 0 | 0 | 0 | 0 | 0 | 0 | 0 | 0 | 0 | 0 |
161 | Huntley, James Michael | UNIVERSITY OF VIRGINIA. | 1977 | male | 3 | 5 | 1992 | 4 | 11 | 2001 | 0 | 1 | 0 | 1 | 0 | 1 | 2 | 0 | 1 | 1 | 0 | 0 | 0 | 0 | 0 | 0 | 0 | 0 | 0 | 0 | 1 | 0 | 0 | 0 | 0 | 0 | 0 | 0 | 0 | 0 | 0 | 0 | 0 | 0 | 0 | 0 | 0 | 0 | 0 | 0 | 0 | 0 | 0 | 0 | 0 |  0 | 1 | 0 | 1 | 1 | 1 | 2 | 1 | 2 | 1 | 1 | 0 | 1 | 0 | 0 | 0 | 1 | 0 | 0 | 0 | 1 | 0 | 0 | 0 | 0 | 0 | 0 | 0 | 0 | 1 | 0 | 0 | 0 | 0 | 0 | 0 | 0 | 0 | 0 | 0 | 0 | 0 | 0 | 0 | 0 |
162 | Menietti, John Douglas | THE UNIVERSITY OF IOWA. | 1977 | male | 1 | 71 | 2016 | 1 | 145 | 2016 | 0 | 0 | 0 | 0 | 0 | 1 | 1 | 0 | 1 | 1 | 0 | 0 | 2 | 3 | 1 | 2 | 3 | 1 | 4 | 1 | 1 | 2 | 1 | 2 | 2 | 0 | 6 | 2 | 0 | 5 | 2 | 2 | 1 | 2 | 2 | 2 | 3 | 2 | 2 | 4 | 1 | 2 | 2 | 1 | 2 |  0 | 0 | 0 | 0 | 0 | 1 | 1 | 0 | 1 | 1 | 2 | 0 | 3 | 4 | 2 | 3 | 5 | 1 | 8 | 1 | 2 | 5 | 3 | 4 | 2 | 1 | 9 | 3 | 2 | 9 | 6 | 3 | 4 | 4 | 5 | 6 | 6 | 6 | 8 | 9 | 4 | 2 | 4 | 3 | 3 |
163 | Jernigan, Jesse Garrett, Jr. | MASSACHUSETTS INSTITUTE OF TECHNOLOGY. | 1977 | male | 2 | 5 | 2000 | 24 | 97 | 2015 | 0 | 0 | 0 | 0 | 0 | 2 | 1 | 1 | 0 | 1 | 0 | 0 | 0 | 0 | 0 | 0 | 0 | 1 | 0 | 0 | 0 | 0 | 0 | 0 | 0 | 0 | 0 | 0 | 1 | 0 | 0 | 0 | 0 | 0 | 0 | 0 | 0 | 0 | 0 | 0 | 0 | 0 | 0 | 0 | 0 |  0 | 0 | 0 | 0 | 11 | 13 | 11 | 5 | 1 | 2 | 3 | 2 | 1 | 0 | 0 | 0 | 0 | 2 | 0 | 1 | 5 | 2 | 7 | 3 | 7 | 5 | 1 | 2 | 1 | 2 | 2 | 6 | 6 | 7 | 3 | 2 | 1 | 1 | 1 | 0 | 1 | 2 | 0 | 2 | 0 |
164 | Silvaggio, Peter Michael | CORNELL UNIVERSITY. | 1977 | male | 1 | 1 | 1981 | 1 | 8 | 1981 | 0 | 0 | 0 | 0 | 0 | 1 | 0 | 0 | 0 | 1 | 0 | 0 | 0 | 0 | 0 | 0 | 0 | 0 | 0 | 0 | 0 | 0 | 0 | 0 | 0 | 0 | 0 | 0 | 0 | 0 | 0 | 0 | 0 | 0 | 0 | 0 | 0 | 0 | 0 | 0 | 0 | 0 | 0 | 0 | 0 |  0 | 0 | 0 | 0 | 0 | 1 | 0 | 4 | 1 | 3 | 0 | 0 | 0 | 0 | 0 | 0 | 0 | 0 | 0 | 0 | 0 | 0 | 0 | 0 | 0 | 0 | 0 | 0 | 0 | 0 | 0 | 0 | 0 | 0 | 0 | 0 | 0 | 0 | 0 | 0 | 0 | 0 | 0 | 0 | 0 |
165 | Chen, W. T. | Colorado Univ., Boulder. | 1977 | None | 1 | 16 | 2015 | 1 | 79 | 2015 | 0 | 0 | 0 | 0 | 0 | 1 | 0 | 0 | 0 | 0 | 0 | 0 | 0 | 0 | 0 | 0 | 0 | 0 | 0 | 0 | 0 | 0 | 0 | 0 | 2 | 0 | 0 | 0 | 0 | 0 | 1 | 1 | 0 | 2 | 3 | 1 | 2 | 0 | 1 | 1 | 0 | 1 | 0 | 1 | 0 |  0 | 0 | 0 | 0 | 0 | 1 | 0 | 0 | 0 | 0 | 0 | 0 | 0 | 0 | 0 | 0 | 0 | 0 | 1 | 0 | 0 | 0 | 1 | 0 | 7 | 1 | 6 | 2 | 2 | 1 | 3 | 3 | 3 | 9 | 4 | 2 | 3 | 0 | 1 | 5 | 9 | 12 | 3 | 1 | 0 |
166 | Crane, Patrick Conrad | MASSACHUSETTS INSTITUTE OF TECHNOLOGY. | 1977 | male | 7 | 23 | 2005 | 11 | 97 | 2006 | 0 | 0 | 0 | 4 | 2 | 1 | 0 | 3 | 0 | 0 | 0 | 1 | 0 | 0 | 0 | 1 | 0 | 1 | 0 | 1 | 4 | 5 | 0 | 2 | 0 | 1 | 1 | 0 | 0 | 1 | 0 | 0 | 1 | 1 | 0 | 0 | 0 | 0 | 0 | 0 | 0 | 0 | 0 | 0 | 0 |  1 | 0 | 0 | 4 | 3 | 3 | 3 | 5 | 4 | 5 | 3 | 4 | 1 | 1 | 3 | 1 | 2 | 1 | 4 | 8 | 9 | 9 | 2 | 8 | 3 | 5 | 3 | 2 | 1 | 2 | 1 | 1 | 4 | 1 | 1 | 0 | 0 | 0 | 0 | 0 | 0 | 0 | 0 | 0 | 0 |
167 | Hankamer, M. | New Mexico State University, Las Cruces. | 1977 | None | 1 | 0 | 1977 | 1 | 0 | 1977 | 0 | 0 | 0 | 0 | 0 | 1 | 0 | 0 | 0 | 0 | 0 | 0 | 0 | 0 | 0 | 0 | 0 | 0 | 0 | 0 | 0 | 0 | 0 | 0 | 0 | 0 | 0 | 0 | 0 | 0 | 0 | 0 | 0 | 0 | 0 | 0 | 0 | 0 | 0 | 0 | 0 | 0 | 0 | 0 | 0 |  0 | 0 | 0 | 0 | 0 | 1 | 0 | 0 | 0 | 0 | 0 | 0 | 0 | 0 | 0 | 0 | 0 | 0 | 0 | 0 | 0 | 0 | 0 | 0 | 0 | 0 | 0 | 0 | 0 | 0 | 0 | 0 | 0 | 0 | 0 | 0 | 0 | 0 | 0 | 0 | 0 | 0 | 0 | 0 | 0 |
168 | Lambert, Steven J. | MCGILL UNIVERSITY (CANADA). | 1977 | male | 1 | 5 | 2014 | 1 | 15 | 2017 | 0 | 0 | 0 | 0 | 0 | 1 | 0 | 0 | 0 | 1 | 0 | 0 | 0 | 0 | 0 | 0 | 0 | 0 | 0 | 0 | 0 | 0 | 0 | 0 | 0 | 0 | 0 | 0 | 0 | 0 | 1 | 0 | 1 | 0 | 0 | 0 | 0 | 0 | 0 | 0 | 0 | 1 | 1 | 0 | 0 |  0 | 0 | 0 | 0 | 0 | 1 | 0 | 0 | 0 | 1 | 0 | 0 | 0 | 0 | 0 | 0 | 0 | 0 | 0 | 0 | 0 | 0 | 0 | 0 | 0 | 0 | 0 | 0 | 0 | 0 | 2 | 1 | 1 | 0 | 0 | 0 | 1 | 0 | 0 | 1 | 0 | 3 | 1 | 2 | 1 |
169 | Caporaso, George James | MASSACHUSETTS INSTITUTE OF TECHNOLOGY. | 1977 | male | 2 | 2 | 1983 | 3 | 2 | 1983 | 0 | 0 | 0 | 0 | 0 | 2 | 0 | 1 | 0 | 0 | 0 | 1 | 0 | 0 | 0 | 0 | 0 | 0 | 0 | 0 | 0 | 0 | 0 | 0 | 0 | 0 | 0 | 0 | 0 | 0 | 0 | 0 | 0 | 0 | 0 | 0 | 0 | 0 | 0 | 0 | 0 | 0 | 0 | 0 | 0 |  0 | 0 | 0 | 0 | 1 | 2 | 0 | 1 | 0 | 0 | 0 | 1 | 0 | 0 | 0 | 0 | 0 | 0 | 0 | 0 | 0 | 0 | 0 | 0 | 0 | 0 | 0 | 0 | 0 | 0 | 0 | 0 | 0 | 0 | 0 | 0 | 0 | 0 | 0 | 0 | 0 | 0 | 0 | 0 | 0 |
170 | Hagen, Wendy Anne | UNIVERSITY OF HAWAII. | 1977 | female | 2 | 14 | 1985 | 4 | 21 | 1986 | 0 | 0 | 0 | 1 | 0 | 1 | 2 | 3 | 2 | 1 | 2 | 3 | 0 | 1 | 0 | 0 | 0 | 0 | 0 | 0 | 0 | 0 | 0 | 0 | 0 | 0 | 0 | 0 | 0 | 0 | 0 | 0 | 0 | 0 | 0 | 0 | 0 | 0 | 0 | 0 | 0 | 0 | 0 | 0 | 0 |  0 | 0 | 1 | 1 | 1 | 1 | 2 | 4 | 2 | 1 | 3 | 5 | 2 | 1 | 1 | 0 | 0 | 0 | 0 | 0 | 0 | 0 | 0 | 0 | 0 | 0 | 0 | 0 | 0 | 0 | 0 | 0 | 0 | 0 | 0 | 0 | 0 | 0 | 0 | 0 | 0 | 0 | 0 | 0 | 0 |
171 | Ma Sung, Linda Ling-Sung | UNIVERSITY OF MARYLAND COLLEGE PARK. | 1977 | female | 1 | 1 | 1983 | 1 | 3 | 1983 | 0 | 0 | 0 | 0 | 0 | 1 | 0 | 0 | 0 | 0 | 0 | 1 | 0 | 0 | 0 | 0 | 0 | 0 | 0 | 0 | 0 | 0 | 0 | 0 | 0 | 0 | 0 | 0 | 0 | 0 | 0 | 0 | 0 | 0 | 0 | 0 | 0 | 0 | 0 | 0 | 0 | 0 | 0 | 0 | 0 |  0 | 0 | 0 | 0 | 0 | 1 | 0 | 0 | 0 | 0 | 0 | 3 | 0 | 0 | 0 | 0 | 0 | 0 | 0 | 0 | 0 | 0 | 0 | 0 | 0 | 0 | 0 | 0 | 0 | 0 | 0 | 0 | 0 | 0 | 0 | 0 | 0 | 0 | 0 | 0 | 0 | 0 | 0 | 0 | 0 |
172 | Limaye, Sanjay Shridhar | THE UNIVERSITY OF WISCONSIN - MADISON. | 1977 | male | 3 | 18 | 2017 | 5 | 56 | 2017 | 0 | 0 | 0 | 0 | 0 | 3 | 0 | 0 | 0 | 1 | 2 | 0 | 1 | 1 | 1 | 1 | 2 | 0 | 1 | 1 | 1 | 0 | 0 | 0 | 0 | 0 | 0 | 0 | 0 | 0 | 0 | 0 | 0 | 0 | 1 | 2 | 0 | 1 | 0 | 0 | 0 | 0 | 0 | 1 | 0 |  0 | 0 | 0 | 0 | 0 | 5 | 0 | 2 | 2 | 2 | 3 | 0 | 1 | 3 | 1 | 1 | 2 | 2 | 1 | 3 | 1 | 1 | 0 | 1 | 2 | 0 | 0 | 0 | 0 | 5 | 0 | 1 | 0 | 0 | 2 | 4 | 0 | 2 | 0 | 1 | 5 | 2 | 1 | 2 | 0 |
173 | Cong, Hong-Ih Louis | COLUMBIA UNIVERSITY. | 1977 | female | 1 | 0 | 1977 | 1 | 1 | 1980 | 0 | 0 | 0 | 0 | 0 | 1 | 0 | 0 | 0 | 0 | 0 | 0 | 0 | 0 | 0 | 0 | 0 | 0 | 0 | 0 | 0 | 0 | 0 | 0 | 0 | 0 | 0 | 0 | 0 | 0 | 0 | 0 | 0 | 0 | 0 | 0 | 0 | 0 | 0 | 0 | 0 | 0 | 0 | 0 | 0 |  0 | 0 | 0 | 0 | 0 | 1 | 0 | 0 | 1 | 0 | 0 | 0 | 0 | 0 | 0 | 0 | 0 | 0 | 0 | 0 | 0 | 0 | 0 | 0 | 0 | 0 | 0 | 0 | 0 | 0 | 0 | 0 | 0 | 0 | 0 | 0 | 0 | 0 | 0 | 0 | 0 | 0 | 0 | 0 | 0 |
174 | Krolik, Julian Henry | UNIVERSITY OF CALIFORNIA, BERKELEY. | 1977 | male | 2 | 65 | 2016 | 2 | 216 | 2017 | 0 | 0 | 0 | 0 | 0 | 2 | 1 | 2 | 0 | 3 | 0 | 3 | 4 | 3 | 1 | 1 | 6 | 2 | 4 | 5 | 0 | 1 | 2 | 2 | 2 | 1 | 2 | 1 | 1 | 3 | 1 | 0 | 2 | 1 | 1 | 3 | 0 | 0 | 2 | 1 | 1 | 0 | 1 | 1 | 1 |  0 | 0 | 0 | 0 | 0 | 2 | 1 | 3 | 1 | 4 | 0 | 3 | 5 | 3 | 2 | 1 | 7 | 2 | 6 | 7 | 4 | 8 | 9 | 6 | 9 | 10 | 9 | 3 | 5 | 10 | 10 | 4 | 5 | 7 | 9 | 5 | 8 | 9 | 6 | 4 | 6 | 7 | 3 | 6 | 7 |
175 | Le Vaux, Howard Allen | BRANDEIS UNIVERSITY. | 1977 | male | 1 | 0 | 1977 | 1 | 0 | 1977 | 0 | 0 | 0 | 0 | 0 | 1 | 0 | 0 | 0 | 0 | 0 | 0 | 0 | 0 | 0 | 0 | 0 | 0 | 0 | 0 | 0 | 0 | 0 | 0 | 0 | 0 | 0 | 0 | 0 | 0 | 0 | 0 | 0 | 0 | 0 | 0 | 0 | 0 | 0 | 0 | 0 | 0 | 0 | 0 | 0 |  0 | 0 | 0 | 0 | 0 | 1 | 0 | 0 | 0 | 0 | 0 | 0 | 0 | 0 | 0 | 0 | 0 | 0 | 0 | 0 | 0 | 0 | 0 | 0 | 0 | 0 | 0 | 0 | 0 | 0 | 0 | 0 | 0 | 0 | 0 | 0 | 0 | 0 | 0 | 0 | 0 | 0 | 0 | 0 | 0 |
176 | Corbin, Thomas Elbert | UNIVERSITY OF VIRGINIA. | 1977 | male | 2 | 3 | 1985 | 2 | 14 | 2010 | 0 | 0 | 1 | 0 | 0 | 1 | 0 | 0 | 1 | 1 | 0 | 0 | 0 | 1 | 0 | 0 | 0 | 0 | 0 | 0 | 0 | 0 | 0 | 0 | 0 | 0 | 0 | 0 | 0 | 0 | 0 | 0 | 0 | 0 | 0 | 0 | 0 | 0 | 0 | 0 | 0 | 0 | 0 | 0 | 0 |  0 | 0 | 1 | 0 | 0 | 1 | 0 | 0 | 1 | 1 | 0 | 0 | 0 | 1 | 0 | 0 | 0 | 0 | 0 | 0 | 0 | 0 | 0 | 2 | 2 | 0 | 2 | 0 | 4 | 0 | 0 | 0 | 0 | 0 | 0 | 0 | 0 | 0 | 1 | 0 | 0 | 0 | 0 | 0 | 0 |
177 | Luck, Richard Earle | THE UNIVERSITY OF TEXAS AT AUSTIN. | 1977 | male | 5 | 44 | 2017 | 9 | 74 | 2017 | 0 | 0 | 1 | 1 | 0 | 3 | 1 | 1 | 1 | 3 | 5 | 2 | 1 | 3 | 2 | 0 | 0 | 2 | 1 | 2 | 1 | 0 | 1 | 2 | 0 | 0 | 1 | 0 | 1 | 1 | 0 | 1 | 1 | 1 | 2 | 1 | 1 | 0 | 0 | 2 | 0 | 1 | 1 | 1 | 0 |  0 | 0 | 1 | 2 | 2 | 4 | 3 | 2 | 1 | 3 | 5 | 2 | 1 | 4 | 2 | 1 | 1 | 2 | 1 | 3 | 1 | 0 | 1 | 2 | 0 | 0 | 2 | 3 | 1 | 1 | 3 | 3 | 2 | 3 | 2 | 1 | 3 | 0 | 1 | 2 | 2 | 3 | 3 | 2 | 1 |
178 | Primini, Francis Anthony | MASSACHUSETTS INSTITUTE OF TECHNOLOGY. | 1977 | male | 3 | 6 | 2014 | 10 | 52 | 2015 | 0 | 0 | 0 | 0 | 1 | 2 | 0 | 1 | 0 | 1 | 0 | 0 | 0 | 0 | 0 | 0 | 0 | 0 | 0 | 1 | 0 | 1 | 0 | 0 | 0 | 0 | 0 | 0 | 0 | 0 | 0 | 0 | 0 | 0 | 0 | 0 | 0 | 0 | 0 | 1 | 0 | 0 | 1 | 0 | 0 |  0 | 0 | 0 | 0 | 5 | 5 | 2 | 3 | 1 | 9 | 1 | 2 | 3 | 1 | 0 | 0 | 0 | 0 | 0 | 1 | 0 | 1 | 1 | 0 | 1 | 1 | 0 | 1 | 2 | 0 | 3 | 1 | 2 | 1 | 1 | 0 | 0 | 1 | 5 | 2 | 0 | 1 | 4 | 1 | 0 |
179 | Walker, Robert Craig | MASSACHUSETTS INSTITUTE OF TECHNOLOGY. | 1977 | male | 6 | 28 | 2016 | 16 | 104 | 2016 | 1 | 1 | 0 | 1 | 1 | 2 | 1 | 0 | 0 | 3 | 2 | 1 | 1 | 0 | 1 | 1 | 1 | 0 | 0 | 0 | 0 | 0 | 1 | 0 | 0 | 2 | 0 | 3 | 3 | 2 | 0 | 2 | 1 | 1 | 0 | 0 | 0 | 0 | 1 | 0 | 0 | 0 | 0 | 0 | 1 |  1 | 7 | 1 | 2 | 1 | 4 | 3 | 5 | 2 | 9 | 2 | 3 | 3 | 1 | 2 | 2 | 2 | 0 | 2 | 1 | 0 | 0 | 3 | 2 | 0 | 3 | 0 | 4 | 5 | 3 | 0 | 2 | 7 | 6 | 4 | 4 | 1 | 3 | 1 | 4 | 5 | 1 | 4 | 1 | 4 |
180 | Winkler, C. E. | Alabama Univ., University. | 1977 | None | 2 | 17 | 2003 | 3 | 128 | 2016 | 0 | 0 | 0 | 0 | 0 | 2 | 0 | 0 | 0 | 1 | 1 | 0 | 1 | 1 | 1 | 0 | 1 | 1 | 0 | 0 | 1 | 1 | 0 | 2 | 2 | 0 | 0 | 2 | 0 | 0 | 0 | 2 | 0 | 0 | 0 | 0 | 0 | 0 | 0 | 0 | 0 | 0 | 0 | 0 | 0 |  0 | 0 | 0 | 1 | 0 | 2 | 0 | 0 | 1 | 1 | 1 | 0 | 2 | 1 | 1 | 2 | 2 | 2 | 2 | 0 | 1 | 19 | 8 | 22 | 10 | 3 | 4 | 11 | 1 | 1 | 0 | 11 | 5 | 3 | 6 | 2 | 1 | 2 | 1 | 0 | 1 | 0 | 0 | 0 | 1 |
181 | Straus, David Martin | CORNELL UNIVERSITY. | 1977 | male | 2 | 5 | 2000 | 2 | 10 | 2011 | 0 | 0 | 0 | 0 | 0 | 2 | 0 | 0 | 0 | 1 | 0 | 0 | 0 | 0 | 0 | 0 | 0 | 1 | 0 | 0 | 0 | 0 | 0 | 0 | 0 | 0 | 1 | 1 | 1 | 0 | 0 | 0 | 0 | 0 | 0 | 0 | 0 | 0 | 0 | 0 | 0 | 0 | 0 | 0 | 0 |  0 | 0 | 0 | 0 | 0 | 2 | 0 | 0 | 1 | 1 | 0 | 0 | 0 | 0 | 0 | 0 | 0 | 1 | 0 | 0 | 0 | 0 | 0 | 0 | 0 | 0 | 1 | 1 | 1 | 0 | 0 | 1 | 0 | 0 | 0 | 0 | 0 | 1 | 1 | 1 | 0 | 0 | 0 | 0 | 0 |
182 | West, Robert Alan | THE UNIVERSITY OF ARIZONA. | 1977 | male | 1 | 30 | 2016 | 2 | 156 | 2017 | 0 | 0 | 0 | 0 | 0 | 1 | 0 | 2 | 1 | 2 | 1 | 4 | 0 | 2 | 1 | 1 | 1 | 1 | 2 | 2 | 1 | 0 | 0 | 1 | 0 | 1 | 0 | 0 | 0 | 0 | 0 | 0 | 0 | 1 | 0 | 0 | 0 | 1 | 1 | 1 | 1 | 0 | 0 | 1 | 1 |  0 | 0 | 1 | 0 | 0 | 1 | 1 | 5 | 1 | 2 | 3 | 8 | 0 | 3 | 3 | 2 | 1 | 4 | 5 | 3 | 4 | 1 | 1 | 4 | 1 | 5 | 3 | 2 | 2 | 3 | 1 | 2 | 6 | 10 | 11 | 3 | 3 | 8 | 9 | 10 | 3 | 5 | 3 | 4 | 7 |
183 | Bieber, John William | UNIVERSITY OF MARYLAND COLLEGE PARK. | 1977 | male | 1 | 65 | 2013 | 2 | 177 | 2016 | 0 | 0 | 0 | 0 | 0 | 1 | 0 | 1 | 2 | 0 | 2 | 2 | 1 | 3 | 2 | 5 | 2 | 0 | 2 | 4 | 0 | 2 | 1 | 5 | 3 | 6 | 1 | 3 | 1 | 4 | 1 | 2 | 3 | 3 | 0 | 1 | 1 | 0 | 0 | 0 | 0 | 2 | 0 | 0 | 0 |  0 | 0 | 0 | 0 | 0 | 2 | 0 | 1 | 2 | 0 | 2 | 2 | 1 | 3 | 2 | 5 | 2 | 0 | 3 | 7 | 0 | 8 | 1 | 12 | 4 | 10 | 4 | 4 | 3 | 12 | 4 | 15 | 10 | 15 | 5 | 5 | 15 | 1 | 6 | 1 | 2 | 3 | 3 | 1 | 3 |
184 | Rockstroh, John Michael | UNIVERSITY OF NEW HAMPSHIRE. | 1977 | male | 2 | 2 | 1999 | 5 | 9 | 2003 | 0 | 1 | 0 | 0 | 0 | 1 | 1 | 0 | 0 | 0 | 0 | 0 | 0 | 0 | 0 | 0 | 0 | 0 | 0 | 0 | 0 | 0 | 0 | 0 | 0 | 0 | 0 | 1 | 0 | 0 | 0 | 0 | 0 | 0 | 0 | 0 | 0 | 0 | 0 | 0 | 0 | 0 | 0 | 0 | 0 |  0 | 3 | 0 | 0 | 0 | 2 | 1 | 0 | 0 | 0 | 0 | 0 | 0 | 0 | 0 | 0 | 0 | 0 | 0 | 0 | 0 | 0 | 0 | 1 | 0 | 1 | 3 | 2 | 0 | 0 | 0 | 1 | 0 | 0 | 0 | 0 | 0 | 0 | 0 | 0 | 0 | 0 | 0 | 0 | 0 |
185 | Mariska, John Thomas | HARVARD UNIVERSITY. | 1977 | male | 4 | 36 | 2013 | 5 | 125 | 2013 | 2 | 0 | 0 | 1 | 0 | 1 | 3 | 2 | 4 | 1 | 1 | 1 | 1 | 2 | 1 | 2 | 1 | 1 | 0 | 2 | 1 | 2 | 1 | 1 | 1 | 1 | 0 | 1 | 0 | 0 | 0 | 0 | 0 | 1 | 1 | 1 | 1 | 0 | 1 | 0 | 0 | 1 | 0 | 0 | 0 |  2 | 0 | 0 | 1 | 1 | 1 | 6 | 3 | 5 | 2 | 5 | 3 | 2 | 2 | 2 | 4 | 4 | 2 | 1 | 6 | 4 | 6 | 5 | 7 | 6 | 5 | 4 | 2 | 0 | 2 | 2 | 4 | 1 | 4 | 2 | 8 | 6 | 3 | 1 | 1 | 3 | 2 | 0 | 0 | 0 |
186 | Costello, Michael John Robert | THE UNIVERSITY OF NEW MEXICO. | 1977 | male | 1 | 0 | 1977 | 1 | 1 | 2016 | 0 | 0 | 0 | 0 | 0 | 1 | 0 | 0 | 0 | 0 | 0 | 0 | 0 | 0 | 0 | 0 | 0 | 0 | 0 | 0 | 0 | 0 | 0 | 0 | 0 | 0 | 0 | 0 | 0 | 0 | 0 | 0 | 0 | 0 | 0 | 0 | 0 | 0 | 0 | 0 | 0 | 0 | 0 | 0 | 0 |  0 | 0 | 0 | 0 | 0 | 1 | 0 | 0 | 0 | 0 | 0 | 0 | 0 | 0 | 0 | 0 | 0 | 0 | 0 | 0 | 0 | 0 | 0 | 0 | 0 | 0 | 0 | 0 | 0 | 0 | 0 | 0 | 0 | 0 | 0 | 0 | 0 | 0 | 0 | 0 | 0 | 0 | 0 | 0 | 1 |
187 | Dunham, Joan Bixby | THE UNIVERSITY OF TEXAS AT AUSTIN. | 1977 | male | 2 | 2 | 1990 | 2 | 7 | 2015 | 0 | 1 | 0 | 0 | 0 | 1 | 0 | 0 | 0 | 0 | 0 | 0 | 1 | 0 | 0 | 0 | 0 | 0 | 1 | 0 | 0 | 0 | 0 | 0 | 0 | 0 | 0 | 0 | 0 | 0 | 0 | 0 | 0 | 0 | 0 | 0 | 0 | 0 | 0 | 0 | 0 | 0 | 0 | 0 | 0 |  0 | 1 | 0 | 0 | 0 | 1 | 0 | 0 | 1 | 0 | 0 | 1 | 1 | 0 | 0 | 0 | 0 | 0 | 1 | 0 | 0 | 0 | 0 | 0 | 0 | 0 | 0 | 0 | 0 | 0 | 0 | 0 | 0 | 0 | 0 | 0 | 0 | 0 | 1 | 1 | 0 | 0 | 0 | 1 | 0 |
188 | McMillan, Robert Scott | THE UNIVERSITY OF TEXAS AT AUSTIN. | 1977 | male | 5 | 10 | 2005 | 8 | 54 | 2015 | 0 | 0 | 0 | 0 | 2 | 3 | 3 | 0 | 0 | 0 | 0 | 0 | 0 | 0 | 0 | 2 | 0 | 0 | 0 | 0 | 1 | 1 | 1 | 0 | 0 | 0 | 0 | 0 | 0 | 0 | 0 | 0 | 0 | 2 | 0 | 0 | 0 | 0 | 0 | 0 | 0 | 0 | 0 | 0 | 0 |  0 | 2 | 0 | 0 | 2 | 4 | 3 | 1 | 2 | 0 | 0 | 1 | 0 | 1 | 1 | 4 | 0 | 0 | 0 | 2 | 1 | 2 | 1 | 0 | 0 | 1 | 0 | 0 | 0 | 1 | 0 | 1 | 0 | 3 | 4 | 3 | 1 | 1 | 1 | 10 | 6 | 1 | 1 | 1 | 0 |
189 | Weaver, Robert Paul | UNIVERSITY OF COLORADO AT BOULDER. | 1977 | male | 2 | 2 | 1978 | 6 | 9 | 2009 | 0 | 0 | 0 | 0 | 0 | 2 | 2 | 0 | 0 | 0 | 0 | 0 | 0 | 0 | 0 | 0 | 0 | 0 | 0 | 0 | 0 | 0 | 0 | 0 | 0 | 0 | 0 | 0 | 0 | 0 | 0 | 0 | 0 | 0 | 0 | 0 | 0 | 0 | 0 | 0 | 0 | 0 | 0 | 0 | 0 |  0 | 0 | 0 | 1 | 1 | 4 | 4 | 1 | 0 | 0 | 2 | 0 | 0 | 0 | 0 | 0 | 0 | 0 | 0 | 0 | 0 | 0 | 0 | 0 | 0 | 0 | 0 | 0 | 0 | 0 | 0 | 1 | 0 | 0 | 0 | 0 | 0 | 1 | 0 | 0 | 0 | 0 | 0 | 0 | 0 |
190 | Masung, L. L. | Maryland Univ., College Park. | 1977 | None | 1 | 0 | 1977 | 1 | 0 | 1977 | 0 | 0 | 0 | 0 | 0 | 1 | 0 | 0 | 0 | 0 | 0 | 0 | 0 | 0 | 0 | 0 | 0 | 0 | 0 | 0 | 0 | 0 | 0 | 0 | 0 | 0 | 0 | 0 | 0 | 0 | 0 | 0 | 0 | 0 | 0 | 0 | 0 | 0 | 0 | 0 | 0 | 0 | 0 | 0 | 0 |  0 | 0 | 0 | 0 | 0 | 1 | 0 | 0 | 0 | 0 | 0 | 0 | 0 | 0 | 0 | 0 | 0 | 0 | 0 | 0 | 0 | 0 | 0 | 0 | 0 | 0 | 0 | 0 | 0 | 0 | 0 | 0 | 0 | 0 | 0 | 0 | 0 | 0 | 0 | 0 | 0 | 0 | 0 | 0 | 0 |
191 | Pickrel, Steven Jay | THE UNIVERSITY OF TEXAS AT AUSTIN. | 1977 | male | 1 | 0 | 1977 | 1 | 0 | 1977 | 0 | 0 | 0 | 0 | 0 | 1 | 0 | 0 | 0 | 0 | 0 | 0 | 0 | 0 | 0 | 0 | 0 | 0 | 0 | 0 | 0 | 0 | 0 | 0 | 0 | 0 | 0 | 0 | 0 | 0 | 0 | 0 | 0 | 0 | 0 | 0 | 0 | 0 | 0 | 0 | 0 | 0 | 0 | 0 | 0 |  0 | 0 | 0 | 0 | 0 | 1 | 0 | 0 | 0 | 0 | 0 | 0 | 0 | 0 | 0 | 0 | 0 | 0 | 0 | 0 | 0 | 0 | 0 | 0 | 0 | 0 | 0 | 0 | 0 | 0 | 0 | 0 | 0 | 0 | 0 | 0 | 0 | 0 | 0 | 0 | 0 | 0 | 0 | 0 | 0 |
192 | Scarlett, Wendell Robert | UNIVERSITY OF MINNESOTA. | 1977 | male | 3 | 1 | 1978 | 4 | 4 | 1981 | 0 | 0 | 0 | 2 | 0 | 1 | 1 | 0 | 0 | 0 | 0 | 0 | 0 | 0 | 0 | 0 | 0 | 0 | 0 | 0 | 0 | 0 | 0 | 0 | 0 | 0 | 0 | 0 | 0 | 0 | 0 | 0 | 0 | 0 | 0 | 0 | 0 | 0 | 0 | 0 | 0 | 0 | 0 | 0 | 0 |  0 | 0 | 0 | 2 | 0 | 2 | 1 | 1 | 1 | 1 | 0 | 0 | 0 | 0 | 0 | 0 | 0 | 0 | 0 | 0 | 0 | 0 | 0 | 0 | 0 | 0 | 0 | 0 | 0 | 0 | 0 | 0 | 0 | 0 | 0 | 0 | 0 | 0 | 0 | 0 | 0 | 0 | 0 | 0 | 0 |
193 | Lee, Typhoon | THE UNIVERSITY OF TEXAS AT AUSTIN. | 1977 | male | 14 | 33 | 2015 | 26 | 123 | 2017 | 3 | 0 | 3 | 2 | 2 | 4 | 2 | 3 | 2 | 1 | 1 | 1 | 0 | 1 | 3 | 2 | 0 | 2 | 0 | 0 | 1 | 2 | 0 | 1 | 0 | 0 | 1 | 1 | 1 | 1 | 0 | 1 | 0 | 1 | 0 | 1 | 1 | 1 | 0 | 1 | 0 | 0 | 0 | 1 | 0 |  3 | 2 | 5 | 3 | 4 | 9 | 7 | 3 | 5 | 6 | 4 | 3 | 4 | 1 | 5 | 4 | 1 | 2 | 0 | 1 | 1 | 3 | 3 | 3 | 6 | 1 | 2 | 1 | 3 | 6 | 0 | 4 | 1 | 3 | 3 | 2 | 6 | 5 | 5 | 3 | 2 | 1 | 2 | 4 | 5 |
194 | Olson, Erlvada Anne Crider | NORTHWESTERN UNIVERSITY. | 1977 | None | 3 | 4 | 1993 | 3 | 10 | 2009 | 0 | 0 | 0 | 1 | 1 | 1 | 1 | 0 | 0 | 0 | 0 | 0 | 0 | 0 | 1 | 0 | 0 | 0 | 0 | 1 | 0 | 1 | 0 | 0 | 0 | 0 | 0 | 0 | 0 | 0 | 0 | 0 | 0 | 0 | 0 | 0 | 0 | 0 | 0 | 0 | 0 | 0 | 0 | 0 | 0 |  0 | 0 | 0 | 1 | 1 | 1 | 1 | 0 | 1 | 0 | 0 | 0 | 0 | 0 | 1 | 0 | 0 | 0 | 0 | 1 | 0 | 3 | 0 | 0 | 0 | 0 | 0 | 0 | 0 | 0 | 0 | 1 | 0 | 0 | 0 | 1 | 0 | 1 | 0 | 0 | 0 | 0 | 0 | 0 | 0 |
195 | Pedigo, R. D. | Texas Univ., Austin. | 1977 | None | 1 | 0 | 1977 | 7 | 1 | 1981 | 0 | 0 | 0 | 0 | 0 | 1 | 0 | 0 | 0 | 0 | 0 | 0 | 0 | 0 | 0 | 0 | 0 | 0 | 0 | 0 | 0 | 0 | 0 | 0 | 0 | 0 | 0 | 0 | 0 | 0 | 0 | 0 | 0 | 0 | 0 | 0 | 0 | 0 | 0 | 0 | 0 | 0 | 0 | 0 | 0 |  0 | 1 | 0 | 1 | 1 | 4 | 0 | 0 | 0 | 1 | 0 | 0 | 0 | 0 | 0 | 0 | 0 | 0 | 0 | 0 | 0 | 0 | 0 | 0 | 0 | 0 | 0 | 0 | 0 | 0 | 0 | 0 | 0 | 0 | 0 | 0 | 0 | 0 | 0 | 0 | 0 | 0 | 0 | 0 | 0 |
196 | Reitsema, Harold James | NEW MEXICO STATE UNIVERSITY. | 1977 | male | 2 | 12 | 1995 | 3 | 62 | 2017 | 0 | 0 | 0 | 0 | 1 | 1 | 1 | 1 | 1 | 4 | 0 | 1 | 0 | 0 | 0 | 0 | 0 | 3 | 0 | 0 | 0 | 0 | 0 | 1 | 0 | 0 | 0 | 0 | 0 | 0 | 0 | 0 | 0 | 0 | 0 | 0 | 0 | 0 | 0 | 0 | 0 | 0 | 0 | 0 | 0 |  0 | 0 | 1 | 0 | 1 | 1 | 2 | 3 | 2 | 10 | 1 | 3 | 0 | 1 | 1 | 4 | 1 | 4 | 2 | 0 | 0 | 0 | 0 | 2 | 1 | 1 | 0 | 1 | 1 | 0 | 0 | 1 | 1 | 1 | 0 | 2 | 1 | 0 | 2 | 0 | 0 | 2 | 0 | 2 | 9 |
197 | Helfand, David John | UNIVERSITY OF MASSACHUSETTS. | 1977 | male | 6 | 47 | 2015 | 7 | 187 | 2015 | 0 | 0 | 0 | 1 | 0 | 5 | 1 | 2 | 4 | 3 | 2 | 4 | 4 | 2 | 0 | 3 | 0 | 3 | 0 | 2 | 1 | 0 | 2 | 2 | 0 | 0 | 0 | 1 | 0 | 4 | 0 | 2 | 0 | 0 | 1 | 2 | 0 | 0 | 0 | 1 | 0 | 0 | 0 | 1 | 0 |  0 | 1 | 0 | 1 | 0 | 5 | 1 | 4 | 5 | 6 | 6 | 10 | 12 | 10 | 5 | 8 | 1 | 5 | 3 | 9 | 3 | 2 | 5 | 6 | 8 | 5 | 5 | 3 | 2 | 9 | 5 | 6 | 7 | 6 | 7 | 9 | 3 | 2 | 3 | 3 | 1 | 1 | 0 | 1 | 0 |
198 | Lengyel-Frey, Denise Ann | UNIVERSITY OF MARYLAND COLLEGE PARK. | 1977 | female | 2 | 5 | 1997 | 2 | 13 | 1997 | 0 | 0 | 0 | 1 | 0 | 1 | 0 | 0 | 0 | 0 | 0 | 0 | 0 | 0 | 0 | 0 | 0 | 1 | 0 | 0 | 1 | 0 | 1 | 0 | 1 | 1 | 0 | 0 | 0 | 0 | 0 | 0 | 0 | 0 | 0 | 0 | 0 | 0 | 0 | 0 | 0 | 0 | 0 | 0 | 0 |  0 | 0 | 0 | 1 | 0 | 1 | 0 | 0 | 0 | 0 | 0 | 0 | 0 | 1 | 0 | 0 | 0 | 1 | 0 | 0 | 1 | 2 | 2 | 4 | 1 | 1 | 0 | 0 | 0 | 0 | 0 | 0 | 0 | 0 | 0 | 0 | 0 | 0 | 0 | 0 | 0 | 0 | 0 | 0 | 0 |
199 | McDonald, Lee Hunt | UNIVERSITY OF CALIFORNIA, SANTA CRUZ. | 1977 | male | 1 | 5 | 2002 | 2 | 7 | 2002 | 0 | 0 | 0 | 0 | 0 | 1 | 0 | 0 | 0 | 0 | 0 | 0 | 0 | 0 | 0 | 0 | 0 | 0 | 0 | 0 | 0 | 0 | 0 | 0 | 0 | 1 | 0 | 2 | 1 | 0 | 1 | 0 | 0 | 0 | 0 | 0 | 0 | 0 | 0 | 0 | 0 | 0 | 0 | 0 | 0 |  0 | 0 | 0 | 1 | 0 | 1 | 0 | 0 | 0 | 0 | 0 | 0 | 0 | 0 | 0 | 0 | 0 | 0 | 0 | 0 | 0 | 0 | 2 | 0 | 0 | 1 | 0 | 2 | 1 | 0 | 1 | 0 | 0 | 0 | 0 | 0 | 0 | 0 | 0 | 0 | 0 | 0 | 0 | 0 | 0 |
200 | Seldner, Michael | PRINCETON UNIVERSITY. | 1977 | male | 4 | 4 | 1982 | 5 | 8 | 1982 | 0 | 0 | 0 | 0 | 0 | 4 | 1 | 1 | 0 | 1 | 1 | 0 | 0 | 0 | 0 | 0 | 0 | 0 | 0 | 0 | 0 | 0 | 0 | 0 | 0 | 0 | 0 | 0 | 0 | 0 | 0 | 0 | 0 | 0 | 0 | 0 | 0 | 0 | 0 | 0 | 0 | 0 | 0 | 0 | 0 |  0 | 0 | 0 | 0 | 0 | 5 | 1 | 2 | 0 | 2 | 3 | 0 | 0 | 0 | 0 | 0 | 0 | 0 | 0 | 0 | 0 | 0 | 0 | 0 | 0 | 0 | 0 | 0 | 0 | 0 | 0 | 0 | 0 | 0 | 0 | 0 | 0 | 0 | 0 | 0 | 0 | 0 | 0 | 0 | 0 |
201 | Tai, Ming-Hing | CORNELL UNIVERSITY. | 1977 | male | 2 | 0 | 1977 | 2 | 0 | 1977 | 0 | 0 | 0 | 1 | 0 | 1 | 0 | 0 | 0 | 0 | 0 | 0 | 0 | 0 | 0 | 0 | 0 | 0 | 0 | 0 | 0 | 0 | 0 | 0 | 0 | 0 | 0 | 0 | 0 | 0 | 0 | 0 | 0 | 0 | 0 | 0 | 0 | 0 | 0 | 0 | 0 | 0 | 0 | 0 | 0 |  0 | 0 | 0 | 1 | 0 | 1 | 0 | 0 | 0 | 0 | 0 | 0 | 0 | 0 | 0 | 0 | 0 | 0 | 0 | 0 | 0 | 0 | 0 | 0 | 0 | 0 | 0 | 0 | 0 | 0 | 0 | 0 | 0 | 0 | 0 | 0 | 0 | 0 | 0 | 0 | 0 | 0 | 0 | 0 | 0 |
202 | Vogel, John Stephen | CASE WESTERN RESERVE UNIVERSITY. | 1977 | male | 1 | 3 | 2011 | 3 | 28 | 2011 | 0 | 0 | 0 | 0 | 0 | 1 | 0 | 0 | 0 | 0 | 0 | 0 | 0 | 0 | 0 | 0 | 0 | 0 | 0 | 0 | 0 | 0 | 0 | 0 | 0 | 0 | 0 | 0 | 0 | 0 | 0 | 0 | 0 | 0 | 0 | 1 | 1 | 0 | 0 | 1 | 0 | 0 | 0 | 0 | 0 |  0 | 2 | 0 | 0 | 0 | 1 | 0 | 0 | 1 | 0 | 0 | 1 | 0 | 1 | 1 | 2 | 0 | 0 | 0 | 1 | 0 | 0 | 1 | 1 | 0 | 0 | 0 | 0 | 0 | 0 | 0 | 0 | 1 | 0 | 0 | 5 | 3 | 5 | 2 | 3 | 0 | 0 | 0 | 0 | 0 |
203 | Walker, A. S. | Rice Univ., Houston, TX. | 1977 | None | 1 | 5 | 1998 | 2 | 26 | 2015 | 0 | 0 | 0 | 0 | 0 | 1 | 0 | 0 | 1 | 0 | 1 | 0 | 0 | 0 | 0 | 0 | 0 | 0 | 0 | 0 | 0 | 1 | 0 | 0 | 1 | 0 | 1 | 0 | 0 | 0 | 0 | 0 | 0 | 0 | 0 | 0 | 0 | 0 | 0 | 0 | 0 | 0 | 0 | 0 | 0 |  0 | 0 | 0 | 0 | 0 | 2 | 2 | 1 | 1 | 0 | 1 | 0 | 0 | 0 | 0 | 0 | 0 | 0 | 1 | 0 | 0 | 3 | 0 | 0 | 1 | 0 | 2 | 0 | 2 | 0 | 0 | 0 | 0 | 1 | 0 | 0 | 1 | 1 | 0 | 0 | 2 | 1 | 4 | 2 | 0 |
204 | Green, Richard Frederick | CALIFORNIA INSTITUTE OF TECHNOLOGY. | 1977 | male | 6 | 18 | 2013 | 13 | 236 | 2017 | 0 | 0 | 0 | 0 | 3 | 3 | 4 | 0 | 2 | 1 | 1 | 0 | 2 | 0 | 1 | 0 | 0 | 0 | 0 | 0 | 0 | 1 | 0 | 0 | 0 | 0 | 1 | 1 | 0 | 0 | 0 | 0 | 1 | 0 | 0 | 1 | 0 | 0 | 0 | 1 | 0 | 1 | 0 | 0 | 0 |  0 | 1 | 3 | 2 | 4 | 3 | 6 | 1 | 4 | 4 | 5 | 3 | 10 | 4 | 9 | 12 | 2 | 8 | 1 | 6 | 6 | 6 | 10 | 8 | 9 | 6 | 14 | 5 | 8 | 16 | 8 | 8 | 5 | 5 | 3 | 10 | 2 | 6 | 1 | 3 | 6 | 3 | 2 | 3 | 3 |
