 n |  name |  university |  phd_year |  gender |  fa_n_pubs_pre_phd |  fa_n_pubs_prost_phd |  fa_year_last |  all_n_pubs_pre_phd |  all_n_pubs_prost_phd |  all_year_last |  fa_1979 |  fa_1980 |  fa_1981 |  fa_1982 |  fa_1983 |  fa_1984 |  fa_1985 |  fa_1986 |  fa_1987 |  fa_1988 |  fa_1989 |  fa_1990 |  fa_1991 |  fa_1992 |  fa_1993 |  fa_1994 |  fa_1995 |  fa_1996 |  fa_1997 |  fa_1998 |  fa_1999 |  fa_2000 |  fa_2001 |  fa_2002 |  fa_2003 |  fa_2004 |  fa_2005 |  fa_2006 |  fa_2007 |  fa_2008 |  fa_2009 |  fa_2010 |  fa_2011 |  fa_2012 |  fa_2013 |  fa_2014 |  fa_2015 |  fa_2016 |  all_1979 |  all_1980 |  all_1981 |  all_1982 |  all_1983 |  all_1984 |  all_1985 |  all_1986 |  all_1987 |  all_1988 |  all_1989 |  all_1990 |  all_1991 |  all_1992 |  all_1993 |  all_1994 |  all_1995 |  all_1996 |  all_1997 |  all_1998 |  all_1999 |  all_2000 |  all_2001 |  all_2002 |  all_2003 |  all_2004 |  all_2005 |  all_2006 |  all_2007 |  all_2008 |  all_2009 |  all_2010 |  all_2011 |  all_2012 |  all_2013 |  all_2014 |  all_2015 |  all_2016 | foo
 7 | Kulkarni, Shrinivas Ramchandra | UNIVERSITY OF CALIFORNIA, BERKELEY. | 1984 | male | 3 | 41 | 2014 | 10 | 499 | 2017 | 0 | 1 | 0 | 1 | 0 | 1 | 3 | 3 | 0 | 6 | 1 | 2 | 4 | 3 | 4 | 1 | 1 | 0 | 1 | 4 | 2 | 0 | 0 | 0 | 1 | 0 | 1 | 1 | 1 | 0 | 0 | 1 | 0 | 0 | 0 | 1 | 0 | 0 | 0 | 1 | 1 | 3 | 4 | 1 | 3 | 5 | 2 | 16 | 8 | 8 | 11 | 10 | 11 | 10 | 15 | 8 | 17 | 21 | 19 | 15 | 19 | 17 | 25 | 16 | 17 | 22 | 14 | 11 | 11 | 17 | 27 | 23 | 21 | 28 | 20 | 21 |
 8 | Landsman, Wayne Brian | THE JOHNS HOPKINS UNIVERSITY. | 1984 | male | 2 | 13 | 1998 | 3 | 99 | 2017 | 0 | 0 | 0 | 0 | 0 | 2 | 0 | 2 | 0 | 0 | 0 | 0 | 1 | 2 | 2 | 0 | 2 | 2 | 1 | 1 | 0 | 0 | 0 | 0 | 0 | 0 | 0 | 0 | 0 | 0 | 0 | 0 | 0 | 0 | 0 | 0 | 0 | 0 | 0 | 0 | 0 | 1 | 0 | 2 | 0 | 3 | 2 | 0 | 0 | 0 | 3 | 9 | 5 | 3 | 3 | 3 | 7 | 5 | 4 | 5 | 6 | 2 | 2 | 6 | 3 | 4 | 3 | 2 | 3 | 3 | 7 | 2 | 2 | 0 | 1 | 0 |
 13 | Vilas, Faith | THE UNIVERSITY OF ARIZONA. | 1984 | female | 2 | 111 | 2016 | 3 | 172 | 2016 | 0 | 0 | 0 | 0 | 0 | 2 | 3 | 3 | 1 | 0 | 1 | 0 | 0 | 1 | 2 | 2 | 1 | 2 | 1 | 0 | 1 | 1 | 0 | 0 | 0 | 1 | 1 | 85 | 0 | 2 | 0 | 0 | 0 | 0 | 0 | 0 | 2 | 1 | 0 | 0 | 0 | 0 | 1 | 2 | 5 | 6 | 2 | 1 | 2 | 2 | 0 | 1 | 3 | 3 | 1 | 3 | 2 | 1 | 2 | 3 | 2 | 2 | 3 | 2 | 3 | 88 | 4 | 8 | 2 | 4 | 1 | 2 | 3 | 3 | 4 | 4 |
 19 | Logan, Jerry David | THE UNIVERSITY OF ARIZONA. | 1984 | male | 3 | 0 | 1984 | 6 | 18 | 2008 | 0 | 2 | 0 | 0 | 0 | 1 | 0 | 0 | 0 | 0 | 0 | 0 | 0 | 0 | 0 | 0 | 0 | 0 | 0 | 0 | 0 | 0 | 0 | 0 | 0 | 0 | 0 | 0 | 0 | 0 | 0 | 0 | 0 | 0 | 0 | 0 | 0 | 0 | 0 | 3 | 0 | 0 | 0 | 3 | 0 | 0 | 0 | 0 | 0 | 0 | 0 | 0 | 0 | 0 | 0 | 0 | 0 | 0 | 0 | 0 | 0 | 1 | 0 | 6 | 7 | 2 | 1 | 1 | 0 | 0 | 0 | 0 | 0 | 0 | 0 | 0 |
 20 | Skinner, T. E. | Johns Hopkins Univ., Baltimore, MD. | 1984 | None | 3 | 2 | 1988 | 4 | 9 | 1990 | 0 | 0 | 0 | 0 | 1 | 2 | 0 | 1 | 0 | 1 | 0 | 0 | 0 | 0 | 0 | 0 | 0 | 0 | 0 | 0 | 0 | 0 | 0 | 0 | 0 | 0 | 0 | 0 | 0 | 0 | 0 | 0 | 0 | 0 | 0 | 0 | 0 | 0 | 0 | 0 | 0 | 0 | 2 | 2 | 2 | 2 | 1 | 1 | 2 | 1 | 0 | 0 | 0 | 0 | 0 | 0 | 0 | 0 | 0 | 0 | 0 | 0 | 0 | 0 | 0 | 0 | 0 | 0 | 0 | 0 | 0 | 0 | 0 | 0 | 0 | 0 |
 21 | Turner, Jean Lewin | UNIVERSITY OF CALIFORNIA, BERKELEY. | 1984 | male | 3 | 14 | 2015 | 4 | 86 | 2016 | 0 | 0 | 0 | 0 | 1 | 2 | 1 | 0 | 1 | 0 | 0 | 1 | 0 | 1 | 1 | 1 | 0 | 0 | 1 | 1 | 0 | 1 | 0 | 0 | 1 | 1 | 0 | 0 | 0 | 1 | 1 | 0 | 0 | 0 | 0 | 0 | 1 | 0 | 0 | 0 | 0 | 0 | 2 | 2 | 1 | 1 | 4 | 0 | 1 | 4 | 1 | 1 | 4 | 2 | 0 | 2 | 2 | 2 | 1 | 6 | 6 | 5 | 1 | 3 | 3 | 1 | 5 | 4 | 2 | 3 | 2 | 4 | 5 | 2 | 6 | 2 |
 24 | Friedman, Scott David | UNIVERSITY OF CALIFORNIA, BERKELEY. | 1984 | male | 2 | 6 | 2011 | 6 | 71 | 2015 | 0 | 0 | 0 | 0 | 0 | 2 | 0 | 0 | 1 | 1 | 0 | 0 | 0 | 0 | 0 | 0 | 0 | 0 | 0 | 0 | 0 | 1 | 0 | 1 | 0 | 0 | 0 | 1 | 0 | 0 | 0 | 0 | 1 | 0 | 0 | 0 | 0 | 0 | 0 | 0 | 0 | 0 | 1 | 5 | 2 | 1 | 1 | 4 | 1 | 1 | 0 | 0 | 0 | 0 | 0 | 0 | 0 | 0 | 0 | 10 | 8 | 12 | 5 | 4 | 2 | 4 | 1 | 3 | 3 | 1 | 3 | 0 | 2 | 0 | 3 | 0 |
 25 | Pisarski, R. L. | Columbia Univ., New York, NY. | 1984 | None | 2 | 0 | 1984 | 3 | 1 | 1997 | 0 | 0 | 0 | 0 | 0 | 2 | 0 | 0 | 0 | 0 | 0 | 0 | 0 | 0 | 0 | 0 | 0 | 0 | 0 | 0 | 0 | 0 | 0 | 0 | 0 | 0 | 0 | 0 | 0 | 0 | 0 | 0 | 0 | 0 | 0 | 0 | 0 | 0 | 0 | 0 | 0 | 0 | 0 | 3 | 0 | 0 | 0 | 0 | 0 | 0 | 0 | 0 | 0 | 0 | 0 | 0 | 1 | 0 | 0 | 0 | 0 | 0 | 0 | 0 | 0 | 0 | 0 | 0 | 0 | 0 | 0 | 0 | 0 | 0 | 0 | 0 |
 26 | Schwartz, Richard Alan | UNIVERSITY OF CALIFORNIA, BERKELEY. | 1984 | male | 2 | 7 | 2015 | 6 | 88 | 2015 | 0 | 0 | 0 | 0 | 0 | 2 | 1 | 0 | 1 | 0 | 0 | 0 | 1 | 0 | 1 | 0 | 0 | 0 | 0 | 0 | 0 | 0 | 0 | 1 | 0 | 0 | 0 | 0 | 0 | 0 | 0 | 0 | 0 | 0 | 0 | 1 | 1 | 0 | 0 | 0 | 2 | 0 | 1 | 3 | 1 | 1 | 3 | 0 | 2 | 2 | 1 | 1 | 3 | 3 | 7 | 6 | 3 | 2 | 1 | 1 | 2 | 9 | 17 | 2 | 4 | 3 | 1 | 2 | 3 | 0 | 0 | 3 | 2 | 1 | 2 | 0 |
 27 | Tramiel, Leonard Jacob | COLUMBIA UNIVERSITY. | 1984 | male | 2 | 0 | 1984 | 3 | 0 | 1984 | 0 | 0 | 0 | 0 | 0 | 2 | 0 | 0 | 0 | 0 | 0 | 0 | 0 | 0 | 0 | 0 | 0 | 0 | 0 | 0 | 0 | 0 | 0 | 0 | 0 | 0 | 0 | 0 | 0 | 0 | 0 | 0 | 0 | 0 | 0 | 0 | 0 | 0 | 0 | 0 | 0 | 1 | 0 | 2 | 0 | 0 | 0 | 0 | 0 | 0 | 0 | 0 | 0 | 0 | 0 | 0 | 0 | 0 | 0 | 0 | 0 | 0 | 0 | 0 | 0 | 0 | 0 | 0 | 0 | 0 | 0 | 0 | 0 | 0 | 0 | 0 |
 31 | Dahari, Oved Avi | UNIVERSITY OF CALIFORNIA, SANTA CRUZ. | 1984 | male | 4 | 7 | 1988 | 6 | 9 | 1988 | 0 | 0 | 0 | 1 | 0 | 3 | 2 | 2 | 0 | 3 | 0 | 0 | 0 | 0 | 0 | 0 | 0 | 0 | 0 | 0 | 0 | 0 | 0 | 0 | 0 | 0 | 0 | 0 | 0 | 0 | 0 | 0 | 0 | 0 | 0 | 0 | 0 | 0 | 0 | 0 | 0 | 1 | 2 | 3 | 3 | 3 | 0 | 3 | 0 | 0 | 0 | 0 | 0 | 0 | 0 | 0 | 0 | 0 | 0 | 0 | 0 | 0 | 0 | 0 | 0 | 0 | 0 | 0 | 0 | 0 | 0 | 0 | 0 | 0 | 0 | 0 |
 37 | Saha, Abhijit | CALIFORNIA INSTITUTE OF TECHNOLOGY. | 1984 | male | 4 | 29 | 2011 | 7 | 165 | 2017 | 0 | 0 | 0 | 1 | 0 | 3 | 1 | 1 | 1 | 0 | 0 | 4 | 1 | 2 | 0 | 1 | 1 | 3 | 1 | 0 | 2 | 1 | 2 | 1 | 1 | 0 | 2 | 1 | 0 | 0 | 0 | 2 | 1 | 0 | 0 | 0 | 0 | 0 | 0 | 0 | 2 | 2 | 0 | 3 | 1 | 3 | 2 | 2 | 0 | 5 | 1 | 3 | 2 | 5 | 5 | 13 | 7 | 15 | 12 | 5 | 4 | 3 | 7 | 6 | 3 | 2 | 4 | 2 | 1 | 12 | 11 | 11 | 4 | 5 | 3 | 4 |
 38 | Tholen, David James | THE UNIVERSITY OF ARIZONA. | 1984 | male | 12 | 74 | 2013 | 19 | 201 | 2016 | 0 | 0 | 0 | 1 | 4 | 7 | 10 | 4 | 8 | 4 | 2 | 3 | 2 | 2 | 2 | 2 | 1 | 2 | 2 | 2 | 2 | 1 | 0 | 2 | 0 | 5 | 2 | 7 | 2 | 3 | 1 | 1 | 0 | 1 | 1 | 0 | 0 | 0 | 0 | 0 | 1 | 4 | 6 | 8 | 18 | 4 | 13 | 5 | 10 | 6 | 6 | 6 | 4 | 4 | 2 | 4 | 6 | 4 | 8 | 5 | 3 | 4 | 3 | 6 | 16 | 12 | 5 | 5 | 3 | 4 | 9 | 11 | 8 | 2 | 2 | 3 |
 43 | Hill, John Milton | THE UNIVERSITY OF ARIZONA. | 1984 | male | 3 | 4 | 2010 | 5 | 117 | 2016 | 0 | 1 | 0 | 1 | 0 | 1 | 0 | 0 | 0 | 1 | 0 | 0 | 0 | 0 | 1 | 0 | 0 | 0 | 0 | 1 | 0 | 0 | 0 | 0 | 0 | 0 | 0 | 0 | 0 | 0 | 0 | 1 | 0 | 0 | 0 | 0 | 0 | 0 | 0 | 1 | 0 | 2 | 1 | 1 | 0 | 0 | 0 | 1 | 3 | 1 | 5 | 2 | 2 | 2 | 3 | 1 | 2 | 6 | 5 | 3 | 5 | 4 | 8 | 7 | 3 | 4 | 4 | 11 | 5 | 3 | 5 | 5 | 3 | 4 | 4 | 6 |
 46 | Vartanian, Michael Haig | COLUMBIA UNIVERSITY. | 1984 | male | 1 | 1 | 1985 | 3 | 2 | 1985 | 0 | 0 | 0 | 0 | 0 | 1 | 1 | 0 | 0 | 0 | 0 | 0 | 0 | 0 | 0 | 0 | 0 | 0 | 0 | 0 | 0 | 0 | 0 | 0 | 0 | 0 | 0 | 0 | 0 | 0 | 0 | 0 | 0 | 0 | 0 | 0 | 0 | 0 | 0 | 0 | 0 | 1 | 1 | 1 | 2 | 0 | 0 | 0 | 0 | 0 | 0 | 0 | 0 | 0 | 0 | 0 | 0 | 0 | 0 | 0 | 0 | 0 | 0 | 0 | 0 | 0 | 0 | 0 | 0 | 0 | 0 | 0 | 0 | 0 | 0 | 0 |
 52 | Schweizer, Linda Younker | UNIVERSITY OF CALIFORNIA, BERKELEY. | 1984 | female | 1 | 3 | 1987 | 1 | 3 | 1987 | 0 | 0 | 0 | 0 | 0 | 1 | 0 | 0 | 3 | 0 | 0 | 0 | 0 | 0 | 0 | 0 | 0 | 0 | 0 | 0 | 0 | 0 | 0 | 0 | 0 | 0 | 0 | 0 | 0 | 0 | 0 | 0 | 0 | 0 | 0 | 0 | 0 | 0 | 0 | 0 | 0 | 0 | 0 | 1 | 0 | 0 | 3 | 0 | 0 | 0 | 0 | 0 | 0 | 0 | 0 | 0 | 0 | 0 | 0 | 0 | 0 | 0 | 0 | 0 | 0 | 0 | 0 | 0 | 0 | 0 | 0 | 0 | 0 | 0 | 0 | 0 |
 54 | Redmount, Ian H. | CALIFORNIA INSTITUTE OF TECHNOLOGY. | 1984 | male | 2 | 11 | 2006 | 2 | 17 | 2006 | 0 | 0 | 0 | 0 | 1 | 1 | 1 | 0 | 0 | 2 | 3 | 0 | 0 | 0 | 2 | 1 | 0 | 0 | 0 | 0 | 1 | 0 | 0 | 0 | 0 | 0 | 0 | 1 | 0 | 0 | 0 | 0 | 0 | 0 | 0 | 0 | 0 | 0 | 0 | 0 | 0 | 0 | 1 | 1 | 1 | 0 | 0 | 3 | 4 | 0 | 1 | 0 | 3 | 1 | 0 | 0 | 1 | 0 | 2 | 0 | 0 | 0 | 0 | 0 | 0 | 1 | 0 | 0 | 0 | 0 | 0 | 0 | 0 | 0 | 0 | 0 |
 57 | Stuhlinger, Tilman Werner | THE UNIVERSITY OF ARIZONA. | 1984 | male | 2 | 0 | 1984 | 4 | 0 | 1984 | 0 | 0 | 0 | 0 | 0 | 2 | 0 | 0 | 0 | 0 | 0 | 0 | 0 | 0 | 0 | 0 | 0 | 0 | 0 | 0 | 0 | 0 | 0 | 0 | 0 | 0 | 0 | 0 | 0 | 0 | 0 | 0 | 0 | 0 | 0 | 0 | 0 | 0 | 1 | 0 | 0 | 1 | 0 | 2 | 0 | 0 | 0 | 0 | 0 | 0 | 0 | 0 | 0 | 0 | 0 | 0 | 0 | 0 | 0 | 0 | 0 | 0 | 0 | 0 | 0 | 0 | 0 | 0 | 0 | 0 | 0 | 0 | 0 | 0 | 0 | 0 |
 59 | MacDonald, Douglas Alan | CALIFORNIA INSTITUTE OF TECHNOLOGY. | 1984 | male | 3 | 1 | 1985 | 4 | 3 | 1999 | 0 | 0 | 0 | 1 | 0 | 2 | 1 | 0 | 0 | 0 | 0 | 0 | 0 | 0 | 0 | 0 | 0 | 0 | 0 | 0 | 0 | 0 | 0 | 0 | 0 | 0 | 0 | 0 | 0 | 0 | 0 | 0 | 0 | 0 | 0 | 0 | 0 | 0 | 0 | 0 | 0 | 2 | 0 | 2 | 1 | 0 | 0 | 0 | 0 | 0 | 0 | 0 | 0 | 0 | 0 | 0 | 0 | 0 | 2 | 0 | 0 | 0 | 0 | 0 | 0 | 0 | 0 | 0 | 0 | 0 | 0 | 0 | 0 | 0 | 0 | 0 |
 68 | Terebey, Susan | UNIVERSITY OF CALIFORNIA, BERKELEY. | 1984 | female | 2 | 13 | 2009 | 3 | 58 | 2016 | 0 | 0 | 0 | 0 | 0 | 2 | 0 | 2 | 0 | 1 | 1 | 1 | 0 | 1 | 1 | 1 | 0 | 0 | 0 | 1 | 0 | 1 | 0 | 0 | 1 | 0 | 0 | 1 | 0 | 0 | 1 | 0 | 0 | 0 | 0 | 0 | 0 | 0 | 0 | 0 | 0 | 0 | 0 | 3 | 0 | 2 | 1 | 1 | 3 | 1 | 0 | 1 | 1 | 4 | 1 | 11 | 2 | 5 | 2 | 1 | 0 | 0 | 1 | 0 | 0 | 1 | 0 | 0 | 1 | 5 | 2 | 2 | 1 | 5 | 3 | 1 |
 70 | Dewey, Rachel J. | PRINCETON UNIVERSITY. | 1984 | female | 2 | 7 | 1996 | 2 | 24 | 2015 | 0 | 0 | 0 | 0 | 1 | 1 | 1 | 1 | 1 | 1 | 0 | 0 | 0 | 1 | 0 | 1 | 0 | 1 | 0 | 0 | 0 | 0 | 0 | 0 | 0 | 0 | 0 | 0 | 0 | 0 | 0 | 0 | 0 | 0 | 0 | 0 | 0 | 0 | 0 | 0 | 0 | 0 | 1 | 1 | 3 | 2 | 1 | 2 | 1 | 1 | 1 | 1 | 2 | 2 | 0 | 3 | 0 | 0 | 0 | 0 | 0 | 0 | 0 | 0 | 1 | 1 | 1 | 0 | 0 | 0 | 0 | 0 | 0 | 0 | 2 | 0 |
 71 | Eisenhardt, Peter Ronald Manuel | THE UNIVERSITY OF ARIZONA. | 1984 | male | 1 | 7 | 2012 | 1 | 146 | 2016 | 0 | 0 | 0 | 0 | 0 | 1 | 0 | 0 | 1 | 0 | 1 | 1 | 0 | 1 | 0 | 0 | 0 | 0 | 0 | 0 | 0 | 0 | 0 | 0 | 0 | 0 | 0 | 0 | 0 | 1 | 0 | 1 | 0 | 1 | 0 | 0 | 0 | 0 | 0 | 0 | 0 | 0 | 0 | 1 | 0 | 1 | 1 | 1 | 1 | 2 | 1 | 2 | 0 | 1 | 1 | 0 | 0 | 0 | 3 | 2 | 1 | 3 | 1 | 12 | 7 | 9 | 9 | 8 | 5 | 5 | 14 | 20 | 13 | 10 | 6 | 7 |
 80 | Bloemhof, Eric Edward | UNIVERSITY OF CALIFORNIA, BERKELEY. | 1984 | male | 2 | 23 | 2011 | 3 | 30 | 2011 | 0 | 0 | 0 | 0 | 0 | 2 | 1 | 1 | 0 | 1 | 1 | 0 | 0 | 1 | 2 | 2 | 2 | 1 | 0 | 1 | 1 | 1 | 1 | 0 | 1 | 3 | 1 | 0 | 1 | 0 | 0 | 0 | 1 | 0 | 0 | 0 | 0 | 0 | 0 | 0 | 0 | 1 | 0 | 2 | 1 | 1 | 0 | 1 | 1 | 0 | 0 | 1 | 2 | 3 | 5 | 1 | 0 | 1 | 1 | 1 | 2 | 0 | 2 | 3 | 1 | 0 | 1 | 0 | 1 | 0 | 1 | 0 | 0 | 0 | 0 | 0 |
 83 | Barden, Samuel Charles | THE PENNSYLVANIA STATE UNIVERSITY. | 1984 | male | 4 | 8 | 2000 | 7 | 20 | 2015 | 0 | 1 | 1 | 0 | 0 | 2 | 1 | 2 | 1 | 0 | 1 | 0 | 0 | 0 | 0 | 0 | 0 | 2 | 0 | 0 | 0 | 1 | 0 | 0 | 0 | 0 | 0 | 0 | 0 | 0 | 0 | 0 | 0 | 0 | 0 | 0 | 0 | 0 | 0 | 1 | 2 | 0 | 2 | 2 | 1 | 5 | 3 | 1 | 2 | 1 | 0 | 0 | 0 | 0 | 0 | 2 | 0 | 0 | 2 | 1 | 1 | 0 | 0 | 0 | 0 | 0 | 0 | 0 | 0 | 0 | 0 | 0 | 0 | 0 | 1 | 0 |
 84 | Thompson, Christopher John Campbell | THE UNIVERSITY OF ARIZONA. | 1984 | male | 1 | 23 | 2017 | 1 | 65 | 2017 | 0 | 0 | 0 | 0 | 0 | 1 | 0 | 0 | 0 | 2 | 0 | 0 | 0 | 0 | 1 | 2 | 1 | 2 | 0 | 2 | 0 | 3 | 2 | 1 | 0 | 0 | 1 | 1 | 1 | 2 | 0 | 0 | 0 | 0 | 0 | 1 | 0 | 0 | 0 | 0 | 0 | 0 | 0 | 1 | 0 | 1 | 1 | 2 | 0 | 0 | 0 | 1 | 1 | 2 | 1 | 2 | 0 | 4 | 5 | 6 | 6 | 2 | 1 | 3 | 4 | 2 | 4 | 2 | 2 | 0 | 0 | 1 | 3 | 3 | 4 | 0 |
 86 | Serabyn, Eugene | UNIVERSITY OF CALIFORNIA, BERKELEY. | 1984 | male | 1 | 32 | 2017 | 3 | 163 | 2017 | 0 | 0 | 0 | 0 | 0 | 1 | 1 | 2 | 1 | 1 | 0 | 0 | 4 | 2 | 2 | 2 | 3 | 2 | 2 | 2 | 0 | 2 | 0 | 0 | 0 | 0 | 0 | 0 | 1 | 0 | 2 | 1 | 0 | 1 | 0 | 0 | 0 | 0 | 0 | 0 | 1 | 1 | 0 | 1 | 3 | 6 | 2 | 1 | 0 | 1 | 7 | 4 | 6 | 7 | 3 | 8 | 2 | 4 | 3 | 4 | 2 | 1 | 2 | 3 | 4 | 0 | 2 | 1 | 9 | 5 | 8 | 6 | 13 | 8 | 14 | 13 |
 87 | Hughes, John Patrick | COLUMBIA UNIVERSITY. | 1984 | male | 3 | 30 | 2015 | 4 | 249 | 2017 | 0 | 0 | 0 | 0 | 0 | 3 | 1 | 0 | 1 | 2 | 1 | 0 | 2 | 1 | 2 | 3 | 2 | 0 | 0 | 3 | 1 | 4 | 1 | 0 | 2 | 0 | 0 | 1 | 1 | 0 | 0 | 0 | 0 | 0 | 0 | 1 | 1 | 0 | 0 | 0 | 0 | 1 | 0 | 3 | 1 | 1 | 2 | 4 | 2 | 1 | 5 | 3 | 4 | 9 | 4 | 6 | 2 | 6 | 4 | 11 | 6 | 4 | 11 | 8 | 4 | 8 | 20 | 17 | 12 | 12 | 16 | 13 | 14 | 14 | 11 | 7 |
 89 | Filippenko, Alexei Vladimir | CALIFORNIA INSTITUTE OF TECHNOLOGY. | 1984 | male | 6 | 45 | 2005 | 8 | 720 | 2017 | 0 | 0 | 1 | 2 | 0 | 3 | 5 | 3 | 0 | 6 | 5 | 1 | 0 | 5 | 3 | 1 | 4 | 1 | 2 | 2 | 2 | 0 | 1 | 0 | 1 | 2 | 1 | 0 | 0 | 0 | 0 | 0 | 0 | 0 | 0 | 0 | 0 | 0 | 0 | 0 | 1 | 2 | 1 | 4 | 7 | 6 | 1 | 10 | 9 | 7 | 9 | 10 | 20 | 10 | 18 | 26 | 21 | 17 | 25 | 18 | 26 | 29 | 22 | 20 | 23 | 31 | 28 | 32 | 37 | 34 | 43 | 31 | 30 | 34 | 29 | 38 |
 91 | Hereld, M. | California Institute of Technology, Pasadena. | 1984 | None | 1 | 1 | 1994 | 1 | 13 | 2000 | 0 | 0 | 0 | 0 | 0 | 1 | 0 | 0 | 0 | 0 | 0 | 0 | 0 | 0 | 0 | 1 | 0 | 0 | 0 | 0 | 0 | 0 | 0 | 0 | 0 | 0 | 0 | 0 | 0 | 0 | 0 | 0 | 0 | 0 | 0 | 0 | 0 | 0 | 0 | 0 | 0 | 0 | 0 | 1 | 0 | 0 | 0 | 0 | 2 | 1 | 2 | 0 | 2 | 2 | 0 | 1 | 0 | 1 | 1 | 1 | 0 | 0 | 0 | 0 | 0 | 0 | 0 | 0 | 0 | 0 | 0 | 0 | 0 | 0 | 0 | 0 |
 95 | Buie, Marc William | THE UNIVERSITY OF ARIZONA. | 1984 | male | 1 | 22 | 2016 | 1 | 121 | 2017 | 0 | 0 | 0 | 0 | 0 | 1 | 0 | 0 | 2 | 0 | 1 | 0 | 0 | 2 | 0 | 1 | 0 | 0 | 2 | 0 | 0 | 1 | 0 | 0 | 1 | 0 | 0 | 1 | 0 | 0 | 0 | 4 | 1 | 1 | 1 | 0 | 2 | 2 | 0 | 0 | 0 | 0 | 0 | 1 | 1 | 0 | 6 | 3 | 1 | 2 | 1 | 3 | 1 | 2 | 2 | 1 | 8 | 1 | 3 | 3 | 2 | 5 | 6 | 0 | 3 | 5 | 3 | 3 | 4 | 6 | 6 | 5 | 3 | 4 | 7 | 15 |
 96 | Campbell, Belva Geneva Stroud | THE UNIVERSITY OF ARIZONA. | 1984 | female | 10 | 9 | 1991 | 24 | 22 | 2015 | 1 | 0 | 0 | 1 | 1 | 7 | 3 | 3 | 0 | 1 | 0 | 1 | 1 | 0 | 0 | 0 | 0 | 0 | 0 | 0 | 0 | 0 | 0 | 0 | 0 | 0 | 0 | 0 | 0 | 0 | 0 | 0 | 0 | 0 | 0 | 0 | 0 | 0 | 1 | 1 | 1 | 5 | 5 | 11 | 4 | 3 | 0 | 1 | 1 | 3 | 3 | 0 | 2 | 1 | 1 | 0 | 0 | 0 | 1 | 1 | 0 | 0 | 0 | 0 | 0 | 0 | 0 | 0 | 0 | 0 | 0 | 0 | 0 | 0 | 1 | 0 |
 101 | Tennyson, Peter Donald | THE JOHNS HOPKINS UNIVERSITY. | 1984 | male | 1 | 3 | 1988 | 1 | 6 | 1990 | 0 | 0 | 0 | 0 | 0 | 1 | 0 | 1 | 1 | 1 | 0 | 0 | 0 | 0 | 0 | 0 | 0 | 0 | 0 | 0 | 0 | 0 | 0 | 0 | 0 | 0 | 0 | 0 | 0 | 0 | 0 | 0 | 0 | 0 | 0 | 0 | 0 | 0 | 0 | 0 | 0 | 0 | 0 | 1 | 0 | 1 | 2 | 1 | 1 | 1 | 0 | 0 | 0 | 0 | 0 | 0 | 0 | 0 | 0 | 0 | 0 | 0 | 0 | 0 | 0 | 0 | 0 | 0 | 0 | 0 | 0 | 0 | 0 | 0 | 0 | 0 |
 102 | Urry, Claudia Megan | THE JOHNS HOPKINS UNIVERSITY. | 1984 | female | 4 | 21 | 2002 | 6 | 243 | 2017 | 0 | 0 | 0 | 2 | 0 | 2 | 0 | 2 | 0 | 2 | 1 | 1 | 4 | 0 | 2 | 0 | 1 | 1 | 1 | 1 | 3 | 1 | 0 | 1 | 0 | 0 | 0 | 0 | 0 | 0 | 0 | 0 | 0 | 0 | 0 | 0 | 0 | 0 | 0 | 1 | 0 | 2 | 0 | 3 | 1 | 3 | 1 | 2 | 2 | 4 | 9 | 2 | 6 | 5 | 5 | 4 | 9 | 7 | 18 | 11 | 9 | 10 | 5 | 8 | 8 | 9 | 14 | 5 | 12 | 8 | 3 | 9 | 12 | 7 | 13 | 16 |
 103 | Vladimir, F. A. | California Institute of Technology, Pasadena. | 1984 | None | 1 | 0 | 1984 | 1 | 0 | 1984 | 0 | 0 | 0 | 0 | 0 | 1 | 0 | 0 | 0 | 0 | 0 | 0 | 0 | 0 | 0 | 0 | 0 | 0 | 0 | 0 | 0 | 0 | 0 | 0 | 0 | 0 | 0 | 0 | 0 | 0 | 0 | 0 | 0 | 0 | 0 | 0 | 0 | 0 | 0 | 0 | 0 | 0 | 0 | 1 | 0 | 0 | 0 | 0 | 0 | 0 | 0 | 0 | 0 | 0 | 0 | 0 | 0 | 0 | 0 | 0 | 0 | 0 | 0 | 0 | 0 | 0 | 0 | 0 | 0 | 0 | 0 | 0 | 0 | 0 | 0 | 0 |
 105 | Crisp, D. | Princeton Univ., NJ. | 1984 | None | 2 | 14 | 2004 | 5 | 144 | 2017 | 0 | 0 | 0 | 0 | 0 | 2 | 0 | 2 | 1 | 0 | 2 | 2 | 2 | 0 | 0 | 0 | 2 | 1 | 1 | 0 | 0 | 0 | 0 | 0 | 0 | 1 | 0 | 0 | 0 | 0 | 0 | 0 | 0 | 0 | 0 | 0 | 0 | 0 | 1 | 1 | 0 | 0 | 0 | 3 | 0 | 14 | 2 | 0 | 6 | 5 | 5 | 1 | 4 | 3 | 11 | 18 | 8 | 14 | 11 | 5 | 2 | 1 | 2 | 1 | 3 | 6 | 4 | 2 | 0 | 2 | 3 | 2 | 2 | 4 | 0 | 2 |
 106 | Epstein, Gerald Lewis | UNIVERSITY OF CALIFORNIA, BERKELEY. | 1984 | male | 1 | 0 | 1984 | 5 | 8 | 2009 | 0 | 0 | 0 | 0 | 0 | 1 | 0 | 0 | 0 | 0 | 0 | 0 | 0 | 0 | 0 | 0 | 0 | 0 | 0 | 0 | 0 | 0 | 0 | 0 | 0 | 0 | 0 | 0 | 0 | 0 | 0 | 0 | 0 | 0 | 0 | 0 | 0 | 0 | 0 | 1 | 1 | 0 | 1 | 2 | 1 | 0 | 0 | 0 | 0 | 0 | 0 | 1 | 0 | 1 | 0 | 1 | 1 | 0 | 0 | 1 | 0 | 0 | 0 | 0 | 0 | 0 | 0 | 0 | 2 | 0 | 0 | 0 | 0 | 0 | 0 | 0 |
 107 | Lichten, Stephen Morris | CALIFORNIA INSTITUTE OF TECHNOLOGY. | 1984 | male | 5 | 9 | 1998 | 8 | 27 | 1999 | 2 | 0 | 0 | 2 | 0 | 1 | 0 | 0 | 2 | 0 | 2 | 2 | 0 | 1 | 1 | 0 | 0 | 0 | 0 | 1 | 0 | 0 | 0 | 0 | 0 | 0 | 0 | 0 | 0 | 0 | 0 | 0 | 0 | 0 | 0 | 0 | 0 | 0 | 3 | 0 | 0 | 3 | 1 | 1 | 0 | 1 | 2 | 1 | 2 | 3 | 1 | 3 | 5 | 5 | 0 | 0 | 1 | 2 | 1 | 0 | 0 | 0 | 0 | 0 | 0 | 0 | 0 | 0 | 0 | 0 | 0 | 0 | 0 | 0 | 0 | 0 |
 108 | Cheng, Kwong-Sang | COLUMBIA UNIVERSITY. | 1984 | male | 1 | 91 | 2016 | 1 | 303 | 2017 | 0 | 0 | 0 | 0 | 0 | 1 | 0 | 2 | 2 | 1 | 1 | 3 | 4 | 3 | 5 | 4 | 3 | 7 | 2 | 8 | 5 | 4 | 6 | 2 | 3 | 6 | 2 | 3 | 1 | 2 | 1 | 2 | 3 | 1 | 1 | 1 | 2 | 1 | 0 | 0 | 0 | 0 | 0 | 1 | 0 | 2 | 2 | 3 | 2 | 4 | 6 | 5 | 16 | 7 | 9 | 13 | 10 | 15 | 10 | 11 | 15 | 10 | 10 | 13 | 13 | 10 | 7 | 7 | 9 | 14 | 19 | 14 | 10 | 13 | 9 | 10 |
 111 | Barnard, John Juil | UNIVERSITY OF CALIFORNIA, BERKELEY. | 1984 | male | 1 | 2 | 1986 | 2 | 6 | 2011 | 0 | 0 | 0 | 0 | 0 | 1 | 0 | 2 | 0 | 0 | 0 | 0 | 0 | 0 | 0 | 0 | 0 | 0 | 0 | 0 | 0 | 0 | 0 | 0 | 0 | 0 | 0 | 0 | 0 | 0 | 0 | 0 | 0 | 0 | 0 | 0 | 0 | 0 | 0 | 0 | 0 | 0 | 1 | 1 | 1 | 4 | 0 | 0 | 0 | 0 | 0 | 0 | 0 | 0 | 0 | 0 | 0 | 0 | 0 | 0 | 0 | 0 | 0 | 0 | 0 | 0 | 0 | 0 | 0 | 0 | 1 | 0 | 0 | 0 | 0 | 0 |
 117 | Cebula, Richard Paul | THE JOHNS HOPKINS UNIVERSITY. | 1984 | male | 3 | 6 | 1998 | 3 | 27 | 2012 | 0 | 0 | 0 | 1 | 0 | 2 | 0 | 0 | 0 | 0 | 0 | 0 | 1 | 1 | 0 | 0 | 0 | 1 | 0 | 3 | 0 | 0 | 0 | 0 | 0 | 0 | 0 | 0 | 0 | 0 | 0 | 0 | 0 | 0 | 0 | 0 | 0 | 0 | 0 | 0 | 0 | 1 | 0 | 2 | 0 | 0 | 0 | 1 | 0 | 0 | 1 | 3 | 1 | 2 | 0 | 5 | 2 | 6 | 0 | 0 | 1 | 1 | 0 | 2 | 0 | 0 | 0 | 1 | 0 | 0 | 0 | 1 | 0 | 0 | 0 | 0 |
 118 | Heidbrink, William Walter | PRINCETON UNIVERSITY. | 1984 | male | 1 | 1 | 1991 | 1 | 4 | 2015 | 0 | 0 | 0 | 0 | 0 | 1 | 0 | 0 | 0 | 0 | 0 | 0 | 1 | 0 | 0 | 0 | 0 | 0 | 0 | 0 | 0 | 0 | 0 | 0 | 0 | 0 | 0 | 0 | 0 | 0 | 0 | 0 | 0 | 0 | 0 | 0 | 0 | 0 | 0 | 0 | 0 | 0 | 0 | 1 | 0 | 0 | 0 | 0 | 0 | 0 | 1 | 0 | 0 | 0 | 0 | 0 | 0 | 0 | 0 | 0 | 0 | 0 | 0 | 1 | 0 | 0 | 0 | 0 | 0 | 0 | 0 | 0 | 0 | 0 | 2 | 0 |
 120 | Chiang, Wei-Hwan | COLUMBIA UNIVERSITY. | 1984 | male | 1 | 6 | 1989 | 2 | 8 | 1990 | 0 | 0 | 0 | 0 | 0 | 1 | 2 | 0 | 1 | 2 | 1 | 0 | 0 | 0 | 0 | 0 | 0 | 0 | 0 | 0 | 0 | 0 | 0 | 0 | 0 | 0 | 0 | 0 | 0 | 0 | 0 | 0 | 0 | 0 | 0 | 0 | 0 | 0 | 0 | 0 | 0 | 1 | 0 | 1 | 2 | 0 | 1 | 2 | 2 | 1 | 0 | 0 | 0 | 0 | 0 | 0 | 0 | 0 | 0 | 0 | 0 | 0 | 0 | 0 | 0 | 0 | 0 | 0 | 0 | 0 | 0 | 0 | 0 | 0 | 0 | 0 |
 121 | Ho, Cheng | COLUMBIA UNIVERSITY. | 1984 | male | 1 | 55 | 2016 | 2 | 102 | 2016 | 0 | 0 | 0 | 0 | 0 | 1 | 0 | 1 | 2 | 2 | 5 | 1 | 1 | 2 | 4 | 4 | 5 | 3 | 3 | 3 | 1 | 1 | 2 | 2 | 0 | 2 | 3 | 2 | 1 | 4 | 0 | 0 | 0 | 0 | 0 | 0 | 0 | 1 | 0 | 0 | 1 | 0 | 0 | 1 | 0 | 3 | 2 | 2 | 5 | 3 | 2 | 4 | 9 | 5 | 6 | 10 | 7 | 10 | 4 | 1 | 4 | 2 | 1 | 3 | 3 | 3 | 4 | 4 | 1 | 0 | 3 | 0 | 0 | 0 | 0 | 1 |
 123 | Crisp, David | PRINCETON UNIVERSITY. | 1984 | male | 2 | 14 | 2004 | 5 | 141 | 2017 | 0 | 0 | 0 | 0 | 0 | 2 | 0 | 2 | 1 | 0 | 2 | 2 | 2 | 0 | 0 | 0 | 2 | 1 | 1 | 0 | 0 | 0 | 0 | 0 | 0 | 1 | 0 | 0 | 0 | 0 | 0 | 0 | 0 | 0 | 0 | 0 | 0 | 0 | 1 | 1 | 0 | 0 | 0 | 3 | 0 | 14 | 2 | 0 | 6 | 5 | 5 | 1 | 4 | 3 | 11 | 18 | 8 | 14 | 11 | 5 | 2 | 1 | 2 | 1 | 3 | 6 | 4 | 2 | 0 | 2 | 3 | 2 | 1 | 2 | 0 | 2 |
 127 | Pan, Shing-Kuo | COLUMBIA UNIVERSITY. | 1984 | male | 1 | 2 | 2016 | 1 | 18 | 2017 | 0 | 0 | 0 | 0 | 0 | 1 | 0 | 0 | 0 | 1 | 0 | 0 | 0 | 0 | 0 | 0 | 0 | 0 | 0 | 0 | 0 | 0 | 0 | 0 | 0 | 0 | 0 | 0 | 0 | 0 | 0 | 0 | 0 | 0 | 0 | 0 | 0 | 1 | 0 | 0 | 0 | 0 | 0 | 1 | 0 | 0 | 0 | 1 | 0 | 1 | 0 | 2 | 3 | 0 | 0 | 0 | 1 | 0 | 1 | 0 | 1 | 0 | 0 | 0 | 1 | 1 | 1 | 0 | 0 | 0 | 0 | 0 | 2 | 1 | 0 | 1 |
 134 | Libbrecht, Kenneth George | PRINCETON UNIVERSITY. | 1984 | male | 2 | 15 | 2015 | 3 | 96 | 2015 | 0 | 0 | 0 | 0 | 0 | 2 | 1 | 1 | 0 | 3 | 1 | 4 | 1 | 1 | 0 | 0 | 1 | 0 | 0 | 0 | 0 | 0 | 0 | 0 | 0 | 0 | 1 | 0 | 0 | 0 | 0 | 0 | 0 | 0 | 0 | 0 | 1 | 0 | 0 | 0 | 0 | 0 | 1 | 2 | 3 | 3 | 3 | 5 | 3 | 4 | 4 | 1 | 2 | 1 | 1 | 1 | 0 | 1 | 0 | 0 | 0 | 2 | 1 | 8 | 9 | 3 | 8 | 14 | 3 | 1 | 0 | 0 | 0 | 9 | 6 | 0 |
 135 | Froidevaux, Lucien | CALIFORNIA INSTITUTE OF TECHNOLOGY. | 1984 | male | 6 | 2 | 2006 | 8 | 41 | 2015 | 0 | 2 | 2 | 1 | 0 | 1 | 0 | 0 | 0 | 0 | 1 | 0 | 0 | 0 | 0 | 0 | 0 | 0 | 0 | 0 | 0 | 0 | 0 | 0 | 0 | 0 | 0 | 1 | 0 | 0 | 0 | 0 | 0 | 0 | 0 | 0 | 0 | 0 | 0 | 3 | 3 | 1 | 0 | 1 | 0 | 0 | 0 | 1 | 1 | 0 | 0 | 0 | 8 | 1 | 4 | 6 | 2 | 2 | 0 | 0 | 1 | 0 | 0 | 0 | 2 | 4 | 5 | 0 | 0 | 0 | 0 | 0 | 1 | 1 | 2 | 0 |
 136 | Kare, Jordin T. | UNIVERSITY OF CALIFORNIA, BERKELEY. | 1984 | female | 1 | 1 | 1988 | 1 | 2 | 1989 | 0 | 0 | 0 | 0 | 0 | 1 | 0 | 0 | 0 | 1 | 0 | 0 | 0 | 0 | 0 | 0 | 0 | 0 | 0 | 0 | 0 | 0 | 0 | 0 | 0 | 0 | 0 | 0 | 0 | 0 | 0 | 0 | 0 | 0 | 0 | 0 | 0 | 0 | 0 | 0 | 0 | 0 | 0 | 1 | 0 | 0 | 0 | 1 | 1 | 0 | 0 | 0 | 0 | 0 | 0 | 0 | 0 | 0 | 0 | 0 | 0 | 0 | 0 | 0 | 0 | 0 | 0 | 0 | 0 | 0 | 0 | 0 | 0 | 0 | 0 | 0 |
 138 | Bertschinger, Edmund William | PRINCETON UNIVERSITY. | 1984 | male | 2 | 31 | 2011 | 2 | 82 | 2015 | 0 | 0 | 0 | 0 | 1 | 1 | 6 | 2 | 2 | 4 | 3 | 3 | 1 | 1 | 0 | 3 | 0 | 0 | 0 | 1 | 0 | 0 | 1 | 0 | 0 | 0 | 0 | 2 | 0 | 1 | 0 | 0 | 1 | 0 | 0 | 0 | 0 | 0 | 0 | 0 | 0 | 0 | 1 | 1 | 7 | 2 | 2 | 5 | 5 | 4 | 6 | 1 | 4 | 14 | 1 | 6 | 3 | 3 | 0 | 0 | 2 | 1 | 0 | 2 | 0 | 2 | 1 | 2 | 1 | 4 | 1 | 1 | 0 | 0 | 2 | 0 |
 139 | Gwinn, C. R. | Princeton Univ., NJ. | 1984 | None | 1 | 28 | 2016 | 1 | 71 | 2017 | 0 | 0 | 0 | 0 | 0 | 1 | 0 | 3 | 0 | 2 | 0 | 0 | 1 | 1 | 2 | 3 | 0 | 0 | 2 | 1 | 0 | 1 | 3 | 0 | 0 | 0 | 0 | 2 | 1 | 0 | 0 | 0 | 2 | 2 | 0 | 1 | 0 | 1 | 0 | 0 | 0 | 0 | 0 | 1 | 1 | 6 | 0 | 3 | 0 | 2 | 1 | 2 | 4 | 6 | 1 | 3 | 4 | 3 | 1 | 2 | 4 | 0 | 1 | 1 | 1 | 3 | 2 | 0 | 0 | 0 | 2 | 4 | 3 | 3 | 3 | 3 |
 141 | Schiano, Allen Vincent Rogers | THE UNIVERSITY OF ARIZONA. | 1984 | male | 1 | 5 | 1995 | 2 | 6 | 1995 | 0 | 0 | 0 | 0 | 0 | 1 | 1 | 2 | 0 | 0 | 0 | 1 | 0 | 0 | 0 | 0 | 1 | 0 | 0 | 0 | 0 | 0 | 0 | 0 | 0 | 0 | 0 | 0 | 0 | 0 | 0 | 0 | 0 | 0 | 0 | 0 | 0 | 0 | 0 | 0 | 0 | 1 | 0 | 1 | 1 | 2 | 1 | 0 | 0 | 1 | 0 | 0 | 0 | 0 | 1 | 0 | 0 | 0 | 0 | 0 | 0 | 0 | 0 | 0 | 0 | 0 | 0 | 0 | 0 | 0 | 0 | 0 | 0 | 0 | 0 | 0 |
 153 | Barnes, Joshua Edward | UNIVERSITY OF CALIFORNIA, BERKELEY. | 1984 | male | 4 | 29 | 2016 | 6 | 79 | 2017 | 0 | 0 | 0 | 0 | 1 | 3 | 2 | 2 | 2 | 1 | 2 | 1 | 3 | 3 | 2 | 0 | 0 | 1 | 0 | 1 | 0 | 0 | 1 | 1 | 0 | 1 | 0 | 1 | 0 | 0 | 1 | 0 | 1 | 1 | 0 | 1 | 0 | 1 | 2 | 0 | 0 | 0 | 1 | 3 | 3 | 3 | 3 | 1 | 2 | 2 | 4 | 3 | 2 | 1 | 0 | 3 | 1 | 1 | 0 | 2 | 4 | 1 | 0 | 2 | 1 | 1 | 4 | 3 | 3 | 4 | 1 | 6 | 3 | 8 | 1 | 5 |
