 n |  name |  university |  phd_year |  gender |  fa_n_pubs_pre_phd |  fa_n_pubs_prost_phd |  fa_year_last |  all_n_pubs_pre_phd |  all_n_pubs_prost_phd |  all_year_last |  fa_1994 |  fa_1995 |  fa_1996 |  fa_1997 |  fa_1998 |  fa_1999 |  fa_2000 |  fa_2001 |  fa_2002 |  fa_2003 |  fa_2004 |  fa_2005 |  fa_2006 |  fa_2007 |  fa_2008 |  fa_2009 |  fa_2010 |  fa_2011 |  fa_2012 |  fa_2013 |  fa_2014 |  fa_2015 |  fa_2016 |  all_1994 |  all_1995 |  all_1996 |  all_1997 |  all_1998 |  all_1999 |  all_2000 |  all_2001 |  all_2002 |  all_2003 |  all_2004 |  all_2005 |  all_2006 |  all_2007 |  all_2008 |  all_2009 |  all_2010 |  all_2011 |  all_2012 |  all_2013 |  all_2014 |  all_2015 |  all_2016 | foo
 6 | Kass, David Michael | CALIFORNIA INSTITUTE OF TECHNOLOGY | 1999 | male | 3 | 1 | 2003 | 5 | 35 | 2016 | 0 | 1 | 0 | 0 | 0 | 2 | 0 | 0 | 0 | 1 | 0 | 0 | 0 | 0 | 0 | 0 | 0 | 0 | 0 | 0 | 0 | 0 | 0 | 0 | 1 | 1 | 0 | 1 | 2 | 0 | 1 | 0 | 3 | 0 | 1 | 0 | 1 | 2 | 2 | 5 | 4 | 3 | 2 | 1 | 7 | 3 |
 7 | Levin, Yuri | CALIFORNIA INSTITUTE OF TECHNOLOGY | 1999 | male | 2 | 13 | 2012 | 2 | 122 | 2017 | 0 | 0 | 0 | 0 | 0 | 2 | 0 | 2 | 0 | 1 | 1 | 1 | 2 | 2 | 1 | 0 | 0 | 1 | 2 | 0 | 0 | 0 | 0 | 0 | 0 | 0 | 0 | 0 | 2 | 0 | 3 | 2 | 1 | 2 | 2 | 4 | 2 | 4 | 4 | 4 | 7 | 8 | 4 | 16 | 12 | 34 |
 11 | Trilling, David Eric | THE UNIVERSITY OF ARIZONA | 1999 | male | 4 | 15 | 2016 | 5 | 85 | 2017 | 0 | 0 | 0 | 0 | 2 | 2 | 3 | 1 | 1 | 0 | 0 | 0 | 1 | 2 | 2 | 0 | 2 | 0 | 0 | 0 | 0 | 1 | 2 | 0 | 0 | 0 | 0 | 3 | 2 | 4 | 1 | 2 | 4 | 1 | 7 | 8 | 7 | 5 | 5 | 10 | 8 | 3 | 2 | 7 | 4 | 6 |
 13 | Bullock, James Steven | UNIVERSITY OF CALIFORNIA, SANTA CRUZ | 1999 | male | 3 | 11 | 2010 | 6 | 148 | 2017 | 0 | 0 | 0 | 1 | 0 | 2 | 1 | 4 | 2 | 1 | 0 | 1 | 0 | 1 | 0 | 0 | 1 | 0 | 0 | 0 | 0 | 0 | 0 | 0 | 0 | 0 | 1 | 1 | 4 | 2 | 7 | 6 | 4 | 2 | 4 | 12 | 13 | 12 | 9 | 8 | 12 | 9 | 13 | 14 | 12 | 6 |
 21 | Coker, Robert Francis | THE UNIVERSITY OF ARIZONA | 1999 | male | 4 | 6 | 2007 | 7 | 22 | 2011 | 0 | 0 | 0 | 2 | 0 | 2 | 3 | 1 | 1 | 0 | 0 | 0 | 0 | 1 | 0 | 0 | 0 | 0 | 0 | 0 | 0 | 0 | 0 | 0 | 0 | 1 | 2 | 1 | 3 | 5 | 2 | 2 | 1 | 0 | 2 | 2 | 1 | 1 | 3 | 2 | 1 | 0 | 0 | 0 | 0 | 0 |
 24 | Dolphin, Andrew Eugene | UNIVERSITY OF WASHINGTON | 1999 | male | 3 | 18 | 2016 | 6 | 167 | 2017 | 0 | 0 | 0 | 1 | 1 | 1 | 4 | 3 | 4 | 2 | 1 | 0 | 0 | 0 | 0 | 1 | 0 | 0 | 1 | 1 | 0 | 0 | 1 | 0 | 0 | 0 | 1 | 2 | 3 | 7 | 8 | 10 | 9 | 2 | 1 | 5 | 7 | 6 | 10 | 11 | 13 | 15 | 12 | 15 | 16 | 15 |
 26 | Nishikida, Kaori | THE PENNSYLVANIA STATE UNIVERSITY | 1999 | female | 1 | 1 | 2006 | 1 | 11 | 2006 | 0 | 0 | 0 | 0 | 0 | 1 | 0 | 0 | 0 | 0 | 0 | 0 | 1 | 0 | 0 | 0 | 0 | 0 | 0 | 0 | 0 | 0 | 0 | 0 | 0 | 0 | 0 | 0 | 1 | 1 | 1 | 2 | 0 | 1 | 1 | 5 | 0 | 0 | 0 | 0 | 0 | 0 | 0 | 0 | 0 | 0 |
 30 | Chen, Pin | CALIFORNIA INSTITUTE OF TECHNOLOGY | 1999 | male | 12 | 60 | 2017 | 17 | 169 | 2017 | 2 | 3 | 1 | 1 | 1 | 4 | 4 | 4 | 2 | 5 | 2 | 4 | 8 | 2 | 3 | 2 | 1 | 5 | 4 | 0 | 6 | 2 | 4 | 4 | 3 | 2 | 2 | 1 | 5 | 4 | 5 | 6 | 7 | 4 | 10 | 13 | 10 | 11 | 13 | 7 | 11 | 16 | 7 | 10 | 12 | 15 |
 32 | Showman, Adam Peter | CALIFORNIA INSTITUTE OF TECHNOLOGY | 1999 | male | 5 | 24 | 2016 | 5 | 138 | 2017 | 0 | 0 | 0 | 2 | 1 | 2 | 1 | 1 | 1 | 0 | 2 | 2 | 1 | 1 | 3 | 2 | 1 | 2 | 0 | 4 | 1 | 1 | 1 | 0 | 0 | 0 | 2 | 1 | 2 | 1 | 2 | 2 | 0 | 3 | 8 | 5 | 7 | 10 | 11 | 10 | 8 | 6 | 18 | 18 | 14 | 10 |
 35 | Frye, Brenda Louise | UNIVERSITY OF CALIFORNIA, BERKELEY | 1999 | female | 3 | 4 | 2012 | 6 | 44 | 2017 | 0 | 0 | 0 | 1 | 1 | 1 | 0 | 0 | 1 | 0 | 0 | 0 | 0 | 1 | 1 | 0 | 0 | 0 | 1 | 0 | 0 | 0 | 0 | 0 | 0 | 0 | 2 | 2 | 2 | 1 | 2 | 1 | 0 | 3 | 3 | 2 | 1 | 4 | 1 | 1 | 1 | 1 | 0 | 1 | 9 | 8 |
 37 | Holtmann, Erich Nielsen | UNIVERSITY OF CALIFORNIA, BERKELEY | 1999 | male | 3 | 0 | 1999 | 4 | 1 | 2000 | 0 | 0 | 1 | 0 | 0 | 2 | 0 | 0 | 0 | 0 | 0 | 0 | 0 | 0 | 0 | 0 | 0 | 0 | 0 | 0 | 0 | 0 | 0 | 0 | 0 | 2 | 0 | 0 | 2 | 1 | 0 | 0 | 0 | 0 | 0 | 0 | 0 | 0 | 0 | 0 | 0 | 0 | 0 | 0 | 0 | 0 |
 41 | Gawiser, Eric Joseph | UNIVERSITY OF CALIFORNIA, BERKELEY | 1999 | male | 3 | 6 | 2009 | 3 | 123 | 2017 | 0 | 0 | 0 | 1 | 1 | 1 | 1 | 1 | 0 | 0 | 0 | 0 | 2 | 1 | 0 | 1 | 0 | 0 | 0 | 0 | 0 | 0 | 0 | 0 | 0 | 0 | 1 | 1 | 1 | 4 | 4 | 1 | 5 | 2 | 3 | 12 | 9 | 6 | 10 | 11 | 13 | 9 | 5 | 8 | 8 | 9 |
 43 | Finkbeiner, Douglas Paul | UNIVERSITY OF CALIFORNIA, BERKELEY | 1999 | male | 3 | 16 | 2016 | 5 | 110 | 2017 | 0 | 0 | 0 | 0 | 1 | 2 | 1 | 0 | 1 | 1 | 3 | 0 | 0 | 1 | 2 | 2 | 0 | 1 | 1 | 1 | 0 | 0 | 2 | 0 | 0 | 0 | 0 | 3 | 2 | 1 | 4 | 4 | 10 | 11 | 5 | 8 | 9 | 10 | 9 | 8 | 3 | 5 | 6 | 5 | 4 | 6 |
 47 | Coble, Kimberly Ann | THE UNIVERSITY OF CHICAGO | 1999 | female | 3 | 3 | 2007 | 3 | 12 | 2007 | 0 | 0 | 0 | 1 | 0 | 2 | 1 | 0 | 0 | 1 | 0 | 0 | 0 | 1 | 0 | 0 | 0 | 0 | 0 | 0 | 0 | 0 | 0 | 0 | 0 | 0 | 1 | 0 | 2 | 4 | 2 | 3 | 2 | 0 | 0 | 0 | 1 | 0 | 0 | 0 | 0 | 0 | 0 | 0 | 0 | 0 |
 48 | Fodor, Imola K. | UNIVERSITY OF CALIFORNIA, BERKELEY | 1999 | female | 1 | 0 | 1999 | 2 | 0 | 1999 | 0 | 0 | 0 | 0 | 0 | 1 | 0 | 0 | 0 | 0 | 0 | 0 | 0 | 0 | 0 | 0 | 0 | 0 | 0 | 0 | 0 | 0 | 0 | 0 | 0 | 0 | 0 | 0 | 2 | 0 | 0 | 0 | 0 | 0 | 0 | 0 | 0 | 0 | 0 | 0 | 0 | 0 | 0 | 0 | 0 | 0 |
 49 | Glaccum, William Joseph | THE UNIVERSITY OF CHICAGO | 1999 | male | 2 | 0 | 1999 | 7 | 9 | 2016 | 0 | 0 | 1 | 0 | 0 | 1 | 0 | 0 | 0 | 0 | 0 | 0 | 0 | 0 | 0 | 0 | 0 | 0 | 0 | 0 | 0 | 0 | 0 | 0 | 2 | 2 | 2 | 0 | 1 | 0 | 0 | 0 | 0 | 2 | 2 | 1 | 0 | 1 | 0 | 0 | 0 | 1 | 0 | 0 | 0 | 2 |
 50 | Harmon, Robert Olin, II | THE UNIVERSITY OF CHICAGO | 1999 | male | 1 | 1 | 2000 | 2 | 8 | 2016 | 0 | 0 | 0 | 0 | 0 | 1 | 1 | 0 | 0 | 0 | 0 | 0 | 0 | 0 | 0 | 0 | 0 | 0 | 0 | 0 | 0 | 0 | 0 | 0 | 1 | 0 | 0 | 0 | 1 | 1 | 0 | 0 | 0 | 0 | 1 | 0 | 0 | 0 | 0 | 0 | 1 | 0 | 1 | 0 | 2 | 2 |
 51 | Jogee, Shardha | California Institute of Technology | 1999 | female | 3 | 6 | 2009 | 5 | 72 | 2016 | 0 | 0 | 0 | 0 | 1 | 2 | 0 | 0 | 2 | 0 | 1 | 1 | 1 | 0 | 0 | 1 | 0 | 0 | 0 | 0 | 0 | 0 | 0 | 0 | 1 | 0 | 0 | 1 | 3 | 0 | 1 | 2 | 0 | 9 | 7 | 6 | 2 | 5 | 11 | 2 | 4 | 4 | 6 | 4 | 3 | 6 |
 55 | Kim, Matthew Yongsok | UNIVERSITY OF CALIFORNIA, BERKELEY | 1999 | male | 2 | 6 | 2016 | 11 | 55 | 2017 | 0 | 0 | 0 | 1 | 0 | 1 | 0 | 0 | 0 | 0 | 0 | 1 | 2 | 0 | 1 | 0 | 0 | 1 | 0 | 0 | 0 | 0 | 1 | 0 | 2 | 2 | 2 | 3 | 2 | 1 | 1 | 2 | 1 | 0 | 3 | 3 | 1 | 8 | 1 | 2 | 4 | 2 | 0 | 0 | 2 | 16 |
 57 | Chabot, Nancy Lynne | THE UNIVERSITY OF ARIZONA | 1999 | female | 4 | 18 | 2016 | 5 | 41 | 2016 | 0 | 0 | 0 | 1 | 0 | 3 | 2 | 0 | 0 | 3 | 1 | 1 | 1 | 1 | 1 | 1 | 1 | 1 | 1 | 1 | 1 | 1 | 1 | 0 | 0 | 0 | 1 | 0 | 4 | 2 | 0 | 0 | 3 | 1 | 2 | 1 | 1 | 2 | 5 | 1 | 7 | 1 | 3 | 2 | 6 | 4 |
 58 | Grier, Jennifer Ann | THE UNIVERSITY OF ARIZONA | 1999 | female | 4 | 2 | 2004 | 12 | 7 | 2011 | 0 | 1 | 0 | 1 | 0 | 2 | 0 | 1 | 0 | 0 | 1 | 0 | 0 | 0 | 0 | 0 | 0 | 0 | 0 | 0 | 0 | 0 | 0 | 3 | 4 | 1 | 1 | 1 | 2 | 1 | 1 | 1 | 1 | 1 | 0 | 0 | 0 | 0 | 0 | 0 | 2 | 0 | 0 | 0 | 0 | 0 |
 69 | Cambrésy, Laurent | IPAC / CALTECH 100-22, CA 91125, USA | 1999 | male | 3 | 7 | 2013 | 6 | 31 | 2017 | 0 | 0 | 0 | 0 | 0 | 3 | 0 | 2 | 1 | 0 | 0 | 1 | 1 | 0 | 0 | 0 | 0 | 1 | 0 | 1 | 0 | 0 | 0 | 0 | 0 | 0 | 1 | 1 | 4 | 0 | 4 | 3 | 3 | 2 | 1 | 4 | 0 | 0 | 1 | 6 | 1 | 0 | 1 | 2 | 1 | 0 |
 78 | Gnedin, Oleg Yuri | PRINCETON UNIVERSITY | 1999 | male | 10 | 18 | 2014 | 12 | 64 | 2017 | 0 | 2 | 0 | 3 | 1 | 4 | 1 | 5 | 2 | 2 | 2 | 1 | 0 | 1 | 0 | 1 | 1 | 1 | 0 | 0 | 1 | 0 | 0 | 0 | 2 | 0 | 5 | 1 | 4 | 1 | 7 | 5 | 4 | 7 | 8 | 6 | 5 | 2 | 3 | 3 | 2 | 1 | 2 | 3 | 1 | 1 |
 81 | Greeley, Bradford W. | THE JOHNS HOPKINS UNIVERSITY | 1999 | male | 4 | 0 | 1999 | 5 | 0 | 1999 | 0 | 1 | 0 | 1 | 0 | 2 | 0 | 0 | 0 | 0 | 0 | 0 | 0 | 0 | 0 | 0 | 0 | 0 | 0 | 0 | 0 | 0 | 0 | 0 | 2 | 0 | 1 | 0 | 2 | 0 | 0 | 0 | 0 | 0 | 0 | 0 | 0 | 0 | 0 | 0 | 0 | 0 | 0 | 0 | 0 | 0 |
 82 | Miles, Brian Herndon | THE UNIVERSITY OF ARIZONA | 1999 | male | 1 | 0 | 1999 | 1 | 0 | 1999 | 0 | 0 | 0 | 0 | 0 | 1 | 0 | 0 | 0 | 0 | 0 | 0 | 0 | 0 | 0 | 0 | 0 | 0 | 0 | 0 | 0 | 0 | 0 | 0 | 0 | 0 | 0 | 0 | 1 | 0 | 0 | 0 | 0 | 0 | 0 | 0 | 0 | 0 | 0 | 0 | 0 | 0 | 0 | 0 | 0 | 0 |
 86 | Rhoadarmer, Troy Allen | THE UNIVERSITY OF ARIZONA | 1999 | male | 1 | 0 | 1999 | 4 | 0 | 1999 | 0 | 0 | 0 | 0 | 0 | 1 | 0 | 0 | 0 | 0 | 0 | 0 | 0 | 0 | 0 | 0 | 0 | 0 | 0 | 0 | 0 | 0 | 0 | 0 | 1 | 0 | 1 | 0 | 2 | 0 | 0 | 0 | 0 | 0 | 0 | 0 | 0 | 0 | 0 | 0 | 0 | 0 | 0 | 0 | 0 | 0 |
 88 | Kane, Jave | THE UNIVERSITY OF ARIZONA | 1999 | male | 4 | 3 | 2005 | 7 | 19 | 2009 | 0 | 0 | 0 | 1 | 0 | 3 | 2 | 0 | 0 | 0 | 0 | 1 | 0 | 0 | 0 | 0 | 0 | 0 | 0 | 0 | 0 | 0 | 0 | 0 | 0 | 0 | 3 | 0 | 4 | 6 | 1 | 2 | 0 | 0 | 5 | 1 | 3 | 0 | 1 | 0 | 0 | 0 | 0 | 0 | 0 | 0 |
 89 | Balsano, Richard Joseph | PRINCETON UNIVERSITY | 1999 | male | 1 | 0 | 1999 | 3 | 7 | 2004 | 0 | 0 | 0 | 0 | 0 | 1 | 0 | 0 | 0 | 0 | 0 | 0 | 0 | 0 | 0 | 0 | 0 | 0 | 0 | 0 | 0 | 0 | 0 | 0 | 0 | 0 | 0 | 0 | 3 | 3 | 2 | 1 | 0 | 1 | 0 | 0 | 0 | 0 | 0 | 0 | 0 | 0 | 0 | 0 | 0 | 0 |
 92 | Baker, John Gerard | THE PENNSYLVANIA STATE UNIVERSITY | 1999 | male | 4 | 20 | 2012 | 9 | 58 | 2016 | 0 | 0 | 0 | 2 | 0 | 2 | 3 | 1 | 2 | 1 | 1 | 2 | 3 | 4 | 2 | 0 | 0 | 0 | 1 | 0 | 0 | 0 | 0 | 0 | 0 | 1 | 4 | 1 | 3 | 4 | 1 | 2 | 1 | 2 | 4 | 4 | 9 | 6 | 4 | 8 | 2 | 2 | 5 | 1 | 1 | 2 |
 93 | Tomsick, John Allen | COLUMBIA UNIVERSITY | 1999 | male | 4 | 32 | 2016 | 7 | 209 | 2017 | 0 | 0 | 0 | 0 | 1 | 3 | 2 | 3 | 1 | 3 | 2 | 2 | 2 | 1 | 2 | 3 | 1 | 1 | 2 | 0 | 3 | 2 | 2 | 0 | 0 | 0 | 0 | 3 | 4 | 2 | 6 | 3 | 11 | 7 | 6 | 12 | 7 | 6 | 13 | 7 | 10 | 17 | 16 | 28 | 21 | 26 |
 98 | Green, Kris H. | THE UNIVERSITY OF ARIZONA | 1999 | male | 1 | 0 | 1999 | 1 | 4 | 2014 | 0 | 0 | 0 | 0 | 0 | 1 | 0 | 0 | 0 | 0 | 0 | 0 | 0 | 0 | 0 | 0 | 0 | 0 | 0 | 0 | 0 | 0 | 0 | 0 | 0 | 0 | 0 | 0 | 1 | 0 | 0 | 0 | 2 | 0 | 0 | 0 | 0 | 0 | 0 | 0 | 0 | 0 | 1 | 1 | 0 | 0 |
 102 | Rhodes, Jason Dennis | PRINCETON UNIVERSITY | 1999 | male | 2 | 8 | 2015 | 2 | 97 | 2017 | 0 | 0 | 0 | 0 | 0 | 2 | 1 | 1 | 0 | 0 | 2 | 0 | 0 | 1 | 0 | 0 | 1 | 0 | 1 | 0 | 0 | 1 | 0 | 0 | 0 | 0 | 0 | 0 | 2 | 2 | 1 | 1 | 2 | 4 | 3 | 1 | 17 | 7 | 4 | 10 | 4 | 14 | 9 | 2 | 10 | 3 |
 103 | Szokoly, Gyula Pal | THE JOHNS HOPKINS UNIVERSITY | 1999 | male | 2 | 2 | 2005 | 4 | 103 | 2012 | 0 | 0 | 0 | 0 | 1 | 1 | 0 | 0 | 0 | 0 | 1 | 1 | 0 | 0 | 0 | 0 | 0 | 0 | 0 | 0 | 0 | 0 | 0 | 0 | 0 | 0 | 0 | 1 | 3 | 6 | 14 | 9 | 5 | 9 | 11 | 1 | 3 | 5 | 18 | 8 | 8 | 6 | 0 | 0 | 0 | 0 |
 112 | Wang, Jing | THE JOHNS HOPKINS UNIVERSITY | 1999 | female | 29 | 128 | 2017 | 69 | 658 | 2017 | 7 | 3 | 4 | 5 | 5 | 5 | 5 | 3 | 3 | 5 | 8 | 7 | 6 | 3 | 7 | 6 | 10 | 16 | 11 | 5 | 9 | 11 | 10 | 17 | 10 | 9 | 14 | 10 | 9 | 22 | 26 | 19 | 33 | 18 | 35 | 26 | 28 | 31 | 43 | 54 | 56 | 43 | 37 | 42 | 63 | 49 |
 113 | Turner, Neal James | UNIVERSITY OF CALIFORNIA, SANTA CRUZ | 1999 | male | 6 | 16 | 2014 | 8 | 123 | 2017 | 0 | 0 | 1 | 2 | 0 | 3 | 0 | 1 | 1 | 1 | 1 | 1 | 1 | 2 | 2 | 1 | 1 | 0 | 1 | 0 | 3 | 0 | 0 | 0 | 0 | 1 | 4 | 0 | 3 | 3 | 2 | 2 | 1 | 3 | 3 | 4 | 4 | 8 | 8 | 6 | 17 | 15 | 12 | 11 | 15 | 7 |
 114 | Wolven, Brian Charles | THE JOHNS HOPKINS UNIVERSITY | 1999 | male | 3 | 1 | 2001 | 5 | 19 | 2015 | 0 | 0 | 0 | 1 | 1 | 1 | 0 | 1 | 0 | 0 | 0 | 0 | 0 | 0 | 0 | 0 | 0 | 0 | 0 | 0 | 0 | 0 | 0 | 0 | 1 | 0 | 2 | 1 | 1 | 3 | 3 | 1 | 2 | 4 | 3 | 0 | 0 | 0 | 0 | 1 | 0 | 0 | 1 | 0 | 1 | 0 |
 119 | McPhate, Jason Boyce | THE JOHNS HOPKINS UNIVERSITY | 1999 | male | 2 | 0 | 1999 | 7 | 7 | 2012 | 0 | 0 | 0 | 0 | 0 | 2 | 0 | 0 | 0 | 0 | 0 | 0 | 0 | 0 | 0 | 0 | 0 | 0 | 0 | 0 | 0 | 0 | 0 | 2 | 1 | 0 | 0 | 2 | 2 | 0 | 0 | 1 | 1 | 0 | 0 | 0 | 0 | 0 | 1 | 1 | 2 | 1 | 0 | 0 | 0 | 0 |
 123 | Cole, David Michael | THE UNIVERSITY OF CHICAGO | 1999 | male | 2 | 0 | 1999 | 4 | 14 | 2013 | 0 | 0 | 0 | 1 | 0 | 1 | 0 | 0 | 0 | 0 | 0 | 0 | 0 | 0 | 0 | 0 | 0 | 0 | 0 | 0 | 0 | 0 | 0 | 0 | 0 | 0 | 1 | 1 | 2 | 2 | 0 | 0 | 1 | 3 | 0 | 1 | 0 | 2 | 2 | 1 | 1 | 0 | 1 | 0 | 0 | 0 |
 126 | Kupperman, David Gerson | THE JOHNS HOPKINS UNIVERSITY | 1999 | male | 2 | 0 | 1999 | 3 | 0 | 1999 | 0 | 0 | 0 | 0 | 1 | 1 | 0 | 0 | 0 | 0 | 0 | 0 | 0 | 0 | 0 | 0 | 0 | 0 | 0 | 0 | 0 | 0 | 0 | 0 | 0 | 0 | 0 | 2 | 1 | 0 | 0 | 0 | 0 | 0 | 0 | 0 | 0 | 0 | 0 | 0 | 0 | 0 | 0 | 0 | 0 | 0 |
 128 | Forster, Karl | COLUMBIA UNIVERSITY | 1999 | male | 4 | 1 | 2001 | 7 | 142 | 2017 | 0 | 1 | 1 | 0 | 0 | 2 | 0 | 1 | 0 | 0 | 0 | 0 | 0 | 0 | 0 | 0 | 0 | 0 | 0 | 0 | 0 | 0 | 0 | 0 | 1 | 1 | 2 | 1 | 2 | 0 | 2 | 1 | 0 | 1 | 35 | 6 | 33 | 3 | 3 | 7 | 9 | 7 | 7 | 5 | 10 | 7 |
 129 | Fassnacht, Christopher D. | CALIFORNIA INSTITUTE OF TECHNOLOGY | 1999 | male | 5 | 8 | 2011 | 17 | 105 | 2017 | 0 | 0 | 1 | 0 | 1 | 3 | 0 | 1 | 2 | 0 | 1 | 0 | 2 | 0 | 1 | 0 | 0 | 1 | 0 | 0 | 0 | 0 | 0 | 2 | 1 | 2 | 0 | 5 | 7 | 7 | 4 | 3 | 5 | 4 | 4 | 2 | 7 | 6 | 8 | 5 | 3 | 10 | 10 | 5 | 8 | 6 |
 131 | Umurhan, Orkan Mehmet | COLUMBIA UNIVERSITY | 1999 | male | 2 | 14 | 2017 | 2 | 36 | 2017 | 0 | 0 | 0 | 0 | 1 | 1 | 0 | 0 | 0 | 0 | 1 | 1 | 2 | 2 | 1 | 1 | 2 | 0 | 1 | 0 | 0 | 0 | 2 | 0 | 0 | 0 | 0 | 1 | 1 | 0 | 0 | 0 | 0 | 1 | 1 | 2 | 2 | 3 | 2 | 3 | 0 | 2 | 1 | 1 | 1 | 12 |
 132 | Casti, Alexander Robert Richard | COLUMBIA UNIVERSITY | 1999 | male | 2 | 0 | 1999 | 2 | 0 | 1999 | 0 | 0 | 0 | 0 | 1 | 1 | 0 | 0 | 0 | 0 | 0 | 0 | 0 | 0 | 0 | 0 | 0 | 0 | 0 | 0 | 0 | 0 | 0 | 0 | 0 | 0 | 0 | 1 | 1 | 0 | 0 | 0 | 0 | 0 | 0 | 0 | 0 | 0 | 0 | 0 | 0 | 0 | 0 | 0 | 0 | 0 |
 133 | Wong, Sun | COLUMBIA UNIVERSITY | 1999 | male | 1 | 2 | 2008 | 6 | 7 | 2016 | 0 | 0 | 0 | 0 | 0 | 1 | 0 | 0 | 0 | 0 | 0 | 1 | 0 | 0 | 1 | 0 | 0 | 0 | 0 | 0 | 0 | 0 | 0 | 1 | 2 | 0 | 2 | 0 | 1 | 0 | 0 | 0 | 0 | 0 | 1 | 0 | 1 | 1 | 0 | 0 | 0 | 0 | 0 | 1 | 2 | 1 |
 135 | Slyz, Adrianne | COLUMBIA UNIVERSITY | 1999 | female | 2 | 4 | 2005 | 2 | 46 | 2017 | 0 | 0 | 0 | 0 | 0 | 2 | 0 | 0 | 1 | 2 | 0 | 1 | 0 | 0 | 0 | 0 | 0 | 0 | 0 | 0 | 0 | 0 | 0 | 0 | 0 | 0 | 0 | 0 | 2 | 0 | 1 | 1 | 3 | 3 | 2 | 2 | 1 | 1 | 2 | 2 | 5 | 5 | 2 | 2 | 8 | 4 |
 142 | Maller, Ariyeh Hersl | UNIVERSITY OF CALIFORNIA, SANTA CRUZ | 1999 | None | 2 | 11 | 2009 | 3 | 22 | 2016 | 0 | 0 | 0 | 1 | 0 | 1 | 1 | 1 | 3 | 2 | 1 | 1 | 1 | 0 | 0 | 1 | 0 | 0 | 0 | 0 | 0 | 0 | 0 | 0 | 0 | 0 | 1 | 0 | 2 | 2 | 1 | 3 | 2 | 1 | 1 | 1 | 0 | 1 | 3 | 1 | 2 | 0 | 1 | 2 | 0 | 1 |
 160 | Ushomirsky, Gregory | UNIVERSITY OF CALIFORNIA, BERKELEY | 1999 | male | 1 | 0 | 1999 | 1 | 0 | 1999 | 0 | 0 | 0 | 0 | 0 | 1 | 0 | 0 | 0 | 0 | 0 | 0 | 0 | 0 | 0 | 0 | 0 | 0 | 0 | 0 | 0 | 0 | 0 | 0 | 0 | 0 | 0 | 0 | 1 | 0 | 0 | 0 | 0 | 0 | 0 | 0 | 0 | 0 | 0 | 0 | 0 | 0 | 0 | 0 | 0 | 0 |
 162 | Johnson, Jennifer Anne | UNIVERSITY OF CALIFORNIA, SANTA CRUZ | 1999 | female | 4 | 16 | 2016 | 11 | 164 | 2017 | 0 | 1 | 0 | 0 | 1 | 2 | 0 | 1 | 3 | 0 | 2 | 1 | 1 | 2 | 1 | 0 | 1 | 0 | 0 | 0 | 1 | 1 | 2 | 0 | 4 | 0 | 1 | 3 | 3 | 2 | 1 | 3 | 2 | 7 | 1 | 6 | 6 | 10 | 14 | 17 | 20 | 11 | 11 | 16 | 15 | 15 |
 165 | Grant, Catherine Elizabeth | THE PENNSYLVANIA STATE UNIVERSITY | 1999 | female | 2 | 2 | 2008 | 2 | 15 | 2015 | 0 | 0 | 0 | 0 | 0 | 2 | 0 | 0 | 0 | 0 | 1 | 0 | 0 | 0 | 1 | 0 | 0 | 0 | 0 | 0 | 0 | 0 | 0 | 0 | 0 | 0 | 0 | 0 | 2 | 0 | 1 | 0 | 2 | 1 | 0 | 0 | 0 | 4 | 0 | 1 | 3 | 1 | 0 | 0 | 2 | 0 |
 167 | Linder, Suzanne Michele | THE PENNSYLVANIA STATE UNIVERSITY | 1999 | female | 2 | 3 | 2004 | 4 | 14 | 2009 | 0 | 0 | 0 | 0 | 1 | 1 | 1 | 0 | 0 | 1 | 1 | 0 | 0 | 0 | 0 | 0 | 0 | 0 | 0 | 0 | 0 | 0 | 0 | 1 | 1 | 0 | 0 | 1 | 1 | 1 | 1 | 1 | 3 | 3 | 3 | 1 | 0 | 0 | 1 | 0 | 0 | 0 | 0 | 0 | 0 | 0 |
 171 | Norman, Dara Joscelyne | UNIVERSITY OF WASHINGTON | 1999 | female | 2 | 3 | 2009 | 2 | 12 | 2013 | 0 | 0 | 0 | 0 | 0 | 2 | 1 | 1 | 0 | 0 | 0 | 0 | 0 | 0 | 0 | 1 | 0 | 0 | 0 | 0 | 0 | 0 | 0 | 0 | 0 | 0 | 0 | 0 | 2 | 1 | 4 | 2 | 1 | 1 | 0 | 1 | 0 | 0 | 1 | 0 | 0 | 0 | 1 | 0 | 0 | 0 |
 177 | Head, James Norman | THE UNIVERSITY OF ARIZONA | 1999 | male | 1 | 3 | 2015 | 5 | 15 | 2017 | 0 | 0 | 0 | 0 | 0 | 1 | 0 | 0 | 2 | 0 | 0 | 0 | 0 | 0 | 0 | 0 | 0 | 0 | 0 | 0 | 0 | 1 | 0 | 1 | 0 | 3 | 0 | 0 | 1 | 1 | 1 | 3 | 0 | 0 | 0 | 1 | 1 | 0 | 1 | 0 | 2 | 1 | 1 | 0 | 2 | 0 |
 183 | Panaitescu, Alin-Daniel | THE PENNSYLVANIA STATE UNIVERSITY | 1999 | male | 8 | 33 | 2017 | 9 | 57 | 2017 | 0 | 0 | 0 | 1 | 4 | 3 | 2 | 4 | 1 | 1 | 2 | 2 | 4 | 4 | 3 | 1 | 0 | 2 | 1 | 2 | 2 | 1 | 0 | 0 | 0 | 0 | 2 | 4 | 3 | 5 | 6 | 3 | 3 | 4 | 3 | 6 | 7 | 4 | 2 | 0 | 3 | 3 | 2 | 3 | 1 | 1 |
 184 | Skelton, Brooke Patterson | UNIVERSITY OF WASHINGTON | 1999 | female | 2 | 0 | 1999 | 4 | 0 | 1999 | 0 | 0 | 0 | 0 | 0 | 2 | 0 | 0 | 0 | 0 | 0 | 0 | 0 | 0 | 0 | 0 | 0 | 0 | 0 | 0 | 0 | 0 | 0 | 0 | 0 | 0 | 1 | 0 | 3 | 0 | 0 | 0 | 0 | 0 | 0 | 0 | 0 | 0 | 0 | 0 | 0 | 0 | 0 | 0 | 0 | 0 |
 186 | Blanton, Michael Rogers | PRINCETON UNIVERSITY | 1999 | male | 3 | 20 | 2016 | 3 | 156 | 2017 | 0 | 0 | 0 | 0 | 1 | 2 | 3 | 2 | 0 | 4 | 0 | 3 | 2 | 2 | 1 | 1 | 0 | 1 | 0 | 0 | 0 | 0 | 1 | 0 | 0 | 0 | 0 | 1 | 2 | 3 | 3 | 7 | 11 | 10 | 22 | 13 | 7 | 5 | 5 | 8 | 12 | 11 | 8 | 5 | 16 | 9 |
 187 | Sokoloski, Jennifer Lynn | UNIVERSITY OF CALIFORNIA, BERKELEY | 1999 | female | 3 | 13 | 2013 | 3 | 64 | 2016 | 0 | 0 | 1 | 0 | 0 | 2 | 1 | 1 | 1 | 3 | 0 | 0 | 2 | 0 | 1 | 0 | 1 | 0 | 0 | 3 | 0 | 0 | 0 | 0 | 0 | 1 | 0 | 0 | 2 | 1 | 1 | 2 | 3 | 3 | 3 | 4 | 6 | 6 | 4 | 2 | 3 | 5 | 5 | 5 | 5 | 6 |
 188 | Bouwens, Rychard John | UNIVERSITY OF CALIFORNIA, BERKELEY | 1999 | male | 7 | 32 | 2017 | 9 | 174 | 2017 | 0 | 0 | 1 | 1 | 2 | 3 | 0 | 0 | 1 | 2 | 4 | 1 | 3 | 1 | 1 | 2 | 3 | 2 | 2 | 1 | 2 | 2 | 4 | 0 | 0 | 1 | 1 | 2 | 5 | 1 | 1 | 1 | 8 | 10 | 14 | 11 | 4 | 6 | 8 | 14 | 10 | 16 | 15 | 16 | 12 | 22 |
 189 | Stevens, Daniel Keith | UNIVERSITY OF CALIFORNIA, BERKELEY | 1999 | male | 1 | 0 | 1999 | 1 | 10 | 2015 | 0 | 0 | 0 | 0 | 0 | 1 | 0 | 0 | 0 | 0 | 0 | 0 | 0 | 0 | 0 | 0 | 0 | 0 | 0 | 0 | 0 | 0 | 0 | 0 | 0 | 0 | 0 | 0 | 1 | 0 | 0 | 0 | 0 | 0 | 0 | 0 | 0 | 0 | 0 | 0 | 0 | 0 | 2 | 5 | 3 | 0 |
 200 | Reiss, David J. | UNIVERSITY OF WASHINGTON | 1999 | male | 2 | 11 | 2014 | 8 | 45 | 2016 | 0 | 0 | 0 | 0 | 1 | 1 | 0 | 0 | 0 | 1 | 1 | 1 | 1 | 0 | 0 | 1 | 2 | 2 | 0 | 0 | 2 | 0 | 0 | 0 | 0 | 1 | 1 | 5 | 1 | 2 | 0 | 0 | 1 | 2 | 5 | 3 | 1 | 0 | 2 | 6 | 4 | 4 | 2 | 6 | 3 | 4 |
 202 | Smith, Edgar Osbourn | COLUMBIA UNIVERSITY | 1999 | male | 4 | 0 | 1999 | 5 | 24 | 2016 | 0 | 0 | 1 | 1 | 1 | 1 | 0 | 0 | 0 | 0 | 0 | 0 | 0 | 0 | 0 | 0 | 0 | 0 | 0 | 0 | 0 | 0 | 0 | 0 | 1 | 1 | 1 | 1 | 1 | 0 | 3 | 1 | 2 | 1 | 4 | 1 | 1 | 2 | 2 | 0 | 2 | 2 | 1 | 0 | 0 | 2 |
 210 | Spodek, Joshua David | COLUMBIA UNIVERSITY | 1999 | male | 1 | 0 | 1999 | 1 | 1 | 2001 | 0 | 0 | 0 | 0 | 0 | 1 | 0 | 0 | 0 | 0 | 0 | 0 | 0 | 0 | 0 | 0 | 0 | 0 | 0 | 0 | 0 | 0 | 0 | 0 | 0 | 0 | 0 | 0 | 1 | 0 | 1 | 0 | 0 | 0 | 0 | 0 | 0 | 0 | 0 | 0 | 0 | 0 | 0 | 0 | 0 | 0 |
 211 | Brown, Edward Francis | UNIVERSITY OF CALIFORNIA, BERKELEY | 1999 | male | 4 | 6 | 2009 | 8 | 104 | 2017 | 0 | 0 | 0 | 0 | 3 | 1 | 2 | 0 | 1 | 0 | 1 | 1 | 0 | 0 | 0 | 1 | 0 | 0 | 0 | 0 | 0 | 0 | 0 | 0 | 0 | 0 | 2 | 4 | 2 | 3 | 3 | 5 | 1 | 2 | 3 | 2 | 7 | 6 | 8 | 7 | 13 | 6 | 9 | 11 | 5 | 11 |
 212 | Shi, Fang | THE UNIVERSITY OF CHICAGO | 1999 | female | 1 | 7 | 2016 | 1 | 42 | 2017 | 0 | 0 | 0 | 0 | 0 | 1 | 0 | 1 | 0 | 0 | 1 | 1 | 1 | 1 | 0 | 0 | 0 | 0 | 0 | 0 | 0 | 1 | 1 | 0 | 0 | 0 | 0 | 0 | 1 | 0 | 1 | 0 | 0 | 1 | 1 | 1 | 1 | 2 | 4 | 1 | 4 | 6 | 4 | 4 | 7 | 4 |
 220 | Chen, Xuelei | COLUMBIA UNIVERSITY | 1999 | None | 5 | 40 | 2017 | 11 | 298 | 2017 | 1 | 0 | 0 | 1 | 1 | 2 | 0 | 4 | 1 | 2 | 3 | 1 | 3 | 2 | 2 | 3 | 2 | 5 | 2 | 2 | 1 | 2 | 3 | 2 | 1 | 3 | 1 | 2 | 2 | 2 | 7 | 5 | 5 | 6 | 4 | 8 | 9 | 11 | 20 | 15 | 25 | 17 | 29 | 56 | 38 | 29 |
 223 | Marietta, Evonne Grace | THE UNIVERSITY OF ARIZONA | 1999 | female | 2 | 1 | 2000 | 2 | 1 | 2000 | 0 | 0 | 0 | 1 | 0 | 1 | 1 | 0 | 0 | 0 | 0 | 0 | 0 | 0 | 0 | 0 | 0 | 0 | 0 | 0 | 0 | 0 | 0 | 0 | 0 | 0 | 1 | 0 | 1 | 1 | 0 | 0 | 0 | 0 | 0 | 0 | 0 | 0 | 0 | 0 | 0 | 0 | 0 | 0 | 0 | 0 |
 227 | Weingartner, Joseph C. | PRINCETON UNIVERSITY | 1999 | male | 2 | 10 | 2009 | 6 | 19 | 2016 | 0 | 0 | 0 | 0 | 0 | 2 | 0 | 4 | 1 | 1 | 0 | 0 | 2 | 0 | 1 | 1 | 0 | 0 | 0 | 0 | 0 | 0 | 0 | 1 | 0 | 2 | 1 | 0 | 2 | 0 | 4 | 1 | 2 | 4 | 0 | 3 | 1 | 1 | 2 | 0 | 0 | 0 | 0 | 0 | 0 | 1 |
 232 | Grego, Laura Elizabeth | CALIFORNIA INSTITUTE OF TECHNOLOGY | 1999 | female | 1 | 3 | 2004 | 5 | 12 | 2004 | 0 | 0 | 0 | 0 | 0 | 1 | 1 | 1 | 0 | 0 | 1 | 0 | 0 | 0 | 0 | 0 | 0 | 0 | 0 | 0 | 0 | 0 | 0 | 0 | 0 | 2 | 0 | 2 | 1 | 7 | 2 | 2 | 0 | 1 | 0 | 0 | 0 | 0 | 0 | 0 | 0 | 0 | 0 | 0 | 0 | 0 |
 233 | Henry, Holly Grace | THE PENNSYLVANIA STATE UNIVERSITY | 1999 | female | 1 | 0 | 1999 | 1 | 0 | 1999 | 0 | 0 | 0 | 0 | 0 | 1 | 0 | 0 | 0 | 0 | 0 | 0 | 0 | 0 | 0 | 0 | 0 | 0 | 0 | 0 | 0 | 0 | 0 | 0 | 0 | 0 | 0 | 0 | 1 | 0 | 0 | 0 | 0 | 0 | 0 | 0 | 0 | 0 | 0 | 0 | 0 | 0 | 0 | 0 | 0 | 0 |
 236 | Markoff, Sera Brodie | THE UNIVERSITY OF ARIZONA | 1999 | female | 4 | 16 | 2015 | 6 | 138 | 2017 | 0 | 0 | 0 | 1 | 0 | 3 | 0 | 4 | 0 | 2 | 2 | 3 | 0 | 1 | 1 | 0 | 2 | 0 | 0 | 0 | 0 | 1 | 0 | 0 | 1 | 0 | 1 | 1 | 3 | 1 | 4 | 3 | 5 | 5 | 4 | 1 | 6 | 5 | 5 | 9 | 9 | 12 | 19 | 10 | 21 | 14 |
 238 | Fulbright, Jon Patrick | UNIVERSITY OF CALIFORNIA, SANTA CRUZ | 1999 | male | 2 | 11 | 2010 | 14 | 38 | 2012 | 0 | 0 | 0 | 0 | 0 | 2 | 1 | 1 | 1 | 1 | 3 | 1 | 1 | 1 | 0 | 0 | 1 | 0 | 0 | 0 | 0 | 0 | 0 | 0 | 1 | 3 | 3 | 3 | 4 | 1 | 1 | 1 | 2 | 6 | 1 | 3 | 3 | 3 | 2 | 3 | 11 | 1 | 0 | 0 | 0 | 0 |
 240 | Bryden, Geoffrey | UNIVERSITY OF CALIFORNIA, SANTA CRUZ | 1999 | male | 2 | 5 | 2009 | 2 | 86 | 2017 | 0 | 0 | 0 | 0 | 0 | 2 | 2 | 0 | 0 | 0 | 0 | 0 | 2 | 0 | 0 | 1 | 0 | 0 | 0 | 0 | 0 | 0 | 0 | 0 | 0 | 0 | 0 | 0 | 2 | 4 | 0 | 0 | 0 | 1 | 3 | 7 | 7 | 3 | 7 | 6 | 6 | 8 | 8 | 9 | 5 | 9 |
 249 | Katalinic, Visnja | THE UNIVERSITY OF CHICAGO | 1999 | female | 1 | 0 | 1999 | 2 | 1 | 2000 | 0 | 0 | 0 | 0 | 0 | 1 | 0 | 0 | 0 | 0 | 0 | 0 | 0 | 0 | 0 | 0 | 0 | 0 | 0 | 0 | 0 | 0 | 0 | 0 | 0 | 0 | 0 | 1 | 1 | 1 | 0 | 0 | 0 | 0 | 0 | 0 | 0 | 0 | 0 | 0 | 0 | 0 | 0 | 0 | 0 | 0 |
 250 | Lopez, Robert Edwards | THE UNIVERSITY OF CHICAGO | 1999 | male | 10 | 16 | 2015 | 25 | 133 | 2017 | 2 | 1 | 1 | 1 | 1 | 4 | 1 | 1 | 0 | 1 | 4 | 0 | 0 | 0 | 3 | 1 | 1 | 1 | 1 | 0 | 1 | 1 | 0 | 4 | 4 | 2 | 4 | 6 | 5 | 2 | 2 | 2 | 7 | 5 | 10 | 4 | 3 | 11 | 8 | 10 | 12 | 21 | 3 | 11 | 9 | 9 |
 251 | Monnier, John David | UNIVERSITY OF CALIFORNIA, BERKELEY | 1999 | male | 7 | 24 | 2017 | 10 | 150 | 2017 | 0 | 0 | 0 | 1 | 1 | 5 | 4 | 1 | 3 | 1 | 2 | 2 | 2 | 3 | 1 | 1 | 1 | 1 | 1 | 0 | 0 | 0 | 0 | 0 | 0 | 0 | 3 | 1 | 6 | 10 | 6 | 6 | 4 | 5 | 8 | 8 | 10 | 8 | 13 | 9 | 8 | 17 | 10 | 7 | 5 | 11 |
 253 | Benford, Dominic James | CALIFORNIA INSTITUTE OF TECHNOLOGY | 1999 | male | 3 | 8 | 2016 | 15 | 76 | 2016 | 0 | 0 | 0 | 0 | 1 | 2 | 0 | 0 | 1 | 0 | 3 | 0 | 0 | 1 | 0 | 0 | 2 | 0 | 0 | 0 | 0 | 0 | 1 | 3 | 1 | 2 | 3 | 3 | 3 | 3 | 1 | 3 | 0 | 5 | 3 | 5 | 4 | 3 | 3 | 9 | 7 | 8 | 8 | 8 | 5 | 1 |
 254 | Goldin, Alexey | THE UNIVERSITY OF CHICAGO | 1999 | male | 2 | 3 | 2007 | 3 | 14 | 2016 | 0 | 0 | 0 | 1 | 0 | 1 | 0 | 0 | 1 | 0 | 0 | 0 | 1 | 1 | 0 | 0 | 0 | 0 | 0 | 0 | 0 | 0 | 0 | 0 | 0 | 0 | 2 | 0 | 1 | 1 | 0 | 2 | 0 | 0 | 2 | 3 | 1 | 0 | 2 | 1 | 0 | 0 | 0 | 0 | 0 | 2 |
 260 | Carter, Barbara J. | THE UNIVERSITY OF CHICAGO | 1999 | female | 6 | 4 | 2006 | 13 | 16 | 2017 | 2 | 0 | 2 | 0 | 0 | 2 | 1 | 2 | 0 | 0 | 0 | 0 | 1 | 0 | 0 | 0 | 0 | 0 | 0 | 0 | 0 | 0 | 0 | 5 | 2 | 3 | 1 | 0 | 2 | 1 | 2 | 0 | 0 | 1 | 1 | 4 | 0 | 0 | 2 | 1 | 0 | 0 | 1 | 0 | 0 | 1 |
 261 | Buchalter, Ari | COLUMBIA UNIVERSITY | 1999 | male | 5 | 3 | 2001 | 7 | 4 | 2001 | 0 | 0 | 1 | 1 | 1 | 2 | 1 | 2 | 0 | 0 | 0 | 0 | 0 | 0 | 0 | 0 | 0 | 0 | 0 | 0 | 0 | 0 | 0 | 0 | 1 | 1 | 1 | 1 | 3 | 1 | 3 | 0 | 0 | 0 | 0 | 0 | 0 | 0 | 0 | 0 | 0 | 0 | 0 | 0 | 0 | 0 |
 264 | Holden, Bradford Paul | THE UNIVERSITY OF CHICAGO | 1999 | male | 3 | 12 | 2016 | 10 | 85 | 2017 | 0 | 0 | 0 | 1 | 0 | 2 | 1 | 1 | 1 | 0 | 1 | 2 | 1 | 1 | 0 | 1 | 1 | 0 | 1 | 0 | 0 | 0 | 1 | 0 | 0 | 1 | 3 | 2 | 4 | 7 | 4 | 2 | 1 | 6 | 11 | 8 | 5 | 5 | 6 | 3 | 5 | 4 | 4 | 4 | 5 | 4 |
 265 | Metcalf, Robert Benton | UNIVERSITY OF CALIFORNIA, BERKELEY | 1999 | male | 7 | 17 | 2014 | 7 | 44 | 2017 | 0 | 1 | 1 | 1 | 1 | 3 | 1 | 2 | 2 | 0 | 1 | 2 | 1 | 4 | 0 | 1 | 1 | 0 | 1 | 0 | 1 | 0 | 0 | 0 | 1 | 1 | 1 | 1 | 3 | 1 | 2 | 2 | 1 | 2 | 2 | 2 | 6 | 0 | 2 | 2 | 0 | 1 | 1 | 5 | 8 | 6 |
 267 | Kuo, Chaincy | UNIVERSITY OF CALIFORNIA, BERKELEY | 1999 | None | 2 | 16 | 2015 | 4 | 63 | 2017 | 0 | 1 | 0 | 0 | 0 | 1 | 0 | 0 | 1 | 0 | 2 | 0 | 1 | 1 | 0 | 0 | 0 | 3 | 1 | 2 | 2 | 3 | 0 | 0 | 3 | 0 | 0 | 0 | 1 | 0 | 0 | 1 | 3 | 2 | 1 | 2 | 1 | 2 | 1 | 5 | 6 | 6 | 6 | 9 | 11 | 6 |
 269 | Wu, Katherine Liang-Kai | UNIVERSITY OF CALIFORNIA, SANTA CRUZ | 1999 | female | 6 | 7 | 2008 | 14 | 50 | 2017 | 2 | 2 | 1 | 0 | 0 | 1 | 1 | 1 | 1 | 1 | 0 | 0 | 0 | 0 | 3 | 0 | 0 | 0 | 0 | 0 | 0 | 0 | 0 | 5 | 3 | 2 | 2 | 0 | 2 | 8 | 6 | 4 | 5 | 3 | 6 | 3 | 3 | 5 | 1 | 0 | 0 | 1 | 0 | 1 | 1 | 1 |
 277 | Oppenheimer, Ben R. | CALIFORNIA INSTITUTE OF TECHNOLOGY | 1999 | male | 6 | 7 | 2013 | 11 | 76 | 2017 | 1 | 1 | 0 | 2 | 1 | 1 | 1 | 3 | 0 | 0 | 0 | 0 | 0 | 0 | 1 | 1 | 0 | 0 | 0 | 1 | 0 | 0 | 0 | 1 | 3 | 1 | 2 | 2 | 2 | 3 | 4 | 2 | 1 | 2 | 4 | 4 | 6 | 2 | 2 | 4 | 5 | 3 | 3 | 3 | 12 | 10 |
 279 | Smith, Kendall Shafer, III | UNIVERSITY OF CALIFORNIA, SANTA CRUZ | 1999 | female | 2 | 3 | 2005 | 6 | 70 | 2017 | 0 | 0 | 0 | 0 | 1 | 1 | 0 | 1 | 0 | 1 | 0 | 1 | 0 | 0 | 0 | 0 | 0 | 0 | 0 | 0 | 0 | 0 | 0 | 2 | 0 | 1 | 1 | 1 | 1 | 0 | 1 | 0 | 1 | 3 | 1 | 1 | 0 | 3 | 3 | 4 | 2 | 5 | 12 | 12 | 14 | 5 |
