n | name | university | phd_year | gender | fa_n_pubs_pre_phd | fa_n_pubs_prost_phd | fa_year_last | all_n_pubs_pre_phd | all_n_pubs_prost_phd | all_year_last |  fa_1975 | fa_1976 | fa_1977 | fa_1978 | fa_1979 | fa_1980 | fa_1981 | fa_1982 | fa_1983 | fa_1984 | fa_1985 | fa_1986 | fa_1987 | fa_1988 | fa_1989 | fa_1990 | fa_1991 | fa_1992 | fa_1993 | fa_1994 | fa_1995 | fa_1996 | fa_1997 | fa_1998 | fa_1999 | fa_2000 | fa_2001 | fa_2002 | fa_2003 | fa_2004 | fa_2005 | fa_2006 | fa_2007 | fa_2008 | fa_2009 | fa_2010 | fa_2011 | fa_2012 | fa_2013 | fa_2014 | fa_2015 | fa_2016 |  all_1975 | all_1976 | all_1977 | all_1978 | all_1979 | all_1980 | all_1981 | all_1982 | all_1983 | all_1984 | all_1985 | all_1986 | all_1987 | all_1988 | all_1989 | all_1990 | all_1991 | all_1992 | all_1993 | all_1994 | all_1995 | all_1996 | all_1997 | all_1998 | all_1999 | all_2000 | all_2001 | all_2002 | all_2003 | all_2004 | all_2005 | all_2006 | all_2007 | all_2008 | all_2009 | all_2010 | all_2011 | all_2012 | all_2013 | all_2014 | all_2015 | all_2016 | foo
1 | Barron, E. J. | Miami Univ., Coral Gables, FL. | 1980 | None | 2 | 4 | 1989 | 2 | 6 | 2000 | 0 | 0 | 0 | 0 | 1 | 1 | 0 | 0 | 1 | 1 | 1 | 0 | 0 | 0 | 1 | 0 | 0 | 0 | 0 | 0 | 0 | 0 | 0 | 0 | 0 | 0 | 0 | 0 | 0 | 0 | 0 | 0 | 0 | 0 | 0 | 0 | 0 | 0 | 0 | 0 | 0 | 0 |  0 | 0 | 0 | 0 | 1 | 1 | 1 | 0 | 1 | 1 | 1 | 0 | 0 | 0 | 1 | 0 | 0 | 0 | 0 | 0 | 0 | 0 | 0 | 0 | 0 | 1 | 0 | 0 | 0 | 0 | 0 | 0 | 0 | 0 | 0 | 0 | 0 | 0 | 0 | 0 | 0 | 0 |
2 | Panangaden, Prakash | THE UNIVERSITY OF WISCONSIN - MILWAUKEE. | 1980 | male | 2 | 0 | 1980 | 2 | 4 | 2012 | 0 | 0 | 1 | 0 | 0 | 1 | 0 | 0 | 0 | 0 | 0 | 0 | 0 | 0 | 0 | 0 | 0 | 0 | 0 | 0 | 0 | 0 | 0 | 0 | 0 | 0 | 0 | 0 | 0 | 0 | 0 | 0 | 0 | 0 | 0 | 0 | 0 | 0 | 0 | 0 | 0 | 0 |  0 | 0 | 1 | 0 | 0 | 1 | 0 | 0 | 0 | 1 | 0 | 0 | 0 | 0 | 0 | 0 | 0 | 0 | 0 | 0 | 0 | 0 | 0 | 0 | 0 | 0 | 0 | 0 | 0 | 0 | 0 | 1 | 0 | 0 | 1 | 0 | 0 | 1 | 0 | 0 | 0 | 0 |
3 | Cheung, L. H. | National Aeronautics and Space Administration. Goddard Space Flight Center, Greenbelt, MD. | 1980 | None | 3 | 0 | 1980 | 3 | 4 | 1993 | 0 | 0 | 0 | 1 | 0 | 2 | 0 | 0 | 0 | 0 | 0 | 0 | 0 | 0 | 0 | 0 | 0 | 0 | 0 | 0 | 0 | 0 | 0 | 0 | 0 | 0 | 0 | 0 | 0 | 0 | 0 | 0 | 0 | 0 | 0 | 0 | 0 | 0 | 0 | 0 | 0 | 0 |  0 | 0 | 0 | 1 | 0 | 2 | 0 | 0 | 1 | 2 | 0 | 0 | 0 | 0 | 0 | 0 | 0 | 0 | 1 | 0 | 0 | 0 | 0 | 0 | 0 | 0 | 0 | 0 | 0 | 0 | 0 | 0 | 0 | 0 | 0 | 0 | 0 | 0 | 0 | 0 | 0 | 0 |
4 | Wilson, T. H. | West Virginia University, Morgantown. | 1980 | None | 1 | 1 | 2003 | 1 | 15 | 2016 | 0 | 0 | 0 | 0 | 0 | 1 | 0 | 0 | 0 | 0 | 0 | 0 | 0 | 0 | 0 | 0 | 0 | 0 | 0 | 0 | 0 | 0 | 0 | 0 | 0 | 0 | 0 | 0 | 1 | 0 | 0 | 0 | 0 | 0 | 0 | 0 | 0 | 0 | 0 | 0 | 0 | 0 |  0 | 0 | 0 | 0 | 0 | 1 | 0 | 0 | 0 | 0 | 0 | 0 | 0 | 0 | 0 | 0 | 0 | 0 | 0 | 0 | 0 | 0 | 0 | 1 | 0 | 0 | 0 | 0 | 1 | 0 | 1 | 0 | 1 | 2 | 1 | 2 | 1 | 1 | 1 | 1 | 0 | 2 |
5 | Dykema, Pieter Geer | THE UNIVERSITY OF TEXAS AT AUSTIN. | 1980 | male | 1 | 1 | 1996 | 2 | 3 | 1996 | 0 | 0 | 0 | 0 | 0 | 1 | 0 | 0 | 0 | 0 | 0 | 0 | 0 | 0 | 0 | 0 | 0 | 0 | 0 | 0 | 0 | 1 | 0 | 0 | 0 | 0 | 0 | 0 | 0 | 0 | 0 | 0 | 0 | 0 | 0 | 0 | 0 | 0 | 0 | 0 | 0 | 0 |  0 | 0 | 0 | 1 | 0 | 1 | 0 | 0 | 0 | 0 | 0 | 0 | 0 | 0 | 1 | 0 | 0 | 1 | 0 | 0 | 0 | 1 | 0 | 0 | 0 | 0 | 0 | 0 | 0 | 0 | 0 | 0 | 0 | 0 | 0 | 0 | 0 | 0 | 0 | 0 | 0 | 0 |
6 | Carlson, R. W. | California Univ., San Diego. | 1980 | None | 8 | 38 | 2017 | 23 | 208 | 2017 | 2 | 1 | 0 | 2 | 1 | 2 | 4 | 0 | 1 | 2 | 0 | 0 | 1 | 2 | 0 | 0 | 1 | 1 | 2 | 2 | 2 | 1 | 2 | 0 | 3 | 0 | 1 | 1 | 0 | 0 | 1 | 2 | 1 | 1 | 1 | 0 | 0 | 0 | 0 | 2 | 2 | 1 |  3 | 5 | 1 | 6 | 1 | 7 | 5 | 1 | 2 | 3 | 0 | 0 | 3 | 4 | 5 | 1 | 3 | 2 | 7 | 6 | 9 | 4 | 10 | 8 | 11 | 3 | 12 | 5 | 1 | 3 | 12 | 8 | 10 | 13 | 4 | 8 | 9 | 2 | 2 | 5 | 14 | 9 |
7 | Nastrom, Gregory Dale | UNIVERSITY OF MINNESOTA. | 1980 | male | 6 | 6 | 2004 | 6 | 10 | 2004 | 0 | 1 | 0 | 2 | 0 | 3 | 0 | 1 | 0 | 1 | 1 | 0 | 0 | 0 | 0 | 0 | 0 | 0 | 0 | 0 | 0 | 0 | 1 | 0 | 0 | 0 | 1 | 0 | 0 | 1 | 0 | 0 | 0 | 0 | 0 | 0 | 0 | 0 | 0 | 0 | 0 | 0 |  0 | 1 | 0 | 2 | 0 | 3 | 0 | 2 | 1 | 1 | 1 | 0 | 0 | 1 | 0 | 0 | 0 | 0 | 0 | 0 | 0 | 0 | 1 | 0 | 0 | 0 | 1 | 1 | 0 | 1 | 0 | 0 | 0 | 0 | 0 | 0 | 0 | 0 | 0 | 0 | 0 | 0 |
8 | Watson, Charles Coffey | YALE UNIVERSITY. | 1980 | male | 2 | 11 | 2016 | 4 | 50 | 2016 | 0 | 0 | 0 | 0 | 0 | 2 | 0 | 1 | 0 | 0 | 0 | 0 | 0 | 0 | 0 | 0 | 0 | 0 | 0 | 0 | 0 | 0 | 0 | 0 | 0 | 0 | 0 | 1 | 1 | 1 | 0 | 1 | 1 | 1 | 1 | 1 | 1 | 0 | 0 | 0 | 0 | 1 |  0 | 0 | 0 | 0 | 2 | 2 | 2 | 1 | 0 | 0 | 0 | 0 | 0 | 0 | 0 | 0 | 0 | 0 | 0 | 0 | 0 | 0 | 0 | 0 | 0 | 1 | 1 | 1 | 3 | 5 | 6 | 3 | 6 | 3 | 3 | 2 | 5 | 1 | 3 | 2 | 1 | 1 |
9 | Gennery, D. B. | Stanford Univ., CA. | 1980 | None | 1 | 0 | 1980 | 1 | 1 | 1987 | 0 | 0 | 0 | 0 | 0 | 1 | 0 | 0 | 0 | 0 | 0 | 0 | 0 | 0 | 0 | 0 | 0 | 0 | 0 | 0 | 0 | 0 | 0 | 0 | 0 | 0 | 0 | 0 | 0 | 0 | 0 | 0 | 0 | 0 | 0 | 0 | 0 | 0 | 0 | 0 | 0 | 0 |  0 | 0 | 0 | 0 | 0 | 1 | 0 | 0 | 0 | 0 | 0 | 0 | 1 | 0 | 0 | 0 | 0 | 0 | 0 | 0 | 0 | 0 | 0 | 0 | 0 | 0 | 0 | 0 | 0 | 0 | 0 | 0 | 0 | 0 | 0 | 0 | 0 | 0 | 0 | 0 | 0 | 0 |
10 | Vonfrese, R. R. B. | Purdue University | 1980 | None | 2 | 0 | 1980 | 2 | 0 | 1980 | 0 | 0 | 0 | 0 | 0 | 2 | 0 | 0 | 0 | 0 | 0 | 0 | 0 | 0 | 0 | 0 | 0 | 0 | 0 | 0 | 0 | 0 | 0 | 0 | 0 | 0 | 0 | 0 | 0 | 0 | 0 | 0 | 0 | 0 | 0 | 0 | 0 | 0 | 0 | 0 | 0 | 0 |  0 | 0 | 0 | 0 | 0 | 2 | 0 | 0 | 0 | 0 | 0 | 0 | 0 | 0 | 0 | 0 | 0 | 0 | 0 | 0 | 0 | 0 | 0 | 0 | 0 | 0 | 0 | 0 | 0 | 0 | 0 | 0 | 0 | 0 | 0 | 0 | 0 | 0 | 0 | 0 | 0 | 0 |
11 | Thiessen, R. L. | State University of New York, Albany. | 1980 | None | 1 | 0 | 1980 | 1 | 0 | 1980 | 0 | 0 | 0 | 0 | 0 | 1 | 0 | 0 | 0 | 0 | 0 | 0 | 0 | 0 | 0 | 0 | 0 | 0 | 0 | 0 | 0 | 0 | 0 | 0 | 0 | 0 | 0 | 0 | 0 | 0 | 0 | 0 | 0 | 0 | 0 | 0 | 0 | 0 | 0 | 0 | 0 | 0 |  0 | 0 | 0 | 0 | 0 | 1 | 0 | 0 | 0 | 0 | 0 | 0 | 0 | 0 | 0 | 0 | 0 | 0 | 0 | 0 | 0 | 0 | 0 | 0 | 0 | 0 | 0 | 0 | 0 | 0 | 0 | 0 | 0 | 0 | 0 | 0 | 0 | 0 | 0 | 0 | 0 | 0 |
12 | Kafka, A. L. | State University of New York, Stony Brook. | 1980 | None | 1 | 1 | 1985 | 1 | 1 | 1985 | 0 | 0 | 0 | 0 | 0 | 1 | 0 | 0 | 0 | 0 | 1 | 0 | 0 | 0 | 0 | 0 | 0 | 0 | 0 | 0 | 0 | 0 | 0 | 0 | 0 | 0 | 0 | 0 | 0 | 0 | 0 | 0 | 0 | 0 | 0 | 0 | 0 | 0 | 0 | 0 | 0 | 0 |  0 | 0 | 0 | 0 | 0 | 1 | 0 | 0 | 0 | 0 | 1 | 0 | 0 | 0 | 0 | 0 | 0 | 0 | 0 | 0 | 0 | 0 | 0 | 0 | 0 | 0 | 0 | 0 | 0 | 0 | 0 | 0 | 0 | 0 | 0 | 0 | 0 | 0 | 0 | 0 | 0 | 0 |
13 | Drake, Stephen Alan | UNIVERSITY OF CALIFORNIA, LOS ANGELES. | 1980 | male | 9 | 32 | 2010 | 12 | 80 | 2016 | 0 | 1 | 1 | 0 | 2 | 5 | 2 | 0 | 3 | 3 | 1 | 5 | 4 | 0 | 2 | 1 | 2 | 1 | 1 | 3 | 1 | 0 | 0 | 2 | 0 | 0 | 0 | 0 | 0 | 0 | 0 | 0 | 0 | 0 | 0 | 1 | 0 | 0 | 0 | 0 | 0 | 0 |  0 | 1 | 2 | 0 | 2 | 7 | 2 | 0 | 3 | 3 | 1 | 5 | 5 | 1 | 3 | 1 | 4 | 2 | 3 | 4 | 4 | 6 | 2 | 8 | 2 | 4 | 0 | 2 | 0 | 3 | 3 | 0 | 1 | 0 | 0 | 2 | 0 | 1 | 2 | 0 | 2 | 1 |
14 | Fegley, Melvin Bruce, Jr. | MASSACHUSETTS INSTITUTE OF TECHNOLOGY. | 1980 | male | 1 | 1 | 1981 | 2 | 3 | 1984 | 0 | 0 | 0 | 0 | 0 | 1 | 1 | 0 | 0 | 0 | 0 | 0 | 0 | 0 | 0 | 0 | 0 | 0 | 0 | 0 | 0 | 0 | 0 | 0 | 0 | 0 | 0 | 0 | 0 | 0 | 0 | 0 | 0 | 0 | 0 | 0 | 0 | 0 | 0 | 0 | 0 | 0 |  0 | 1 | 0 | 0 | 0 | 1 | 1 | 1 | 0 | 1 | 0 | 0 | 0 | 0 | 0 | 0 | 0 | 0 | 0 | 0 | 0 | 0 | 0 | 0 | 0 | 0 | 0 | 0 | 0 | 0 | 0 | 0 | 0 | 0 | 0 | 0 | 0 | 0 | 0 | 0 | 0 | 0 |
15 | Christensen, Randy B. | UNIVERSITY OF ILLINOIS AT URBANA-CHAMPAIGN. | 1980 | male | 2 | 3 | 1986 | 6 | 6 | 2007 | 0 | 0 | 1 | 0 | 0 | 1 | 1 | 0 | 0 | 0 | 1 | 1 | 0 | 0 | 0 | 0 | 0 | 0 | 0 | 0 | 0 | 0 | 0 | 0 | 0 | 0 | 0 | 0 | 0 | 0 | 0 | 0 | 0 | 0 | 0 | 0 | 0 | 0 | 0 | 0 | 0 | 0 |  0 | 1 | 1 | 1 | 1 | 2 | 1 | 0 | 0 | 0 | 1 | 1 | 0 | 0 | 0 | 0 | 0 | 1 | 0 | 0 | 0 | 0 | 0 | 0 | 0 | 0 | 0 | 0 | 0 | 1 | 0 | 0 | 1 | 0 | 0 | 0 | 0 | 0 | 0 | 0 | 0 | 0 |
16 | Melcher, Charles Lee | WASHINGTON UNIVERSITY. | 1980 | male | 9 | 6 | 1983 | 10 | 7 | 1983 | 0 | 0 | 1 | 2 | 3 | 3 | 2 | 3 | 1 | 0 | 0 | 0 | 0 | 0 | 0 | 0 | 0 | 0 | 0 | 0 | 0 | 0 | 0 | 0 | 0 | 0 | 0 | 0 | 0 | 0 | 0 | 0 | 0 | 0 | 0 | 0 | 0 | 0 | 0 | 0 | 0 | 0 |  0 | 0 | 1 | 2 | 3 | 4 | 2 | 4 | 1 | 0 | 0 | 0 | 0 | 0 | 0 | 0 | 0 | 0 | 0 | 0 | 0 | 0 | 0 | 0 | 0 | 0 | 0 | 0 | 0 | 0 | 0 | 0 | 0 | 0 | 0 | 0 | 0 | 0 | 0 | 0 | 0 | 0 |
17 | Meyer, Stephen S. | PRINCETON UNIVERSITY. | 1980 | male | 2 | 1 | 1983 | 3 | 134 | 2016 | 0 | 0 | 0 | 0 | 0 | 2 | 0 | 0 | 1 | 0 | 0 | 0 | 0 | 0 | 0 | 0 | 0 | 0 | 0 | 0 | 0 | 0 | 0 | 0 | 0 | 0 | 0 | 0 | 0 | 0 | 0 | 0 | 0 | 0 | 0 | 0 | 0 | 0 | 0 | 0 | 0 | 0 |  0 | 1 | 0 | 0 | 0 | 2 | 0 | 1 | 1 | 0 | 0 | 0 | 0 | 0 | 0 | 2 | 4 | 5 | 0 | 5 | 2 | 3 | 5 | 0 | 0 | 1 | 1 | 0 | 17 | 2 | 1 | 1 | 4 | 1 | 8 | 7 | 14 | 10 | 16 | 9 | 9 | 5 |
18 | Faul, David Duane | UNIVERSITY OF CALIFORNIA, DAVIS. | 1980 | male | 2 | 1 | 1981 | 4 | 1 | 1981 | 0 | 0 | 0 | 0 | 0 | 2 | 1 | 0 | 0 | 0 | 0 | 0 | 0 | 0 | 0 | 0 | 0 | 0 | 0 | 0 | 0 | 0 | 0 | 0 | 0 | 0 | 0 | 0 | 0 | 0 | 0 | 0 | 0 | 0 | 0 | 0 | 0 | 0 | 0 | 0 | 0 | 0 |  0 | 0 | 0 | 0 | 1 | 3 | 1 | 0 | 0 | 0 | 0 | 0 | 0 | 0 | 0 | 0 | 0 | 0 | 0 | 0 | 0 | 0 | 0 | 0 | 0 | 0 | 0 | 0 | 0 | 0 | 0 | 0 | 0 | 0 | 0 | 0 | 0 | 0 | 0 | 0 | 0 | 0 |
19 | Kandrup, Henry Emil | THE UNIVERSITY OF CHICAGO. | 1980 | male | 2 | 102 | 2005 | 3 | 126 | 2005 | 0 | 0 | 0 | 0 | 0 | 2 | 3 | 2 | 6 | 6 | 3 | 6 | 2 | 8 | 8 | 6 | 6 | 4 | 5 | 7 | 5 | 0 | 3 | 7 | 1 | 1 | 2 | 3 | 5 | 2 | 1 | 0 | 0 | 0 | 0 | 0 | 0 | 0 | 0 | 0 | 0 | 0 |  0 | 0 | 0 | 0 | 0 | 3 | 3 | 2 | 6 | 6 | 4 | 7 | 3 | 8 | 9 | 6 | 6 | 5 | 5 | 8 | 7 | 3 | 5 | 11 | 2 | 2 | 2 | 4 | 6 | 4 | 2 | 0 | 0 | 0 | 0 | 0 | 0 | 0 | 0 | 0 | 0 | 0 |
20 | Durrance, Samuel Thornton | UNIVERSITY OF COLORADO AT BOULDER. | 1980 | male | 4 | 6 | 1995 | 4 | 44 | 2010 | 0 | 0 | 0 | 0 | 1 | 3 | 2 | 2 | 1 | 0 | 0 | 0 | 0 | 0 | 0 | 0 | 0 | 0 | 0 | 0 | 1 | 0 | 0 | 0 | 0 | 0 | 0 | 0 | 0 | 0 | 0 | 0 | 0 | 0 | 0 | 0 | 0 | 0 | 0 | 0 | 0 | 0 |  0 | 0 | 0 | 0 | 1 | 3 | 2 | 2 | 3 | 1 | 2 | 2 | 0 | 0 | 0 | 0 | 6 | 5 | 7 | 3 | 4 | 0 | 2 | 0 | 0 | 1 | 1 | 0 | 0 | 0 | 0 | 0 | 0 | 1 | 0 | 2 | 0 | 0 | 0 | 0 | 0 | 0 |
21 | Clark, Robert Edward Holmes | THE PENNSYLVANIA STATE UNIVERSITY. | 1980 | male | 3 | 9 | 1997 | 8 | 45 | 2017 | 0 | 0 | 0 | 1 | 0 | 2 | 0 | 2 | 0 | 0 | 0 | 1 | 1 | 0 | 0 | 1 | 2 | 0 | 0 | 0 | 0 | 0 | 2 | 0 | 0 | 0 | 0 | 0 | 0 | 0 | 0 | 0 | 0 | 0 | 0 | 0 | 0 | 0 | 0 | 0 | 0 | 0 |  0 | 0 | 1 | 2 | 0 | 5 | 2 | 4 | 3 | 2 | 3 | 3 | 2 | 0 | 2 | 1 | 2 | 0 | 2 | 1 | 0 | 1 | 4 | 2 | 2 | 0 | 0 | 0 | 0 | 1 | 1 | 1 | 1 | 2 | 1 | 0 | 1 | 0 | 0 | 0 | 0 | 0 |
22 | Kan, Lain-Chyh | UNIVERSITY OF ALABAMA IN HUNTSVILLE. | 1980 | male | 1 | 0 | 1980 | 1 | 1 | 1981 | 0 | 0 | 0 | 0 | 0 | 1 | 0 | 0 | 0 | 0 | 0 | 0 | 0 | 0 | 0 | 0 | 0 | 0 | 0 | 0 | 0 | 0 | 0 | 0 | 0 | 0 | 0 | 0 | 0 | 0 | 0 | 0 | 0 | 0 | 0 | 0 | 0 | 0 | 0 | 0 | 0 | 0 |  0 | 0 | 0 | 0 | 0 | 1 | 1 | 0 | 0 | 0 | 0 | 0 | 0 | 0 | 0 | 0 | 0 | 0 | 0 | 0 | 0 | 0 | 0 | 0 | 0 | 0 | 0 | 0 | 0 | 0 | 0 | 0 | 0 | 0 | 0 | 0 | 0 | 0 | 0 | 0 | 0 | 0 |
23 | Hohlfeld, Robert Grant | CORNELL UNIVERSITY. | 1980 | male | 4 | 1 | 1981 | 5 | 2 | 2013 | 0 | 1 | 1 | 0 | 0 | 2 | 1 | 0 | 0 | 0 | 0 | 0 | 0 | 0 | 0 | 0 | 0 | 0 | 0 | 0 | 0 | 0 | 0 | 0 | 0 | 0 | 0 | 0 | 0 | 0 | 0 | 0 | 0 | 0 | 0 | 0 | 0 | 0 | 0 | 0 | 0 | 0 |  0 | 1 | 1 | 1 | 0 | 2 | 1 | 0 | 0 | 0 | 0 | 0 | 0 | 0 | 0 | 0 | 0 | 0 | 0 | 0 | 0 | 0 | 0 | 0 | 0 | 0 | 0 | 0 | 0 | 0 | 0 | 0 | 0 | 0 | 0 | 0 | 0 | 0 | 1 | 0 | 0 | 0 |
24 | Cappallo, Roger James | MASSACHUSETTS INSTITUTE OF TECHNOLOGY. | 1980 | male | 1 | 4 | 1982 | 2 | 86 | 2017 | 0 | 0 | 0 | 0 | 0 | 1 | 2 | 2 | 0 | 0 | 0 | 0 | 0 | 0 | 0 | 0 | 0 | 0 | 0 | 0 | 0 | 0 | 0 | 0 | 0 | 0 | 0 | 0 | 0 | 0 | 0 | 0 | 0 | 0 | 0 | 0 | 0 | 0 | 0 | 0 | 0 | 0 |  0 | 1 | 0 | 0 | 0 | 1 | 2 | 3 | 1 | 1 | 2 | 1 | 0 | 0 | 2 | 1 | 0 | 0 | 0 | 0 | 0 | 2 | 0 | 0 | 0 | 0 | 1 | 0 | 0 | 0 | 0 | 1 | 2 | 2 | 1 | 2 | 1 | 1 | 10 | 6 | 25 | 16 |
25 | McNutt, Ralph Leroy, Jr. | MASSACHUSETTS INSTITUTE OF TECHNOLOGY. | 1980 | male | 2 | 21 | 2011 | 4 | 127 | 2017 | 0 | 0 | 0 | 0 | 1 | 1 | 1 | 0 | 1 | 0 | 0 | 0 | 3 | 0 | 2 | 1 | 0 | 0 | 2 | 0 | 2 | 1 | 0 | 1 | 1 | 0 | 0 | 0 | 0 | 2 | 0 | 0 | 1 | 1 | 1 | 0 | 1 | 0 | 0 | 0 | 0 | 0 |  0 | 0 | 0 | 0 | 2 | 2 | 1 | 1 | 3 | 0 | 1 | 1 | 5 | 1 | 3 | 2 | 2 | 1 | 5 | 2 | 7 | 1 | 1 | 1 | 5 | 3 | 3 | 0 | 0 | 4 | 3 | 2 | 3 | 7 | 11 | 8 | 12 | 1 | 3 | 5 | 7 | 10 |
26 | Baliunas, Sallie Louise | HARVARD UNIVERSITY. | 1980 | female | 6 | 27 | 2006 | 10 | 105 | 2017 | 1 | 1 | 0 | 0 | 2 | 2 | 1 | 1 | 3 | 5 | 3 | 3 | 0 | 0 | 0 | 1 | 0 | 0 | 0 | 0 | 2 | 2 | 2 | 1 | 0 | 0 | 0 | 0 | 1 | 1 | 0 | 1 | 0 | 0 | 0 | 0 | 0 | 0 | 0 | 0 | 0 | 0 |  1 | 1 | 2 | 0 | 3 | 3 | 2 | 1 | 5 | 10 | 4 | 7 | 7 | 1 | 1 | 3 | 2 | 5 | 2 | 3 | 5 | 9 | 8 | 3 | 2 | 4 | 1 | 1 | 3 | 4 | 0 | 4 | 2 | 1 | 1 | 2 | 0 | 0 | 0 | 0 | 0 | 1 |
27 | Giuliani, John Lawrence, Jr. | YALE UNIVERSITY. | 1980 | male | 1 | 1 | 1981 | 1 | 2 | 1983 | 0 | 0 | 0 | 0 | 0 | 1 | 1 | 0 | 0 | 0 | 0 | 0 | 0 | 0 | 0 | 0 | 0 | 0 | 0 | 0 | 0 | 0 | 0 | 0 | 0 | 0 | 0 | 0 | 0 | 0 | 0 | 0 | 0 | 0 | 0 | 0 | 0 | 0 | 0 | 0 | 0 | 0 |  0 | 0 | 0 | 0 | 0 | 1 | 1 | 0 | 1 | 0 | 0 | 0 | 0 | 0 | 0 | 0 | 0 | 0 | 0 | 0 | 0 | 0 | 0 | 0 | 0 | 0 | 0 | 0 | 0 | 0 | 0 | 0 | 0 | 0 | 0 | 0 | 0 | 0 | 0 | 0 | 0 | 0 |
28 | Hoessel, John Greg | CALIFORNIA INSTITUTE OF TECHNOLOGY. | 1980 | male | 5 | 14 | 1998 | 8 | 134 | 2009 | 0 | 0 | 0 | 0 | 1 | 4 | 0 | 1 | 3 | 1 | 3 | 1 | 1 | 1 | 0 | 1 | 0 | 0 | 0 | 0 | 0 | 0 | 0 | 2 | 0 | 0 | 0 | 0 | 0 | 0 | 0 | 0 | 0 | 0 | 0 | 0 | 0 | 0 | 0 | 0 | 0 | 0 |  0 | 0 | 2 | 0 | 2 | 4 | 1 | 1 | 5 | 1 | 3 | 3 | 4 | 3 | 4 | 3 | 4 | 2 | 0 | 8 | 7 | 19 | 11 | 26 | 17 | 4 | 1 | 1 | 2 | 2 | 0 | 1 | 0 | 0 | 1 | 0 | 0 | 0 | 0 | 0 | 0 | 0 |
29 | Junkkarinen, Vesa Tapio | UNIVERSITY OF CALIFORNIA, SAN DIEGO. | 1980 | male | 1 | 10 | 2004 | 8 | 45 | 2012 | 0 | 0 | 0 | 0 | 0 | 1 | 0 | 1 | 2 | 1 | 0 | 0 | 1 | 0 | 0 | 1 | 1 | 1 | 0 | 0 | 0 | 0 | 0 | 0 | 0 | 0 | 1 | 0 | 0 | 1 | 0 | 0 | 0 | 0 | 0 | 0 | 0 | 0 | 0 | 0 | 0 | 0 |  0 | 0 | 1 | 1 | 2 | 4 | 0 | 1 | 2 | 1 | 3 | 0 | 2 | 0 | 3 | 2 | 4 | 4 | 2 | 2 | 3 | 2 | 4 | 1 | 1 | 0 | 2 | 1 | 0 | 2 | 1 | 0 | 1 | 0 | 0 | 0 | 0 | 1 | 0 | 0 | 0 | 0 |
30 | Karpen, Judith Tobi | UNIVERSITY OF MARYLAND COLLEGE PARK. | 1980 | female | 5 | 26 | 2017 | 6 | 58 | 2017 | 0 | 0 | 1 | 1 | 2 | 1 | 0 | 2 | 0 | 1 | 0 | 2 | 2 | 1 | 3 | 1 | 1 | 0 | 1 | 1 | 1 | 1 | 0 | 1 | 0 | 0 | 1 | 0 | 1 | 0 | 1 | 1 | 0 | 1 | 0 | 1 | 0 | 1 | 0 | 0 | 0 | 0 |  0 | 0 | 1 | 1 | 2 | 2 | 0 | 4 | 0 | 2 | 0 | 2 | 3 | 2 | 4 | 1 | 1 | 0 | 1 | 3 | 2 | 1 | 1 | 1 | 1 | 1 | 1 | 1 | 3 | 0 | 1 | 2 | 1 | 1 | 0 | 2 | 0 | 5 | 1 | 2 | 1 | 4 |
31 | McCarthy, John Francis | CORNELL UNIVERSITY. | 1980 | male | 7 | 2 | 2008 | 14 | 18 | 2011 | 1 | 1 | 0 | 1 | 1 | 3 | 0 | 0 | 0 | 0 | 0 | 0 | 0 | 0 | 0 | 0 | 1 | 0 | 0 | 0 | 0 | 0 | 0 | 0 | 0 | 0 | 0 | 0 | 0 | 0 | 0 | 0 | 0 | 1 | 0 | 0 | 0 | 0 | 0 | 0 | 0 | 0 |  1 | 1 | 0 | 3 | 2 | 7 | 2 | 0 | 1 | 0 | 0 | 0 | 0 | 0 | 0 | 0 | 1 | 1 | 2 | 2 | 1 | 2 | 0 | 0 | 2 | 1 | 0 | 0 | 0 | 1 | 0 | 0 | 0 | 1 | 0 | 0 | 1 | 0 | 0 | 0 | 0 | 0 |
32 | Nordmann, J. C. | Cornell Univ., Ithaca, NY. | 1980 | None | 2 | 0 | 1980 | 4 | 0 | 1980 | 0 | 0 | 1 | 0 | 0 | 1 | 0 | 0 | 0 | 0 | 0 | 0 | 0 | 0 | 0 | 0 | 0 | 0 | 0 | 0 | 0 | 0 | 0 | 0 | 0 | 0 | 0 | 0 | 0 | 0 | 0 | 0 | 0 | 0 | 0 | 0 | 0 | 0 | 0 | 0 | 0 | 0 |  1 | 0 | 2 | 0 | 0 | 1 | 0 | 0 | 0 | 0 | 0 | 0 | 0 | 0 | 0 | 0 | 0 | 0 | 0 | 0 | 0 | 0 | 0 | 0 | 0 | 0 | 0 | 0 | 0 | 0 | 0 | 0 | 0 | 0 | 0 | 0 | 0 | 0 | 0 | 0 | 0 | 0 |
33 | Dennis, N. G. | Alabama Univ., Huntsville. | 1980 | None | 1 | 0 | 1980 | 1 | 1 | 2012 | 0 | 0 | 0 | 0 | 0 | 1 | 0 | 0 | 0 | 0 | 0 | 0 | 0 | 0 | 0 | 0 | 0 | 0 | 0 | 0 | 0 | 0 | 0 | 0 | 0 | 0 | 0 | 0 | 0 | 0 | 0 | 0 | 0 | 0 | 0 | 0 | 0 | 0 | 0 | 0 | 0 | 0 |  0 | 0 | 0 | 0 | 0 | 1 | 0 | 0 | 0 | 0 | 0 | 0 | 0 | 0 | 0 | 0 | 0 | 0 | 0 | 0 | 0 | 0 | 0 | 0 | 0 | 0 | 0 | 0 | 0 | 0 | 0 | 0 | 0 | 0 | 0 | 0 | 0 | 1 | 0 | 0 | 0 | 0 |
34 | Hrivnak, Bruce John | UNIVERSITY OF PENNSYLVANIA. | 1980 | male | 1 | 39 | 2015 | 2 | 94 | 2016 | 0 | 0 | 0 | 0 | 0 | 1 | 0 | 1 | 0 | 2 | 2 | 1 | 0 | 2 | 4 | 0 | 2 | 0 | 0 | 1 | 2 | 0 | 0 | 1 | 3 | 1 | 2 | 0 | 1 | 0 | 1 | 2 | 1 | 2 | 1 | 1 | 1 | 1 | 2 | 0 | 2 | 0 |  0 | 0 | 0 | 0 | 0 | 2 | 3 | 1 | 0 | 4 | 6 | 3 | 3 | 3 | 5 | 3 | 2 | 2 | 2 | 2 | 3 | 1 | 0 | 4 | 9 | 2 | 3 | 3 | 2 | 1 | 2 | 4 | 3 | 3 | 2 | 2 | 3 | 2 | 2 | 1 | 2 | 1 |
35 | Wagner, J. K. | Pittsburgh Univ., PA. | 1980 | None | 3 | 8 | 2017 | 6 | 17 | 2017 | 0 | 0 | 0 | 0 | 1 | 2 | 0 | 1 | 1 | 0 | 0 | 0 | 1 | 0 | 1 | 0 | 0 | 0 | 0 | 0 | 0 | 0 | 0 | 0 | 0 | 0 | 0 | 0 | 0 | 0 | 0 | 0 | 0 | 0 | 0 | 0 | 0 | 0 | 1 | 0 | 1 | 1 |  0 | 0 | 0 | 2 | 2 | 2 | 0 | 1 | 1 | 1 | 0 | 0 | 1 | 0 | 1 | 0 | 1 | 0 | 0 | 0 | 0 | 0 | 0 | 0 | 0 | 0 | 0 | 0 | 0 | 0 | 0 | 0 | 0 | 1 | 1 | 2 | 0 | 1 | 1 | 0 | 2 | 1 |
36 | McKee, John David | UNIVERSITY OF MARYLAND COLLEGE PARK. | 1980 | male | 3 | 0 | 1980 | 8 | 10 | 2017 | 0 | 0 | 0 | 0 | 0 | 3 | 0 | 0 | 0 | 0 | 0 | 0 | 0 | 0 | 0 | 0 | 0 | 0 | 0 | 0 | 0 | 0 | 0 | 0 | 0 | 0 | 0 | 0 | 0 | 0 | 0 | 0 | 0 | 0 | 0 | 0 | 0 | 0 | 0 | 0 | 0 | 0 |  0 | 0 | 1 | 1 | 2 | 4 | 1 | 0 | 0 | 0 | 0 | 0 | 0 | 0 | 0 | 0 | 0 | 0 | 0 | 0 | 0 | 0 | 0 | 0 | 0 | 0 | 0 | 0 | 0 | 0 | 0 | 0 | 0 | 0 | 0 | 0 | 0 | 0 | 0 | 0 | 0 | 7 |
37 | Romanishin, William | THE UNIVERSITY OF ARIZONA. | 1980 | male | 2 | 23 | 2013 | 10 | 66 | 2016 | 0 | 0 | 0 | 0 | 0 | 2 | 0 | 2 | 2 | 2 | 1 | 2 | 2 | 1 | 1 | 1 | 0 | 1 | 0 | 0 | 1 | 0 | 1 | 0 | 1 | 0 | 1 | 0 | 0 | 0 | 1 | 0 | 1 | 0 | 0 | 1 | 0 | 0 | 1 | 0 | 0 | 0 |  0 | 1 | 0 | 2 | 4 | 3 | 2 | 4 | 2 | 3 | 3 | 5 | 2 | 2 | 2 | 1 | 2 | 1 | 0 | 1 | 4 | 2 | 5 | 2 | 1 | 1 | 2 | 1 | 3 | 0 | 3 | 0 | 2 | 3 | 2 | 2 | 0 | 1 | 1 | 0 | 0 | 1 |
38 | Twarog, Bruce Anthony | YALE UNIVERSITY. | 1980 | male | 4 | 24 | 2015 | 6 | 68 | 2016 | 0 | 0 | 0 | 1 | 0 | 3 | 2 | 1 | 1 | 1 | 1 | 0 | 1 | 0 | 1 | 0 | 1 | 0 | 1 | 1 | 2 | 2 | 1 | 0 | 1 | 0 | 0 | 1 | 1 | 0 | 0 | 1 | 1 | 0 | 1 | 0 | 1 | 0 | 0 | 0 | 1 | 0 |  0 | 0 | 1 | 1 | 1 | 3 | 3 | 1 | 3 | 1 | 2 | 0 | 3 | 2 | 3 | 1 | 3 | 3 | 1 | 4 | 3 | 2 | 1 | 1 | 1 | 3 | 1 | 2 | 1 | 1 | 1 | 3 | 2 | 0 | 2 | 1 | 3 | 2 | 1 | 2 | 3 | 2 |
39 | Vishniac, Ethan Tecumseh | HARVARD UNIVERSITY. | 1980 | male | 2 | 43 | 2016 | 5 | 126 | 2017 | 0 | 0 | 0 | 1 | 0 | 1 | 0 | 3 | 3 | 0 | 2 | 0 | 3 | 0 | 3 | 2 | 2 | 1 | 1 | 1 | 4 | 2 | 3 | 0 | 2 | 0 | 1 | 0 | 1 | 0 | 0 | 0 | 1 | 2 | 1 | 0 | 0 | 0 | 0 | 4 | 0 | 1 |  0 | 0 | 0 | 1 | 1 | 3 | 0 | 3 | 3 | 0 | 3 | 2 | 5 | 4 | 9 | 6 | 9 | 7 | 7 | 5 | 6 | 5 | 6 | 0 | 4 | 3 | 1 | 2 | 3 | 4 | 0 | 4 | 1 | 3 | 3 | 2 | 3 | 3 | 1 | 4 | 3 | 1 |
40 | Sauls, J. A. | State University of New York, Stony Brook. | 1980 | None | 2 | 2 | 1982 | 3 | 5 | 1988 | 0 | 0 | 0 | 1 | 0 | 1 | 1 | 1 | 0 | 0 | 0 | 0 | 0 | 0 | 0 | 0 | 0 | 0 | 0 | 0 | 0 | 0 | 0 | 0 | 0 | 0 | 0 | 0 | 0 | 0 | 0 | 0 | 0 | 0 | 0 | 0 | 0 | 0 | 0 | 0 | 0 | 0 |  0 | 0 | 0 | 1 | 0 | 2 | 1 | 1 | 0 | 2 | 0 | 0 | 0 | 1 | 0 | 0 | 0 | 0 | 0 | 0 | 0 | 0 | 0 | 0 | 0 | 0 | 0 | 0 | 0 | 0 | 0 | 0 | 0 | 0 | 0 | 0 | 0 | 0 | 0 | 0 | 0 | 0 |
41 | Topka, Kenneth Paul | HARVARD UNIVERSITY. | 1980 | male | 2 | 5 | 1997 | 9 | 23 | 1997 | 0 | 0 | 0 | 0 | 1 | 1 | 0 | 2 | 0 | 0 | 0 | 1 | 0 | 0 | 0 | 0 | 0 | 1 | 0 | 0 | 0 | 0 | 1 | 0 | 0 | 0 | 0 | 0 | 0 | 0 | 0 | 0 | 0 | 0 | 0 | 0 | 0 | 0 | 0 | 0 | 0 | 0 |  0 | 0 | 2 | 2 | 4 | 1 | 2 | 3 | 0 | 0 | 0 | 2 | 3 | 4 | 2 | 1 | 1 | 2 | 2 | 0 | 0 | 0 | 1 | 0 | 0 | 0 | 0 | 0 | 0 | 0 | 0 | 0 | 0 | 0 | 0 | 0 | 0 | 0 | 0 | 0 | 0 | 0 |
42 | Zimmermann, Mark Edward | CALIFORNIA INSTITUTE OF TECHNOLOGY. | 1980 | male | 4 | 0 | 1980 | 6 | 3 | 2004 | 0 | 0 | 0 | 1 | 1 | 2 | 0 | 0 | 0 | 0 | 0 | 0 | 0 | 0 | 0 | 0 | 0 | 0 | 0 | 0 | 0 | 0 | 0 | 0 | 0 | 0 | 0 | 0 | 0 | 0 | 0 | 0 | 0 | 0 | 0 | 0 | 0 | 0 | 0 | 0 | 0 | 0 |  0 | 0 | 0 | 2 | 1 | 3 | 0 | 0 | 0 | 0 | 0 | 0 | 0 | 0 | 1 | 0 | 0 | 0 | 0 | 0 | 1 | 0 | 0 | 0 | 0 | 0 | 0 | 0 | 0 | 1 | 0 | 0 | 0 | 0 | 0 | 0 | 0 | 0 | 0 | 0 | 0 | 0 |
43 | Parish, J. L. | Iowa Univ., Iowa City. | 1980 | None | 2 | 4 | 1987 | 3 | 5 | 1987 | 0 | 0 | 0 | 0 | 0 | 2 | 0 | 0 | 1 | 1 | 1 | 0 | 1 | 0 | 0 | 0 | 0 | 0 | 0 | 0 | 0 | 0 | 0 | 0 | 0 | 0 | 0 | 0 | 0 | 0 | 0 | 0 | 0 | 0 | 0 | 0 | 0 | 0 | 0 | 0 | 0 | 0 |  0 | 0 | 0 | 0 | 1 | 2 | 0 | 0 | 1 | 1 | 2 | 0 | 1 | 0 | 0 | 0 | 0 | 0 | 0 | 0 | 0 | 0 | 0 | 0 | 0 | 0 | 0 | 0 | 0 | 0 | 0 | 0 | 0 | 0 | 0 | 0 | 0 | 0 | 0 | 0 | 0 | 0 |
44 | Cheung, Cynthia Yan-Oi. | UNIVERSITY OF MARYLAND COLLEGE PARK. | 1980 | female | 1 | 1 | 2000 | 1 | 1 | 2000 | 0 | 0 | 0 | 0 | 0 | 1 | 0 | 0 | 0 | 0 | 0 | 0 | 0 | 0 | 0 | 0 | 0 | 0 | 0 | 0 | 0 | 0 | 0 | 0 | 0 | 1 | 0 | 0 | 0 | 0 | 0 | 0 | 0 | 0 | 0 | 0 | 0 | 0 | 0 | 0 | 0 | 0 |  0 | 0 | 0 | 0 | 0 | 1 | 0 | 0 | 0 | 0 | 0 | 0 | 0 | 0 | 0 | 0 | 0 | 0 | 0 | 0 | 0 | 0 | 0 | 0 | 0 | 1 | 0 | 0 | 0 | 0 | 0 | 0 | 0 | 0 | 0 | 0 | 0 | 0 | 0 | 0 | 0 | 0 |
45 | Feldt, Andrew Neil | THE UNIVERSITY OF OKLAHOMA. | 1980 | male | 3 | 0 | 1980 | 3 | 0 | 1980 | 0 | 0 | 1 | 0 | 0 | 2 | 0 | 0 | 0 | 0 | 0 | 0 | 0 | 0 | 0 | 0 | 0 | 0 | 0 | 0 | 0 | 0 | 0 | 0 | 0 | 0 | 0 | 0 | 0 | 0 | 0 | 0 | 0 | 0 | 0 | 0 | 0 | 0 | 0 | 0 | 0 | 0 |  0 | 0 | 1 | 0 | 0 | 2 | 0 | 0 | 0 | 0 | 0 | 0 | 0 | 0 | 0 | 0 | 0 | 0 | 0 | 0 | 0 | 0 | 0 | 0 | 0 | 0 | 0 | 0 | 0 | 0 | 0 | 0 | 0 | 0 | 0 | 0 | 0 | 0 | 0 | 0 | 0 | 0 |
46 | Booth, M. C. | California Univ., Los Angeles. | 1980 | None | 2 | 1 | 2011 | 2 | 14 | 2017 | 0 | 0 | 0 | 1 | 0 | 1 | 0 | 0 | 0 | 0 | 0 | 0 | 0 | 0 | 0 | 0 | 0 | 0 | 0 | 0 | 0 | 0 | 0 | 0 | 0 | 0 | 0 | 0 | 0 | 0 | 0 | 0 | 0 | 0 | 0 | 0 | 1 | 0 | 0 | 0 | 0 | 0 |  0 | 0 | 0 | 1 | 0 | 1 | 0 | 0 | 0 | 0 | 0 | 0 | 0 | 0 | 0 | 0 | 0 | 0 | 0 | 0 | 0 | 0 | 0 | 0 | 0 | 0 | 0 | 0 | 0 | 0 | 0 | 0 | 0 | 0 | 0 | 1 | 3 | 3 | 0 | 5 | 1 | 0 |
47 | Caudell, Thomas Preston | THE UNIVERSITY OF ARIZONA. | 1980 | male | 3 | 0 | 1980 | 10 | 2 | 1985 | 0 | 0 | 0 | 0 | 0 | 3 | 0 | 0 | 0 | 0 | 0 | 0 | 0 | 0 | 0 | 0 | 0 | 0 | 0 | 0 | 0 | 0 | 0 | 0 | 0 | 0 | 0 | 0 | 0 | 0 | 0 | 0 | 0 | 0 | 0 | 0 | 0 | 0 | 0 | 0 | 0 | 0 |  0 | 1 | 3 | 1 | 1 | 4 | 0 | 0 | 1 | 0 | 1 | 0 | 0 | 0 | 0 | 0 | 0 | 0 | 0 | 0 | 0 | 0 | 0 | 0 | 0 | 0 | 0 | 0 | 0 | 0 | 0 | 0 | 0 | 0 | 0 | 0 | 0 | 0 | 0 | 0 | 0 | 0 |
48 | Drummond, Jack Donald, III | NEW MEXICO STATE UNIVERSITY. | 1980 | male | 4 | 30 | 2016 | 6 | 82 | 2016 | 0 | 0 | 1 | 0 | 0 | 3 | 2 | 3 | 0 | 0 | 1 | 1 | 0 | 2 | 2 | 1 | 2 | 0 | 0 | 0 | 1 | 1 | 0 | 1 | 0 | 1 | 1 | 1 | 2 | 2 | 0 | 0 | 0 | 1 | 1 | 1 | 0 | 0 | 0 | 2 | 0 | 1 |  0 | 0 | 2 | 1 | 0 | 3 | 2 | 4 | 2 | 0 | 1 | 1 | 2 | 2 | 4 | 1 | 2 | 0 | 1 | 1 | 1 | 2 | 2 | 1 | 0 | 5 | 2 | 1 | 3 | 4 | 2 | 1 | 2 | 1 | 2 | 5 | 3 | 6 | 6 | 4 | 2 | 4 |
49 | Brown, Douglas Nason | THE UNIVERSITY OF MICHIGAN. | 1980 | male | 2 | 11 | 2013 | 2 | 47 | 2016 | 0 | 0 | 1 | 0 | 0 | 1 | 1 | 0 | 0 | 0 | 1 | 0 | 0 | 0 | 0 | 0 | 0 | 0 | 0 | 0 | 0 | 1 | 0 | 0 | 0 | 0 | 0 | 0 | 1 | 0 | 1 | 3 | 0 | 1 | 1 | 0 | 0 | 0 | 1 | 0 | 0 | 0 |  0 | 0 | 1 | 0 | 0 | 1 | 1 | 0 | 1 | 0 | 1 | 0 | 5 | 1 | 0 | 3 | 0 | 1 | 0 | 0 | 0 | 2 | 1 | 2 | 0 | 0 | 0 | 0 | 3 | 1 | 2 | 3 | 0 | 1 | 4 | 0 | 1 | 2 | 4 | 4 | 1 | 3 |
50 | Boroson, Todd Allan | THE UNIVERSITY OF ARIZONA. | 1980 | male | 2 | 25 | 2011 | 12 | 80 | 2017 | 0 | 0 | 0 | 1 | 0 | 1 | 1 | 3 | 2 | 1 | 1 | 0 | 2 | 0 | 2 | 1 | 2 | 3 | 1 | 0 | 0 | 0 | 0 | 0 | 0 | 0 | 0 | 1 | 1 | 0 | 1 | 0 | 0 | 0 | 1 | 1 | 1 | 0 | 0 | 0 | 0 | 0 |  0 | 0 | 4 | 3 | 2 | 3 | 2 | 3 | 3 | 3 | 2 | 3 | 2 | 1 | 7 | 3 | 4 | 4 | 5 | 2 | 1 | 1 | 3 | 0 | 1 | 2 | 2 | 3 | 1 | 2 | 2 | 1 | 0 | 0 | 2 | 2 | 1 | 4 | 1 | 0 | 2 | 2 |
51 | Choi, Kyu Hong | UNIVERSITY OF PENNSYLVANIA. | 1980 | male | 1 | 15 | 2015 | 2 | 106 | 2017 | 0 | 0 | 0 | 0 | 0 | 1 | 1 | 0 | 0 | 1 | 2 | 1 | 1 | 1 | 2 | 1 | 1 | 0 | 0 | 0 | 0 | 0 | 0 | 0 | 1 | 0 | 0 | 0 | 0 | 0 | 0 | 0 | 0 | 0 | 0 | 1 | 0 | 0 | 0 | 1 | 1 | 0 |  0 | 0 | 0 | 1 | 0 | 1 | 1 | 0 | 0 | 1 | 3 | 2 | 2 | 6 | 4 | 3 | 5 | 5 | 3 | 1 | 5 | 1 | 4 | 6 | 5 | 0 | 3 | 2 | 2 | 4 | 4 | 2 | 1 | 5 | 10 | 3 | 0 | 0 | 0 | 3 | 3 | 5 |
52 | Duncan, Martin James | THE UNIVERSITY OF TEXAS AT AUSTIN. | 1980 | male | 3 | 31 | 2015 | 3 | 88 | 2015 | 0 | 1 | 0 | 0 | 0 | 2 | 0 | 1 | 3 | 1 | 2 | 1 | 1 | 1 | 5 | 2 | 1 | 1 | 1 | 0 | 1 | 0 | 3 | 2 | 0 | 0 | 1 | 0 | 0 | 1 | 0 | 0 | 0 | 2 | 0 | 0 | 0 | 0 | 0 | 0 | 1 | 0 |  0 | 1 | 0 | 0 | 0 | 2 | 0 | 1 | 4 | 1 | 2 | 1 | 1 | 2 | 5 | 8 | 3 | 3 | 2 | 3 | 4 | 1 | 6 | 4 | 2 | 3 | 4 | 3 | 1 | 4 | 1 | 3 | 1 | 4 | 1 | 3 | 2 | 2 | 1 | 0 | 2 | 0 |
53 | Fuenmayor, Francisco Jose | CASE WESTERN RESERVE UNIVERSITY. | 1980 | male | 1 | 0 | 1980 | 2 | 7 | 2009 | 0 | 0 | 0 | 0 | 0 | 1 | 0 | 0 | 0 | 0 | 0 | 0 | 0 | 0 | 0 | 0 | 0 | 0 | 0 | 0 | 0 | 0 | 0 | 0 | 0 | 0 | 0 | 0 | 0 | 0 | 0 | 0 | 0 | 0 | 0 | 0 | 0 | 0 | 0 | 0 | 0 | 0 |  0 | 0 | 1 | 0 | 0 | 1 | 0 | 0 | 0 | 0 | 0 | 0 | 0 | 0 | 0 | 0 | 0 | 0 | 0 | 0 | 0 | 0 | 0 | 0 | 2 | 0 | 1 | 1 | 0 | 2 | 0 | 0 | 0 | 0 | 1 | 0 | 0 | 0 | 0 | 0 | 0 | 0 |
54 | Gurgiolo, C. A. | Washington Univ., Seattle. | 1980 | None | 2 | 14 | 2013 | 4 | 38 | 2015 | 0 | 0 | 0 | 0 | 1 | 1 | 1 | 2 | 1 | 0 | 1 | 0 | 0 | 1 | 0 | 1 | 1 | 0 | 1 | 0 | 0 | 0 | 0 | 0 | 0 | 1 | 0 | 0 | 0 | 0 | 2 | 0 | 0 | 0 | 0 | 0 | 0 | 1 | 1 | 0 | 0 | 0 |  0 | 0 | 0 | 1 | 2 | 1 | 2 | 4 | 1 | 0 | 2 | 3 | 1 | 1 | 0 | 2 | 1 | 1 | 3 | 0 | 0 | 0 | 2 | 5 | 0 | 1 | 0 | 0 | 0 | 0 | 2 | 0 | 1 | 0 | 0 | 1 | 0 | 1 | 2 | 1 | 1 | 0 |
55 | Hohlfeld, R. G. | Cornell Univ., Ithaca, NY. | 1980 | None | 4 | 1 | 1981 | 5 | 2 | 2013 | 0 | 1 | 1 | 0 | 0 | 2 | 1 | 0 | 0 | 0 | 0 | 0 | 0 | 0 | 0 | 0 | 0 | 0 | 0 | 0 | 0 | 0 | 0 | 0 | 0 | 0 | 0 | 0 | 0 | 0 | 0 | 0 | 0 | 0 | 0 | 0 | 0 | 0 | 0 | 0 | 0 | 0 |  0 | 1 | 1 | 1 | 0 | 2 | 1 | 0 | 0 | 0 | 0 | 0 | 0 | 0 | 0 | 0 | 0 | 0 | 0 | 0 | 0 | 0 | 0 | 0 | 0 | 0 | 0 | 0 | 0 | 0 | 0 | 0 | 0 | 0 | 0 | 0 | 0 | 0 | 1 | 0 | 0 | 0 |
56 | Kahn, Steven Michael | UNIVERSITY OF CALIFORNIA, BERKELEY. | 1980 | male | 4 | 14 | 2002 | 9 | 165 | 2015 | 0 | 0 | 0 | 0 | 1 | 3 | 0 | 1 | 1 | 3 | 1 | 1 | 0 | 2 | 0 | 0 | 2 | 0 | 0 | 0 | 0 | 0 | 0 | 0 | 1 | 0 | 1 | 1 | 0 | 0 | 0 | 0 | 0 | 0 | 0 | 0 | 0 | 0 | 0 | 0 | 0 | 0 |  1 | 0 | 0 | 1 | 4 | 3 | 2 | 3 | 4 | 10 | 9 | 7 | 1 | 4 | 3 | 4 | 4 | 1 | 2 | 2 | 2 | 2 | 4 | 3 | 6 | 4 | 20 | 15 | 13 | 10 | 5 | 7 | 6 | 4 | 1 | 0 | 0 | 2 | 3 | 0 | 2 | 0 |
57 | Pacht, Erich | THE OHIO STATE UNIVERSITY. | 1980 | male | 2 | 1 | 1982 | 5 | 1 | 1982 | 0 | 1 | 0 | 0 | 0 | 1 | 0 | 1 | 0 | 0 | 0 | 0 | 0 | 0 | 0 | 0 | 0 | 0 | 0 | 0 | 0 | 0 | 0 | 0 | 0 | 0 | 0 | 0 | 0 | 0 | 0 | 0 | 0 | 0 | 0 | 0 | 0 | 0 | 0 | 0 | 0 | 0 |  0 | 2 | 2 | 0 | 0 | 1 | 0 | 1 | 0 | 0 | 0 | 0 | 0 | 0 | 0 | 0 | 0 | 0 | 0 | 0 | 0 | 0 | 0 | 0 | 0 | 0 | 0 | 0 | 0 | 0 | 0 | 0 | 0 | 0 | 0 | 0 | 0 | 0 | 0 | 0 | 0 | 0 |
58 | Ray, James R. | RICE UNIVERSITY. | 1980 | male | 6 | 12 | 2013 | 12 | 17 | 2013 | 1 | 0 | 3 | 0 | 0 | 2 | 0 | 3 | 1 | 1 | 0 | 0 | 0 | 1 | 0 | 0 | 1 | 0 | 0 | 1 | 1 | 1 | 0 | 0 | 1 | 0 | 0 | 0 | 0 | 0 | 0 | 0 | 0 | 0 | 0 | 0 | 0 | 0 | 1 | 0 | 0 | 0 |  3 | 1 | 4 | 1 | 0 | 3 | 0 | 3 | 1 | 1 | 0 | 0 | 0 | 1 | 0 | 1 | 1 | 0 | 1 | 2 | 1 | 1 | 0 | 0 | 1 | 0 | 0 | 0 | 0 | 0 | 0 | 0 | 0 | 0 | 0 | 1 | 1 | 0 | 1 | 0 | 0 | 0 |
59 | Toy, Larry Gene-Shiao | UNIVERSITY OF CALIFORNIA, BERKELEY. | 1980 | male | 1 | 0 | 1980 | 1 | 0 | 1980 | 0 | 0 | 0 | 0 | 0 | 1 | 0 | 0 | 0 | 0 | 0 | 0 | 0 | 0 | 0 | 0 | 0 | 0 | 0 | 0 | 0 | 0 | 0 | 0 | 0 | 0 | 0 | 0 | 0 | 0 | 0 | 0 | 0 | 0 | 0 | 0 | 0 | 0 | 0 | 0 | 0 | 0 |  0 | 0 | 0 | 0 | 0 | 1 | 0 | 0 | 0 | 0 | 0 | 0 | 0 | 0 | 0 | 0 | 0 | 0 | 0 | 0 | 0 | 0 | 0 | 0 | 0 | 0 | 0 | 0 | 0 | 0 | 0 | 0 | 0 | 0 | 0 | 0 | 0 | 0 | 0 | 0 | 0 | 0 |
60 | Suntzeff, Nicholas Boris | UNIVERSITY OF CALIFORNIA, SANTA CRUZ. | 1980 | male | 2 | 23 | 2003 | 3 | 246 | 2017 | 0 | 0 | 0 | 0 | 0 | 2 | 1 | 0 | 0 | 1 | 1 | 2 | 0 | 3 | 0 | 1 | 3 | 2 | 2 | 1 | 2 | 2 | 0 | 0 | 1 | 0 | 0 | 0 | 1 | 0 | 0 | 0 | 0 | 0 | 0 | 0 | 0 | 0 | 0 | 0 | 0 | 0 |  0 | 1 | 0 | 0 | 0 | 2 | 1 | 5 | 1 | 3 | 5 | 4 | 5 | 6 | 3 | 6 | 8 | 7 | 6 | 10 | 10 | 13 | 3 | 11 | 9 | 9 | 7 | 11 | 10 | 11 | 9 | 8 | 7 | 10 | 7 | 8 | 9 | 5 | 5 | 6 | 4 | 3 |
61 | Burger, Harry Louis | UNIVERSITY OF CALIFORNIA, LOS ANGELES. | 1980 | male | 3 | 1 | 1983 | 4 | 1 | 1983 | 1 | 0 | 0 | 0 | 0 | 2 | 0 | 0 | 1 | 0 | 0 | 0 | 0 | 0 | 0 | 0 | 0 | 0 | 0 | 0 | 0 | 0 | 0 | 0 | 0 | 0 | 0 | 0 | 0 | 0 | 0 | 0 | 0 | 0 | 0 | 0 | 0 | 0 | 0 | 0 | 0 | 0 |  1 | 1 | 0 | 0 | 0 | 2 | 0 | 0 | 1 | 0 | 0 | 0 | 0 | 0 | 0 | 0 | 0 | 0 | 0 | 0 | 0 | 0 | 0 | 0 | 0 | 0 | 0 | 0 | 0 | 0 | 0 | 0 | 0 | 0 | 0 | 0 | 0 | 0 | 0 | 0 | 0 | 0 |
62 | Hu, Esther Ming | PRINCETON UNIVERSITY. | 1980 | female | 1 | 24 | 2016 | 2 | 67 | 2016 | 0 | 0 | 0 | 0 | 0 | 1 | 1 | 0 | 1 | 0 | 1 | 0 | 1 | 0 | 0 | 1 | 1 | 1 | 1 | 2 | 1 | 3 | 1 | 1 | 1 | 0 | 0 | 2 | 0 | 1 | 0 | 1 | 0 | 0 | 1 | 1 | 0 | 0 | 0 | 0 | 0 | 1 |  1 | 0 | 0 | 0 | 0 | 1 | 3 | 1 | 2 | 0 | 1 | 2 | 2 | 0 | 0 | 2 | 2 | 2 | 1 | 7 | 5 | 5 | 5 | 3 | 3 | 2 | 2 | 3 | 0 | 4 | 0 | 1 | 2 | 0 | 1 | 3 | 2 | 0 | 0 | 0 | 0 | 1 |
63 | Kuharetz, Boris | STEVENS INSTITUTE OF TECHNOLOGY. | 1980 | male | 1 | 0 | 1980 | 1 | 2 | 1988 | 0 | 0 | 0 | 0 | 0 | 1 | 0 | 0 | 0 | 0 | 0 | 0 | 0 | 0 | 0 | 0 | 0 | 0 | 0 | 0 | 0 | 0 | 0 | 0 | 0 | 0 | 0 | 0 | 0 | 0 | 0 | 0 | 0 | 0 | 0 | 0 | 0 | 0 | 0 | 0 | 0 | 0 |  0 | 0 | 0 | 0 | 0 | 1 | 0 | 1 | 0 | 0 | 0 | 0 | 0 | 1 | 0 | 0 | 0 | 0 | 0 | 0 | 0 | 0 | 0 | 0 | 0 | 0 | 0 | 0 | 0 | 0 | 0 | 0 | 0 | 0 | 0 | 0 | 0 | 0 | 0 | 0 | 0 | 0 |
64 | Bentley, Alan Frank | UNIVERSITY OF WYOMING. | 1980 | male | 1 | 2 | 1984 | 1 | 5 | 1986 | 0 | 0 | 0 | 0 | 0 | 1 | 0 | 1 | 0 | 1 | 0 | 0 | 0 | 0 | 0 | 0 | 0 | 0 | 0 | 0 | 0 | 0 | 0 | 0 | 0 | 0 | 0 | 0 | 0 | 0 | 0 | 0 | 0 | 0 | 0 | 0 | 0 | 0 | 0 | 0 | 0 | 0 |  0 | 0 | 0 | 0 | 0 | 1 | 0 | 1 | 0 | 1 | 2 | 1 | 0 | 0 | 0 | 0 | 0 | 0 | 0 | 0 | 0 | 0 | 0 | 0 | 0 | 0 | 0 | 0 | 0 | 0 | 0 | 0 | 0 | 0 | 0 | 0 | 0 | 0 | 0 | 0 | 0 | 0 |
65 | Carlson, Wayne Jeffrey | THE OHIO STATE UNIVERSITY. | 1980 | male | 2 | 0 | 1980 | 2 | 1 | 1984 | 0 | 0 | 0 | 0 | 1 | 1 | 0 | 0 | 0 | 0 | 0 | 0 | 0 | 0 | 0 | 0 | 0 | 0 | 0 | 0 | 0 | 0 | 0 | 0 | 0 | 0 | 0 | 0 | 0 | 0 | 0 | 0 | 0 | 0 | 0 | 0 | 0 | 0 | 0 | 0 | 0 | 0 |  0 | 0 | 0 | 0 | 1 | 1 | 0 | 0 | 0 | 1 | 0 | 0 | 0 | 0 | 0 | 0 | 0 | 0 | 0 | 0 | 0 | 0 | 0 | 0 | 0 | 0 | 0 | 0 | 0 | 0 | 0 | 0 | 0 | 0 | 0 | 0 | 0 | 0 | 0 | 0 | 0 | 0 |
66 | Durrance, S. T. | Colorado Univ., Boulder. | 1980 | None | 4 | 6 | 1995 | 4 | 44 | 2010 | 0 | 0 | 0 | 0 | 1 | 3 | 2 | 2 | 1 | 0 | 0 | 0 | 0 | 0 | 0 | 0 | 0 | 0 | 0 | 0 | 1 | 0 | 0 | 0 | 0 | 0 | 0 | 0 | 0 | 0 | 0 | 0 | 0 | 0 | 0 | 0 | 0 | 0 | 0 | 0 | 0 | 0 |  0 | 0 | 0 | 0 | 1 | 3 | 2 | 2 | 3 | 1 | 2 | 2 | 0 | 0 | 0 | 0 | 6 | 5 | 7 | 3 | 4 | 0 | 2 | 0 | 0 | 1 | 1 | 0 | 0 | 0 | 0 | 0 | 0 | 1 | 0 | 2 | 0 | 0 | 0 | 0 | 0 | 0 |
67 | Wilcox, Gary Allen | CASE WESTERN RESERVE UNIVERSITY. | 1980 | male | 1 | 0 | 1980 | 1 | 0 | 1980 | 0 | 0 | 0 | 0 | 0 | 1 | 0 | 0 | 0 | 0 | 0 | 0 | 0 | 0 | 0 | 0 | 0 | 0 | 0 | 0 | 0 | 0 | 0 | 0 | 0 | 0 | 0 | 0 | 0 | 0 | 0 | 0 | 0 | 0 | 0 | 0 | 0 | 0 | 0 | 0 | 0 | 0 |  0 | 0 | 0 | 0 | 0 | 1 | 0 | 0 | 0 | 0 | 0 | 0 | 0 | 0 | 0 | 0 | 0 | 0 | 0 | 0 | 0 | 0 | 0 | 0 | 0 | 0 | 0 | 0 | 0 | 0 | 0 | 0 | 0 | 0 | 0 | 0 | 0 | 0 | 0 | 0 | 0 | 0 |
68 | Muchmore, David Owen | UNIVERSITY OF WASHINGTON. | 1980 | male | 4 | 6 | 1988 | 4 | 10 | 1994 | 0 | 0 | 2 | 1 | 0 | 1 | 0 | 1 | 0 | 1 | 1 | 1 | 1 | 1 | 0 | 0 | 0 | 0 | 0 | 0 | 0 | 0 | 0 | 0 | 0 | 0 | 0 | 0 | 0 | 0 | 0 | 0 | 0 | 0 | 0 | 0 | 0 | 0 | 0 | 0 | 0 | 0 |  0 | 0 | 2 | 1 | 0 | 1 | 0 | 1 | 0 | 1 | 1 | 1 | 2 | 2 | 1 | 0 | 0 | 0 | 0 | 1 | 0 | 0 | 0 | 0 | 0 | 0 | 0 | 0 | 0 | 0 | 0 | 0 | 0 | 0 | 0 | 0 | 0 | 0 | 0 | 0 | 0 | 0 |
69 | Helou, George | CORNELL UNIVERSITY. | 1980 | male | 2 | 17 | 2013 | 2 | 290 | 2017 | 0 | 0 | 0 | 0 | 1 | 1 | 1 | 2 | 0 | 2 | 1 | 1 | 0 | 1 | 0 | 0 | 1 | 0 | 1 | 0 | 1 | 1 | 0 | 0 | 0 | 1 | 1 | 0 | 0 | 2 | 0 | 0 | 0 | 0 | 0 | 0 | 0 | 0 | 1 | 0 | 0 | 0 |  0 | 0 | 0 | 0 | 1 | 1 | 1 | 2 | 2 | 3 | 4 | 4 | 5 | 4 | 4 | 4 | 3 | 1 | 2 | 4 | 6 | 9 | 1 | 4 | 4 | 4 | 6 | 5 | 5 | 20 | 11 | 16 | 18 | 10 | 10 | 9 | 23 | 14 | 8 | 17 | 13 | 25 |
70 | Day, Roger William | THE UNIVERSITY OF TEXAS AT AUSTIN. | 1980 | male | 4 | 0 | 1980 | 4 | 96 | 2017 | 1 | 0 | 2 | 0 | 0 | 1 | 0 | 0 | 0 | 0 | 0 | 0 | 0 | 0 | 0 | 0 | 0 | 0 | 0 | 0 | 0 | 0 | 0 | 0 | 0 | 0 | 0 | 0 | 0 | 0 | 0 | 0 | 0 | 0 | 0 | 0 | 0 | 0 | 0 | 0 | 0 | 0 |  1 | 0 | 2 | 0 | 0 | 1 | 0 | 0 | 0 | 0 | 0 | 0 | 0 | 0 | 0 | 0 | 0 | 0 | 0 | 0 | 0 | 0 | 0 | 0 | 0 | 0 | 0 | 0 | 0 | 0 | 0 | 0 | 0 | 0 | 2 | 9 | 9 | 15 | 6 | 14 | 6 | 27 |
71 | Florkowski, David Robert | UNIVERSITY OF FLORIDA. | 1980 | male | 2 | 1 | 1985 | 2 | 22 | 1997 | 0 | 0 | 1 | 0 | 0 | 1 | 0 | 0 | 0 | 0 | 1 | 0 | 0 | 0 | 0 | 0 | 0 | 0 | 0 | 0 | 0 | 0 | 0 | 0 | 0 | 0 | 0 | 0 | 0 | 0 | 0 | 0 | 0 | 0 | 0 | 0 | 0 | 0 | 0 | 0 | 0 | 0 |  0 | 0 | 1 | 0 | 0 | 1 | 1 | 0 | 1 | 3 | 4 | 3 | 4 | 1 | 0 | 1 | 1 | 0 | 0 | 0 | 2 | 0 | 1 | 0 | 0 | 0 | 0 | 0 | 0 | 0 | 0 | 0 | 0 | 0 | 0 | 0 | 0 | 0 | 0 | 0 | 0 | 0 |
72 | Giampapa, Mark Steven | THE UNIVERSITY OF ARIZONA. | 1980 | male | 4 | 24 | 2016 | 8 | 74 | 2017 | 0 | 0 | 0 | 1 | 2 | 1 | 2 | 2 | 2 | 3 | 2 | 2 | 1 | 0 | 1 | 1 | 0 | 2 | 1 | 0 | 1 | 1 | 0 | 1 | 0 | 0 | 0 | 0 | 0 | 0 | 0 | 1 | 0 | 0 | 0 | 0 | 0 | 0 | 0 | 0 | 0 | 1 |  0 | 0 | 0 | 1 | 3 | 4 | 3 | 5 | 4 | 5 | 5 | 2 | 4 | 1 | 2 | 3 | 1 | 5 | 3 | 4 | 7 | 1 | 1 | 1 | 0 | 1 | 1 | 0 | 1 | 0 | 1 | 2 | 2 | 2 | 2 | 2 | 0 | 0 | 0 | 0 | 0 | 2 |
73 | Hansen, Stanley Severin, II | UNIVERSITY OF MASSACHUSETTS. | 1980 | male | 4 | 2 | 1983 | 7 | 11 | 2014 | 2 | 0 | 1 | 0 | 0 | 1 | 0 | 1 | 1 | 0 | 0 | 0 | 0 | 0 | 0 | 0 | 0 | 0 | 0 | 0 | 0 | 0 | 0 | 0 | 0 | 0 | 0 | 0 | 0 | 0 | 0 | 0 | 0 | 0 | 0 | 0 | 0 | 0 | 0 | 0 | 0 | 0 |  2 | 0 | 1 | 1 | 2 | 1 | 0 | 2 | 1 | 0 | 0 | 0 | 0 | 0 | 0 | 0 | 0 | 0 | 1 | 0 | 0 | 0 | 1 | 0 | 0 | 0 | 2 | 1 | 0 | 1 | 0 | 0 | 0 | 0 | 0 | 0 | 0 | 0 | 0 | 2 | 0 | 0 |
74 | Loumos, Gregory Lee | THE UNIVERSITY OF TEXAS AT AUSTIN. | 1980 | male | 3 | 0 | 1980 | 5 | 0 | 1980 | 1 | 0 | 0 | 1 | 0 | 1 | 0 | 0 | 0 | 0 | 0 | 0 | 0 | 0 | 0 | 0 | 0 | 0 | 0 | 0 | 0 | 0 | 0 | 0 | 0 | 0 | 0 | 0 | 0 | 0 | 0 | 0 | 0 | 0 | 0 | 0 | 0 | 0 | 0 | 0 | 0 | 0 |  1 | 2 | 0 | 1 | 0 | 1 | 0 | 0 | 0 | 0 | 0 | 0 | 0 | 0 | 0 | 0 | 0 | 0 | 0 | 0 | 0 | 0 | 0 | 0 | 0 | 0 | 0 | 0 | 0 | 0 | 0 | 0 | 0 | 0 | 0 | 0 | 0 | 0 | 0 | 0 | 0 | 0 |
75 | McNeil, Raymond Charles | THE OHIO STATE UNIVERSITY. | 1980 | male | 1 | 1 | 1986 | 3 | 4 | 2004 | 0 | 0 | 0 | 0 | 0 | 1 | 0 | 0 | 0 | 0 | 0 | 1 | 0 | 0 | 0 | 0 | 0 | 0 | 0 | 0 | 0 | 0 | 0 | 0 | 0 | 0 | 0 | 0 | 0 | 0 | 0 | 0 | 0 | 0 | 0 | 0 | 0 | 0 | 0 | 0 | 0 | 0 |  0 | 0 | 2 | 0 | 0 | 1 | 0 | 0 | 0 | 0 | 0 | 1 | 0 | 0 | 1 | 1 | 0 | 0 | 0 | 0 | 0 | 0 | 0 | 0 | 0 | 0 | 0 | 0 | 0 | 1 | 0 | 0 | 0 | 0 | 0 | 0 | 0 | 0 | 0 | 0 | 0 | 0 |
76 | Pierce, James Newsome | IOWA STATE UNIVERSITY. | 1980 | male | 2 | 0 | 1980 | 3 | 3 | 2008 | 0 | 0 | 0 | 0 | 1 | 1 | 0 | 0 | 0 | 0 | 0 | 0 | 0 | 0 | 0 | 0 | 0 | 0 | 0 | 0 | 0 | 0 | 0 | 0 | 0 | 0 | 0 | 0 | 0 | 0 | 0 | 0 | 0 | 0 | 0 | 0 | 0 | 0 | 0 | 0 | 0 | 0 |  0 | 0 | 0 | 0 | 2 | 1 | 0 | 0 | 0 | 0 | 0 | 0 | 0 | 0 | 0 | 2 | 0 | 0 | 0 | 0 | 0 | 0 | 0 | 0 | 0 | 0 | 0 | 0 | 0 | 0 | 0 | 0 | 0 | 1 | 0 | 0 | 0 | 0 | 0 | 0 | 0 | 0 |
77 | Rinsland, Curtis Philip | THE OHIO STATE UNIVERSITY. | 1980 | male | 2 | 53 | 2010 | 3 | 150 | 2010 | 1 | 0 | 0 | 0 | 0 | 1 | 1 | 4 | 2 | 3 | 6 | 3 | 1 | 3 | 5 | 3 | 8 | 0 | 0 | 0 | 1 | 4 | 0 | 1 | 0 | 1 | 0 | 0 | 0 | 0 | 3 | 3 | 0 | 0 | 0 | 1 | 0 | 0 | 0 | 0 | 0 | 0 |  1 | 0 | 0 | 0 | 1 | 1 | 1 | 4 | 2 | 6 | 12 | 10 | 7 | 9 | 7 | 10 | 14 | 2 | 2 | 3 | 3 | 20 | 0 | 13 | 2 | 2 | 3 | 0 | 0 | 0 | 9 | 5 | 1 | 1 | 1 | 1 | 0 | 0 | 0 | 0 | 0 | 0 |
78 | Sloan, John Spencer | UNIVERSITY OF MASSACHUSETTS. | 1980 | male | 1 | 0 | 1980 | 1 | 4 | 2016 | 0 | 0 | 0 | 0 | 0 | 1 | 0 | 0 | 0 | 0 | 0 | 0 | 0 | 0 | 0 | 0 | 0 | 0 | 0 | 0 | 0 | 0 | 0 | 0 | 0 | 0 | 0 | 0 | 0 | 0 | 0 | 0 | 0 | 0 | 0 | 0 | 0 | 0 | 0 | 0 | 0 | 0 |  0 | 0 | 0 | 0 | 0 | 1 | 1 | 0 | 0 | 0 | 0 | 0 | 0 | 0 | 0 | 0 | 0 | 0 | 0 | 0 | 0 | 0 | 0 | 0 | 0 | 0 | 0 | 0 | 0 | 0 | 0 | 0 | 0 | 0 | 0 | 0 | 0 | 0 | 1 | 0 | 1 | 1 |
79 | Thorstensen, John Robert | UNIVERSITY OF CALIFORNIA, BERKELEY. | 1980 | male | 8 | 46 | 2016 | 24 | 173 | 2017 | 1 | 0 | 1 | 2 | 1 | 3 | 0 | 1 | 1 | 0 | 2 | 2 | 1 | 1 | 1 | 0 | 2 | 0 | 0 | 1 | 1 | 2 | 4 | 1 | 1 | 3 | 2 | 5 | 3 | 1 | 1 | 1 | 0 | 1 | 1 | 1 | 0 | 1 | 2 | 0 | 2 | 1 |  3 | 0 | 3 | 6 | 4 | 8 | 3 | 3 | 4 | 2 | 4 | 5 | 4 | 2 | 2 | 2 | 3 | 3 | 0 | 5 | 9 | 11 | 9 | 10 | 5 | 8 | 7 | 7 | 5 | 5 | 6 | 4 | 3 | 7 | 4 | 3 | 7 | 4 | 3 | 3 | 5 | 5 |
80 | Willis, J. | California Univ., Los Angeles. | 1980 | None | 8 | 21 | 2013 | 16 | 140 | 2017 | 1 | 2 | 1 | 3 | 0 | 1 | 3 | 2 | 2 | 0 | 0 | 0 | 0 | 0 | 0 | 0 | 0 | 0 | 0 | 0 | 0 | 0 | 0 | 0 | 0 | 1 | 1 | 1 | 0 | 1 | 4 | 2 | 1 | 1 | 0 | 1 | 0 | 0 | 1 | 0 | 0 | 0 |  2 | 4 | 1 | 4 | 1 | 4 | 5 | 2 | 2 | 0 | 0 | 0 | 0 | 0 | 0 | 0 | 0 | 0 | 0 | 0 | 2 | 1 | 1 | 1 | 1 | 2 | 1 | 1 | 3 | 4 | 5 | 5 | 5 | 5 | 5 | 6 | 3 | 3 | 5 | 18 | 6 | 37 |
81 | Retterer, John Michael | UNIVERSITY OF CALIFORNIA, BERKELEY. | 1980 | male | 3 | 12 | 2010 | 3 | 36 | 2016 | 0 | 0 | 0 | 0 | 1 | 2 | 0 | 1 | 2 | 0 | 0 | 1 | 0 | 0 | 0 | 0 | 0 | 0 | 0 | 1 | 1 | 0 | 1 | 0 | 0 | 0 | 0 | 0 | 0 | 0 | 1 | 0 | 0 | 0 | 0 | 4 | 0 | 0 | 0 | 0 | 0 | 0 |  0 | 0 | 0 | 0 | 1 | 2 | 0 | 1 | 2 | 0 | 0 | 2 | 0 | 0 | 1 | 1 | 1 | 0 | 2 | 1 | 3 | 0 | 1 | 0 | 0 | 0 | 0 | 0 | 0 | 1 | 1 | 0 | 0 | 2 | 3 | 5 | 3 | 1 | 1 | 3 | 0 | 1 |
82 | Smith, Horace Alden | YALE UNIVERSITY. | 1980 | male | 17 | 43 | 2016 | 20 | 250 | 2017 | 1 | 2 | 2 | 3 | 4 | 5 | 6 | 3 | 8 | 3 | 4 | 3 | 0 | 0 | 0 | 1 | 0 | 1 | 1 | 1 | 2 | 2 | 2 | 0 | 1 | 1 | 0 | 0 | 1 | 0 | 0 | 0 | 0 | 0 | 0 | 0 | 0 | 1 | 0 | 0 | 1 | 1 |  1 | 2 | 2 | 4 | 5 | 6 | 9 | 7 | 11 | 9 | 5 | 4 | 1 | 1 | 0 | 2 | 2 | 1 | 3 | 3 | 7 | 15 | 9 | 3 | 8 | 11 | 3 | 5 | 7 | 10 | 4 | 13 | 6 | 10 | 10 | 14 | 7 | 13 | 12 | 9 | 10 | 4 |
83 | Vonfrese, R. R. B. | Purdue Univ., West Lafayette, IN. | 1980 | None | 2 | 0 | 1980 | 2 | 0 | 1980 | 0 | 0 | 0 | 0 | 0 | 2 | 0 | 0 | 0 | 0 | 0 | 0 | 0 | 0 | 0 | 0 | 0 | 0 | 0 | 0 | 0 | 0 | 0 | 0 | 0 | 0 | 0 | 0 | 0 | 0 | 0 | 0 | 0 | 0 | 0 | 0 | 0 | 0 | 0 | 0 | 0 | 0 |  0 | 0 | 0 | 0 | 0 | 2 | 0 | 0 | 0 | 0 | 0 | 0 | 0 | 0 | 0 | 0 | 0 | 0 | 0 | 0 | 0 | 0 | 0 | 0 | 0 | 0 | 0 | 0 | 0 | 0 | 0 | 0 | 0 | 0 | 0 | 0 | 0 | 0 | 0 | 0 | 0 | 0 |
84 | Bontz, Robert John | THE UNIVERSITY OF UTAH. | 1980 | male | 3 | 2 | 1981 | 3 | 2 | 1981 | 0 | 0 | 0 | 0 | 2 | 1 | 2 | 0 | 0 | 0 | 0 | 0 | 0 | 0 | 0 | 0 | 0 | 0 | 0 | 0 | 0 | 0 | 0 | 0 | 0 | 0 | 0 | 0 | 0 | 0 | 0 | 0 | 0 | 0 | 0 | 0 | 0 | 0 | 0 | 0 | 0 | 0 |  0 | 0 | 0 | 0 | 2 | 1 | 2 | 0 | 0 | 0 | 0 | 0 | 0 | 0 | 0 | 0 | 0 | 0 | 0 | 0 | 0 | 0 | 0 | 0 | 0 | 0 | 0 | 0 | 0 | 0 | 0 | 0 | 0 | 0 | 0 | 0 | 0 | 0 | 0 | 0 | 0 | 0 |
85 | Massey, Philip Louis | UNIVERSITY OF COLORADO AT BOULDER. | 1980 | male | 7 | 70 | 2017 | 10 | 159 | 2017 | 1 | 0 | 2 | 0 | 1 | 3 | 8 | 0 | 4 | 3 | 2 | 1 | 2 | 1 | 3 | 2 | 1 | 1 | 1 | 0 | 4 | 1 | 0 | 3 | 0 | 4 | 2 | 3 | 4 | 1 | 2 | 3 | 3 | 0 | 2 | 0 | 1 | 1 | 2 | 1 | 1 | 2 |  1 | 0 | 2 | 0 | 1 | 6 | 11 | 0 | 6 | 6 | 6 | 4 | 6 | 3 | 6 | 5 | 3 | 4 | 3 | 3 | 5 | 3 | 2 | 3 | 0 | 4 | 5 | 8 | 5 | 4 | 4 | 6 | 5 | 2 | 4 | 3 | 5 | 10 | 2 | 5 | 3 | 3 |
86 | Conway, Robert Raymond | UNIVERSITY OF COLORADO AT BOULDER. | 1980 | male | 2 | 10 | 2000 | 3 | 27 | 2016 | 0 | 0 | 0 | 0 | 1 | 1 | 1 | 1 | 2 | 0 | 1 | 0 | 1 | 1 | 0 | 0 | 0 | 0 | 0 | 0 | 0 | 1 | 0 | 0 | 1 | 1 | 0 | 0 | 0 | 0 | 0 | 0 | 0 | 0 | 0 | 0 | 0 | 0 | 0 | 0 | 0 | 0 |  0 | 0 | 0 | 1 | 1 | 1 | 2 | 2 | 3 | 0 | 3 | 0 | 1 | 1 | 0 | 0 | 0 | 0 | 0 | 3 | 0 | 2 | 1 | 0 | 1 | 1 | 3 | 1 | 1 | 0 | 0 | 0 | 0 | 0 | 0 | 0 | 0 | 0 | 1 | 0 | 0 | 1 |
87 | Wade, Andrew Edward | UNIVERSITY OF CALIFORNIA, BERKELEY. | 1980 | male | 1 | 0 | 1980 | 1 | 30 | 2015 | 0 | 0 | 0 | 0 | 0 | 1 | 0 | 0 | 0 | 0 | 0 | 0 | 0 | 0 | 0 | 0 | 0 | 0 | 0 | 0 | 0 | 0 | 0 | 0 | 0 | 0 | 0 | 0 | 0 | 0 | 0 | 0 | 0 | 0 | 0 | 0 | 0 | 0 | 0 | 0 | 0 | 0 |  0 | 0 | 0 | 0 | 0 | 1 | 0 | 0 | 0 | 0 | 0 | 0 | 0 | 0 | 0 | 0 | 0 | 0 | 0 | 0 | 0 | 0 | 0 | 0 | 0 | 0 | 0 | 0 | 0 | 0 | 0 | 0 | 0 | 0 | 0 | 0 | 1 | 10 | 6 | 11 | 2 | 0 |
88 | Howell, R. R. | Arizona Univ., Tucson. | 1980 | None | 3 | 11 | 2014 | 7 | 47 | 2016 | 0 | 0 | 0 | 0 | 0 | 3 | 1 | 0 | 1 | 1 | 1 | 0 | 0 | 0 | 1 | 0 | 0 | 0 | 0 | 0 | 0 | 0 | 1 | 0 | 0 | 0 | 1 | 0 | 0 | 0 | 0 | 1 | 1 | 0 | 0 | 0 | 1 | 0 | 0 | 1 | 0 | 0 |  0 | 0 | 2 | 1 | 0 | 4 | 1 | 1 | 3 | 3 | 1 | 0 | 2 | 1 | 2 | 1 | 1 | 3 | 2 | 0 | 4 | 0 | 3 | 0 | 3 | 0 | 2 | 2 | 0 | 2 | 0 | 2 | 1 | 0 | 0 | 0 | 1 | 0 | 1 | 3 | 0 | 2 |
89 | Cattell, Cynthia Anne | UNIVERSITY OF CALIFORNIA, BERKELEY. | 1980 | female | 2 | 31 | 2015 | 5 | 140 | 2016 | 0 | 0 | 0 | 0 | 1 | 1 | 1 | 3 | 0 | 0 | 0 | 3 | 1 | 0 | 0 | 0 | 2 | 1 | 0 | 1 | 3 | 2 | 0 | 2 | 1 | 0 | 1 | 1 | 1 | 1 | 1 | 1 | 0 | 1 | 0 | 0 | 1 | 0 | 2 | 0 | 1 | 0 |  0 | 0 | 0 | 0 | 3 | 2 | 4 | 3 | 2 | 1 | 4 | 7 | 1 | 1 | 1 | 4 | 2 | 1 | 2 | 2 | 4 | 3 | 3 | 17 | 1 | 1 | 13 | 6 | 4 | 4 | 3 | 2 | 2 | 3 | 1 | 4 | 6 | 3 | 12 | 3 | 6 | 4 |
90 | Fechner, Walter Bruno | MASSACHUSETTS INSTITUTE OF TECHNOLOGY. | 1980 | male | 3 | 0 | 1980 | 4 | 0 | 1980 | 0 | 0 | 1 | 1 | 0 | 1 | 0 | 0 | 0 | 0 | 0 | 0 | 0 | 0 | 0 | 0 | 0 | 0 | 0 | 0 | 0 | 0 | 0 | 0 | 0 | 0 | 0 | 0 | 0 | 0 | 0 | 0 | 0 | 0 | 0 | 0 | 0 | 0 | 0 | 0 | 0 | 0 |  0 | 0 | 1 | 2 | 0 | 1 | 0 | 0 | 0 | 0 | 0 | 0 | 0 | 0 | 0 | 0 | 0 | 0 | 0 | 0 | 0 | 0 | 0 | 0 | 0 | 0 | 0 | 0 | 0 | 0 | 0 | 0 | 0 | 0 | 0 | 0 | 0 | 0 | 0 | 0 | 0 | 0 |
91 | Glatzmaier, Gary Andrew | UNIVERSITY OF COLORADO AT BOULDER. | 1980 | male | 1 | 20 | 2009 | 2 | 64 | 2014 | 0 | 0 | 0 | 0 | 0 | 1 | 3 | 1 | 0 | 1 | 3 | 0 | 0 | 1 | 0 | 0 | 2 | 0 | 2 | 0 | 1 | 2 | 0 | 0 | 1 | 0 | 0 | 1 | 0 | 0 | 0 | 0 | 0 | 1 | 1 | 0 | 0 | 0 | 0 | 0 | 0 | 0 |  0 | 0 | 0 | 0 | 0 | 2 | 4 | 1 | 0 | 1 | 4 | 2 | 0 | 1 | 2 | 1 | 3 | 0 | 5 | 1 | 3 | 2 | 0 | 1 | 2 | 2 | 3 | 1 | 0 | 1 | 4 | 6 | 1 | 4 | 2 | 3 | 2 | 1 | 0 | 1 | 0 | 0 |
92 | Edwards, Suzan | UNIVERSITY OF HAWAII. | 1980 | female | 2 | 21 | 2016 | 2 | 67 | 2016 | 0 | 0 | 0 | 0 | 1 | 1 | 0 | 1 | 1 | 2 | 0 | 2 | 2 | 1 | 0 | 0 | 0 | 0 | 2 | 1 | 1 | 0 | 0 | 0 | 0 | 0 | 0 | 0 | 2 | 0 | 0 | 1 | 0 | 1 | 0 | 0 | 0 | 0 | 1 | 0 | 2 | 1 |  0 | 0 | 0 | 0 | 1 | 1 | 1 | 5 | 1 | 4 | 0 | 2 | 2 | 1 | 3 | 2 | 1 | 1 | 3 | 1 | 3 | 3 | 0 | 3 | 0 | 2 | 1 | 1 | 2 | 2 | 1 | 1 | 1 | 2 | 0 | 1 | 3 | 0 | 4 | 1 | 6 | 3 |
93 | Valdes, Francisco | UNIVERSITY OF CALIFORNIA, BERKELEY. | 1980 | male | 5 | 8 | 2004 | 7 | 25 | 2016 | 0 | 0 | 0 | 3 | 0 | 2 | 0 | 1 | 2 | 0 | 2 | 1 | 0 | 0 | 0 | 0 | 0 | 0 | 0 | 0 | 1 | 0 | 0 | 0 | 0 | 0 | 0 | 0 | 0 | 1 | 0 | 0 | 0 | 0 | 0 | 0 | 0 | 0 | 0 | 0 | 0 | 0 |  0 | 0 | 0 | 3 | 0 | 4 | 0 | 1 | 3 | 1 | 3 | 1 | 2 | 0 | 0 | 1 | 1 | 0 | 1 | 1 | 2 | 1 | 0 | 0 | 0 | 1 | 0 | 0 | 0 | 1 | 0 | 2 | 0 | 0 | 0 | 0 | 0 | 0 | 0 | 2 | 0 | 1 |
94 | Polidan, Ronald Sylvester | UNIVERSITY OF CALIFORNIA, LOS ANGELES. | 1980 | male | 5 | 8 | 2016 | 11 | 37 | 2016 | 0 | 0 | 0 | 1 | 1 | 3 | 0 | 0 | 0 | 2 | 1 | 0 | 2 | 0 | 1 | 1 | 0 | 0 | 0 | 0 | 0 | 0 | 0 | 0 | 0 | 0 | 0 | 0 | 0 | 0 | 0 | 0 | 0 | 0 | 0 | 0 | 0 | 0 | 0 | 0 | 0 | 1 |  3 | 0 | 0 | 1 | 2 | 5 | 0 | 1 | 2 | 5 | 1 | 2 | 4 | 3 | 2 | 2 | 3 | 0 | 2 | 3 | 2 | 0 | 0 | 1 | 0 | 0 | 0 | 0 | 0 | 2 | 0 | 0 | 0 | 0 | 0 | 1 | 0 | 0 | 0 | 0 | 0 | 1 |
95 | Roggenthen, W. M. | Princeton Univ., NJ. | 1980 | None | 1 | 1 | 1981 | 1 | 1 | 1981 | 0 | 0 | 0 | 0 | 0 | 1 | 1 | 0 | 0 | 0 | 0 | 0 | 0 | 0 | 0 | 0 | 0 | 0 | 0 | 0 | 0 | 0 | 0 | 0 | 0 | 0 | 0 | 0 | 0 | 0 | 0 | 0 | 0 | 0 | 0 | 0 | 0 | 0 | 0 | 0 | 0 | 0 |  0 | 0 | 0 | 0 | 0 | 1 | 1 | 0 | 0 | 0 | 0 | 0 | 0 | 0 | 0 | 0 | 0 | 0 | 0 | 0 | 0 | 0 | 0 | 0 | 0 | 0 | 0 | 0 | 0 | 0 | 0 | 0 | 0 | 0 | 0 | 0 | 0 | 0 | 0 | 0 | 0 | 0 |
96 | Cutler, Dan Jerome | THE UNIVERSITY OF UTAH. | 1980 | male | 1 | 5 | 1991 | 4 | 5 | 1991 | 0 | 0 | 0 | 0 | 0 | 1 | 3 | 0 | 0 | 0 | 0 | 1 | 0 | 0 | 0 | 0 | 1 | 0 | 0 | 0 | 0 | 0 | 0 | 0 | 0 | 0 | 0 | 0 | 0 | 0 | 0 | 0 | 0 | 0 | 0 | 0 | 0 | 0 | 0 | 0 | 0 | 0 |  0 | 0 | 1 | 0 | 2 | 1 | 3 | 0 | 0 | 0 | 0 | 1 | 0 | 0 | 0 | 0 | 1 | 0 | 0 | 0 | 0 | 0 | 0 | 0 | 0 | 0 | 0 | 0 | 0 | 0 | 0 | 0 | 0 | 0 | 0 | 0 | 0 | 0 | 0 | 0 | 0 | 0 |
97 | Dunbar, Roy Scott | PRINCETON UNIVERSITY. | 1980 | male | 1 | 1 | 1986 | 1 | 7 | 2008 | 0 | 0 | 0 | 0 | 0 | 1 | 0 | 0 | 0 | 0 | 0 | 1 | 0 | 0 | 0 | 0 | 0 | 0 | 0 | 0 | 0 | 0 | 0 | 0 | 0 | 0 | 0 | 0 | 0 | 0 | 0 | 0 | 0 | 0 | 0 | 0 | 0 | 0 | 0 | 0 | 0 | 0 |  0 | 0 | 0 | 0 | 0 | 1 | 0 | 0 | 0 | 1 | 0 | 1 | 1 | 0 | 0 | 1 | 1 | 0 | 0 | 0 | 1 | 0 | 0 | 0 | 0 | 0 | 0 | 0 | 0 | 0 | 0 | 0 | 0 | 1 | 0 | 0 | 0 | 0 | 0 | 0 | 0 | 0 |
98 | Hier, Richard George | UNIVERSITY OF CALIFORNIA, SAN DIEGO. | 1980 | male | 2 | 0 | 1980 | 2 | 1 | 1981 | 1 | 0 | 0 | 0 | 0 | 1 | 0 | 0 | 0 | 0 | 0 | 0 | 0 | 0 | 0 | 0 | 0 | 0 | 0 | 0 | 0 | 0 | 0 | 0 | 0 | 0 | 0 | 0 | 0 | 0 | 0 | 0 | 0 | 0 | 0 | 0 | 0 | 0 | 0 | 0 | 0 | 0 |  1 | 0 | 0 | 0 | 0 | 1 | 1 | 0 | 0 | 0 | 0 | 0 | 0 | 0 | 0 | 0 | 0 | 0 | 0 | 0 | 0 | 0 | 0 | 0 | 0 | 0 | 0 | 0 | 0 | 0 | 0 | 0 | 0 | 0 | 0 | 0 | 0 | 0 | 0 | 0 | 0 | 0 |
99 | Fraundorf, P. B. | Washington Univ., Saint Louis, MO. | 1980 | None | 8 | 6 | 2002 | 9 | 13 | 2002 | 0 | 0 | 1 | 0 | 1 | 6 | 2 | 3 | 0 | 0 | 0 | 0 | 0 | 0 | 0 | 0 | 0 | 0 | 0 | 0 | 0 | 0 | 0 | 0 | 0 | 0 | 0 | 1 | 0 | 0 | 0 | 0 | 0 | 0 | 0 | 0 | 0 | 0 | 0 | 0 | 0 | 0 |  0 | 0 | 1 | 1 | 1 | 6 | 3 | 4 | 1 | 2 | 0 | 0 | 1 | 1 | 0 | 0 | 0 | 0 | 0 | 0 | 0 | 0 | 0 | 0 | 0 | 0 | 0 | 1 | 0 | 0 | 0 | 0 | 0 | 0 | 0 | 0 | 0 | 0 | 0 | 0 | 0 | 0 |
100 | Hsu, Chih-Ping Flossie | UNIVERSITY OF WASHINGTON. | 1980 | male | 1 | 0 | 1980 | 1 | 8 | 2016 | 0 | 0 | 0 | 0 | 0 | 1 | 0 | 0 | 0 | 0 | 0 | 0 | 0 | 0 | 0 | 0 | 0 | 0 | 0 | 0 | 0 | 0 | 0 | 0 | 0 | 0 | 0 | 0 | 0 | 0 | 0 | 0 | 0 | 0 | 0 | 0 | 0 | 0 | 0 | 0 | 0 | 0 |  0 | 0 | 0 | 0 | 0 | 1 | 1 | 0 | 0 | 0 | 0 | 0 | 0 | 0 | 0 | 0 | 0 | 0 | 0 | 0 | 0 | 0 | 0 | 0 | 0 | 0 | 0 | 0 | 0 | 0 | 0 | 0 | 3 | 2 | 0 | 0 | 0 | 0 | 0 | 0 | 1 | 1 |
101 | Beaty, D. W. | California Institute of Technology, Pasadena. | 1980 | None | 5 | 3 | 2009 | 8 | 11 | 2014 | 0 | 0 | 0 | 1 | 2 | 2 | 0 | 0 | 0 | 0 | 0 | 0 | 0 | 0 | 0 | 0 | 0 | 0 | 0 | 0 | 0 | 0 | 0 | 0 | 0 | 0 | 0 | 0 | 0 | 1 | 1 | 0 | 0 | 0 | 1 | 0 | 0 | 0 | 0 | 0 | 0 | 0 |  0 | 0 | 0 | 1 | 3 | 4 | 0 | 0 | 0 | 0 | 0 | 0 | 0 | 0 | 0 | 0 | 0 | 0 | 0 | 0 | 0 | 0 | 0 | 0 | 0 | 0 | 0 | 0 | 0 | 2 | 1 | 1 | 0 | 1 | 2 | 1 | 0 | 0 | 0 | 3 | 0 | 0 |
102 | Chacko, S. | Rice Univ., Houston, TX. | 1980 | None | 1 | 1 | 1982 | 1 | 1 | 1982 | 0 | 0 | 0 | 0 | 0 | 1 | 0 | 1 | 0 | 0 | 0 | 0 | 0 | 0 | 0 | 0 | 0 | 0 | 0 | 0 | 0 | 0 | 0 | 0 | 0 | 0 | 0 | 0 | 0 | 0 | 0 | 0 | 0 | 0 | 0 | 0 | 0 | 0 | 0 | 0 | 0 | 0 |  0 | 0 | 0 | 0 | 0 | 1 | 0 | 1 | 0 | 0 | 0 | 0 | 0 | 0 | 0 | 0 | 0 | 0 | 0 | 0 | 0 | 0 | 0 | 0 | 0 | 0 | 0 | 0 | 0 | 0 | 0 | 0 | 0 | 0 | 0 | 0 | 0 | 0 | 0 | 0 | 0 | 0 |
103 | French, Linda Susan May | CORNELL UNIVERSITY. | 1980 | female | 1 | 0 | 1980 | 1 | 1 | 1996 | 0 | 0 | 0 | 0 | 0 | 1 | 0 | 0 | 0 | 0 | 0 | 0 | 0 | 0 | 0 | 0 | 0 | 0 | 0 | 0 | 0 | 0 | 0 | 0 | 0 | 0 | 0 | 0 | 0 | 0 | 0 | 0 | 0 | 0 | 0 | 0 | 0 | 0 | 0 | 0 | 0 | 0 |  0 | 0 | 0 | 0 | 0 | 1 | 0 | 0 | 0 | 0 | 0 | 0 | 0 | 0 | 0 | 0 | 0 | 0 | 0 | 0 | 0 | 1 | 0 | 0 | 0 | 0 | 0 | 0 | 0 | 0 | 0 | 0 | 0 | 0 | 0 | 0 | 0 | 0 | 0 | 0 | 0 | 0 |
104 | Vestrand, William Thomas | UNIVERSITY OF MARYLAND COLLEGE PARK. | 1980 | male | 1 | 23 | 2014 | 4 | 101 | 2015 | 0 | 0 | 0 | 0 | 0 | 1 | 1 | 2 | 1 | 0 | 0 | 1 | 2 | 1 | 0 | 1 | 2 | 0 | 1 | 0 | 1 | 1 | 2 | 0 | 2 | 0 | 0 | 0 | 0 | 2 | 1 | 1 | 0 | 0 | 0 | 0 | 0 | 0 | 0 | 1 | 0 | 0 |  0 | 0 | 0 | 2 | 0 | 2 | 1 | 2 | 1 | 1 | 5 | 2 | 4 | 1 | 3 | 1 | 2 | 0 | 2 | 1 | 2 | 2 | 4 | 1 | 3 | 0 | 6 | 2 | 4 | 8 | 6 | 15 | 4 | 4 | 2 | 3 | 1 | 1 | 3 | 3 | 1 | 0 |
105 | Niedra, J. M. | Pittsburgh Univ., PA. | 1980 | None | 1 | 3 | 1983 | 1 | 4 | 1983 | 0 | 0 | 0 | 0 | 0 | 1 | 0 | 1 | 2 | 0 | 0 | 0 | 0 | 0 | 0 | 0 | 0 | 0 | 0 | 0 | 0 | 0 | 0 | 0 | 0 | 0 | 0 | 0 | 0 | 0 | 0 | 0 | 0 | 0 | 0 | 0 | 0 | 0 | 0 | 0 | 0 | 0 |  0 | 0 | 0 | 0 | 0 | 1 | 0 | 1 | 3 | 0 | 0 | 0 | 0 | 0 | 0 | 0 | 0 | 0 | 0 | 0 | 0 | 0 | 0 | 0 | 0 | 0 | 0 | 0 | 0 | 0 | 0 | 0 | 0 | 0 | 0 | 0 | 0 | 0 | 0 | 0 | 0 | 0 |
106 | O'Brien, George Thomas, Jr. | THE UNIVERSITY OF TEXAS AT AUSTIN. | 1980 | male | 3 | 0 | 1980 | 4 | 4 | 1985 | 0 | 0 | 0 | 0 | 2 | 1 | 0 | 0 | 0 | 0 | 0 | 0 | 0 | 0 | 0 | 0 | 0 | 0 | 0 | 0 | 0 | 0 | 0 | 0 | 0 | 0 | 0 | 0 | 0 | 0 | 0 | 0 | 0 | 0 | 0 | 0 | 0 | 0 | 0 | 0 | 0 | 0 |  0 | 0 | 0 | 1 | 2 | 1 | 0 | 1 | 2 | 0 | 1 | 0 | 0 | 0 | 0 | 0 | 0 | 0 | 0 | 0 | 0 | 0 | 0 | 0 | 0 | 0 | 0 | 0 | 0 | 0 | 0 | 0 | 0 | 0 | 0 | 0 | 0 | 0 | 0 | 0 | 0 | 0 |
107 | Axelrod, Timothy Stephen | UNIVERSITY OF CALIFORNIA, SANTA CRUZ. | 1980 | male | 1 | 1 | 1988 | 1 | 96 | 2016 | 0 | 0 | 0 | 0 | 0 | 1 | 0 | 0 | 0 | 0 | 0 | 0 | 0 | 1 | 0 | 0 | 0 | 0 | 0 | 0 | 0 | 0 | 0 | 0 | 0 | 0 | 0 | 0 | 0 | 0 | 0 | 0 | 0 | 0 | 0 | 0 | 0 | 0 | 0 | 0 | 0 | 0 |  0 | 0 | 0 | 0 | 0 | 1 | 0 | 0 | 0 | 0 | 0 | 0 | 0 | 2 | 0 | 0 | 1 | 1 | 2 | 1 | 6 | 9 | 11 | 5 | 7 | 8 | 12 | 7 | 3 | 1 | 2 | 1 | 0 | 2 | 4 | 5 | 0 | 0 | 1 | 2 | 1 | 2 |
108 | Bautz, Marshall William | PRINCETON UNIVERSITY. | 1980 | male | 1 | 8 | 2009 | 1 | 121 | 2017 | 0 | 0 | 0 | 0 | 0 | 1 | 0 | 1 | 1 | 0 | 0 | 0 | 1 | 0 | 0 | 0 | 0 | 0 | 0 | 1 | 0 | 0 | 0 | 0 | 1 | 1 | 0 | 0 | 0 | 1 | 0 | 0 | 0 | 0 | 1 | 0 | 0 | 0 | 0 | 0 | 0 | 0 |  0 | 0 | 0 | 0 | 0 | 1 | 3 | 3 | 2 | 0 | 1 | 0 | 1 | 0 | 0 | 0 | 1 | 0 | 0 | 4 | 1 | 1 | 2 | 1 | 5 | 8 | 9 | 7 | 9 | 8 | 5 | 4 | 1 | 5 | 6 | 5 | 5 | 3 | 6 | 4 | 5 | 5 |
109 | Cimerman, Menachem | CALIFORNIA INSTITUTE OF TECHNOLOGY. | 1980 | male | 5 | 0 | 1980 | 5 | 0 | 1980 | 0 | 0 | 0 | 0 | 3 | 2 | 0 | 0 | 0 | 0 | 0 | 0 | 0 | 0 | 0 | 0 | 0 | 0 | 0 | 0 | 0 | 0 | 0 | 0 | 0 | 0 | 0 | 0 | 0 | 0 | 0 | 0 | 0 | 0 | 0 | 0 | 0 | 0 | 0 | 0 | 0 | 0 |  0 | 0 | 0 | 0 | 3 | 2 | 0 | 0 | 0 | 0 | 0 | 0 | 0 | 0 | 0 | 0 | 0 | 0 | 0 | 0 | 0 | 0 | 0 | 0 | 0 | 0 | 0 | 0 | 0 | 0 | 0 | 0 | 0 | 0 | 0 | 0 | 0 | 0 | 0 | 0 | 0 | 0 |
110 | Dziczkaniec, Marlene | RICE UNIVERSITY. | 1980 | female | 1 | 2 | 1982 | 11 | 3 | 1982 | 0 | 0 | 0 | 0 | 0 | 1 | 0 | 2 | 0 | 0 | 0 | 0 | 0 | 0 | 0 | 0 | 0 | 0 | 0 | 0 | 0 | 0 | 0 | 0 | 0 | 0 | 0 | 0 | 0 | 0 | 0 | 0 | 0 | 0 | 0 | 0 | 0 | 0 | 0 | 0 | 0 | 0 |  0 | 3 | 0 | 2 | 2 | 4 | 1 | 2 | 0 | 0 | 0 | 0 | 0 | 0 | 0 | 0 | 0 | 0 | 0 | 0 | 0 | 0 | 0 | 0 | 0 | 0 | 0 | 0 | 0 | 0 | 0 | 0 | 0 | 0 | 0 | 0 | 0 | 0 | 0 | 0 | 0 | 0 |
111 | Eppler, D. T. | South Carolina Univ., Columbia. | 1980 | None | 2 | 0 | 1980 | 2 | 1 | 2001 | 1 | 0 | 0 | 0 | 0 | 1 | 0 | 0 | 0 | 0 | 0 | 0 | 0 | 0 | 0 | 0 | 0 | 0 | 0 | 0 | 0 | 0 | 0 | 0 | 0 | 0 | 0 | 0 | 0 | 0 | 0 | 0 | 0 | 0 | 0 | 0 | 0 | 0 | 0 | 0 | 0 | 0 |  1 | 0 | 0 | 0 | 0 | 1 | 0 | 0 | 0 | 0 | 0 | 0 | 0 | 0 | 0 | 0 | 0 | 0 | 0 | 0 | 0 | 0 | 0 | 0 | 0 | 0 | 1 | 0 | 0 | 0 | 0 | 0 | 0 | 0 | 0 | 0 | 0 | 0 | 0 | 0 | 0 | 0 |
112 | Fahey, Richard Patrick | THE CATHOLIC UNIVERSITY OF AMERICA. | 1980 | male | 2 | 2 | 1991 | 4 | 9 | 2009 | 0 | 0 | 1 | 0 | 0 | 1 | 0 | 0 | 0 | 1 | 0 | 0 | 0 | 0 | 0 | 0 | 1 | 0 | 0 | 0 | 0 | 0 | 0 | 0 | 0 | 0 | 0 | 0 | 0 | 0 | 0 | 0 | 0 | 0 | 0 | 0 | 0 | 0 | 0 | 0 | 0 | 0 |  2 | 0 | 1 | 0 | 0 | 1 | 0 | 0 | 0 | 2 | 2 | 0 | 1 | 1 | 0 | 0 | 1 | 0 | 0 | 1 | 0 | 0 | 0 | 0 | 0 | 0 | 0 | 0 | 0 | 0 | 0 | 0 | 0 | 0 | 1 | 0 | 0 | 0 | 0 | 0 | 0 | 0 |
113 | Geldzahler, Bernard Jay | UNIVERSITY OF PENNSYLVANIA. | 1980 | male | 6 | 18 | 1994 | 11 | 40 | 2010 | 0 | 0 | 1 | 1 | 2 | 2 | 4 | 1 | 4 | 4 | 1 | 1 | 1 | 0 | 1 | 0 | 0 | 0 | 0 | 1 | 0 | 0 | 0 | 0 | 0 | 0 | 0 | 0 | 0 | 0 | 0 | 0 | 0 | 0 | 0 | 0 | 0 | 0 | 0 | 0 | 0 | 0 |  0 | 0 | 3 | 3 | 3 | 2 | 5 | 1 | 6 | 8 | 2 | 4 | 1 | 0 | 2 | 0 | 1 | 0 | 0 | 1 | 0 | 0 | 2 | 0 | 1 | 0 | 3 | 0 | 1 | 0 | 0 | 0 | 0 | 0 | 0 | 2 | 0 | 0 | 0 | 0 | 0 | 0 |
114 | Singer, Robert Bennett | MASSACHUSETTS INSTITUTE OF TECHNOLOGY. | 1980 | male | 3 | 4 | 1985 | 5 | 27 | 1999 | 0 | 0 | 0 | 0 | 2 | 1 | 1 | 1 | 0 | 0 | 2 | 0 | 0 | 0 | 0 | 0 | 0 | 0 | 0 | 0 | 0 | 0 | 0 | 0 | 0 | 0 | 0 | 0 | 0 | 0 | 0 | 0 | 0 | 0 | 0 | 0 | 0 | 0 | 0 | 0 | 0 | 0 |  0 | 0 | 2 | 0 | 2 | 1 | 1 | 4 | 0 | 0 | 2 | 0 | 2 | 0 | 1 | 3 | 4 | 1 | 2 | 2 | 0 | 2 | 0 | 0 | 3 | 0 | 0 | 0 | 0 | 0 | 0 | 0 | 0 | 0 | 0 | 0 | 0 | 0 | 0 | 0 | 0 | 0 |
115 | Clark, R. N. | Hawaii Univ., Honolulu. | 1980 | None | 8 | 22 | 2012 | 13 | 178 | 2017 | 0 | 1 | 0 | 0 | 2 | 5 | 3 | 2 | 2 | 3 | 0 | 0 | 0 | 0 | 0 | 2 | 0 | 0 | 0 | 0 | 0 | 0 | 2 | 0 | 0 | 0 | 0 | 0 | 1 | 0 | 1 | 0 | 0 | 1 | 2 | 1 | 1 | 1 | 0 | 0 | 0 | 0 |  1 | 1 | 0 | 1 | 5 | 5 | 4 | 3 | 2 | 5 | 0 | 2 | 0 | 1 | 2 | 3 | 1 | 2 | 2 | 2 | 1 | 1 | 5 | 4 | 3 | 3 | 1 | 1 | 5 | 5 | 6 | 10 | 5 | 15 | 16 | 11 | 19 | 16 | 9 | 5 | 2 | 4 |
116 | Scheuer, Mark Alan | THE UNIVERSITY OF ROCHESTER. | 1980 | male | 1 | 1 | 1981 | 1 | 2 | 1982 | 0 | 0 | 0 | 0 | 0 | 1 | 1 | 0 | 0 | 0 | 0 | 0 | 0 | 0 | 0 | 0 | 0 | 0 | 0 | 0 | 0 | 0 | 0 | 0 | 0 | 0 | 0 | 0 | 0 | 0 | 0 | 0 | 0 | 0 | 0 | 0 | 0 | 0 | 0 | 0 | 0 | 0 |  0 | 0 | 0 | 0 | 0 | 1 | 1 | 1 | 0 | 0 | 0 | 0 | 0 | 0 | 0 | 0 | 0 | 0 | 0 | 0 | 0 | 0 | 0 | 0 | 0 | 0 | 0 | 0 | 0 | 0 | 0 | 0 | 0 | 0 | 0 | 0 | 0 | 0 | 0 | 0 | 0 | 0 |
117 | Whitmore, Bradley Charles | THE UNIVERSITY OF MICHIGAN. | 1980 | male | 3 | 31 | 2016 | 3 | 128 | 2017 | 0 | 0 | 0 | 0 | 1 | 2 | 1 | 1 | 0 | 3 | 2 | 0 | 1 | 2 | 1 | 2 | 1 | 0 | 2 | 0 | 2 | 0 | 1 | 0 | 2 | 0 | 0 | 2 | 0 | 0 | 1 | 0 | 1 | 0 | 1 | 1 | 1 | 0 | 0 | 2 | 0 | 1 |  0 | 0 | 0 | 0 | 1 | 2 | 1 | 1 | 3 | 8 | 2 | 1 | 3 | 6 | 4 | 3 | 3 | 0 | 3 | 0 | 2 | 1 | 2 | 2 | 3 | 0 | 5 | 2 | 1 | 2 | 4 | 2 | 2 | 3 | 3 | 12 | 10 | 9 | 4 | 6 | 10 | 4 |
118 | Massa, Derck Louis | UNIVERSITY OF COLORADO AT BOULDER. | 1980 | male | 5 | 24 | 2017 | 5 | 86 | 2017 | 1 | 0 | 0 | 1 | 0 | 3 | 1 | 0 | 1 | 2 | 1 | 1 | 3 | 0 | 1 | 0 | 1 | 1 | 0 | 1 | 3 | 0 | 0 | 0 | 1 | 2 | 0 | 0 | 1 | 0 | 0 | 0 | 0 | 1 | 0 | 0 | 0 | 0 | 0 | 1 | 1 | 0 |  1 | 0 | 0 | 1 | 0 | 3 | 1 | 0 | 1 | 2 | 3 | 2 | 4 | 1 | 1 | 2 | 2 | 1 | 1 | 3 | 5 | 0 | 2 | 2 | 4 | 6 | 1 | 3 | 3 | 1 | 5 | 4 | 3 | 3 | 4 | 5 | 3 | 2 | 2 | 1 | 2 | 0 |
119 | Pollaine, Stephen Miles | UNIVERSITY OF CALIFORNIA, BERKELEY. | 1980 | male | 3 | 0 | 1980 | 4 | 6 | 2012 | 0 | 0 | 0 | 1 | 1 | 1 | 0 | 0 | 0 | 0 | 0 | 0 | 0 | 0 | 0 | 0 | 0 | 0 | 0 | 0 | 0 | 0 | 0 | 0 | 0 | 0 | 0 | 0 | 0 | 0 | 0 | 0 | 0 | 0 | 0 | 0 | 0 | 0 | 0 | 0 | 0 | 0 |  0 | 0 | 0 | 2 | 1 | 1 | 0 | 0 | 0 | 0 | 0 | 0 | 0 | 0 | 0 | 0 | 0 | 0 | 0 | 0 | 0 | 0 | 0 | 0 | 0 | 1 | 0 | 0 | 0 | 0 | 1 | 0 | 2 | 0 | 0 | 0 | 1 | 1 | 0 | 0 | 0 | 0 |
120 | Dere, Kenneth Paul | THE CATHOLIC UNIVERSITY OF AMERICA. | 1980 | male | 6 | 38 | 2009 | 10 | 108 | 2016 | 0 | 0 | 1 | 2 | 2 | 1 | 1 | 3 | 2 | 3 | 0 | 2 | 2 | 1 | 4 | 2 | 2 | 0 | 1 | 2 | 0 | 1 | 2 | 0 | 1 | 2 | 1 | 0 | 0 | 0 | 1 | 0 | 2 | 1 | 2 | 0 | 0 | 0 | 0 | 0 | 0 | 0 |  1 | 0 | 3 | 3 | 2 | 1 | 1 | 3 | 3 | 3 | 0 | 5 | 3 | 4 | 6 | 4 | 7 | 1 | 2 | 7 | 4 | 3 | 12 | 1 | 5 | 4 | 6 | 4 | 2 | 1 | 1 | 3 | 6 | 1 | 2 | 0 | 0 | 1 | 1 | 0 | 1 | 1 |
121 | Lalko, L. E. | Arizona State University, Tempe. | 1980 | None | 1 | 0 | 1980 | 1 | 0 | 1980 | 0 | 0 | 0 | 0 | 0 | 1 | 0 | 0 | 0 | 0 | 0 | 0 | 0 | 0 | 0 | 0 | 0 | 0 | 0 | 0 | 0 | 0 | 0 | 0 | 0 | 0 | 0 | 0 | 0 | 0 | 0 | 0 | 0 | 0 | 0 | 0 | 0 | 0 | 0 | 0 | 0 | 0 |  0 | 0 | 0 | 0 | 0 | 1 | 0 | 0 | 0 | 0 | 0 | 0 | 0 | 0 | 0 | 0 | 0 | 0 | 0 | 0 | 0 | 0 | 0 | 0 | 0 | 0 | 0 | 0 | 0 | 0 | 0 | 0 | 0 | 0 | 0 | 0 | 0 | 0 | 0 | 0 | 0 | 0 |
122 | York, Louis Alan | BOSTON UNIVERSITY GRADUATE SCHOOL. | 1980 | male | 1 | 0 | 1980 | 1 | 0 | 1980 | 0 | 0 | 0 | 0 | 0 | 1 | 0 | 0 | 0 | 0 | 0 | 0 | 0 | 0 | 0 | 0 | 0 | 0 | 0 | 0 | 0 | 0 | 0 | 0 | 0 | 0 | 0 | 0 | 0 | 0 | 0 | 0 | 0 | 0 | 0 | 0 | 0 | 0 | 0 | 0 | 0 | 0 |  0 | 0 | 0 | 0 | 0 | 1 | 0 | 0 | 0 | 0 | 0 | 0 | 0 | 0 | 0 | 0 | 0 | 0 | 0 | 0 | 0 | 0 | 0 | 0 | 0 | 0 | 0 | 0 | 0 | 0 | 0 | 0 | 0 | 0 | 0 | 0 | 0 | 0 | 0 | 0 | 0 | 0 |
123 | Zimmerman, M. E. | California Institute of Technology, Pasadena. | 1980 | None | 1 | 1 | 1999 | 1 | 11 | 2017 | 0 | 0 | 0 | 0 | 0 | 1 | 0 | 0 | 0 | 0 | 0 | 0 | 0 | 0 | 0 | 0 | 0 | 0 | 0 | 0 | 0 | 0 | 0 | 0 | 1 | 0 | 0 | 0 | 0 | 0 | 0 | 0 | 0 | 0 | 0 | 0 | 0 | 0 | 0 | 0 | 0 | 0 |  0 | 0 | 0 | 0 | 0 | 1 | 0 | 0 | 0 | 0 | 0 | 0 | 0 | 0 | 0 | 0 | 0 | 0 | 0 | 0 | 0 | 1 | 0 | 1 | 1 | 0 | 0 | 0 | 0 | 0 | 0 | 0 | 0 | 0 | 2 | 0 | 0 | 1 | 0 | 1 | 0 | 3 |
124 | Richardson, Martin Brian | STATE UNIVERSITY OF NEW YORK AT ALBANY. | 1980 | male | 2 | 2 | 2012 | 2 | 9 | 2014 | 0 | 0 | 0 | 0 | 1 | 1 | 0 | 1 | 0 | 0 | 0 | 0 | 0 | 0 | 0 | 0 | 0 | 0 | 0 | 0 | 0 | 0 | 0 | 0 | 0 | 0 | 0 | 0 | 0 | 0 | 0 | 0 | 0 | 0 | 0 | 0 | 0 | 1 | 0 | 0 | 0 | 0 |  0 | 0 | 0 | 0 | 1 | 1 | 0 | 1 | 0 | 1 | 0 | 0 | 1 | 0 | 0 | 0 | 0 | 0 | 0 | 0 | 0 | 0 | 0 | 0 | 0 | 0 | 0 | 0 | 0 | 1 | 0 | 0 | 0 | 0 | 0 | 0 | 0 | 2 | 1 | 2 | 0 | 0 |
125 | Morrison, James Patrick | THE UNIVERSITY OF WISCONSIN - MADISON. | 1980 | male | 1 | 0 | 1980 | 1 | 7 | 2008 | 0 | 0 | 0 | 0 | 0 | 1 | 0 | 0 | 0 | 0 | 0 | 0 | 0 | 0 | 0 | 0 | 0 | 0 | 0 | 0 | 0 | 0 | 0 | 0 | 0 | 0 | 0 | 0 | 0 | 0 | 0 | 0 | 0 | 0 | 0 | 0 | 0 | 0 | 0 | 0 | 0 | 0 |  0 | 0 | 0 | 0 | 0 | 1 | 0 | 0 | 0 | 0 | 0 | 0 | 0 | 0 | 0 | 0 | 0 | 0 | 0 | 0 | 0 | 0 | 1 | 0 | 0 | 0 | 1 | 0 | 0 | 4 | 0 | 0 | 0 | 1 | 0 | 0 | 0 | 0 | 0 | 0 | 0 | 0 |
126 | Murrell, M. T. | California Univ., San Diego. | 1980 | None | 2 | 8 | 1987 | 6 | 39 | 2011 | 0 | 0 | 0 | 0 | 0 | 2 | 1 | 2 | 1 | 1 | 1 | 1 | 1 | 0 | 0 | 0 | 0 | 0 | 0 | 0 | 0 | 0 | 0 | 0 | 0 | 0 | 0 | 0 | 0 | 0 | 0 | 0 | 0 | 0 | 0 | 0 | 0 | 0 | 0 | 0 | 0 | 0 |  0 | 0 | 0 | 1 | 1 | 4 | 2 | 4 | 3 | 4 | 1 | 2 | 1 | 0 | 1 | 0 | 1 | 2 | 2 | 2 | 2 | 0 | 1 | 1 | 1 | 1 | 2 | 2 | 1 | 0 | 0 | 0 | 0 | 0 | 2 | 0 | 1 | 0 | 0 | 0 | 0 | 0 |
127 | Soderblom, David Robert | UNIVERSITY OF CALIFORNIA, SANTA CRUZ. | 1980 | male | 2 | 45 | 2015 | 3 | 97 | 2017 | 0 | 1 | 0 | 0 | 0 | 1 | 0 | 1 | 2 | 3 | 5 | 2 | 1 | 1 | 4 | 2 | 1 | 0 | 7 | 0 | 2 | 1 | 0 | 4 | 1 | 0 | 1 | 0 | 0 | 0 | 1 | 0 | 0 | 0 | 1 | 1 | 0 | 1 | 0 | 2 | 1 | 0 |  0 | 1 | 0 | 0 | 0 | 2 | 0 | 2 | 3 | 5 | 5 | 2 | 3 | 1 | 4 | 3 | 1 | 0 | 8 | 1 | 4 | 3 | 1 | 6 | 2 | 1 | 1 | 1 | 2 | 2 | 4 | 2 | 1 | 2 | 3 | 4 | 3 | 3 | 3 | 3 | 2 | 5 |
128 | Wallenhorst, Steven Gerard | THE UNIVERSITY OF WISCONSIN - MADISON. | 1980 | male | 2 | 8 | 1983 | 2 | 9 | 1983 | 0 | 0 | 0 | 0 | 0 | 2 | 2 | 5 | 1 | 0 | 0 | 0 | 0 | 0 | 0 | 0 | 0 | 0 | 0 | 0 | 0 | 0 | 0 | 0 | 0 | 0 | 0 | 0 | 0 | 0 | 0 | 0 | 0 | 0 | 0 | 0 | 0 | 0 | 0 | 0 | 0 | 0 |  0 | 0 | 0 | 0 | 0 | 2 | 3 | 5 | 1 | 0 | 0 | 0 | 0 | 0 | 0 | 0 | 0 | 0 | 0 | 0 | 0 | 0 | 0 | 0 | 0 | 0 | 0 | 0 | 0 | 0 | 0 | 0 | 0 | 0 | 0 | 0 | 0 | 0 | 0 | 0 | 0 | 0 |
129 | Poyet, Jean-Pierre Henri | COLUMBIA UNIVERSITY. | 1980 | male | 1 | 0 | 1980 | 1 | 0 | 1980 | 0 | 0 | 0 | 0 | 0 | 1 | 0 | 0 | 0 | 0 | 0 | 0 | 0 | 0 | 0 | 0 | 0 | 0 | 0 | 0 | 0 | 0 | 0 | 0 | 0 | 0 | 0 | 0 | 0 | 0 | 0 | 0 | 0 | 0 | 0 | 0 | 0 | 0 | 0 | 0 | 0 | 0 |  0 | 0 | 0 | 0 | 0 | 1 | 0 | 0 | 0 | 0 | 0 | 0 | 0 | 0 | 0 | 0 | 0 | 0 | 0 | 0 | 0 | 0 | 0 | 0 | 0 | 0 | 0 | 0 | 0 | 0 | 0 | 0 | 0 | 0 | 0 | 0 | 0 | 0 | 0 | 0 | 0 | 0 |
130 | Reynolds, Stephen Poulter | UNIVERSITY OF CALIFORNIA, BERKELEY. | 1980 | male | 2 | 47 | 2017 | 2 | 143 | 2017 | 0 | 0 | 0 | 0 | 0 | 2 | 1 | 2 | 1 | 3 | 2 | 2 | 1 | 4 | 0 | 0 | 2 | 1 | 3 | 2 | 2 | 1 | 0 | 1 | 3 | 1 | 2 | 0 | 0 | 2 | 0 | 2 | 1 | 2 | 2 | 0 | 1 | 1 | 0 | 0 | 0 | 1 |  0 | 0 | 0 | 0 | 0 | 2 | 1 | 2 | 1 | 4 | 3 | 2 | 1 | 4 | 2 | 2 | 4 | 1 | 4 | 6 | 2 | 1 | 2 | 5 | 6 | 2 | 10 | 1 | 5 | 4 | 2 | 9 | 5 | 5 | 5 | 4 | 5 | 3 | 6 | 9 | 6 | 5 |
131 | November, Laurence Jay | UNIVERSITY OF COLORADO AT BOULDER. | 1980 | female | 2 | 12 | 2004 | 3 | 23 | 2004 | 0 | 0 | 0 | 0 | 1 | 1 | 1 | 1 | 0 | 1 | 0 | 1 | 0 | 2 | 2 | 0 | 0 | 0 | 1 | 1 | 0 | 1 | 0 | 0 | 0 | 0 | 0 | 0 | 0 | 1 | 0 | 0 | 0 | 0 | 0 | 0 | 0 | 0 | 0 | 0 | 0 | 0 |  1 | 0 | 0 | 0 | 1 | 1 | 2 | 1 | 1 | 1 | 1 | 2 | 0 | 5 | 4 | 0 | 0 | 0 | 1 | 2 | 0 | 1 | 1 | 0 | 0 | 0 | 0 | 0 | 0 | 1 | 0 | 0 | 0 | 0 | 0 | 0 | 0 | 0 | 0 | 0 | 0 | 0 |
132 | Lubin, Philip Michael | UNIVERSITY OF CALIFORNIA, BERKELEY. | 1980 | male | 1 | 9 | 2016 | 6 | 203 | 2017 | 0 | 0 | 0 | 0 | 0 | 1 | 1 | 0 | 2 | 1 | 1 | 1 | 0 | 0 | 0 | 0 | 0 | 0 | 0 | 0 | 1 | 0 | 0 | 0 | 0 | 1 | 0 | 0 | 0 | 0 | 0 | 0 | 0 | 0 | 0 | 0 | 0 | 0 | 0 | 0 | 0 | 1 |  0 | 0 | 1 | 0 | 4 | 1 | 1 | 0 | 2 | 1 | 1 | 1 | 0 | 0 | 0 | 3 | 7 | 5 | 7 | 9 | 7 | 3 | 0 | 2 | 0 | 3 | 1 | 1 | 0 | 4 | 6 | 5 | 0 | 1 | 0 | 4 | 27 | 0 | 8 | 34 | 14 | 45 |
133 | Marchant, Alan Bruce | CORNELL UNIVERSITY. | 1980 | male | 6 | 0 | 1980 | 8 | 0 | 1980 | 0 | 0 | 2 | 0 | 2 | 2 | 0 | 0 | 0 | 0 | 0 | 0 | 0 | 0 | 0 | 0 | 0 | 0 | 0 | 0 | 0 | 0 | 0 | 0 | 0 | 0 | 0 | 0 | 0 | 0 | 0 | 0 | 0 | 0 | 0 | 0 | 0 | 0 | 0 | 0 | 0 | 0 |  0 | 1 | 2 | 1 | 2 | 2 | 0 | 0 | 0 | 0 | 0 | 0 | 0 | 0 | 0 | 0 | 0 | 0 | 0 | 0 | 0 | 0 | 0 | 0 | 0 | 0 | 0 | 0 | 0 | 0 | 0 | 0 | 0 | 0 | 0 | 0 | 0 | 0 | 0 | 0 | 0 | 0 |
134 | Stoll, Clifford Paul | THE UNIVERSITY OF ARIZONA. | 1980 | male | 1 | 0 | 1980 | 3 | 2 | 1998 | 0 | 0 | 0 | 0 | 0 | 1 | 0 | 0 | 0 | 0 | 0 | 0 | 0 | 0 | 0 | 0 | 0 | 0 | 0 | 0 | 0 | 0 | 0 | 0 | 0 | 0 | 0 | 0 | 0 | 0 | 0 | 0 | 0 | 0 | 0 | 0 | 0 | 0 | 0 | 0 | 0 | 0 |  1 | 0 | 0 | 0 | 0 | 2 | 0 | 1 | 0 | 0 | 0 | 0 | 0 | 0 | 0 | 0 | 0 | 0 | 0 | 0 | 0 | 0 | 0 | 1 | 0 | 0 | 0 | 0 | 0 | 0 | 0 | 0 | 0 | 0 | 0 | 0 | 0 | 0 | 0 | 0 | 0 | 0 |
135 | Schaefer, Richard Warren | STATE UNIVERSITY OF NEW YORK AT ALBANY. | 1980 | male | 1 | 0 | 1980 | 1 | 7 | 2016 | 0 | 0 | 0 | 0 | 0 | 1 | 0 | 0 | 0 | 0 | 0 | 0 | 0 | 0 | 0 | 0 | 0 | 0 | 0 | 0 | 0 | 0 | 0 | 0 | 0 | 0 | 0 | 0 | 0 | 0 | 0 | 0 | 0 | 0 | 0 | 0 | 0 | 0 | 0 | 0 | 0 | 0 |  0 | 0 | 0 | 0 | 0 | 1 | 1 | 0 | 0 | 0 | 0 | 0 | 0 | 0 | 0 | 0 | 0 | 0 | 0 | 1 | 0 | 0 | 0 | 0 | 0 | 0 | 1 | 2 | 0 | 0 | 0 | 0 | 0 | 0 | 0 | 0 | 0 | 0 | 0 | 0 | 1 | 1 |
136 | Schempp, William Victor | UNIVERSITY OF HAWAII. | 1980 | male | 1 | 5 | 1992 | 3 | 16 | 1992 | 0 | 0 | 0 | 0 | 0 | 1 | 0 | 1 | 0 | 1 | 0 | 0 | 1 | 0 | 1 | 0 | 0 | 1 | 0 | 0 | 0 | 0 | 0 | 0 | 0 | 0 | 0 | 0 | 0 | 0 | 0 | 0 | 0 | 0 | 0 | 0 | 0 | 0 | 0 | 0 | 0 | 0 |  0 | 0 | 0 | 0 | 2 | 1 | 1 | 1 | 1 | 2 | 1 | 0 | 2 | 0 | 6 | 1 | 0 | 1 | 0 | 0 | 0 | 0 | 0 | 0 | 0 | 0 | 0 | 0 | 0 | 0 | 0 | 0 | 0 | 0 | 0 | 0 | 0 | 0 | 0 | 0 | 0 | 0 |
137 | Howell, Robert Richard | THE UNIVERSITY OF ARIZONA. | 1980 | male | 3 | 11 | 2014 | 7 | 47 | 2016 | 0 | 0 | 0 | 0 | 0 | 3 | 1 | 0 | 1 | 1 | 1 | 0 | 0 | 0 | 1 | 0 | 0 | 0 | 0 | 0 | 0 | 0 | 1 | 0 | 0 | 0 | 1 | 0 | 0 | 0 | 0 | 1 | 1 | 0 | 0 | 0 | 1 | 0 | 0 | 1 | 0 | 0 |  0 | 0 | 2 | 1 | 0 | 4 | 1 | 1 | 3 | 3 | 1 | 0 | 2 | 1 | 2 | 1 | 1 | 3 | 2 | 0 | 4 | 0 | 3 | 0 | 3 | 0 | 2 | 2 | 0 | 2 | 0 | 2 | 1 | 0 | 0 | 0 | 1 | 0 | 1 | 3 | 0 | 2 |
138 | Detwiler, Andrew Garold | STATE UNIVERSITY OF NEW YORK AT ALBANY. | 1980 | male | 1 | 0 | 1980 | 1 | 1 | 2003 | 0 | 0 | 0 | 0 | 0 | 1 | 0 | 0 | 0 | 0 | 0 | 0 | 0 | 0 | 0 | 0 | 0 | 0 | 0 | 0 | 0 | 0 | 0 | 0 | 0 | 0 | 0 | 0 | 0 | 0 | 0 | 0 | 0 | 0 | 0 | 0 | 0 | 0 | 0 | 0 | 0 | 0 |  0 | 0 | 0 | 0 | 0 | 1 | 0 | 0 | 0 | 0 | 0 | 0 | 0 | 0 | 0 | 0 | 0 | 0 | 0 | 0 | 0 | 0 | 0 | 0 | 0 | 0 | 0 | 0 | 1 | 0 | 0 | 0 | 0 | 0 | 0 | 0 | 0 | 0 | 0 | 0 | 0 | 0 |
139 | Fraundorf, Philip Bernard | WASHINGTON UNIVERSITY. | 1980 | male | 8 | 6 | 2002 | 9 | 13 | 2002 | 0 | 0 | 1 | 0 | 1 | 6 | 2 | 3 | 0 | 0 | 0 | 0 | 0 | 0 | 0 | 0 | 0 | 0 | 0 | 0 | 0 | 0 | 0 | 0 | 0 | 0 | 0 | 1 | 0 | 0 | 0 | 0 | 0 | 0 | 0 | 0 | 0 | 0 | 0 | 0 | 0 | 0 |  0 | 0 | 1 | 1 | 1 | 6 | 3 | 4 | 1 | 2 | 0 | 0 | 1 | 1 | 0 | 0 | 0 | 0 | 0 | 0 | 0 | 0 | 0 | 0 | 0 | 0 | 0 | 1 | 0 | 0 | 0 | 0 | 0 | 0 | 0 | 0 | 0 | 0 | 0 | 0 | 0 | 0 |
140 | Ferrandino, Francis John | RENSSELAER POLYTECHNIC INSTITUTE. | 1980 | male | 1 | 0 | 1980 | 1 | 0 | 1980 | 0 | 0 | 0 | 0 | 0 | 1 | 0 | 0 | 0 | 0 | 0 | 0 | 0 | 0 | 0 | 0 | 0 | 0 | 0 | 0 | 0 | 0 | 0 | 0 | 0 | 0 | 0 | 0 | 0 | 0 | 0 | 0 | 0 | 0 | 0 | 0 | 0 | 0 | 0 | 0 | 0 | 0 |  0 | 0 | 0 | 0 | 0 | 1 | 0 | 0 | 0 | 0 | 0 | 0 | 0 | 0 | 0 | 0 | 0 | 0 | 0 | 0 | 0 | 0 | 0 | 0 | 0 | 0 | 0 | 0 | 0 | 0 | 0 | 0 | 0 | 0 | 0 | 0 | 0 | 0 | 0 | 0 | 0 | 0 |
141 | Rice, Walter Lawrence | HARVARD UNIVERSITY. | 1980 | male | 1 | 5 | 1997 | 2 | 24 | 1997 | 0 | 0 | 0 | 0 | 0 | 1 | 0 | 0 | 0 | 0 | 0 | 0 | 0 | 1 | 0 | 1 | 0 | 0 | 1 | 0 | 0 | 1 | 1 | 0 | 0 | 0 | 0 | 0 | 0 | 0 | 0 | 0 | 0 | 0 | 0 | 0 | 0 | 0 | 0 | 0 | 0 | 0 |  0 | 1 | 0 | 0 | 0 | 1 | 0 | 0 | 0 | 2 | 0 | 4 | 4 | 3 | 3 | 1 | 2 | 1 | 2 | 0 | 0 | 1 | 1 | 0 | 0 | 0 | 0 | 0 | 0 | 0 | 0 | 0 | 0 | 0 | 0 | 0 | 0 | 0 | 0 | 0 | 0 | 0 |
142 | Stier, Mark Terence | HARVARD UNIVERSITY. | 1980 | male | 3 | 3 | 1989 | 6 | 7 | 1989 | 0 | 1 | 0 | 1 | 0 | 1 | 0 | 1 | 0 | 1 | 0 | 0 | 0 | 0 | 1 | 0 | 0 | 0 | 0 | 0 | 0 | 0 | 0 | 0 | 0 | 0 | 0 | 0 | 0 | 0 | 0 | 0 | 0 | 0 | 0 | 0 | 0 | 0 | 0 | 0 | 0 | 0 |  0 | 2 | 0 | 1 | 1 | 2 | 0 | 2 | 1 | 3 | 0 | 0 | 0 | 0 | 1 | 0 | 0 | 0 | 0 | 0 | 0 | 0 | 0 | 0 | 0 | 0 | 0 | 0 | 0 | 0 | 0 | 0 | 0 | 0 | 0 | 0 | 0 | 0 | 0 | 0 | 0 | 0 |
143 | Troland, Thomas Hugh | UNIVERSITY OF CALIFORNIA, BERKELEY. | 1980 | male | 4 | 11 | 2016 | 6 | 73 | 2016 | 0 | 0 | 1 | 1 | 1 | 1 | 0 | 2 | 0 | 0 | 1 | 2 | 0 | 1 | 2 | 0 | 0 | 0 | 0 | 0 | 0 | 1 | 0 | 0 | 0 | 0 | 0 | 0 | 0 | 0 | 0 | 0 | 0 | 1 | 0 | 0 | 0 | 0 | 0 | 0 | 0 | 1 |  0 | 0 | 1 | 2 | 1 | 2 | 3 | 6 | 1 | 3 | 2 | 3 | 1 | 2 | 4 | 0 | 1 | 0 | 3 | 1 | 1 | 3 | 1 | 0 | 3 | 3 | 3 | 3 | 5 | 2 | 2 | 2 | 2 | 4 | 1 | 3 | 0 | 1 | 1 | 0 | 1 | 2 |
144 | Palmer, Leon George | THE OHIO STATE UNIVERSITY. | 1980 | male | 2 | 1 | 1982 | 2 | 1 | 1982 | 0 | 0 | 1 | 0 | 0 | 1 | 0 | 1 | 0 | 0 | 0 | 0 | 0 | 0 | 0 | 0 | 0 | 0 | 0 | 0 | 0 | 0 | 0 | 0 | 0 | 0 | 0 | 0 | 0 | 0 | 0 | 0 | 0 | 0 | 0 | 0 | 0 | 0 | 0 | 0 | 0 | 0 |  0 | 0 | 1 | 0 | 0 | 1 | 0 | 1 | 0 | 0 | 0 | 0 | 0 | 0 | 0 | 0 | 0 | 0 | 0 | 0 | 0 | 0 | 0 | 0 | 0 | 0 | 0 | 0 | 0 | 0 | 0 | 0 | 0 | 0 | 0 | 0 | 0 | 0 | 0 | 0 | 0 | 0 |
145 | Devore, John Gerald | UNIVERSITY OF CALIFORNIA, LOS ANGELES. | 1980 | male | 1 | 0 | 1980 | 1 | 7 | 2017 | 0 | 0 | 0 | 0 | 0 | 1 | 0 | 0 | 0 | 0 | 0 | 0 | 0 | 0 | 0 | 0 | 0 | 0 | 0 | 0 | 0 | 0 | 0 | 0 | 0 | 0 | 0 | 0 | 0 | 0 | 0 | 0 | 0 | 0 | 0 | 0 | 0 | 0 | 0 | 0 | 0 | 0 |  0 | 0 | 0 | 0 | 0 | 1 | 0 | 0 | 0 | 0 | 0 | 0 | 0 | 0 | 0 | 0 | 0 | 0 | 0 | 0 | 0 | 0 | 0 | 0 | 0 | 0 | 0 | 0 | 0 | 0 | 0 | 0 | 0 | 0 | 0 | 0 | 0 | 0 | 1 | 2 | 2 | 1 |
146 | Smith, James Alastair | YALE UNIVERSITY. | 1980 | male | 5 | 14 | 2010 | 7 | 72 | 2017 | 0 | 1 | 0 | 0 | 1 | 3 | 0 | 2 | 1 | 0 | 2 | 1 | 1 | 1 | 0 | 1 | 0 | 0 | 2 | 0 | 0 | 0 | 0 | 1 | 0 | 0 | 0 | 0 | 1 | 0 | 0 | 0 | 0 | 0 | 0 | 1 | 0 | 0 | 0 | 0 | 0 | 0 |  1 | 1 | 0 | 0 | 1 | 4 | 1 | 2 | 2 | 2 | 2 | 2 | 2 | 1 | 1 | 11 | 0 | 0 | 2 | 0 | 1 | 0 | 4 | 1 | 1 | 2 | 1 | 0 | 5 | 2 | 3 | 6 | 2 | 1 | 1 | 3 | 0 | 3 | 4 | 0 | 2 | 1 |
147 | Whitford-Stark, J. L. | Brown Univ., Providence, RI. | 1980 | None | 7 | 5 | 1990 | 9 | 5 | 1990 | 1 | 0 | 1 | 1 | 1 | 3 | 1 | 3 | 0 | 0 | 0 | 0 | 0 | 0 | 0 | 1 | 0 | 0 | 0 | 0 | 0 | 0 | 0 | 0 | 0 | 0 | 0 | 0 | 0 | 0 | 0 | 0 | 0 | 0 | 0 | 0 | 0 | 0 | 0 | 0 | 0 | 0 |  1 | 0 | 1 | 1 | 1 | 5 | 1 | 3 | 0 | 0 | 0 | 0 | 0 | 0 | 0 | 1 | 0 | 0 | 0 | 0 | 0 | 0 | 0 | 0 | 0 | 0 | 0 | 0 | 0 | 0 | 0 | 0 | 0 | 0 | 0 | 0 | 0 | 0 | 0 | 0 | 0 | 0 |
148 | Burns, Michael Lawrence | CORNELL UNIVERSITY. | 1980 | male | 1 | 2 | 1984 | 1 | 3 | 1997 | 0 | 0 | 0 | 0 | 0 | 1 | 0 | 1 | 0 | 1 | 0 | 0 | 0 | 0 | 0 | 0 | 0 | 0 | 0 | 0 | 0 | 0 | 0 | 0 | 0 | 0 | 0 | 0 | 0 | 0 | 0 | 0 | 0 | 0 | 0 | 0 | 0 | 0 | 0 | 0 | 0 | 0 |  0 | 0 | 0 | 0 | 0 | 1 | 0 | 1 | 0 | 1 | 0 | 0 | 0 | 0 | 0 | 0 | 0 | 0 | 0 | 0 | 0 | 0 | 1 | 0 | 0 | 0 | 0 | 0 | 0 | 0 | 0 | 0 | 0 | 0 | 0 | 0 | 0 | 0 | 0 | 0 | 0 | 0 |
149 | Manduca, Armando | UNIVERSITY OF MARYLAND COLLEGE PARK. | 1980 | male | 6 | 4 | 1981 | 6 | 7 | 1986 | 0 | 0 | 1 | 1 | 2 | 2 | 4 | 0 | 0 | 0 | 0 | 0 | 0 | 0 | 0 | 0 | 0 | 0 | 0 | 0 | 0 | 0 | 0 | 0 | 0 | 0 | 0 | 0 | 0 | 0 | 0 | 0 | 0 | 0 | 0 | 0 | 0 | 0 | 0 | 0 | 0 | 0 |  0 | 0 | 1 | 1 | 2 | 2 | 4 | 1 | 1 | 0 | 0 | 1 | 0 | 0 | 0 | 0 | 0 | 0 | 0 | 0 | 0 | 0 | 0 | 0 | 0 | 0 | 0 | 0 | 0 | 0 | 0 | 0 | 0 | 0 | 0 | 0 | 0 | 0 | 0 | 0 | 0 | 0 |
150 | Sonneborn, George, Jr. | THE OHIO STATE UNIVERSITY. | 1980 | male | 3 | 9 | 2007 | 5 | 133 | 2016 | 0 | 0 | 1 | 0 | 1 | 1 | 0 | 0 | 0 | 0 | 0 | 0 | 1 | 1 | 0 | 0 | 0 | 0 | 0 | 0 | 0 | 1 | 1 | 1 | 1 | 1 | 0 | 1 | 0 | 0 | 0 | 0 | 1 | 0 | 0 | 0 | 0 | 0 | 0 | 0 | 0 | 0 |  0 | 0 | 2 | 0 | 1 | 2 | 1 | 0 | 0 | 1 | 1 | 1 | 9 | 3 | 2 | 3 | 4 | 4 | 7 | 4 | 2 | 6 | 2 | 4 | 6 | 18 | 2 | 12 | 5 | 2 | 2 | 4 | 1 | 2 | 1 | 2 | 4 | 2 | 1 | 2 | 9 | 4 |
151 | Johnson, Douglas William | UNIVERSITY OF FLORIDA. | 1980 | male | 2 | 1 | 1983 | 4 | 13 | 2014 | 1 | 0 | 0 | 0 | 0 | 1 | 0 | 0 | 1 | 0 | 0 | 0 | 0 | 0 | 0 | 0 | 0 | 0 | 0 | 0 | 0 | 0 | 0 | 0 | 0 | 0 | 0 | 0 | 0 | 0 | 0 | 0 | 0 | 0 | 0 | 0 | 0 | 0 | 0 | 0 | 0 | 0 |  1 | 0 | 0 | 0 | 0 | 3 | 2 | 0 | 1 | 0 | 0 | 0 | 0 | 0 | 1 | 0 | 4 | 0 | 0 | 0 | 0 | 0 | 0 | 1 | 0 | 0 | 1 | 0 | 0 | 0 | 0 | 2 | 0 | 0 | 0 | 0 | 0 | 0 | 0 | 1 | 0 | 0 |
152 | Konigl, Arieh | CALIFORNIA INSTITUTE OF TECHNOLOGY. | 1980 | male | 1 | 7 | 2000 | 4 | 85 | 2017 | 0 | 0 | 0 | 0 | 0 | 1 | 1 | 1 | 1 | 1 | 1 | 0 | 0 | 0 | 0 | 0 | 0 | 0 | 0 | 0 | 0 | 1 | 0 | 0 | 0 | 1 | 0 | 0 | 0 | 0 | 0 | 0 | 0 | 0 | 0 | 0 | 0 | 0 | 0 | 0 | 0 | 0 |  0 | 0 | 0 | 1 | 2 | 1 | 1 | 1 | 3 | 1 | 2 | 4 | 2 | 1 | 5 | 2 | 3 | 0 | 2 | 3 | 2 | 5 | 1 | 2 | 2 | 1 | 2 | 5 | 5 | 3 | 2 | 2 | 5 | 1 | 2 | 4 | 2 | 1 | 0 | 1 | 4 | 2 |
153 | Lenzen, R. | National Aeronautics and Space Administration, Washington, DC. | 1980 | None | 4 | 7 | 1996 | 5 | 54 | 2013 | 1 | 0 | 0 | 2 | 0 | 1 | 1 | 0 | 0 | 2 | 0 | 0 | 1 | 1 | 0 | 0 | 1 | 0 | 0 | 0 | 0 | 1 | 0 | 0 | 0 | 0 | 0 | 0 | 0 | 0 | 0 | 0 | 0 | 0 | 0 | 0 | 0 | 0 | 0 | 0 | 0 | 0 |  1 | 0 | 1 | 2 | 0 | 1 | 2 | 2 | 2 | 2 | 0 | 0 | 3 | 3 | 0 | 0 | 2 | 1 | 2 | 0 | 0 | 1 | 0 | 0 | 0 | 0 | 0 | 1 | 7 | 4 | 4 | 1 | 6 | 2 | 2 | 2 | 3 | 1 | 1 | 0 | 0 | 0 |
154 | McCulloch, M. T. | California Institute of Technology, Pasadena. | 1980 | None | 8 | 15 | 2008 | 10 | 81 | 2015 | 0 | 2 | 1 | 3 | 0 | 2 | 2 | 1 | 0 | 1 | 0 | 0 | 0 | 0 | 1 | 0 | 1 | 0 | 2 | 3 | 1 | 0 | 0 | 0 | 0 | 0 | 0 | 0 | 0 | 0 | 0 | 2 | 0 | 1 | 0 | 0 | 0 | 0 | 0 | 0 | 0 | 0 |  0 | 2 | 1 | 4 | 1 | 2 | 3 | 1 | 2 | 3 | 3 | 2 | 2 | 1 | 2 | 2 | 5 | 2 | 5 | 5 | 2 | 0 | 0 | 3 | 2 | 1 | 3 | 2 | 2 | 1 | 2 | 10 | 0 | 5 | 5 | 1 | 2 | 0 | 0 | 0 | 2 | 0 |
155 | Norman, Michael Lester | UNIVERSITY OF CALIFORNIA, DAVIS. | 1980 | male | 4 | 15 | 2015 | 4 | 204 | 2016 | 0 | 0 | 0 | 2 | 0 | 2 | 1 | 1 | 0 | 0 | 0 | 1 | 0 | 2 | 1 | 2 | 0 | 0 | 1 | 0 | 0 | 1 | 0 | 0 | 1 | 0 | 0 | 0 | 0 | 1 | 0 | 0 | 1 | 0 | 0 | 0 | 1 | 0 | 0 | 0 | 1 | 0 |  0 | 0 | 0 | 2 | 0 | 2 | 2 | 1 | 1 | 3 | 1 | 2 | 0 | 3 | 6 | 4 | 3 | 16 | 11 | 9 | 9 | 9 | 4 | 5 | 5 | 4 | 2 | 6 | 3 | 8 | 7 | 10 | 6 | 12 | 10 | 8 | 9 | 6 | 5 | 6 | 5 | 3 |
156 | Obrien, G. T., Jr. | Texas Univ., Austin. | 1980 | None | 0 | 0 | 1980 | 0 | 0 | 1980 | 0 | 0 | 0 | 0 | 0 | 0 | 0 | 0 | 0 | 0 | 0 | 0 | 0 | 0 | 0 | 0 | 0 | 0 | 0 | 0 | 0 | 0 | 0 | 0 | 0 | 0 | 0 | 0 | 0 | 0 | 0 | 0 | 0 | 0 | 0 | 0 | 0 | 0 | 0 | 0 | 0 | 0 |  0 | 0 | 0 | 0 | 0 | 0 | 0 | 0 | 0 | 0 | 0 | 0 | 0 | 0 | 0 | 0 | 0 | 0 | 0 | 0 | 0 | 0 | 0 | 0 | 0 | 0 | 0 | 0 | 0 | 0 | 0 | 0 | 0 | 0 | 0 | 0 | 0 | 0 | 0 | 0 | 0 | 0 |
157 | Puetter, Richard Charles | UNIVERSITY OF CALIFORNIA, SAN DIEGO. | 1980 | male | 7 | 12 | 2005 | 22 | 123 | 2014 | 0 | 0 | 2 | 2 | 2 | 1 | 2 | 3 | 1 | 0 | 1 | 0 | 1 | 0 | 0 | 0 | 0 | 0 | 0 | 1 | 1 | 0 | 1 | 0 | 0 | 0 | 0 | 0 | 0 | 0 | 1 | 0 | 0 | 0 | 0 | 0 | 0 | 0 | 0 | 0 | 0 | 0 |  0 | 1 | 3 | 4 | 8 | 6 | 11 | 9 | 3 | 1 | 5 | 2 | 3 | 0 | 4 | 4 | 5 | 8 | 4 | 4 | 4 | 6 | 3 | 0 | 3 | 6 | 6 | 6 | 3 | 6 | 3 | 1 | 6 | 2 | 2 | 2 | 0 | 0 | 0 | 1 | 0 | 0 |
158 | Feigelson, Eric Dennis | HARVARD UNIVERSITY. | 1980 | male | 3 | 44 | 2013 | 8 | 216 | 2017 | 1 | 0 | 0 | 1 | 0 | 1 | 3 | 2 | 2 | 2 | 2 | 2 | 4 | 0 | 1 | 0 | 0 | 2 | 2 | 1 | 1 | 1 | 1 | 1 | 1 | 0 | 0 | 2 | 2 | 2 | 1 | 2 | 1 | 1 | 1 | 1 | 2 | 0 | 1 | 0 | 0 | 0 |  1 | 0 | 0 | 1 | 4 | 2 | 7 | 7 | 5 | 4 | 5 | 6 | 7 | 2 | 5 | 3 | 4 | 3 | 5 | 5 | 5 | 9 | 5 | 5 | 5 | 7 | 7 | 6 | 10 | 8 | 14 | 9 | 11 | 7 | 4 | 6 | 9 | 1 | 10 | 4 | 3 | 1 |
159 | Sitko, Michael Lee | THE UNIVERSITY OF WISCONSIN - MADISON. | 1980 | male | 2 | 30 | 2012 | 3 | 129 | 2017 | 0 | 0 | 0 | 0 | 0 | 2 | 2 | 3 | 2 | 5 | 2 | 0 | 0 | 1 | 1 | 1 | 2 | 0 | 1 | 1 | 1 | 0 | 0 | 0 | 1 | 2 | 0 | 0 | 0 | 1 | 0 | 0 | 0 | 2 | 0 | 0 | 1 | 1 | 0 | 0 | 0 | 0 |  0 | 0 | 0 | 0 | 1 | 2 | 2 | 6 | 3 | 10 | 2 | 2 | 1 | 1 | 1 | 2 | 3 | 2 | 2 | 3 | 4 | 4 | 3 | 1 | 1 | 6 | 3 | 4 | 0 | 3 | 2 | 2 | 1 | 2 | 4 | 2 | 5 | 5 | 3 | 6 | 13 | 8 |
160 | Abdulmumini, S. | California Univ., Davis. | 1980 | None | 1 | 0 | 1980 | 1 | 0 | 1980 | 0 | 0 | 0 | 0 | 0 | 1 | 0 | 0 | 0 | 0 | 0 | 0 | 0 | 0 | 0 | 0 | 0 | 0 | 0 | 0 | 0 | 0 | 0 | 0 | 0 | 0 | 0 | 0 | 0 | 0 | 0 | 0 | 0 | 0 | 0 | 0 | 0 | 0 | 0 | 0 | 0 | 0 |  0 | 0 | 0 | 0 | 0 | 1 | 0 | 0 | 0 | 0 | 0 | 0 | 0 | 0 | 0 | 0 | 0 | 0 | 0 | 0 | 0 | 0 | 0 | 0 | 0 | 0 | 0 | 0 | 0 | 0 | 0 | 0 | 0 | 0 | 0 | 0 | 0 | 0 | 0 | 0 | 0 | 0 |
161 | Waldron, Wayne Lee | THE UNIVERSITY OF WISCONSIN - MADISON. | 1980 | male | 1 | 11 | 2010 | 1 | 40 | 2015 | 0 | 0 | 0 | 0 | 0 | 1 | 0 | 0 | 0 | 1 | 0 | 0 | 1 | 0 | 0 | 0 | 1 | 0 | 0 | 1 | 0 | 0 | 0 | 1 | 0 | 0 | 1 | 0 | 0 | 1 | 0 | 0 | 1 | 1 | 1 | 1 | 0 | 0 | 0 | 0 | 0 | 0 |  0 | 0 | 0 | 0 | 0 | 1 | 1 | 0 | 0 | 1 | 1 | 1 | 2 | 0 | 0 | 0 | 2 | 0 | 1 | 2 | 1 | 0 | 1 | 1 | 0 | 1 | 2 | 2 | 0 | 3 | 0 | 1 | 1 | 5 | 2 | 1 | 2 | 2 | 0 | 0 | 4 | 0 |
162 | Levinson, Frank Howard | UNIVERSITY OF VIRGINIA. | 1980 | male | 3 | 2 | 1981 | 5 | 3 | 1982 | 0 | 0 | 1 | 0 | 0 | 2 | 2 | 0 | 0 | 0 | 0 | 0 | 0 | 0 | 0 | 0 | 0 | 0 | 0 | 0 | 0 | 0 | 0 | 0 | 0 | 0 | 0 | 0 | 0 | 0 | 0 | 0 | 0 | 0 | 0 | 0 | 0 | 0 | 0 | 0 | 0 | 0 |  0 | 0 | 1 | 0 | 2 | 2 | 2 | 1 | 0 | 0 | 0 | 0 | 0 | 0 | 0 | 0 | 0 | 0 | 0 | 0 | 0 | 0 | 0 | 0 | 0 | 0 | 0 | 0 | 0 | 0 | 0 | 0 | 0 | 0 | 0 | 0 | 0 | 0 | 0 | 0 | 0 | 0 |
163 | Kemper, Edward | UNIVERSITY OF CALIFORNIA, SANTA CRUZ. | 1980 | male | 2 | 1 | 1982 | 3 | 8 | 1988 | 1 | 0 | 0 | 0 | 0 | 1 | 0 | 1 | 0 | 0 | 0 | 0 | 0 | 0 | 0 | 0 | 0 | 0 | 0 | 0 | 0 | 0 | 0 | 0 | 0 | 0 | 0 | 0 | 0 | 0 | 0 | 0 | 0 | 0 | 0 | 0 | 0 | 0 | 0 | 0 | 0 | 0 |  1 | 0 | 0 | 0 | 0 | 2 | 0 | 4 | 0 | 1 | 1 | 1 | 0 | 1 | 0 | 0 | 0 | 0 | 0 | 0 | 0 | 0 | 0 | 0 | 0 | 0 | 0 | 0 | 0 | 0 | 0 | 0 | 0 | 0 | 0 | 0 | 0 | 0 | 0 | 0 | 0 | 0 |
164 | Kipp, Steven Louis | UNIVERSITY OF PITTSBURGH. | 1980 | male | 2 | 0 | 1980 | 6 | 3 | 2004 | 0 | 0 | 0 | 1 | 0 | 1 | 0 | 0 | 0 | 0 | 0 | 0 | 0 | 0 | 0 | 0 | 0 | 0 | 0 | 0 | 0 | 0 | 0 | 0 | 0 | 0 | 0 | 0 | 0 | 0 | 0 | 0 | 0 | 0 | 0 | 0 | 0 | 0 | 0 | 0 | 0 | 0 |  0 | 0 | 2 | 2 | 0 | 2 | 0 | 0 | 0 | 0 | 0 | 0 | 0 | 0 | 0 | 0 | 0 | 0 | 0 | 0 | 0 | 0 | 0 | 0 | 0 | 0 | 0 | 0 | 1 | 2 | 0 | 0 | 0 | 0 | 0 | 0 | 0 | 0 | 0 | 0 | 0 | 0 |
165 | Dinerstein, Harriet Lenore | UNIVERSITY OF CALIFORNIA, SANTA CRUZ. | 1980 | female | 3 | 15 | 2004 | 9 | 63 | 2017 | 0 | 0 | 0 | 0 | 1 | 2 | 0 | 1 | 0 | 1 | 1 | 3 | 1 | 2 | 0 | 0 | 1 | 0 | 0 | 0 | 1 | 0 | 0 | 0 | 0 | 0 | 2 | 0 | 1 | 1 | 0 | 0 | 0 | 0 | 0 | 0 | 0 | 0 | 0 | 0 | 0 | 0 |  1 | 1 | 0 | 1 | 3 | 3 | 2 | 1 | 7 | 3 | 2 | 4 | 4 | 3 | 1 | 1 | 1 | 1 | 2 | 1 | 2 | 3 | 1 | 0 | 0 | 2 | 5 | 2 | 2 | 2 | 1 | 1 | 1 | 1 | 2 | 0 | 0 | 0 | 0 | 1 | 1 | 2 |
166 | Kallman, Timothy Raymond | UNIVERSITY OF COLORADO AT BOULDER. | 1980 | male | 2 | 32 | 2015 | 3 | 170 | 2017 | 0 | 0 | 0 | 0 | 0 | 2 | 0 | 2 | 1 | 1 | 2 | 2 | 2 | 2 | 2 | 0 | 2 | 0 | 2 | 0 | 1 | 2 | 0 | 1 | 0 | 0 | 1 | 0 | 2 | 2 | 0 | 0 | 1 | 0 | 1 | 1 | 0 | 0 | 0 | 1 | 1 | 0 |  0 | 0 | 0 | 0 | 1 | 2 | 0 | 2 | 4 | 4 | 4 | 2 | 3 | 5 | 3 | 3 | 5 | 0 | 2 | 3 | 3 | 8 | 3 | 4 | 1 | 8 | 7 | 3 | 9 | 7 | 4 | 1 | 2 | 7 | 7 | 8 | 8 | 6 | 8 | 5 | 5 | 12 |
167 | Law, Wai-Yuen | YALE UNIVERSITY. | 1980 | male | 1 | 3 | 1983 | 1 | 3 | 1983 | 0 | 0 | 0 | 0 | 0 | 1 | 1 | 1 | 1 | 0 | 0 | 0 | 0 | 0 | 0 | 0 | 0 | 0 | 0 | 0 | 0 | 0 | 0 | 0 | 0 | 0 | 0 | 0 | 0 | 0 | 0 | 0 | 0 | 0 | 0 | 0 | 0 | 0 | 0 | 0 | 0 | 0 |  0 | 0 | 0 | 0 | 0 | 1 | 1 | 1 | 1 | 0 | 0 | 0 | 0 | 0 | 0 | 0 | 0 | 0 | 0 | 0 | 0 | 0 | 0 | 0 | 0 | 0 | 0 | 0 | 0 | 0 | 0 | 0 | 0 | 0 | 0 | 0 | 0 | 0 | 0 | 0 | 0 | 0 |
168 | Melcher, C. L. | Washington Univ., Seattle. | 1980 | None | 8 | 6 | 1983 | 9 | 7 | 1983 | 0 | 0 | 1 | 2 | 3 | 2 | 2 | 3 | 1 | 0 | 0 | 0 | 0 | 0 | 0 | 0 | 0 | 0 | 0 | 0 | 0 | 0 | 0 | 0 | 0 | 0 | 0 | 0 | 0 | 0 | 0 | 0 | 0 | 0 | 0 | 0 | 0 | 0 | 0 | 0 | 0 | 0 |  0 | 0 | 1 | 2 | 3 | 3 | 2 | 4 | 1 | 0 | 0 | 0 | 0 | 0 | 0 | 0 | 0 | 0 | 0 | 0 | 0 | 0 | 0 | 0 | 0 | 0 | 0 | 0 | 0 | 0 | 0 | 0 | 0 | 0 | 0 | 0 | 0 | 0 | 0 | 0 | 0 | 0 |
169 | Harris, Hugh Courtney | UNIVERSITY OF WASHINGTON. | 1980 | male | 4 | 36 | 2016 | 4 | 136 | 2017 | 0 | 0 | 1 | 0 | 2 | 1 | 3 | 0 | 4 | 6 | 4 | 0 | 2 | 0 | 1 | 0 | 1 | 3 | 2 | 0 | 0 | 0 | 0 | 1 | 2 | 0 | 1 | 0 | 1 | 0 | 0 | 1 | 1 | 1 | 0 | 0 | 0 | 0 | 1 | 0 | 0 | 1 |  0 | 0 | 1 | 0 | 2 | 1 | 3 | 2 | 6 | 8 | 5 | 2 | 4 | 2 | 3 | 2 | 2 | 6 | 3 | 2 | 0 | 0 | 0 | 1 | 3 | 1 | 1 | 7 | 10 | 13 | 4 | 8 | 7 | 7 | 4 | 3 | 0 | 3 | 6 | 1 | 2 | 3 |
170 | Stahler, Steven William | UNIVERSITY OF CALIFORNIA, BERKELEY. | 1980 | male | 3 | 25 | 2014 | 3 | 57 | 2017 | 0 | 0 | 0 | 0 | 0 | 3 | 1 | 0 | 3 | 2 | 1 | 3 | 0 | 2 | 1 | 0 | 2 | 0 | 0 | 3 | 0 | 0 | 0 | 2 | 0 | 1 | 0 | 0 | 0 | 0 | 0 | 0 | 0 | 0 | 1 | 2 | 0 | 0 | 0 | 1 | 0 | 0 |  0 | 0 | 0 | 0 | 0 | 3 | 1 | 0 | 4 | 2 | 1 | 4 | 0 | 2 | 2 | 2 | 3 | 1 | 1 | 5 | 0 | 0 | 1 | 3 | 1 | 2 | 2 | 1 | 1 | 1 | 0 | 1 | 1 | 1 | 2 | 3 | 2 | 1 | 1 | 4 | 0 | 0 |
171 | Tonry, John Landis | HARVARD UNIVERSITY. | 1980 | male | 2 | 34 | 2013 | 5 | 261 | 2017 | 0 | 0 | 0 | 0 | 1 | 1 | 3 | 0 | 1 | 2 | 2 | 0 | 1 | 2 | 1 | 2 | 3 | 0 | 0 | 0 | 0 | 0 | 2 | 2 | 2 | 2 | 1 | 1 | 1 | 0 | 2 | 0 | 0 | 0 | 0 | 0 | 1 | 2 | 1 | 0 | 0 | 0 |  0 | 0 | 0 | 0 | 1 | 4 | 4 | 1 | 2 | 3 | 3 | 1 | 2 | 3 | 1 | 2 | 4 | 3 | 3 | 2 | 1 | 2 | 5 | 11 | 8 | 8 | 7 | 3 | 5 | 11 | 12 | 14 | 11 | 6 | 5 | 12 | 6 | 14 | 21 | 23 | 24 | 15 |
172 | Appleby, John Frederick | STATE UNIVERSITY OF NEW YORK AT STONY BROOK. | 1980 | male | 2 | 3 | 1990 | 2 | 10 | 1997 | 1 | 0 | 0 | 0 | 0 | 1 | 0 | 0 | 0 | 1 | 0 | 1 | 0 | 0 | 0 | 1 | 0 | 0 | 0 | 0 | 0 | 0 | 0 | 0 | 0 | 0 | 0 | 0 | 0 | 0 | 0 | 0 | 0 | 0 | 0 | 0 | 0 | 0 | 0 | 0 | 0 | 0 |  1 | 0 | 0 | 0 | 0 | 1 | 0 | 2 | 0 | 2 | 0 | 2 | 0 | 0 | 0 | 1 | 1 | 1 | 0 | 0 | 0 | 0 | 1 | 0 | 0 | 0 | 0 | 0 | 0 | 0 | 0 | 0 | 0 | 0 | 0 | 0 | 0 | 0 | 0 | 0 | 0 | 0 |
173 | Cintala, M. J. | Brown Univ., Providence, RI. | 1980 | None | 9 | 14 | 2008 | 13 | 31 | 2012 | 0 | 2 | 2 | 1 | 2 | 2 | 1 | 0 | 0 | 0 | 1 | 0 | 2 | 1 | 1 | 1 | 0 | 2 | 1 | 0 | 0 | 0 | 0 | 2 | 1 | 0 | 0 | 0 | 0 | 0 | 0 | 0 | 0 | 1 | 0 | 0 | 0 | 0 | 0 | 0 | 0 | 0 |  0 | 2 | 3 | 2 | 4 | 2 | 1 | 1 | 0 | 3 | 1 | 1 | 2 | 1 | 1 | 1 | 0 | 3 | 3 | 0 | 1 | 0 | 1 | 2 | 2 | 0 | 0 | 0 | 0 | 0 | 1 | 2 | 0 | 1 | 1 | 0 | 1 | 1 | 0 | 0 | 0 | 0 |
174 | Kent, Stephen Matthew | California Institute of Technology | 1980 | male | 4 | 24 | 1993 | 4 | 123 | 2017 | 0 | 0 | 0 | 0 | 3 | 1 | 2 | 1 | 2 | 1 | 2 | 1 | 2 | 2 | 4 | 2 | 2 | 2 | 1 | 0 | 0 | 0 | 0 | 0 | 0 | 0 | 0 | 0 | 0 | 0 | 0 | 0 | 0 | 0 | 0 | 0 | 0 | 0 | 0 | 0 | 0 | 0 |  0 | 0 | 0 | 0 | 3 | 1 | 2 | 1 | 3 | 1 | 4 | 1 | 2 | 2 | 7 | 3 | 4 | 2 | 1 | 0 | 1 | 0 | 0 | 1 | 2 | 2 | 6 | 13 | 8 | 9 | 7 | 6 | 2 | 4 | 2 | 2 | 0 | 0 | 1 | 1 | 9 | 10 |
