n | name | university | phd_year | gender | fa_n_pubs_pre_phd | fa_n_pubs_prost_phd | fa_year_last | all_n_pubs_pre_phd | all_n_pubs_prost_phd | all_year_last |  fa_1978 | fa_1979 | fa_1980 | fa_1981 | fa_1982 | fa_1983 | fa_1984 | fa_1985 | fa_1986 | fa_1987 | fa_1988 | fa_1989 | fa_1990 | fa_1991 | fa_1992 | fa_1993 | fa_1994 | fa_1995 | fa_1996 | fa_1997 | fa_1998 | fa_1999 | fa_2000 | fa_2001 | fa_2002 | fa_2003 | fa_2004 | fa_2005 | fa_2006 | fa_2007 | fa_2008 | fa_2009 | fa_2010 | fa_2011 | fa_2012 | fa_2013 | fa_2014 | fa_2015 | fa_2016 |  all_1978 | all_1979 | all_1980 | all_1981 | all_1982 | all_1983 | all_1984 | all_1985 | all_1986 | all_1987 | all_1988 | all_1989 | all_1990 | all_1991 | all_1992 | all_1993 | all_1994 | all_1995 | all_1996 | all_1997 | all_1998 | all_1999 | all_2000 | all_2001 | all_2002 | all_2003 | all_2004 | all_2005 | all_2006 | all_2007 | all_2008 | all_2009 | all_2010 | all_2011 | all_2012 | all_2013 | all_2014 | all_2015 | all_2016 | foo
1 | Hinson, D. P. | Stanford Univ., CA. | 1983 | None | 3 | 24 | 2017 | 3 | 65 | 2017 | 0 | 0 | 0 | 0 | 1 | 2 | 3 | 0 | 1 | 0 | 0 | 0 | 0 | 1 | 0 | 1 | 0 | 1 | 0 | 1 | 2 | 1 | 1 | 1 | 1 | 1 | 2 | 0 | 1 | 0 | 2 | 0 | 1 | 0 | 1 | 0 | 1 | 0 | 0 |  0 | 0 | 0 | 0 | 1 | 2 | 3 | 0 | 2 | 2 | 0 | 1 | 1 | 1 | 2 | 1 | 1 | 1 | 0 | 3 | 2 | 1 | 1 | 3 | 2 | 2 | 5 | 3 | 4 | 1 | 5 | 0 | 3 | 0 | 4 | 1 | 2 | 2 | 5 |
2 | Rydelek, P. A. | California Univ., Los Angeles. | 1983 | None | 3 | 8 | 2003 | 4 | 15 | 2010 | 0 | 0 | 0 | 0 | 2 | 1 | 0 | 0 | 0 | 0 | 1 | 0 | 1 | 1 | 1 | 0 | 1 | 0 | 0 | 0 | 0 | 0 | 0 | 1 | 1 | 1 | 0 | 0 | 0 | 0 | 0 | 0 | 0 | 0 | 0 | 0 | 0 | 0 | 0 |  0 | 0 | 1 | 0 | 2 | 1 | 0 | 0 | 0 | 2 | 1 | 1 | 1 | 1 | 1 | 0 | 1 | 0 | 0 | 0 | 0 | 0 | 1 | 1 | 1 | 1 | 0 | 0 | 0 | 0 | 0 | 2 | 1 | 0 | 0 | 0 | 0 | 0 | 0 |
3 | Bradstreet, David Hart | UNIVERSITY OF PENNSYLVANIA. | 1983 | male | 2 | 2 | 2005 | 4 | 21 | 2016 | 0 | 0 | 0 | 1 | 0 | 1 | 0 | 1 | 0 | 0 | 0 | 0 | 0 | 0 | 0 | 0 | 0 | 0 | 0 | 0 | 0 | 0 | 0 | 0 | 0 | 0 | 0 | 1 | 0 | 0 | 0 | 0 | 0 | 0 | 0 | 0 | 0 | 0 | 0 |  0 | 0 | 1 | 2 | 0 | 1 | 0 | 2 | 1 | 1 | 1 | 0 | 0 | 1 | 0 | 0 | 1 | 2 | 0 | 0 | 1 | 0 | 1 | 0 | 0 | 0 | 0 | 2 | 1 | 0 | 1 | 1 | 0 | 0 | 0 | 0 | 0 | 4 | 1 |
4 | Crumpler, Larry Steven | THE UNIVERSITY OF ARIZONA. | 1983 | male | 2 | 10 | 2015 | 2 | 58 | 2016 | 1 | 0 | 0 | 0 | 0 | 1 | 0 | 0 | 1 | 1 | 1 | 0 | 2 | 0 | 0 | 2 | 0 | 0 | 0 | 1 | 0 | 0 | 0 | 0 | 0 | 1 | 0 | 0 | 0 | 0 | 0 | 0 | 0 | 0 | 0 | 0 | 0 | 1 | 0 |  1 | 0 | 0 | 0 | 0 | 1 | 0 | 0 | 1 | 2 | 1 | 1 | 4 | 1 | 2 | 2 | 0 | 0 | 0 | 2 | 0 | 0 | 0 | 2 | 0 | 1 | 5 | 3 | 10 | 2 | 8 | 1 | 4 | 2 | 1 | 0 | 1 | 1 | 1 |
5 | Geisler, D. P. | Washington Univ., Seattle. | 1983 | None | 3 | 11 | 2012 | 6 | 147 | 2017 | 0 | 0 | 1 | 0 | 0 | 2 | 3 | 0 | 2 | 0 | 1 | 0 | 0 | 2 | 0 | 1 | 0 | 0 | 0 | 1 | 0 | 0 | 0 | 0 | 0 | 0 | 0 | 0 | 0 | 0 | 0 | 0 | 0 | 0 | 1 | 0 | 0 | 0 | 0 |  0 | 0 | 2 | 0 | 0 | 4 | 3 | 0 | 3 | 2 | 1 | 0 | 0 | 2 | 0 | 1 | 2 | 2 | 2 | 1 | 1 | 1 | 3 | 3 | 6 | 5 | 3 | 7 | 3 | 2 | 4 | 4 | 6 | 17 | 9 | 14 | 12 | 9 | 11 |
6 | Horne, Keith Douglas | CALIFORNIA INSTITUTE OF TECHNOLOGY. | 1983 | male | 5 | 23 | 2016 | 8 | 356 | 2017 | 0 | 0 | 2 | 1 | 1 | 1 | 1 | 3 | 5 | 0 | 0 | 1 | 0 | 3 | 0 | 2 | 1 | 1 | 0 | 0 | 0 | 0 | 0 | 1 | 0 | 1 | 1 | 0 | 1 | 0 | 0 | 1 | 0 | 0 | 0 | 0 | 0 | 0 | 1 |  0 | 0 | 2 | 3 | 1 | 2 | 1 | 4 | 7 | 2 | 4 | 3 | 4 | 6 | 4 | 11 | 12 | 14 | 10 | 14 | 14 | 8 | 5 | 12 | 9 | 9 | 18 | 10 | 19 | 10 | 7 | 20 | 16 | 12 | 15 | 16 | 13 | 16 | 23 |
7 | Krassner, Jerry | THE UNIVERSITY OF ROCHESTER. | 1983 | male | 6 | 0 | 1983 | 9 | 0 | 1983 | 0 | 2 | 0 | 0 | 2 | 2 | 0 | 0 | 0 | 0 | 0 | 0 | 0 | 0 | 0 | 0 | 0 | 0 | 0 | 0 | 0 | 0 | 0 | 0 | 0 | 0 | 0 | 0 | 0 | 0 | 0 | 0 | 0 | 0 | 0 | 0 | 0 | 0 | 0 |  0 | 3 | 1 | 0 | 3 | 2 | 0 | 0 | 0 | 0 | 0 | 0 | 0 | 0 | 0 | 0 | 0 | 0 | 0 | 0 | 0 | 0 | 0 | 0 | 0 | 0 | 0 | 0 | 0 | 0 | 0 | 0 | 0 | 0 | 0 | 0 | 0 | 0 | 0 |
8 | Leo, J. A. | Michigan Univ., Ann Arbor. | 1983 | None | 1 | 0 | 1983 | 1 | 0 | 1983 | 0 | 0 | 0 | 0 | 0 | 1 | 0 | 0 | 0 | 0 | 0 | 0 | 0 | 0 | 0 | 0 | 0 | 0 | 0 | 0 | 0 | 0 | 0 | 0 | 0 | 0 | 0 | 0 | 0 | 0 | 0 | 0 | 0 | 0 | 0 | 0 | 0 | 0 | 0 |  0 | 0 | 0 | 0 | 0 | 1 | 0 | 0 | 0 | 0 | 0 | 0 | 0 | 0 | 0 | 0 | 0 | 0 | 0 | 0 | 0 | 0 | 0 | 0 | 0 | 0 | 0 | 0 | 0 | 0 | 0 | 0 | 0 | 0 | 0 | 0 | 0 | 0 | 0 |
9 | Macfarlane, Joseph John | THE UNIVERSITY OF ARIZONA. | 1983 | male | 2 | 9 | 1999 | 6 | 34 | 2016 | 0 | 0 | 0 | 0 | 0 | 2 | 1 | 0 | 0 | 0 | 0 | 1 | 0 | 1 | 1 | 1 | 2 | 0 | 0 | 0 | 0 | 2 | 0 | 0 | 0 | 0 | 0 | 0 | 0 | 0 | 0 | 0 | 0 | 0 | 0 | 0 | 0 | 0 | 0 |  0 | 0 | 4 | 0 | 0 | 2 | 1 | 1 | 0 | 0 | 0 | 1 | 0 | 1 | 2 | 1 | 4 | 1 | 3 | 2 | 0 | 2 | 1 | 1 | 1 | 3 | 1 | 2 | 0 | 1 | 0 | 2 | 0 | 0 | 0 | 0 | 1 | 0 | 2 |
10 | Porco, Carolyn C. | CALIFORNIA INSTITUTE OF TECHNOLOGY. | 1983 | female | 2 | 21 | 2014 | 3 | 106 | 2016 | 0 | 0 | 0 | 0 | 1 | 1 | 2 | 1 | 1 | 3 | 0 | 0 | 1 | 1 | 1 | 0 | 0 | 1 | 0 | 0 | 0 | 0 | 0 | 0 | 0 | 1 | 1 | 4 | 1 | 1 | 1 | 0 | 0 | 0 | 0 | 0 | 1 | 0 | 0 |  1 | 0 | 0 | 0 | 1 | 1 | 2 | 1 | 2 | 5 | 1 | 1 | 2 | 1 | 1 | 3 | 0 | 2 | 0 | 2 | 0 | 0 | 0 | 0 | 2 | 2 | 5 | 7 | 13 | 10 | 9 | 8 | 8 | 3 | 1 | 7 | 3 | 3 | 2 |
11 | Robinson, Steven Emery | UNIVERSITY OF MASSACHUSETTS. | 1983 | male | 2 | 2 | 1993 | 6 | 8 | 2017 | 0 | 0 | 0 | 1 | 0 | 1 | 0 | 0 | 1 | 0 | 0 | 0 | 0 | 0 | 0 | 1 | 0 | 0 | 0 | 0 | 0 | 0 | 0 | 0 | 0 | 0 | 0 | 0 | 0 | 0 | 0 | 0 | 0 | 0 | 0 | 0 | 0 | 0 | 0 |  0 | 1 | 1 | 3 | 0 | 1 | 0 | 0 | 1 | 0 | 0 | 0 | 0 | 0 | 0 | 1 | 0 | 0 | 0 | 0 | 0 | 0 | 0 | 0 | 0 | 0 | 0 | 0 | 1 | 1 | 0 | 3 | 0 | 0 | 0 | 0 | 0 | 0 | 0 |
12 | Swanson, R. A. L. | Colorado Univ., Boulder. | 1983 | None | 1 | 0 | 1983 | 1 | 0 | 1983 | 0 | 0 | 0 | 0 | 0 | 1 | 0 | 0 | 0 | 0 | 0 | 0 | 0 | 0 | 0 | 0 | 0 | 0 | 0 | 0 | 0 | 0 | 0 | 0 | 0 | 0 | 0 | 0 | 0 | 0 | 0 | 0 | 0 | 0 | 0 | 0 | 0 | 0 | 0 |  0 | 0 | 0 | 0 | 0 | 1 | 0 | 0 | 0 | 0 | 0 | 0 | 0 | 0 | 0 | 0 | 0 | 0 | 0 | 0 | 0 | 0 | 0 | 0 | 0 | 0 | 0 | 0 | 0 | 0 | 0 | 0 | 0 | 0 | 0 | 0 | 0 | 0 | 0 |
13 | Koenigsberger, G. | Pennsylvania State University, University Park. | 1983 | None | 3 | 28 | 2017 | 6 | 66 | 2017 | 0 | 0 | 1 | 0 | 0 | 2 | 1 | 1 | 0 | 2 | 1 | 0 | 3 | 1 | 0 | 0 | 1 | 1 | 0 | 0 | 2 | 1 | 1 | 1 | 1 | 2 | 1 | 0 | 2 | 0 | 0 | 0 | 1 | 0 | 1 | 1 | 1 | 0 | 1 |  0 | 0 | 2 | 0 | 1 | 3 | 1 | 1 | 0 | 2 | 2 | 1 | 4 | 2 | 0 | 1 | 3 | 5 | 0 | 0 | 4 | 6 | 2 | 2 | 2 | 3 | 2 | 1 | 2 | 3 | 1 | 1 | 1 | 3 | 1 | 3 | 3 | 1 | 2 |
14 | Robinson Saba, Julia Lee | UNIVERSITY OF MARYLAND COLLEGE PARK. | 1983 | female | 1 | 0 | 1983 | 4 | 30 | 2012 | 0 | 0 | 0 | 0 | 0 | 1 | 0 | 0 | 0 | 0 | 0 | 0 | 0 | 0 | 0 | 0 | 0 | 0 | 0 | 0 | 0 | 0 | 0 | 0 | 0 | 0 | 0 | 0 | 0 | 0 | 0 | 0 | 0 | 0 | 0 | 0 | 0 | 0 | 0 |  2 | 1 | 0 | 0 | 0 | 1 | 1 | 0 | 3 | 1 | 1 | 0 | 2 | 3 | 1 | 2 | 1 | 1 | 1 | 6 | 0 | 2 | 0 | 2 | 0 | 0 | 0 | 0 | 1 | 0 | 0 | 1 | 0 | 0 | 1 | 0 | 0 | 0 | 0 |
15 | Wallermejia, S. | Texas Univ., Austin. | 1983 | None | 1 | 0 | 1983 | 1 | 0 | 1983 | 0 | 0 | 0 | 0 | 0 | 1 | 0 | 0 | 0 | 0 | 0 | 0 | 0 | 0 | 0 | 0 | 0 | 0 | 0 | 0 | 0 | 0 | 0 | 0 | 0 | 0 | 0 | 0 | 0 | 0 | 0 | 0 | 0 | 0 | 0 | 0 | 0 | 0 | 0 |  0 | 0 | 0 | 0 | 0 | 1 | 0 | 0 | 0 | 0 | 0 | 0 | 0 | 0 | 0 | 0 | 0 | 0 | 0 | 0 | 0 | 0 | 0 | 0 | 0 | 0 | 0 | 0 | 0 | 0 | 0 | 0 | 0 | 0 | 0 | 0 | 0 | 0 | 0 |
16 | Borne, Kirk Daniel | CALIFORNIA INSTITUTE OF TECHNOLOGY. | 1983 | male | 1 | 14 | 2008 | 1 | 38 | 2016 | 0 | 0 | 0 | 0 | 0 | 1 | 1 | 0 | 0 | 0 | 4 | 0 | 0 | 1 | 0 | 2 | 1 | 1 | 0 | 0 | 0 | 2 | 1 | 0 | 0 | 0 | 0 | 0 | 0 | 0 | 1 | 0 | 0 | 0 | 0 | 0 | 0 | 0 | 0 |  0 | 0 | 0 | 0 | 0 | 1 | 1 | 1 | 0 | 0 | 4 | 2 | 1 | 2 | 0 | 3 | 1 | 2 | 1 | 0 | 0 | 4 | 3 | 3 | 2 | 2 | 1 | 1 | 0 | 0 | 2 | 0 | 0 | 0 | 0 | 0 | 0 | 0 | 2 |
17 | Garrett, David Bruce | THE UNIVERSITY OF TEXAS AT AUSTIN. | 1983 | male | 1 | 0 | 1983 | 3 | 0 | 1983 | 0 | 0 | 0 | 0 | 0 | 1 | 0 | 0 | 0 | 0 | 0 | 0 | 0 | 0 | 0 | 0 | 0 | 0 | 0 | 0 | 0 | 0 | 0 | 0 | 0 | 0 | 0 | 0 | 0 | 0 | 0 | 0 | 0 | 0 | 0 | 0 | 0 | 0 | 0 |  0 | 0 | 1 | 0 | 0 | 2 | 0 | 0 | 0 | 0 | 0 | 0 | 0 | 0 | 0 | 0 | 0 | 0 | 0 | 0 | 0 | 0 | 0 | 0 | 0 | 0 | 0 | 0 | 0 | 0 | 0 | 0 | 0 | 0 | 0 | 0 | 0 | 0 | 0 |
18 | Hubickyj, E. Olenka | CITY UNIVERSITY OF NEW YORK. | 1983 | female | 1 | 0 | 1983 | 1 | 0 | 1983 | 0 | 0 | 0 | 0 | 0 | 1 | 0 | 0 | 0 | 0 | 0 | 0 | 0 | 0 | 0 | 0 | 0 | 0 | 0 | 0 | 0 | 0 | 0 | 0 | 0 | 0 | 0 | 0 | 0 | 0 | 0 | 0 | 0 | 0 | 0 | 0 | 0 | 0 | 0 |  0 | 0 | 0 | 0 | 0 | 1 | 0 | 0 | 0 | 0 | 0 | 0 | 0 | 0 | 0 | 0 | 0 | 0 | 0 | 0 | 0 | 0 | 0 | 0 | 0 | 0 | 0 | 0 | 0 | 0 | 0 | 0 | 0 | 0 | 0 | 0 | 0 | 0 | 0 |
19 | Watson, Dan Martin | UNIVERSITY OF CALIFORNIA, BERKELEY. | 1983 | male | 6 | 26 | 2016 | 15 | 190 | 2017 | 0 | 0 | 3 | 1 | 1 | 1 | 1 | 2 | 0 | 0 | 0 | 0 | 0 | 0 | 0 | 0 | 1 | 0 | 0 | 0 | 0 | 1 | 1 | 0 | 2 | 1 | 4 | 0 | 4 | 3 | 0 | 1 | 0 | 4 | 0 | 0 | 0 | 0 | 1 |  0 | 1 | 5 | 4 | 2 | 3 | 3 | 4 | 1 | 1 | 1 | 1 | 0 | 0 | 0 | 0 | 1 | 1 | 1 | 3 | 3 | 2 | 5 | 1 | 5 | 4 | 14 | 11 | 23 | 14 | 11 | 14 | 9 | 12 | 9 | 6 | 9 | 8 | 10 |
20 | Jacomin, D. A. | Harvard University, Cambridge, MA. | 1983 | None | 1 | 0 | 1983 | 1 | 0 | 1983 | 0 | 0 | 0 | 0 | 0 | 1 | 0 | 0 | 0 | 0 | 0 | 0 | 0 | 0 | 0 | 0 | 0 | 0 | 0 | 0 | 0 | 0 | 0 | 0 | 0 | 0 | 0 | 0 | 0 | 0 | 0 | 0 | 0 | 0 | 0 | 0 | 0 | 0 | 0 |  0 | 0 | 0 | 0 | 0 | 1 | 0 | 0 | 0 | 0 | 0 | 0 | 0 | 0 | 0 | 0 | 0 | 0 | 0 | 0 | 0 | 0 | 0 | 0 | 0 | 0 | 0 | 0 | 0 | 0 | 0 | 0 | 0 | 0 | 0 | 0 | 0 | 0 | 0 |
21 | Gursel, Halis Yekta | CALIFORNIA INSTITUTE OF TECHNOLOGY. | 1983 | male | 1 | 1 | 2016 | 1 | 2 | 2016 | 0 | 0 | 0 | 0 | 0 | 1 | 0 | 0 | 0 | 0 | 0 | 0 | 0 | 0 | 0 | 0 | 0 | 0 | 0 | 0 | 0 | 0 | 0 | 0 | 0 | 0 | 0 | 0 | 0 | 0 | 0 | 0 | 0 | 0 | 0 | 0 | 0 | 0 | 1 |  0 | 0 | 0 | 0 | 0 | 1 | 0 | 0 | 0 | 0 | 0 | 0 | 0 | 0 | 0 | 0 | 0 | 0 | 0 | 0 | 0 | 0 | 0 | 0 | 0 | 0 | 0 | 0 | 0 | 0 | 0 | 0 | 0 | 0 | 0 | 0 | 0 | 0 | 2 |
22 | Tanaka, Takashi | UNIVERSITY OF CALIFORNIA, LOS ANGELES. | 1983 | male | 9 | 41 | 2017 | 20 | 349 | 2017 | 0 | 2 | 0 | 1 | 4 | 2 | 1 | 0 | 1 | 2 | 0 | 0 | 0 | 0 | 1 | 1 | 0 | 2 | 2 | 2 | 3 | 2 | 5 | 2 | 1 | 4 | 1 | 0 | 0 | 1 | 0 | 2 | 1 | 2 | 2 | 1 | 0 | 0 | 1 |  1 | 4 | 5 | 2 | 6 | 2 | 4 | 0 | 1 | 3 | 0 | 0 | 3 | 2 | 2 | 2 | 1 | 2 | 4 | 3 | 6 | 4 | 7 | 7 | 2 | 12 | 10 | 8 | 6 | 12 | 12 | 55 | 66 | 33 | 37 | 13 | 6 | 15 | 7 |
23 | Seckel, David | UNIVERSITY OF WASHINGTON. | 1983 | male | 1 | 14 | 2008 | 1 | 205 | 2017 | 0 | 0 | 0 | 0 | 0 | 1 | 0 | 1 | 0 | 0 | 0 | 0 | 2 | 2 | 0 | 0 | 0 | 1 | 0 | 0 | 1 | 2 | 0 | 3 | 0 | 0 | 0 | 1 | 0 | 0 | 1 | 0 | 0 | 0 | 0 | 0 | 0 | 0 | 0 |  0 | 0 | 0 | 0 | 0 | 1 | 1 | 3 | 0 | 2 | 6 | 0 | 5 | 5 | 2 | 0 | 1 | 2 | 2 | 1 | 4 | 2 | 0 | 8 | 2 | 7 | 3 | 5 | 8 | 6 | 11 | 10 | 13 | 15 | 13 | 17 | 10 | 15 | 19 |
24 | Leo, James Allen | THE UNIVERSITY OF MICHIGAN. | 1983 | male | 2 | 0 | 1983 | 2 | 0 | 1983 | 0 | 0 | 0 | 0 | 0 | 2 | 0 | 0 | 0 | 0 | 0 | 0 | 0 | 0 | 0 | 0 | 0 | 0 | 0 | 0 | 0 | 0 | 0 | 0 | 0 | 0 | 0 | 0 | 0 | 0 | 0 | 0 | 0 | 0 | 0 | 0 | 0 | 0 | 0 |  0 | 0 | 0 | 0 | 0 | 2 | 0 | 0 | 0 | 0 | 0 | 0 | 0 | 0 | 0 | 0 | 0 | 0 | 0 | 0 | 0 | 0 | 0 | 0 | 0 | 0 | 0 | 0 | 0 | 0 | 0 | 0 | 0 | 0 | 0 | 0 | 0 | 0 | 0 |
25 | Kamoun, Paul Gaston David | MASSACHUSETTS INSTITUTE OF TECHNOLOGY. | 1983 | male | 1 | 2 | 2014 | 1 | 2 | 2014 | 0 | 0 | 0 | 0 | 0 | 1 | 0 | 0 | 0 | 0 | 0 | 0 | 0 | 0 | 0 | 0 | 0 | 0 | 0 | 0 | 1 | 0 | 0 | 0 | 0 | 0 | 0 | 0 | 0 | 0 | 0 | 0 | 0 | 0 | 0 | 0 | 1 | 0 | 0 |  0 | 0 | 0 | 0 | 0 | 1 | 0 | 0 | 0 | 0 | 0 | 0 | 0 | 0 | 0 | 0 | 0 | 0 | 0 | 0 | 1 | 0 | 0 | 0 | 0 | 0 | 0 | 0 | 0 | 0 | 0 | 0 | 0 | 0 | 0 | 0 | 1 | 0 | 0 |
26 | Swanson, Roy A. L. | UNIVERSITY OF COLORADO AT BOULDER. | 1983 | male | 2 | 1 | 2006 | 2 | 1 | 2006 | 0 | 0 | 0 | 0 | 0 | 2 | 0 | 0 | 0 | 0 | 0 | 0 | 0 | 0 | 0 | 0 | 0 | 0 | 0 | 0 | 0 | 0 | 0 | 0 | 0 | 0 | 0 | 0 | 1 | 0 | 0 | 0 | 0 | 0 | 0 | 0 | 0 | 0 | 0 |  0 | 0 | 0 | 0 | 0 | 2 | 0 | 0 | 0 | 0 | 0 | 0 | 0 | 0 | 0 | 0 | 0 | 0 | 0 | 0 | 0 | 0 | 0 | 0 | 0 | 0 | 0 | 0 | 1 | 0 | 0 | 0 | 0 | 0 | 0 | 0 | 0 | 0 | 0 |
27 | Myhrvold, Nathan Paul | PRINCETON UNIVERSITY. | 1983 | male | 1 | 1 | 2016 | 1 | 1 | 2016 | 0 | 0 | 0 | 0 | 0 | 1 | 0 | 0 | 0 | 0 | 0 | 0 | 0 | 0 | 0 | 0 | 0 | 0 | 0 | 0 | 0 | 0 | 0 | 0 | 0 | 0 | 0 | 0 | 0 | 0 | 0 | 0 | 0 | 0 | 0 | 0 | 0 | 0 | 1 |  0 | 0 | 0 | 0 | 0 | 1 | 0 | 0 | 0 | 0 | 0 | 0 | 0 | 0 | 0 | 0 | 0 | 0 | 0 | 0 | 0 | 0 | 0 | 0 | 0 | 0 | 0 | 0 | 0 | 0 | 0 | 0 | 0 | 0 | 0 | 0 | 0 | 0 | 1 |
28 | Pasch, Richard Joseph | THE FLORIDA STATE UNIVERSITY. | 1983 | male | 1 | 0 | 1983 | 2 | 0 | 1983 | 0 | 0 | 0 | 0 | 0 | 1 | 0 | 0 | 0 | 0 | 0 | 0 | 0 | 0 | 0 | 0 | 0 | 0 | 0 | 0 | 0 | 0 | 0 | 0 | 0 | 0 | 0 | 0 | 0 | 0 | 0 | 0 | 0 | 0 | 0 | 0 | 0 | 0 | 0 |  0 | 0 | 0 | 0 | 0 | 2 | 0 | 0 | 0 | 0 | 0 | 0 | 0 | 0 | 0 | 0 | 0 | 0 | 0 | 0 | 0 | 0 | 0 | 0 | 0 | 0 | 0 | 0 | 0 | 0 | 0 | 0 | 0 | 0 | 0 | 0 | 0 | 0 | 0 |
29 | Derrickson, James Harrison | UNIVERSITY OF ALABAMA IN HUNTSVILLE. | 1983 | male | 4 | 6 | 1999 | 5 | 46 | 2003 | 0 | 0 | 0 | 2 | 0 | 2 | 1 | 1 | 0 | 0 | 0 | 0 | 0 | 0 | 1 | 1 | 0 | 1 | 0 | 0 | 0 | 1 | 0 | 0 | 0 | 0 | 0 | 0 | 0 | 0 | 0 | 0 | 0 | 0 | 0 | 0 | 0 | 0 | 0 |  1 | 0 | 0 | 2 | 0 | 2 | 1 | 5 | 0 | 6 | 0 | 1 | 1 | 10 | 1 | 4 | 0 | 10 | 0 | 0 | 2 | 1 | 0 | 2 | 0 | 2 | 0 | 0 | 0 | 0 | 0 | 0 | 0 | 0 | 0 | 0 | 0 | 0 | 0 |
30 | Sarafian, Haitook | MICHIGAN STATE UNIVERSITY. | 1983 | None | 1 | 0 | 1983 | 1 | 0 | 1983 | 0 | 0 | 0 | 0 | 0 | 1 | 0 | 0 | 0 | 0 | 0 | 0 | 0 | 0 | 0 | 0 | 0 | 0 | 0 | 0 | 0 | 0 | 0 | 0 | 0 | 0 | 0 | 0 | 0 | 0 | 0 | 0 | 0 | 0 | 0 | 0 | 0 | 0 | 0 |  0 | 0 | 0 | 0 | 0 | 1 | 0 | 0 | 0 | 0 | 0 | 0 | 0 | 0 | 0 | 0 | 0 | 0 | 0 | 0 | 0 | 0 | 0 | 0 | 0 | 0 | 0 | 0 | 0 | 0 | 0 | 0 | 0 | 0 | 0 | 0 | 0 | 0 | 0 |
31 | Wesick, Jon Scott | UNIVERSITY OF MARYLAND COLLEGE PARK. | 1983 | male | 1 | 0 | 1983 | 1 | 0 | 1983 | 0 | 0 | 0 | 0 | 0 | 1 | 0 | 0 | 0 | 0 | 0 | 0 | 0 | 0 | 0 | 0 | 0 | 0 | 0 | 0 | 0 | 0 | 0 | 0 | 0 | 0 | 0 | 0 | 0 | 0 | 0 | 0 | 0 | 0 | 0 | 0 | 0 | 0 | 0 |  0 | 0 | 0 | 0 | 0 | 1 | 0 | 0 | 0 | 0 | 0 | 0 | 0 | 0 | 0 | 0 | 0 | 0 | 0 | 0 | 0 | 0 | 0 | 0 | 0 | 0 | 0 | 0 | 0 | 0 | 0 | 0 | 0 | 0 | 0 | 0 | 0 | 0 | 0 |
32 | Postawko, Susan Elaine | THE UNIVERSITY OF MICHIGAN. | 1983 | female | 2 | 4 | 1993 | 3 | 10 | 2004 | 0 | 0 | 0 | 0 | 0 | 2 | 0 | 0 | 3 | 0 | 0 | 0 | 0 | 0 | 0 | 1 | 0 | 0 | 0 | 0 | 0 | 0 | 0 | 0 | 0 | 0 | 0 | 0 | 0 | 0 | 0 | 0 | 0 | 0 | 0 | 0 | 0 | 0 | 0 |  0 | 1 | 0 | 0 | 0 | 2 | 0 | 0 | 5 | 1 | 1 | 0 | 0 | 0 | 0 | 1 | 0 | 0 | 0 | 1 | 0 | 0 | 0 | 0 | 0 | 0 | 1 | 0 | 0 | 0 | 0 | 0 | 0 | 0 | 0 | 0 | 0 | 0 | 0 |
33 | Eucker, Bradley Alan | IOWA STATE UNIVERSITY. | 1983 | male | 1 | 0 | 1983 | 1 | 0 | 1983 | 0 | 0 | 0 | 0 | 0 | 1 | 0 | 0 | 0 | 0 | 0 | 0 | 0 | 0 | 0 | 0 | 0 | 0 | 0 | 0 | 0 | 0 | 0 | 0 | 0 | 0 | 0 | 0 | 0 | 0 | 0 | 0 | 0 | 0 | 0 | 0 | 0 | 0 | 0 |  0 | 0 | 0 | 0 | 0 | 1 | 0 | 0 | 0 | 0 | 0 | 0 | 0 | 0 | 0 | 0 | 0 | 0 | 0 | 0 | 0 | 0 | 0 | 0 | 0 | 0 | 0 | 0 | 0 | 0 | 0 | 0 | 0 | 0 | 0 | 0 | 0 | 0 | 0 |
34 | Hoffman, Sara Witherow | UNIVERSITY OF FLORIDA. | 1983 | female | 1 | 0 | 1983 | 1 | 0 | 1983 | 0 | 0 | 0 | 0 | 0 | 1 | 0 | 0 | 0 | 0 | 0 | 0 | 0 | 0 | 0 | 0 | 0 | 0 | 0 | 0 | 0 | 0 | 0 | 0 | 0 | 0 | 0 | 0 | 0 | 0 | 0 | 0 | 0 | 0 | 0 | 0 | 0 | 0 | 0 |  0 | 0 | 0 | 0 | 0 | 1 | 0 | 0 | 0 | 0 | 0 | 0 | 0 | 0 | 0 | 0 | 0 | 0 | 0 | 0 | 0 | 0 | 0 | 0 | 0 | 0 | 0 | 0 | 0 | 0 | 0 | 0 | 0 | 0 | 0 | 0 | 0 | 0 | 0 |
35 | Baumgart, Chris Warren | UNIVERSITY OF MISSOURI - COLUMBIA. | 1983 | male | 1 | 1 | 1986 | 1 | 2 | 1986 | 0 | 0 | 0 | 0 | 0 | 1 | 0 | 0 | 1 | 0 | 0 | 0 | 0 | 0 | 0 | 0 | 0 | 0 | 0 | 0 | 0 | 0 | 0 | 0 | 0 | 0 | 0 | 0 | 0 | 0 | 0 | 0 | 0 | 0 | 0 | 0 | 0 | 0 | 0 |  0 | 0 | 0 | 0 | 0 | 1 | 0 | 0 | 2 | 0 | 0 | 0 | 0 | 0 | 0 | 0 | 0 | 0 | 0 | 0 | 0 | 0 | 0 | 0 | 0 | 0 | 0 | 0 | 0 | 0 | 0 | 0 | 0 | 0 | 0 | 0 | 0 | 0 | 0 |
36 | Schaeffer, James Ross | UNIVERSITY OF PITTSBURGH. | 1983 | male | 1 | 0 | 1983 | 2 | 23 | 2016 | 0 | 0 | 0 | 0 | 0 | 1 | 0 | 0 | 0 | 0 | 0 | 0 | 0 | 0 | 0 | 0 | 0 | 0 | 0 | 0 | 0 | 0 | 0 | 0 | 0 | 0 | 0 | 0 | 0 | 0 | 0 | 0 | 0 | 0 | 0 | 0 | 0 | 0 | 0 |  0 | 0 | 1 | 0 | 0 | 1 | 0 | 1 | 0 | 0 | 0 | 0 | 1 | 0 | 0 | 3 | 0 | 1 | 2 | 4 | 0 | 1 | 0 | 1 | 0 | 2 | 2 | 1 | 0 | 0 | 1 | 1 | 0 | 0 | 0 | 0 | 0 | 1 | 1 |
37 | Fich, Michel | UNIVERSITY OF CALIFORNIA, BERKELEY. | 1983 | male | 1 | 18 | 2010 | 4 | 108 | 2017 | 0 | 0 | 0 | 0 | 0 | 1 | 1 | 0 | 2 | 0 | 1 | 1 | 1 | 4 | 0 | 2 | 1 | 0 | 2 | 1 | 1 | 0 | 0 | 0 | 0 | 0 | 0 | 0 | 0 | 0 | 0 | 0 | 1 | 0 | 0 | 0 | 0 | 0 | 0 |  0 | 1 | 0 | 0 | 1 | 2 | 1 | 2 | 4 | 0 | 3 | 1 | 1 | 6 | 0 | 2 | 1 | 1 | 5 | 2 | 4 | 4 | 1 | 1 | 0 | 10 | 2 | 0 | 1 | 3 | 1 | 4 | 20 | 3 | 4 | 1 | 5 | 6 | 6 |
38 | Martin, Richard Francis, Jr. | UNIVERSITY OF ILLINOIS AT URBANA-CHAMPAIGN. | 1983 | male | 1 | 7 | 2000 | 2 | 123 | 2017 | 0 | 0 | 0 | 0 | 0 | 1 | 0 | 0 | 1 | 0 | 1 | 0 | 1 | 1 | 0 | 0 | 1 | 0 | 0 | 0 | 0 | 1 | 1 | 0 | 0 | 0 | 0 | 0 | 0 | 0 | 0 | 0 | 0 | 0 | 0 | 0 | 0 | 0 | 0 |  1 | 0 | 0 | 0 | 0 | 1 | 0 | 0 | 1 | 2 | 2 | 1 | 7 | 2 | 1 | 1 | 6 | 5 | 6 | 4 | 4 | 6 | 5 | 3 | 4 | 1 | 5 | 2 | 3 | 2 | 2 | 8 | 6 | 7 | 8 | 11 | 4 | 2 | 1 |
39 | Schlegel, Eric Matthew | INDIANA UNIVERSITY. | 1983 | male | 2 | 40 | 2016 | 3 | 119 | 2016 | 0 | 0 | 0 | 0 | 0 | 2 | 1 | 1 | 1 | 0 | 0 | 1 | 1 | 0 | 0 | 3 | 4 | 6 | 3 | 1 | 3 | 3 | 2 | 1 | 0 | 3 | 1 | 1 | 1 | 1 | 0 | 0 | 0 | 0 | 0 | 0 | 1 | 0 | 1 |  0 | 0 | 0 | 0 | 0 | 3 | 1 | 4 | 2 | 2 | 0 | 1 | 2 | 0 | 1 | 6 | 9 | 13 | 8 | 2 | 5 | 3 | 3 | 7 | 0 | 9 | 8 | 9 | 5 | 4 | 3 | 1 | 2 | 3 | 1 | 1 | 1 | 2 | 1 |
40 | Sivaramakrishnan, Anand | THE UNIVERSITY OF TEXAS AT AUSTIN. | 1983 | male | 2 | 10 | 2008 | 3 | 66 | 2017 | 0 | 0 | 0 | 0 | 1 | 1 | 0 | 0 | 0 | 0 | 0 | 1 | 0 | 0 | 0 | 0 | 0 | 1 | 0 | 0 | 0 | 0 | 0 | 1 | 1 | 0 | 0 | 3 | 1 | 1 | 1 | 0 | 0 | 0 | 0 | 0 | 0 | 0 | 0 |  0 | 0 | 1 | 0 | 1 | 1 | 0 | 0 | 0 | 0 | 0 | 1 | 0 | 0 | 1 | 0 | 0 | 2 | 1 | 0 | 1 | 0 | 0 | 1 | 1 | 1 | 0 | 5 | 2 | 4 | 2 | 2 | 4 | 4 | 1 | 3 | 3 | 12 | 10 |
41 | Waller Mejia, Sergio | THE UNIVERSITY OF TEXAS AT AUSTIN. | 1983 | male | 1 | 0 | 1983 | 1 | 0 | 1983 | 0 | 0 | 0 | 0 | 0 | 1 | 0 | 0 | 0 | 0 | 0 | 0 | 0 | 0 | 0 | 0 | 0 | 0 | 0 | 0 | 0 | 0 | 0 | 0 | 0 | 0 | 0 | 0 | 0 | 0 | 0 | 0 | 0 | 0 | 0 | 0 | 0 | 0 | 0 |  0 | 0 | 0 | 0 | 0 | 1 | 0 | 0 | 0 | 0 | 0 | 0 | 0 | 0 | 0 | 0 | 0 | 0 | 0 | 0 | 0 | 0 | 0 | 0 | 0 | 0 | 0 | 0 | 0 | 0 | 0 | 0 | 0 | 0 | 0 | 0 | 0 | 0 | 0 |
42 | Propp, K. E. | Kansas Univ., Lawrence. | 1983 | None | 1 | 0 | 1983 | 1 | 0 | 1983 | 0 | 0 | 0 | 0 | 0 | 1 | 0 | 0 | 0 | 0 | 0 | 0 | 0 | 0 | 0 | 0 | 0 | 0 | 0 | 0 | 0 | 0 | 0 | 0 | 0 | 0 | 0 | 0 | 0 | 0 | 0 | 0 | 0 | 0 | 0 | 0 | 0 | 0 | 0 |  0 | 0 | 0 | 0 | 0 | 1 | 0 | 0 | 0 | 0 | 0 | 0 | 0 | 0 | 0 | 0 | 0 | 0 | 0 | 0 | 0 | 0 | 0 | 0 | 0 | 0 | 0 | 0 | 0 | 0 | 0 | 0 | 0 | 0 | 0 | 0 | 0 | 0 | 0 |
43 | Seitzer, Patrick Osborne | UNIVERSITY OF VIRGINIA. | 1983 | male | 4 | 3 | 2004 | 10 | 73 | 2016 | 0 | 2 | 1 | 0 | 0 | 1 | 0 | 1 | 0 | 0 | 0 | 0 | 1 | 0 | 0 | 0 | 0 | 0 | 0 | 0 | 0 | 0 | 0 | 0 | 0 | 0 | 1 | 0 | 0 | 0 | 0 | 0 | 0 | 0 | 0 | 0 | 0 | 0 | 0 |  0 | 5 | 2 | 0 | 1 | 2 | 0 | 1 | 3 | 0 | 2 | 3 | 3 | 1 | 2 | 3 | 2 | 2 | 4 | 2 | 5 | 2 | 4 | 3 | 7 | 7 | 3 | 3 | 3 | 1 | 0 | 2 | 1 | 0 | 0 | 3 | 0 | 0 | 1 |
44 | Shafer, Richard Arrick | UNIVERSITY OF MARYLAND COLLEGE PARK. | 1983 | male | 1 | 1 | 1985 | 4 | 52 | 2012 | 0 | 0 | 0 | 0 | 0 | 1 | 0 | 1 | 0 | 0 | 0 | 0 | 0 | 0 | 0 | 0 | 0 | 0 | 0 | 0 | 0 | 0 | 0 | 0 | 0 | 0 | 0 | 0 | 0 | 0 | 0 | 0 | 0 | 0 | 0 | 0 | 0 | 0 | 0 |  1 | 0 | 0 | 0 | 2 | 1 | 1 | 4 | 4 | 4 | 1 | 0 | 4 | 4 | 5 | 2 | 5 | 1 | 1 | 2 | 3 | 1 | 0 | 0 | 3 | 0 | 0 | 2 | 1 | 1 | 0 | 1 | 1 | 0 | 1 | 0 | 0 | 0 | 0 |
45 | Laird, John Burton | YALE UNIVERSITY. | 1983 | male | 1 | 6 | 1988 | 1 | 37 | 2012 | 0 | 0 | 0 | 0 | 0 | 1 | 0 | 3 | 1 | 0 | 2 | 0 | 0 | 0 | 0 | 0 | 0 | 0 | 0 | 0 | 0 | 0 | 0 | 0 | 0 | 0 | 0 | 0 | 0 | 0 | 0 | 0 | 0 | 0 | 0 | 0 | 0 | 0 | 0 |  0 | 0 | 0 | 0 | 0 | 1 | 0 | 3 | 2 | 1 | 3 | 1 | 2 | 1 | 2 | 0 | 1 | 0 | 1 | 1 | 0 | 0 | 1 | 1 | 2 | 1 | 1 | 2 | 2 | 1 | 2 | 2 | 2 | 0 | 2 | 0 | 0 | 0 | 0 |
46 | Yatteau, J. H. | Harvard University, Cambridge, MA. | 1983 | None | 2 | 1 | 1990 | 2 | 4 | 1990 | 0 | 0 | 0 | 0 | 0 | 2 | 0 | 0 | 0 | 0 | 0 | 0 | 1 | 0 | 0 | 0 | 0 | 0 | 0 | 0 | 0 | 0 | 0 | 0 | 0 | 0 | 0 | 0 | 0 | 0 | 0 | 0 | 0 | 0 | 0 | 0 | 0 | 0 | 0 |  0 | 0 | 0 | 0 | 0 | 2 | 0 | 0 | 0 | 0 | 0 | 0 | 4 | 0 | 0 | 0 | 0 | 0 | 0 | 0 | 0 | 0 | 0 | 0 | 0 | 0 | 0 | 0 | 0 | 0 | 0 | 0 | 0 | 0 | 0 | 0 | 0 | 0 | 0 |
47 | Watkins, Guyton Hampton, Jr. | MASSACHUSETTS INSTITUTE OF TECHNOLOGY. | 1983 | male | 1 | 0 | 1983 | 1 | 1 | 1986 | 0 | 0 | 0 | 0 | 0 | 1 | 0 | 0 | 0 | 0 | 0 | 0 | 0 | 0 | 0 | 0 | 0 | 0 | 0 | 0 | 0 | 0 | 0 | 0 | 0 | 0 | 0 | 0 | 0 | 0 | 0 | 0 | 0 | 0 | 0 | 0 | 0 | 0 | 0 |  0 | 0 | 0 | 0 | 0 | 1 | 0 | 0 | 1 | 0 | 0 | 0 | 0 | 0 | 0 | 0 | 0 | 0 | 0 | 0 | 0 | 0 | 0 | 0 | 0 | 0 | 0 | 0 | 0 | 0 | 0 | 0 | 0 | 0 | 0 | 0 | 0 | 0 | 0 |
48 | Sellgren, Kristen | CALIFORNIA INSTITUTE OF TECHNOLOGY. | 1983 | female | 5 | 17 | 2007 | 17 | 72 | 2015 | 0 | 0 | 0 | 1 | 0 | 4 | 1 | 1 | 1 | 1 | 2 | 0 | 3 | 0 | 2 | 0 | 1 | 1 | 1 | 0 | 0 | 0 | 0 | 2 | 0 | 0 | 0 | 0 | 0 | 1 | 0 | 0 | 0 | 0 | 0 | 0 | 0 | 0 | 0 |  1 | 1 | 7 | 4 | 0 | 4 | 1 | 3 | 3 | 2 | 6 | 3 | 3 | 3 | 2 | 1 | 3 | 6 | 4 | 4 | 2 | 3 | 5 | 3 | 2 | 4 | 2 | 0 | 0 | 2 | 2 | 1 | 0 | 0 | 0 | 1 | 0 | 1 | 0 |
49 | Western, L. R. | Illinois Univ., Urbana-Champaign. | 1983 | None | 4 | 2 | 1987 | 6 | 4 | 1994 | 0 | 0 | 0 | 0 | 0 | 4 | 1 | 0 | 0 | 1 | 0 | 0 | 0 | 0 | 0 | 0 | 0 | 0 | 0 | 0 | 0 | 0 | 0 | 0 | 0 | 0 | 0 | 0 | 0 | 0 | 0 | 0 | 0 | 0 | 0 | 0 | 0 | 0 | 0 |  0 | 0 | 1 | 0 | 0 | 5 | 1 | 0 | 1 | 1 | 0 | 0 | 0 | 0 | 0 | 0 | 1 | 0 | 0 | 0 | 0 | 0 | 0 | 0 | 0 | 0 | 0 | 0 | 0 | 0 | 0 | 0 | 0 | 0 | 0 | 0 | 0 | 0 | 0 |
50 | Carpenter, Kenneth George | THE OHIO STATE UNIVERSITY. | 1983 | male | 2 | 18 | 2014 | 5 | 73 | 2016 | 0 | 0 | 0 | 0 | 1 | 1 | 2 | 3 | 0 | 1 | 1 | 0 | 0 | 1 | 0 | 1 | 1 | 1 | 0 | 3 | 0 | 2 | 0 | 0 | 0 | 0 | 0 | 0 | 0 | 0 | 0 | 1 | 0 | 0 | 0 | 0 | 1 | 0 | 0 |  0 | 0 | 0 | 1 | 2 | 2 | 3 | 3 | 3 | 1 | 2 | 1 | 0 | 2 | 1 | 3 | 5 | 6 | 3 | 8 | 7 | 8 | 3 | 3 | 1 | 0 | 1 | 1 | 0 | 1 | 0 | 2 | 1 | 0 | 0 | 2 | 1 | 0 | 1 |
51 | Dominy, James Franklin | THE UNIVERSITY OF TEXAS AT AUSTIN. | 1983 | male | 5 | 8 | 1987 | 10 | 11 | 1988 | 1 | 0 | 0 | 0 | 0 | 4 | 1 | 2 | 4 | 1 | 0 | 0 | 0 | 0 | 0 | 0 | 0 | 0 | 0 | 0 | 0 | 0 | 0 | 0 | 0 | 0 | 0 | 0 | 0 | 0 | 0 | 0 | 0 | 0 | 0 | 0 | 0 | 0 | 0 |  2 | 1 | 1 | 0 | 1 | 5 | 1 | 3 | 4 | 1 | 2 | 0 | 0 | 0 | 0 | 0 | 0 | 0 | 0 | 0 | 0 | 0 | 0 | 0 | 0 | 0 | 0 | 0 | 0 | 0 | 0 | 0 | 0 | 0 | 0 | 0 | 0 | 0 | 0 |
52 | Jakosky, B. M. | California Institute of Technology, Pasadena. | 1983 | None | 10 | 48 | 2017 | 17 | 209 | 2017 | 0 | 2 | 1 | 1 | 1 | 5 | 2 | 2 | 3 | 1 | 1 | 0 | 5 | 1 | 0 | 3 | 2 | 3 | 2 | 7 | 2 | 2 | 1 | 2 | 0 | 1 | 1 | 2 | 1 | 0 | 0 | 0 | 0 | 0 | 0 | 0 | 0 | 3 | 0 |  0 | 3 | 1 | 1 | 3 | 9 | 2 | 3 | 4 | 3 | 3 | 1 | 8 | 4 | 2 | 7 | 6 | 8 | 5 | 13 | 4 | 2 | 3 | 8 | 3 | 6 | 4 | 8 | 3 | 1 | 1 | 0 | 1 | 0 | 1 | 1 | 0 | 50 | 18 |
53 | Rossbacher, L. A. | Princeton Univ., NJ. | 1983 | None | 1 | 0 | 1983 | 1 | 0 | 1983 | 0 | 0 | 0 | 0 | 0 | 1 | 0 | 0 | 0 | 0 | 0 | 0 | 0 | 0 | 0 | 0 | 0 | 0 | 0 | 0 | 0 | 0 | 0 | 0 | 0 | 0 | 0 | 0 | 0 | 0 | 0 | 0 | 0 | 0 | 0 | 0 | 0 | 0 | 0 |  0 | 0 | 0 | 0 | 0 | 1 | 0 | 0 | 0 | 0 | 0 | 0 | 0 | 0 | 0 | 0 | 0 | 0 | 0 | 0 | 0 | 0 | 0 | 0 | 0 | 0 | 0 | 0 | 0 | 0 | 0 | 0 | 0 | 0 | 0 | 0 | 0 | 0 | 0 |
54 | Abramopoulos, Frank | COLUMBIA UNIVERSITY. | 1983 | male | 3 | 0 | 1983 | 4 | 1 | 1984 | 0 | 0 | 0 | 1 | 0 | 2 | 0 | 0 | 0 | 0 | 0 | 0 | 0 | 0 | 0 | 0 | 0 | 0 | 0 | 0 | 0 | 0 | 0 | 0 | 0 | 0 | 0 | 0 | 0 | 0 | 0 | 0 | 0 | 0 | 0 | 0 | 0 | 0 | 0 |  0 | 0 | 0 | 1 | 0 | 3 | 1 | 0 | 0 | 0 | 0 | 0 | 0 | 0 | 0 | 0 | 0 | 0 | 0 | 0 | 0 | 0 | 0 | 0 | 0 | 0 | 0 | 0 | 0 | 0 | 0 | 0 | 0 | 0 | 0 | 0 | 0 | 0 | 0 |
55 | Cabot, William Henry | THE UNIVERSITY OF ROCHESTER. | 1983 | male | 2 | 8 | 2006 | 4 | 12 | 2006 | 0 | 0 | 0 | 0 | 1 | 1 | 1 | 0 | 0 | 2 | 0 | 0 | 1 | 0 | 1 | 0 | 0 | 1 | 1 | 0 | 0 | 0 | 0 | 0 | 0 | 0 | 0 | 0 | 1 | 0 | 0 | 0 | 0 | 0 | 0 | 0 | 0 | 0 | 0 |  0 | 0 | 1 | 0 | 2 | 1 | 1 | 2 | 0 | 2 | 0 | 0 | 1 | 0 | 1 | 0 | 0 | 1 | 1 | 0 | 0 | 0 | 0 | 0 | 0 | 2 | 0 | 0 | 1 | 0 | 0 | 0 | 0 | 0 | 0 | 0 | 0 | 0 | 0 |
56 | Damashek, Marc | UNIVERSITY OF MASSACHUSETTS. | 1983 | male | 3 | 0 | 1983 | 6 | 1 | 1986 | 1 | 0 | 0 | 0 | 1 | 1 | 0 | 0 | 0 | 0 | 0 | 0 | 0 | 0 | 0 | 0 | 0 | 0 | 0 | 0 | 0 | 0 | 0 | 0 | 0 | 0 | 0 | 0 | 0 | 0 | 0 | 0 | 0 | 0 | 0 | 0 | 0 | 0 | 0 |  1 | 0 | 0 | 1 | 2 | 2 | 0 | 0 | 1 | 0 | 0 | 0 | 0 | 0 | 0 | 0 | 0 | 0 | 0 | 0 | 0 | 0 | 0 | 0 | 0 | 0 | 0 | 0 | 0 | 0 | 0 | 0 | 0 | 0 | 0 | 0 | 0 | 0 | 0 |
57 | Eder, David Charles | PRINCETON UNIVERSITY. | 1983 | male | 2 | 3 | 1991 | 2 | 5 | 1991 | 0 | 1 | 0 | 0 | 0 | 1 | 0 | 1 | 1 | 0 | 0 | 0 | 0 | 1 | 0 | 0 | 0 | 0 | 0 | 0 | 0 | 0 | 0 | 0 | 0 | 0 | 0 | 0 | 0 | 0 | 0 | 0 | 0 | 0 | 0 | 0 | 0 | 0 | 0 |  0 | 1 | 0 | 0 | 0 | 1 | 0 | 1 | 1 | 0 | 1 | 1 | 0 | 1 | 0 | 0 | 0 | 0 | 0 | 0 | 0 | 0 | 0 | 0 | 0 | 0 | 0 | 0 | 0 | 0 | 0 | 0 | 0 | 0 | 0 | 0 | 0 | 0 | 0 |
58 | Lasala, Gerald Joseph, Jr. | DARTMOUTH COLLEGE. | 1983 | male | 1 | 0 | 1983 | 1 | 0 | 1983 | 0 | 0 | 0 | 0 | 0 | 1 | 0 | 0 | 0 | 0 | 0 | 0 | 0 | 0 | 0 | 0 | 0 | 0 | 0 | 0 | 0 | 0 | 0 | 0 | 0 | 0 | 0 | 0 | 0 | 0 | 0 | 0 | 0 | 0 | 0 | 0 | 0 | 0 | 0 |  0 | 0 | 0 | 0 | 0 | 1 | 0 | 0 | 0 | 0 | 0 | 0 | 0 | 0 | 0 | 0 | 0 | 0 | 0 | 0 | 0 | 0 | 0 | 0 | 0 | 0 | 0 | 0 | 0 | 0 | 0 | 0 | 0 | 0 | 0 | 0 | 0 | 0 | 0 |
59 | McMillan, Stephen Lewin William | HARVARD UNIVERSITY. | 1983 | male | 3 | 13 | 2008 | 3 | 63 | 2017 | 0 | 0 | 1 | 1 | 0 | 1 | 2 | 0 | 3 | 1 | 0 | 1 | 1 | 0 | 0 | 1 | 0 | 0 | 1 | 0 | 0 | 0 | 0 | 0 | 0 | 1 | 0 | 0 | 0 | 1 | 1 | 0 | 0 | 0 | 0 | 0 | 0 | 0 | 0 |  0 | 0 | 1 | 1 | 0 | 1 | 2 | 0 | 3 | 2 | 1 | 3 | 2 | 0 | 1 | 3 | 2 | 0 | 3 | 1 | 1 | 1 | 1 | 2 | 2 | 2 | 2 | 1 | 3 | 3 | 4 | 1 | 6 | 1 | 0 | 6 | 1 | 1 | 1 |
60 | Paleologou, Efthimios | UNIVERSITY OF ILLINOIS AT URBANA-CHAMPAIGN. | 1983 | male | 2 | 0 | 1983 | 6 | 27 | 2016 | 0 | 0 | 0 | 0 | 0 | 2 | 0 | 0 | 0 | 0 | 0 | 0 | 0 | 0 | 0 | 0 | 0 | 0 | 0 | 0 | 0 | 0 | 0 | 0 | 0 | 0 | 0 | 0 | 0 | 0 | 0 | 0 | 0 | 0 | 0 | 0 | 0 | 0 | 0 |  0 | 1 | 2 | 1 | 0 | 2 | 0 | 1 | 1 | 0 | 0 | 0 | 0 | 0 | 0 | 2 | 1 | 0 | 2 | 2 | 0 | 2 | 1 | 3 | 4 | 1 | 0 | 0 | 0 | 0 | 0 | 0 | 0 | 0 | 0 | 0 | 2 | 1 | 4 |
61 | Verter, Frances Ann | PRINCETON UNIVERSITY. | 1983 | female | 3 | 13 | 2000 | 3 | 19 | 2000 | 0 | 0 | 0 | 0 | 1 | 2 | 0 | 1 | 0 | 1 | 3 | 1 | 1 | 1 | 1 | 1 | 0 | 1 | 0 | 0 | 1 | 0 | 1 | 0 | 0 | 0 | 0 | 0 | 0 | 0 | 0 | 0 | 0 | 0 | 0 | 0 | 0 | 0 | 0 |  0 | 0 | 0 | 0 | 1 | 2 | 0 | 1 | 0 | 1 | 3 | 1 | 2 | 1 | 2 | 2 | 1 | 1 | 1 | 1 | 1 | 0 | 1 | 0 | 0 | 0 | 0 | 0 | 0 | 0 | 0 | 0 | 0 | 0 | 0 | 0 | 0 | 0 | 0 |
62 | Williams, Glen Arthur | THE UNIVERSITY OF MICHIGAN. | 1983 | male | 5 | 12 | 2004 | 12 | 28 | 2014 | 0 | 1 | 1 | 0 | 1 | 2 | 2 | 0 | 1 | 1 | 1 | 0 | 0 | 1 | 0 | 0 | 0 | 1 | 0 | 0 | 1 | 0 | 0 | 0 | 1 | 2 | 1 | 0 | 0 | 0 | 0 | 0 | 0 | 0 | 0 | 0 | 0 | 0 | 0 |  0 | 2 | 1 | 3 | 1 | 5 | 2 | 1 | 1 | 2 | 1 | 0 | 0 | 1 | 1 | 0 | 0 | 1 | 0 | 0 | 1 | 0 | 0 | 0 | 2 | 3 | 1 | 2 | 1 | 0 | 0 | 0 | 3 | 0 | 1 | 3 | 1 | 0 | 0 |
63 | Younger, James Walter | INDIANA UNIVERSITY. | 1983 | male | 2 | 0 | 1983 | 3 | 0 | 1983 | 0 | 0 | 1 | 0 | 0 | 1 | 0 | 0 | 0 | 0 | 0 | 0 | 0 | 0 | 0 | 0 | 0 | 0 | 0 | 0 | 0 | 0 | 0 | 0 | 0 | 0 | 0 | 0 | 0 | 0 | 0 | 0 | 0 | 0 | 0 | 0 | 0 | 0 | 0 |  0 | 0 | 1 | 1 | 0 | 1 | 0 | 0 | 0 | 0 | 0 | 0 | 0 | 0 | 0 | 0 | 0 | 0 | 0 | 0 | 0 | 0 | 0 | 0 | 0 | 0 | 0 | 0 | 0 | 0 | 0 | 0 | 0 | 0 | 0 | 0 | 0 | 0 | 0 |
64 | Brandenberger, Robert Hans | HARVARD UNIVERSITY. | 1983 | male | 4 | 97 | 2017 | 5 | 269 | 2017 | 0 | 0 | 0 | 0 | 1 | 3 | 2 | 2 | 3 | 6 | 3 | 6 | 2 | 5 | 2 | 4 | 3 | 1 | 2 | 2 | 2 | 2 | 1 | 3 | 5 | 2 | 6 | 1 | 3 | 7 | 4 | 5 | 1 | 1 | 0 | 2 | 3 | 2 | 1 |  0 | 0 | 0 | 0 | 1 | 4 | 4 | 4 | 5 | 10 | 4 | 10 | 9 | 6 | 6 | 7 | 5 | 5 | 5 | 6 | 5 | 8 | 6 | 9 | 13 | 11 | 11 | 7 | 9 | 10 | 10 | 15 | 10 | 10 | 9 | 9 | 7 | 10 | 10 |
65 | McFadden, Lucy-Ann Adams | UNIVERSITY OF HAWAII. | 1983 | female | 1 | 0 | 1983 | 1 | 305 | 2013 | 0 | 0 | 0 | 0 | 0 | 1 | 0 | 0 | 0 | 0 | 0 | 0 | 0 | 0 | 0 | 0 | 0 | 0 | 0 | 0 | 0 | 0 | 0 | 0 | 0 | 0 | 0 | 0 | 0 | 0 | 0 | 0 | 0 | 0 | 0 | 0 | 0 | 0 | 0 |  0 | 0 | 0 | 0 | 0 | 1 | 0 | 0 | 0 | 0 | 0 | 0 | 0 | 0 | 1 | 0 | 0 | 1 | 0 | 0 | 0 | 2 | 2 | 2 | 1 | 0 | 0 | 291 | 0 | 2 | 0 | 0 | 0 | 2 | 0 | 1 | 0 | 0 | 0 |
66 | Nugent, John Joseph, Jr. | CALIFORNIA INSTITUTE OF TECHNOLOGY. | 1983 | male | 3 | 1 | 1984 | 10 | 1 | 1984 | 1 | 0 | 0 | 0 | 0 | 2 | 1 | 0 | 0 | 0 | 0 | 0 | 0 | 0 | 0 | 0 | 0 | 0 | 0 | 0 | 0 | 0 | 0 | 0 | 0 | 0 | 0 | 0 | 0 | 0 | 0 | 0 | 0 | 0 | 0 | 0 | 0 | 0 | 0 |  1 | 1 | 2 | 3 | 1 | 2 | 1 | 0 | 0 | 0 | 0 | 0 | 0 | 0 | 0 | 0 | 0 | 0 | 0 | 0 | 0 | 0 | 0 | 0 | 0 | 0 | 0 | 0 | 0 | 0 | 0 | 0 | 0 | 0 | 0 | 0 | 0 | 0 | 0 |
67 | Jeffries, Andrew Dunning | MASSACHUSETTS INSTITUTE OF TECHNOLOGY. | 1983 | male | 1 | 2 | 1987 | 2 | 2 | 1987 | 0 | 0 | 0 | 0 | 0 | 1 | 0 | 0 | 0 | 2 | 0 | 0 | 0 | 0 | 0 | 0 | 0 | 0 | 0 | 0 | 0 | 0 | 0 | 0 | 0 | 0 | 0 | 0 | 0 | 0 | 0 | 0 | 0 | 0 | 0 | 0 | 0 | 0 | 0 |  0 | 0 | 0 | 0 | 0 | 2 | 0 | 0 | 0 | 2 | 0 | 0 | 0 | 0 | 0 | 0 | 0 | 0 | 0 | 0 | 0 | 0 | 0 | 0 | 0 | 0 | 0 | 0 | 0 | 0 | 0 | 0 | 0 | 0 | 0 | 0 | 0 | 0 | 0 |
68 | Paxton, L. J. | Colorado Univ., Boulder. | 1983 | None | 2 | 13 | 2017 | 2 | 143 | 2017 | 0 | 0 | 0 | 0 | 0 | 2 | 0 | 2 | 1 | 0 | 5 | 0 | 0 | 0 | 1 | 0 | 0 | 0 | 0 | 0 | 1 | 0 | 0 | 0 | 1 | 1 | 0 | 0 | 0 | 0 | 0 | 0 | 0 | 0 | 0 | 0 | 0 | 0 | 0 |  0 | 0 | 0 | 0 | 0 | 2 | 0 | 3 | 1 | 2 | 5 | 1 | 0 | 0 | 3 | 0 | 0 | 1 | 0 | 1 | 3 | 3 | 0 | 3 | 2 | 6 | 8 | 11 | 12 | 9 | 10 | 6 | 7 | 14 | 4 | 6 | 6 | 6 | 8 |
69 | Odonnell, K. A. | Rochester Univ., NY. | 1983 | None | 1 | 0 | 1983 | 1 | 0 | 1983 | 0 | 0 | 0 | 0 | 0 | 1 | 0 | 0 | 0 | 0 | 0 | 0 | 0 | 0 | 0 | 0 | 0 | 0 | 0 | 0 | 0 | 0 | 0 | 0 | 0 | 0 | 0 | 0 | 0 | 0 | 0 | 0 | 0 | 0 | 0 | 0 | 0 | 0 | 0 |  0 | 0 | 0 | 0 | 0 | 1 | 0 | 0 | 0 | 0 | 0 | 0 | 0 | 0 | 0 | 0 | 0 | 0 | 0 | 0 | 0 | 0 | 0 | 0 | 0 | 0 | 0 | 0 | 0 | 0 | 0 | 0 | 0 | 0 | 0 | 0 | 0 | 0 | 0 |
70 | Takahashi, K. | California Univ., Los Angeles. | 1983 | None | 11 | 144 | 2017 | 18 | 455 | 2017 | 2 | 1 | 0 | 2 | 1 | 5 | 3 | 6 | 3 | 6 | 6 | 2 | 5 | 5 | 5 | 5 | 3 | 2 | 3 | 3 | 2 | 3 | 3 | 6 | 8 | 8 | 7 | 5 | 2 | 3 | 5 | 3 | 2 | 3 | 5 | 4 | 4 | 5 | 7 |  2 | 2 | 0 | 4 | 2 | 8 | 6 | 10 | 10 | 10 | 14 | 10 | 15 | 12 | 16 | 11 | 10 | 8 | 6 | 9 | 10 | 16 | 8 | 15 | 13 | 16 | 19 | 18 | 12 | 10 | 10 | 11 | 19 | 19 | 14 | 27 | 15 | 25 | 23 |
71 | Suggs, Robert Michael | NEW MEXICO STATE UNIVERSITY. | 1983 | male | 1 | 2 | 2014 | 1 | 19 | 2015 | 0 | 0 | 0 | 0 | 0 | 1 | 0 | 0 | 0 | 0 | 0 | 0 | 0 | 0 | 0 | 0 | 0 | 0 | 0 | 0 | 0 | 0 | 0 | 0 | 0 | 0 | 0 | 0 | 0 | 0 | 1 | 0 | 0 | 0 | 0 | 0 | 1 | 0 | 0 |  0 | 0 | 0 | 0 | 0 | 1 | 0 | 0 | 1 | 0 | 0 | 0 | 0 | 0 | 0 | 0 | 0 | 0 | 0 | 0 | 0 | 0 | 0 | 0 | 1 | 1 | 2 | 0 | 0 | 1 | 2 | 0 | 0 | 4 | 2 | 2 | 2 | 1 | 0 |
72 | Mitchell, Kenneth James | THE PENNSYLVANIA STATE UNIVERSITY. | 1983 | male | 5 | 6 | 2004 | 12 | 32 | 2015 | 0 | 0 | 0 | 2 | 1 | 2 | 1 | 1 | 0 | 0 | 0 | 0 | 0 | 0 | 0 | 0 | 1 | 0 | 0 | 0 | 2 | 0 | 0 | 0 | 0 | 0 | 1 | 0 | 0 | 0 | 0 | 0 | 0 | 0 | 0 | 0 | 0 | 0 | 0 |  1 | 0 | 1 | 2 | 3 | 5 | 4 | 1 | 2 | 1 | 4 | 0 | 2 | 0 | 1 | 1 | 1 | 1 | 0 | 0 | 3 | 1 | 1 | 0 | 2 | 0 | 1 | 0 | 2 | 0 | 1 | 0 | 1 | 0 | 0 | 1 | 0 | 1 | 0 |
73 | Norris, Jay Preston | UNIVERSITY OF MARYLAND COLLEGE PARK. | 1983 | male | 14 | 29 | 2011 | 24 | 224 | 2016 | 2 | 2 | 0 | 2 | 1 | 7 | 3 | 3 | 2 | 1 | 0 | 1 | 1 | 1 | 0 | 1 | 1 | 3 | 1 | 2 | 0 | 2 | 1 | 0 | 1 | 0 | 1 | 1 | 1 | 0 | 0 | 0 | 1 | 1 | 0 | 0 | 0 | 0 | 0 |  3 | 2 | 1 | 3 | 5 | 10 | 6 | 3 | 3 | 3 | 1 | 1 | 3 | 3 | 2 | 3 | 7 | 4 | 3 | 7 | 1 | 4 | 3 | 2 | 1 | 0 | 3 | 7 | 5 | 3 | 3 | 27 | 57 | 24 | 26 | 6 | 1 | 1 | 1 |
74 | Olszewski, Edward William | UNIVERSITY OF WASHINGTON. | 1983 | male | 1 | 15 | 2009 | 8 | 142 | 2017 | 0 | 0 | 0 | 0 | 0 | 1 | 3 | 1 | 1 | 1 | 2 | 0 | 0 | 1 | 0 | 0 | 0 | 1 | 2 | 0 | 0 | 1 | 0 | 0 | 0 | 0 | 0 | 0 | 1 | 0 | 0 | 1 | 0 | 0 | 0 | 0 | 0 | 0 | 0 |  0 | 1 | 1 | 0 | 0 | 6 | 8 | 5 | 9 | 3 | 3 | 2 | 3 | 2 | 3 | 4 | 0 | 7 | 3 | 0 | 3 | 4 | 3 | 5 | 2 | 4 | 2 | 3 | 7 | 3 | 8 | 8 | 6 | 2 | 3 | 2 | 3 | 9 | 7 |
75 | Jakosky, Bruce Martin | CALIFORNIA INSTITUTE OF TECHNOLOGY. | 1983 | male | 10 | 50 | 2017 | 17 | 241 | 2017 | 0 | 2 | 1 | 1 | 1 | 5 | 2 | 2 | 3 | 1 | 1 | 0 | 5 | 1 | 0 | 3 | 2 | 3 | 2 | 7 | 3 | 2 | 1 | 2 | 0 | 1 | 1 | 2 | 1 | 0 | 1 | 0 | 0 | 0 | 0 | 0 | 0 | 3 | 0 |  0 | 3 | 1 | 1 | 3 | 9 | 2 | 3 | 4 | 3 | 3 | 1 | 8 | 4 | 2 | 7 | 6 | 8 | 5 | 13 | 5 | 2 | 3 | 8 | 3 | 6 | 4 | 8 | 3 | 1 | 3 | 0 | 1 | 0 | 1 | 9 | 6 | 57 | 20 |
76 | Hertz, Paul Louis | HARVARD UNIVERSITY. | 1983 | male | 4 | 16 | 1997 | 9 | 43 | 2011 | 1 | 0 | 0 | 0 | 0 | 3 | 2 | 2 | 0 | 1 | 3 | 1 | 2 | 0 | 1 | 1 | 0 | 2 | 0 | 1 | 0 | 0 | 0 | 0 | 0 | 0 | 0 | 0 | 0 | 0 | 0 | 0 | 0 | 0 | 0 | 0 | 0 | 0 | 0 |  1 | 0 | 2 | 3 | 0 | 3 | 3 | 2 | 0 | 3 | 3 | 2 | 5 | 3 | 2 | 2 | 3 | 3 | 0 | 1 | 0 | 1 | 2 | 3 | 2 | 0 | 0 | 0 | 1 | 0 | 0 | 1 | 0 | 1 | 0 | 0 | 0 | 0 | 0 |
77 | Kenyon, Scott Jay | UNIVERSITY OF ILLINOIS AT URBANA-CHAMPAIGN. | 1983 | male | 6 | 80 | 2017 | 12 | 273 | 2017 | 0 | 1 | 0 | 0 | 2 | 3 | 2 | 2 | 6 | 4 | 4 | 3 | 2 | 3 | 0 | 5 | 3 | 3 | 2 | 0 | 4 | 3 | 1 | 4 | 4 | 0 | 4 | 1 | 1 | 0 | 3 | 1 | 1 | 0 | 2 | 0 | 4 | 3 | 4 |  0 | 3 | 0 | 1 | 3 | 5 | 2 | 3 | 8 | 9 | 7 | 6 | 7 | 7 | 7 | 14 | 7 | 6 | 10 | 8 | 10 | 5 | 4 | 8 | 11 | 5 | 6 | 7 | 11 | 11 | 10 | 11 | 10 | 8 | 12 | 9 | 12 | 10 | 8 |
78 | Lien, David Jeffrey | UNIVERSITY OF ILLINOIS AT URBANA-CHAMPAIGN. | 1983 | male | 1 | 4 | 1990 | 5 | 15 | 2008 | 0 | 0 | 0 | 0 | 0 | 1 | 2 | 1 | 0 | 0 | 0 | 0 | 1 | 0 | 0 | 0 | 0 | 0 | 0 | 0 | 0 | 0 | 0 | 0 | 0 | 0 | 0 | 0 | 0 | 0 | 0 | 0 | 0 | 0 | 0 | 0 | 0 | 0 | 0 |  0 | 1 | 1 | 1 | 1 | 1 | 2 | 2 | 0 | 0 | 0 | 1 | 4 | 0 | 0 | 0 | 0 | 0 | 0 | 0 | 1 | 0 | 1 | 0 | 0 | 0 | 1 | 0 | 1 | 0 | 2 | 0 | 0 | 0 | 0 | 0 | 0 | 0 | 0 |
79 | Mathieu, Robert David | UNIVERSITY OF CALIFORNIA, BERKELEY. | 1983 | male | 3 | 18 | 2011 | 7 | 123 | 2017 | 0 | 0 | 0 | 1 | 0 | 2 | 1 | 0 | 2 | 0 | 2 | 1 | 1 | 1 | 0 | 0 | 1 | 1 | 0 | 1 | 0 | 0 | 2 | 0 | 0 | 1 | 1 | 0 | 0 | 1 | 0 | 1 | 0 | 1 | 0 | 0 | 0 | 0 | 0 |  0 | 2 | 1 | 1 | 0 | 3 | 1 | 0 | 8 | 2 | 4 | 5 | 2 | 3 | 0 | 1 | 4 | 2 | 3 | 5 | 4 | 4 | 2 | 6 | 5 | 4 | 4 | 2 | 3 | 5 | 4 | 9 | 1 | 3 | 5 | 6 | 3 | 6 | 4 |
80 | Nozette, Stewart David | MASSACHUSETTS INSTITUTE OF TECHNOLOGY. | 1983 | male | 9 | 10 | 2010 | 13 | 11 | 2010 | 0 | 3 | 2 | 1 | 2 | 1 | 0 | 0 | 0 | 0 | 0 | 0 | 0 | 0 | 0 | 2 | 4 | 1 | 1 | 0 | 0 | 0 | 0 | 1 | 0 | 0 | 0 | 0 | 0 | 0 | 0 | 0 | 1 | 0 | 0 | 0 | 0 | 0 | 0 |  1 | 3 | 3 | 2 | 3 | 1 | 0 | 0 | 0 | 0 | 0 | 0 | 0 | 0 | 0 | 2 | 4 | 1 | 1 | 0 | 0 | 0 | 0 | 1 | 0 | 0 | 0 | 0 | 0 | 0 | 0 | 0 | 2 | 0 | 0 | 0 | 0 | 0 | 0 |
81 | Dame, Thomas Michael | COLUMBIA UNIVERSITY. | 1983 | male | 1 | 11 | 2011 | 4 | 89 | 2016 | 0 | 0 | 0 | 0 | 0 | 1 | 0 | 1 | 1 | 1 | 1 | 1 | 0 | 0 | 0 | 1 | 1 | 0 | 0 | 0 | 0 | 0 | 0 | 1 | 0 | 0 | 0 | 0 | 0 | 1 | 1 | 0 | 0 | 1 | 0 | 0 | 0 | 0 | 0 |  0 | 0 | 1 | 0 | 1 | 2 | 1 | 2 | 4 | 3 | 4 | 2 | 2 | 3 | 0 | 2 | 1 | 2 | 1 | 5 | 3 | 3 | 1 | 3 | 2 | 2 | 1 | 5 | 4 | 2 | 3 | 3 | 0 | 5 | 1 | 3 | 9 | 2 | 5 |
82 | Buratti, Bonnie Jean | CORNELL UNIVERSITY. | 1983 | female | 2 | 43 | 2017 | 3 | 217 | 2017 | 0 | 0 | 0 | 0 | 0 | 2 | 2 | 2 | 0 | 0 | 4 | 0 | 2 | 4 | 1 | 0 | 1 | 4 | 1 | 1 | 1 | 1 | 1 | 0 | 1 | 2 | 2 | 2 | 1 | 0 | 2 | 0 | 1 | 3 | 1 | 1 | 0 | 1 | 0 |  0 | 0 | 1 | 0 | 0 | 2 | 3 | 3 | 2 | 2 | 4 | 1 | 4 | 4 | 1 | 2 | 4 | 4 | 3 | 1 | 1 | 3 | 3 | 3 | 5 | 4 | 14 | 8 | 14 | 11 | 19 | 12 | 15 | 16 | 19 | 7 | 3 | 6 | 13 |
83 | Farouki, Rida A. M. T. | CORNELL UNIVERSITY. | 1983 | male | 3 | 1 | 1984 | 3 | 2 | 1985 | 0 | 0 | 1 | 1 | 0 | 1 | 1 | 0 | 0 | 0 | 0 | 0 | 0 | 0 | 0 | 0 | 0 | 0 | 0 | 0 | 0 | 0 | 0 | 0 | 0 | 0 | 0 | 0 | 0 | 0 | 0 | 0 | 0 | 0 | 0 | 0 | 0 | 0 | 0 |  0 | 0 | 1 | 1 | 0 | 1 | 1 | 1 | 0 | 0 | 0 | 0 | 0 | 0 | 0 | 0 | 0 | 0 | 0 | 0 | 0 | 0 | 0 | 0 | 0 | 0 | 0 | 0 | 0 | 0 | 0 | 0 | 0 | 0 | 0 | 0 | 0 | 0 | 0 |
84 | Garay, Guido Alejandro | HARVARD UNIVERSITY. | 1983 | male | 2 | 31 | 2015 | 4 | 132 | 2016 | 0 | 0 | 0 | 0 | 0 | 2 | 0 | 1 | 1 | 1 | 0 | 3 | 1 | 0 | 0 | 4 | 1 | 0 | 1 | 0 | 4 | 1 | 1 | 0 | 3 | 1 | 2 | 0 | 1 | 3 | 0 | 0 | 1 | 0 | 0 | 0 | 0 | 1 | 0 |  0 | 0 | 0 | 0 | 1 | 3 | 0 | 2 | 3 | 1 | 4 | 6 | 2 | 3 | 1 | 6 | 2 | 1 | 4 | 3 | 7 | 3 | 3 | 3 | 5 | 6 | 4 | 5 | 2 | 9 | 4 | 3 | 5 | 5 | 2 | 6 | 8 | 6 | 8 |
85 | Hoffman, Glenn Lyle, Jr. | CORNELL UNIVERSITY. | 1983 | male | 4 | 21 | 2009 | 5 | 40 | 2011 | 0 | 0 | 1 | 0 | 1 | 2 | 0 | 1 | 0 | 1 | 1 | 3 | 0 | 1 | 2 | 1 | 0 | 1 | 2 | 1 | 1 | 1 | 0 | 1 | 1 | 1 | 1 | 0 | 0 | 0 | 0 | 1 | 0 | 0 | 0 | 0 | 0 | 0 | 0 |  0 | 0 | 1 | 0 | 1 | 3 | 0 | 1 | 1 | 1 | 1 | 3 | 0 | 2 | 2 | 2 | 1 | 2 | 5 | 1 | 2 | 1 | 0 | 1 | 1 | 1 | 1 | 2 | 1 | 1 | 2 | 4 | 0 | 1 | 0 | 0 | 0 | 0 | 0 |
86 | Jensen, Kenneth A. | CALIFORNIA INSTITUTE OF TECHNOLOGY. | 1983 | male | 3 | 2 | 1986 | 7 | 9 | 2016 | 0 | 0 | 0 | 0 | 1 | 2 | 1 | 0 | 1 | 0 | 0 | 0 | 0 | 0 | 0 | 0 | 0 | 0 | 0 | 0 | 0 | 0 | 0 | 0 | 0 | 0 | 0 | 0 | 0 | 0 | 0 | 0 | 0 | 0 | 0 | 0 | 0 | 0 | 0 |  0 | 0 | 0 | 2 | 1 | 4 | 1 | 2 | 1 | 0 | 0 | 0 | 0 | 0 | 0 | 0 | 2 | 0 | 0 | 1 | 0 | 0 | 0 | 0 | 0 | 0 | 0 | 0 | 0 | 0 | 0 | 1 | 0 | 0 | 0 | 0 | 0 | 0 | 1 |
87 | Shafter, Allen Wayne | UNIVERSITY OF CALIFORNIA, LOS ANGELES. | 1983 | male | 6 | 37 | 2017 | 8 | 86 | 2017 | 0 | 0 | 2 | 0 | 1 | 3 | 2 | 2 | 3 | 2 | 2 | 1 | 1 | 0 | 0 | 1 | 0 | 4 | 1 | 1 | 0 | 0 | 2 | 1 | 0 | 1 | 0 | 1 | 2 | 2 | 1 | 1 | 0 | 2 | 1 | 1 | 0 | 1 | 0 |  0 | 0 | 2 | 0 | 1 | 5 | 4 | 2 | 3 | 5 | 3 | 2 | 5 | 1 | 2 | 3 | 0 | 8 | 1 | 3 | 4 | 1 | 2 | 1 | 0 | 1 | 1 | 1 | 3 | 2 | 2 | 3 | 2 | 2 | 2 | 2 | 3 | 5 | 5 |
88 | Yuen, Chiu-Wai | THE UNIVERSITY OF WISCONSIN - MADISON. | 1983 | male | 1 | 0 | 1983 | 1 | 1 | 2006 | 0 | 0 | 0 | 0 | 0 | 1 | 0 | 0 | 0 | 0 | 0 | 0 | 0 | 0 | 0 | 0 | 0 | 0 | 0 | 0 | 0 | 0 | 0 | 0 | 0 | 0 | 0 | 0 | 0 | 0 | 0 | 0 | 0 | 0 | 0 | 0 | 0 | 0 | 0 |  0 | 0 | 0 | 0 | 0 | 1 | 0 | 0 | 0 | 0 | 0 | 0 | 0 | 0 | 0 | 0 | 0 | 0 | 0 | 0 | 0 | 0 | 0 | 0 | 0 | 0 | 0 | 0 | 1 | 0 | 0 | 0 | 0 | 0 | 0 | 0 | 0 | 0 | 0 |
89 | Guenther, David Bruce | YALE UNIVERSITY. | 1983 | male | 2 | 34 | 2014 | 3 | 164 | 2017 | 0 | 0 | 0 | 0 | 0 | 2 | 1 | 1 | 1 | 1 | 1 | 2 | 0 | 2 | 3 | 2 | 1 | 1 | 2 | 1 | 2 | 0 | 2 | 0 | 1 | 0 | 2 | 2 | 0 | 2 | 2 | 1 | 0 | 0 | 0 | 0 | 1 | 0 | 0 |  0 | 0 | 0 | 0 | 0 | 3 | 1 | 3 | 3 | 1 | 2 | 2 | 1 | 3 | 5 | 2 | 3 | 3 | 5 | 2 | 2 | 4 | 2 | 0 | 3 | 3 | 7 | 9 | 10 | 12 | 19 | 8 | 5 | 10 | 9 | 10 | 6 | 3 | 4 |
90 | Bobroff, Norman | CALIFORNIA INSTITUTE OF TECHNOLOGY. | 1983 | male | 1 | 1 | 1984 | 1 | 1 | 1984 | 0 | 0 | 0 | 0 | 0 | 1 | 1 | 0 | 0 | 0 | 0 | 0 | 0 | 0 | 0 | 0 | 0 | 0 | 0 | 0 | 0 | 0 | 0 | 0 | 0 | 0 | 0 | 0 | 0 | 0 | 0 | 0 | 0 | 0 | 0 | 0 | 0 | 0 | 0 |  0 | 0 | 0 | 0 | 0 | 1 | 1 | 0 | 0 | 0 | 0 | 0 | 0 | 0 | 0 | 0 | 0 | 0 | 0 | 0 | 0 | 0 | 0 | 0 | 0 | 0 | 0 | 0 | 0 | 0 | 0 | 0 | 0 | 0 | 0 | 0 | 0 | 0 | 0 |
91 | Clancy, R. T. S. | California Institute of Technology, Pasadena. | 1983 | None | 1 | 0 | 1983 | 1 | 0 | 1983 | 0 | 0 | 0 | 0 | 0 | 1 | 0 | 0 | 0 | 0 | 0 | 0 | 0 | 0 | 0 | 0 | 0 | 0 | 0 | 0 | 0 | 0 | 0 | 0 | 0 | 0 | 0 | 0 | 0 | 0 | 0 | 0 | 0 | 0 | 0 | 0 | 0 | 0 | 0 |  0 | 0 | 0 | 0 | 0 | 1 | 0 | 0 | 0 | 0 | 0 | 0 | 0 | 0 | 0 | 0 | 0 | 0 | 0 | 0 | 0 | 0 | 0 | 0 | 0 | 0 | 0 | 0 | 0 | 0 | 0 | 0 | 0 | 0 | 0 | 0 | 0 | 0 | 0 |
92 | Pesnell, William Dean | UNIVERSITY OF FLORIDA. | 1983 | male | 3 | 26 | 2016 | 5 | 65 | 2017 | 0 | 0 | 2 | 0 | 0 | 1 | 1 | 2 | 2 | 3 | 0 | 2 | 1 | 0 | 0 | 1 | 1 | 0 | 0 | 0 | 0 | 1 | 2 | 2 | 0 | 1 | 1 | 0 | 0 | 0 | 1 | 0 | 0 | 0 | 2 | 0 | 2 | 0 | 1 |  0 | 0 | 2 | 1 | 0 | 2 | 4 | 3 | 3 | 4 | 0 | 3 | 2 | 0 | 2 | 3 | 2 | 1 | 0 | 1 | 3 | 1 | 2 | 3 | 1 | 1 | 2 | 1 | 1 | 0 | 2 | 1 | 0 | 1 | 5 | 1 | 7 | 2 | 2 |
93 | Roberts, Dana Leigh | MASSACHUSETTS INSTITUTE OF TECHNOLOGY. | 1983 | female | 1 | 3 | 1989 | 2 | 20 | 2015 | 0 | 0 | 0 | 0 | 0 | 1 | 1 | 1 | 0 | 0 | 0 | 1 | 0 | 0 | 0 | 0 | 0 | 0 | 0 | 0 | 0 | 0 | 0 | 0 | 0 | 0 | 0 | 0 | 0 | 0 | 0 | 0 | 0 | 0 | 0 | 0 | 0 | 0 | 0 |  1 | 0 | 0 | 0 | 0 | 1 | 2 | 2 | 1 | 0 | 0 | 2 | 0 | 0 | 0 | 1 | 0 | 3 | 1 | 0 | 0 | 1 | 0 | 0 | 0 | 0 | 0 | 1 | 2 | 0 | 2 | 0 | 0 | 1 | 0 | 0 | 0 | 1 | 0 |
94 | Yatteau, John H. | HARVARD UNIVERSITY. | 1983 | male | 2 | 1 | 1990 | 2 | 4 | 1990 | 0 | 0 | 0 | 0 | 0 | 2 | 0 | 0 | 0 | 0 | 0 | 0 | 1 | 0 | 0 | 0 | 0 | 0 | 0 | 0 | 0 | 0 | 0 | 0 | 0 | 0 | 0 | 0 | 0 | 0 | 0 | 0 | 0 | 0 | 0 | 0 | 0 | 0 | 0 |  0 | 0 | 0 | 0 | 0 | 2 | 0 | 0 | 0 | 0 | 0 | 0 | 4 | 0 | 0 | 0 | 0 | 0 | 0 | 0 | 0 | 0 | 0 | 0 | 0 | 0 | 0 | 0 | 0 | 0 | 0 | 0 | 0 | 0 | 0 | 0 | 0 | 0 | 0 |
95 | Marshall, Herman Lee | HARVARD UNIVERSITY. | 1983 | male | 5 | 26 | 2013 | 10 | 120 | 2017 | 0 | 1 | 0 | 0 | 1 | 3 | 2 | 2 | 0 | 2 | 1 | 0 | 0 | 0 | 0 | 1 | 0 | 1 | 1 | 1 | 0 | 0 | 1 | 4 | 4 | 1 | 0 | 1 | 0 | 0 | 1 | 0 | 1 | 1 | 0 | 1 | 0 | 0 | 0 |  2 | 3 | 1 | 0 | 1 | 3 | 3 | 2 | 0 | 2 | 2 | 0 | 0 | 0 | 0 | 1 | 2 | 1 | 4 | 3 | 1 | 3 | 8 | 10 | 13 | 11 | 3 | 11 | 4 | 4 | 2 | 3 | 4 | 7 | 5 | 3 | 1 | 2 | 3 |
96 | Nations, Harold Lee | THE PENNSYLVANIA STATE UNIVERSITY. | 1983 | male | 3 | 2 | 1986 | 8 | 16 | 2004 | 0 | 0 | 1 | 1 | 0 | 1 | 0 | 0 | 2 | 0 | 0 | 0 | 0 | 0 | 0 | 0 | 0 | 0 | 0 | 0 | 0 | 0 | 0 | 0 | 0 | 0 | 0 | 0 | 0 | 0 | 0 | 0 | 0 | 0 | 0 | 0 | 0 | 0 | 0 |  0 | 0 | 2 | 3 | 0 | 3 | 3 | 1 | 4 | 0 | 0 | 0 | 2 | 1 | 0 | 2 | 1 | 0 | 0 | 0 | 0 | 1 | 0 | 0 | 0 | 0 | 1 | 0 | 0 | 0 | 0 | 0 | 0 | 0 | 0 | 0 | 0 | 0 | 0 |
97 | Odegard, Nils Peter | THE UNIVERSITY OF WISCONSIN - MADISON. | 1983 | male | 2 | 5 | 2016 | 2 | 41 | 2016 | 0 | 0 | 0 | 0 | 1 | 1 | 0 | 1 | 2 | 0 | 0 | 0 | 0 | 0 | 0 | 0 | 0 | 0 | 0 | 0 | 0 | 0 | 0 | 0 | 0 | 0 | 0 | 0 | 0 | 1 | 0 | 0 | 0 | 0 | 0 | 0 | 0 | 0 | 1 |  0 | 0 | 0 | 0 | 1 | 1 | 0 | 1 | 2 | 0 | 0 | 0 | 1 | 1 | 0 | 0 | 3 | 1 | 0 | 2 | 5 | 0 | 0 | 0 | 0 | 3 | 0 | 0 | 0 | 6 | 0 | 6 | 0 | 6 | 0 | 2 | 1 | 0 | 1 |
98 | Takahashi, Takamasa | UNIVERSITY OF CALIFORNIA, BERKELEY. | 1983 | male | 2 | 16 | 2017 | 28 | 294 | 2017 | 0 | 0 | 0 | 0 | 0 | 2 | 0 | 2 | 1 | 0 | 0 | 0 | 0 | 0 | 1 | 1 | 0 | 0 | 2 | 0 | 2 | 1 | 1 | 1 | 0 | 0 | 0 | 0 | 0 | 0 | 0 | 0 | 2 | 1 | 0 | 0 | 0 | 0 | 0 |  0 | 12 | 1 | 6 | 0 | 9 | 3 | 9 | 1 | 8 | 0 | 2 | 4 | 10 | 4 | 8 | 2 | 9 | 10 | 11 | 13 | 14 | 10 | 4 | 3 | 3 | 3 | 10 | 10 | 9 | 9 | 26 | 39 | 20 | 10 | 10 | 4 | 8 | 4 |
99 | Vrtilek, Jan Mojmir | HARVARD UNIVERSITY. | 1983 | male | 1 | 9 | 1995 | 1 | 51 | 2015 | 0 | 0 | 0 | 0 | 0 | 1 | 0 | 3 | 0 | 2 | 0 | 0 | 1 | 0 | 2 | 0 | 0 | 1 | 0 | 0 | 0 | 0 | 0 | 0 | 0 | 0 | 0 | 0 | 0 | 0 | 0 | 0 | 0 | 0 | 0 | 0 | 0 | 0 | 0 |  0 | 0 | 0 | 0 | 0 | 1 | 1 | 5 | 1 | 2 | 0 | 2 | 3 | 4 | 2 | 1 | 1 | 1 | 1 | 0 | 0 | 0 | 2 | 0 | 0 | 2 | 1 | 2 | 0 | 1 | 2 | 2 | 4 | 4 | 1 | 0 | 4 | 2 | 0 |
100 | Wandel, Amri Shraga | STATE UNIVERSITY OF NEW YORK AT STONY BROOK. | 1983 | male | 2 | 34 | 2015 | 2 | 50 | 2017 | 0 | 1 | 0 | 0 | 0 | 1 | 2 | 4 | 1 | 2 | 3 | 1 | 1 | 5 | 0 | 0 | 1 | 0 | 0 | 3 | 1 | 6 | 1 | 0 | 1 | 0 | 1 | 0 | 0 | 0 | 0 | 0 | 0 | 0 | 0 | 0 | 0 | 1 | 0 |  0 | 1 | 0 | 0 | 0 | 1 | 2 | 5 | 1 | 3 | 4 | 2 | 1 | 7 | 0 | 0 | 1 | 1 | 0 | 3 | 1 | 7 | 3 | 1 | 1 | 0 | 4 | 0 | 0 | 1 | 0 | 0 | 0 | 0 | 0 | 0 | 0 | 1 | 0 |
101 | Yeh, Eueng-Nan | THE UNIVERSITY OF UTAH. | 1983 | female | 1 | 0 | 1983 | 1 | 0 | 1983 | 0 | 0 | 0 | 0 | 0 | 1 | 0 | 0 | 0 | 0 | 0 | 0 | 0 | 0 | 0 | 0 | 0 | 0 | 0 | 0 | 0 | 0 | 0 | 0 | 0 | 0 | 0 | 0 | 0 | 0 | 0 | 0 | 0 | 0 | 0 | 0 | 0 | 0 | 0 |  0 | 0 | 0 | 0 | 0 | 1 | 0 | 0 | 0 | 0 | 0 | 0 | 0 | 0 | 0 | 0 | 0 | 0 | 0 | 0 | 0 | 0 | 0 | 0 | 0 | 0 | 0 | 0 | 0 | 0 | 0 | 0 | 0 | 0 | 0 | 0 | 0 | 0 | 0 |
102 | Barnes, J. R. | Washington Univ., Seattle. | 1983 | None | 5 | 41 | 2017 | 7 | 120 | 2017 | 0 | 0 | 1 | 1 | 0 | 3 | 3 | 1 | 0 | 2 | 0 | 0 | 2 | 3 | 0 | 1 | 0 | 0 | 3 | 1 | 1 | 0 | 1 | 4 | 1 | 0 | 4 | 3 | 1 | 2 | 1 | 0 | 1 | 1 | 1 | 0 | 1 | 1 | 1 |  0 | 2 | 1 | 1 | 0 | 3 | 3 | 2 | 1 | 2 | 0 | 0 | 2 | 3 | 0 | 2 | 1 | 0 | 6 | 7 | 1 | 2 | 4 | 5 | 4 | 1 | 4 | 7 | 7 | 4 | 8 | 3 | 4 | 2 | 7 | 6 | 10 | 5 | 4 |
103 | Cheng, Edward Sekong | PRINCETON UNIVERSITY. | 1983 | male | 2 | 4 | 1997 | 4 | 77 | 2014 | 0 | 1 | 0 | 0 | 0 | 1 | 0 | 0 | 0 | 0 | 0 | 0 | 0 | 0 | 0 | 0 | 2 | 0 | 1 | 1 | 0 | 0 | 0 | 0 | 0 | 0 | 0 | 0 | 0 | 0 | 0 | 0 | 0 | 0 | 0 | 0 | 0 | 0 | 0 |  0 | 1 | 0 | 1 | 0 | 2 | 0 | 0 | 0 | 0 | 0 | 0 | 4 | 5 | 9 | 4 | 9 | 5 | 3 | 5 | 0 | 1 | 1 | 2 | 0 | 6 | 6 | 9 | 4 | 1 | 0 | 0 | 0 | 0 | 1 | 1 | 1 | 0 | 0 |
104 | Davis, Roger Eugene | NEW MEXICO STATE UNIVERSITY. | 1983 | male | 3 | 3 | 1991 | 6 | 30 | 2015 | 0 | 0 | 0 | 0 | 0 | 3 | 0 | 0 | 0 | 0 | 0 | 0 | 2 | 1 | 0 | 0 | 0 | 0 | 0 | 0 | 0 | 0 | 0 | 0 | 0 | 0 | 0 | 0 | 0 | 0 | 0 | 0 | 0 | 0 | 0 | 0 | 0 | 0 | 0 |  0 | 1 | 1 | 1 | 0 | 3 | 0 | 1 | 0 | 0 | 0 | 0 | 3 | 4 | 1 | 1 | 2 | 2 | 0 | 1 | 0 | 4 | 0 | 0 | 1 | 0 | 0 | 0 | 0 | 0 | 0 | 6 | 1 | 0 | 0 | 2 | 0 | 1 | 0 |
105 | Ferguson, Donald Harold | THE UNIVERSITY OF ARIZONA. | 1983 | male | 2 | 6 | 1999 | 6 | 15 | 2013 | 0 | 0 | 0 | 1 | 0 | 1 | 1 | 0 | 0 | 1 | 0 | 0 | 0 | 0 | 0 | 0 | 1 | 0 | 0 | 2 | 0 | 1 | 0 | 0 | 0 | 0 | 0 | 0 | 0 | 0 | 0 | 0 | 0 | 0 | 0 | 0 | 0 | 0 | 0 |  0 | 0 | 0 | 1 | 3 | 2 | 2 | 0 | 0 | 1 | 0 | 0 | 0 | 0 | 0 | 0 | 1 | 1 | 0 | 7 | 0 | 2 | 0 | 0 | 0 | 0 | 0 | 0 | 0 | 0 | 0 | 0 | 0 | 0 | 0 | 1 | 0 | 0 | 0 |
106 | Goodman, John Jeremy | PRINCETON UNIVERSITY. | 1983 | male | 4 | 21 | 2016 | 4 | 42 | 2016 | 0 | 0 | 0 | 1 | 0 | 3 | 3 | 1 | 1 | 2 | 1 | 1 | 1 | 0 | 0 | 0 | 0 | 0 | 0 | 1 | 1 | 0 | 1 | 1 | 0 | 0 | 1 | 0 | 1 | 0 | 2 | 2 | 0 | 0 | 0 | 0 | 0 | 0 | 1 |  0 | 0 | 0 | 1 | 0 | 3 | 3 | 1 | 2 | 4 | 1 | 2 | 6 | 1 | 0 | 0 | 0 | 1 | 0 | 1 | 2 | 0 | 1 | 2 | 0 | 1 | 1 | 0 | 1 | 0 | 3 | 3 | 3 | 1 | 1 | 0 | 0 | 0 | 1 |
107 | Henry, Richard Conner | THE UNIVERSITY OF MICHIGAN. | 1983 | male | 9 | 7 | 2003 | 21 | 49 | 2010 | 2 | 0 | 1 | 3 | 2 | 1 | 0 | 0 | 2 | 0 | 0 | 0 | 0 | 1 | 0 | 1 | 0 | 1 | 0 | 0 | 0 | 1 | 0 | 0 | 0 | 1 | 0 | 0 | 0 | 0 | 0 | 0 | 0 | 0 | 0 | 0 | 0 | 0 | 0 |  7 | 3 | 1 | 4 | 5 | 1 | 3 | 0 | 6 | 3 | 1 | 2 | 2 | 9 | 4 | 5 | 1 | 2 | 1 | 1 | 0 | 2 | 1 | 2 | 0 | 1 | 1 | 1 | 0 | 0 | 0 | 0 | 1 | 0 | 0 | 0 | 0 | 0 | 0 |
108 | Jewitt, David Clifford | CALIFORNIA INSTITUTE OF TECHNOLOGY. | 1983 | male | 7 | 78 | 2017 | 9 | 178 | 2017 | 0 | 1 | 0 | 2 | 1 | 3 | 4 | 1 | 2 | 2 | 2 | 1 | 3 | 0 | 1 | 1 | 2 | 2 | 4 | 3 | 3 | 2 | 3 | 2 | 2 | 2 | 4 | 2 | 2 | 3 | 1 | 3 | 2 | 2 | 2 | 4 | 2 | 6 | 2 |  0 | 1 | 0 | 4 | 1 | 3 | 4 | 2 | 3 | 4 | 3 | 2 | 6 | 0 | 3 | 2 | 6 | 5 | 9 | 6 | 11 | 3 | 7 | 5 | 6 | 5 | 8 | 5 | 6 | 7 | 7 | 9 | 5 | 7 | 5 | 6 | 3 | 11 | 3 |
109 | Krombel, Keith E. | CALIFORNIA INSTITUTE OF TECHNOLOGY. | 1983 | male | 1 | 3 | 1988 | 6 | 16 | 2000 | 0 | 0 | 0 | 0 | 0 | 1 | 0 | 1 | 0 | 1 | 1 | 0 | 0 | 0 | 0 | 0 | 0 | 0 | 0 | 0 | 0 | 0 | 0 | 0 | 0 | 0 | 0 | 0 | 0 | 0 | 0 | 0 | 0 | 0 | 0 | 0 | 0 | 0 | 0 |  0 | 0 | 0 | 0 | 0 | 6 | 0 | 1 | 0 | 2 | 1 | 0 | 1 | 0 | 0 | 1 | 0 | 6 | 1 | 1 | 1 | 0 | 1 | 0 | 0 | 0 | 0 | 0 | 0 | 0 | 0 | 0 | 0 | 0 | 0 | 0 | 0 | 0 | 0 |
110 | Pechenick, Kay Rhoda | UNIVERSITY OF PENNSYLVANIA. | 1983 | female | 4 | 0 | 1983 | 5 | 1 | 1986 | 0 | 0 | 0 | 2 | 0 | 2 | 0 | 0 | 0 | 0 | 0 | 0 | 0 | 0 | 0 | 0 | 0 | 0 | 0 | 0 | 0 | 0 | 0 | 0 | 0 | 0 | 0 | 0 | 0 | 0 | 0 | 0 | 0 | 0 | 0 | 0 | 0 | 0 | 0 |  0 | 0 | 0 | 2 | 1 | 2 | 0 | 0 | 1 | 0 | 0 | 0 | 0 | 0 | 0 | 0 | 0 | 0 | 0 | 0 | 0 | 0 | 0 | 0 | 0 | 0 | 0 | 0 | 0 | 0 | 0 | 0 | 0 | 0 | 0 | 0 | 0 | 0 | 0 |
111 | Rodriguez, J. M. | Harvard University, Cambridge, MA. | 1983 | None | 1 | 23 | 2016 | 3 | 154 | 2017 | 0 | 0 | 0 | 0 | 0 | 1 | 1 | 0 | 0 | 0 | 0 | 0 | 0 | 0 | 0 | 0 | 0 | 0 | 0 | 0 | 0 | 0 | 0 | 1 | 2 | 3 | 2 | 1 | 2 | 0 | 3 | 2 | 1 | 2 | 0 | 0 | 1 | 1 | 1 |  0 | 0 | 0 | 0 | 2 | 1 | 1 | 0 | 0 | 0 | 0 | 4 | 0 | 1 | 0 | 0 | 3 | 3 | 2 | 0 | 0 | 3 | 1 | 2 | 4 | 11 | 7 | 12 | 10 | 9 | 9 | 7 | 9 | 13 | 12 | 6 | 5 | 6 | 12 |
112 | Spalding, John David | CALIFORNIA INSTITUTE OF TECHNOLOGY. | 1983 | male | 1 | 0 | 1983 | 14 | 2 | 1984 | 0 | 0 | 0 | 0 | 0 | 1 | 0 | 0 | 0 | 0 | 0 | 0 | 0 | 0 | 0 | 0 | 0 | 0 | 0 | 0 | 0 | 0 | 0 | 0 | 0 | 0 | 0 | 0 | 0 | 0 | 0 | 0 | 0 | 0 | 0 | 0 | 0 | 0 | 0 |  0 | 4 | 3 | 5 | 0 | 2 | 2 | 0 | 0 | 0 | 0 | 0 | 0 | 0 | 0 | 0 | 0 | 0 | 0 | 0 | 0 | 0 | 0 | 0 | 0 | 0 | 0 | 0 | 0 | 0 | 0 | 0 | 0 | 0 | 0 | 0 | 0 | 0 | 0 |
113 | Baker, C. B. | Michigan Univ., Ann Arbor. | 1983 | None | 1 | 0 | 1983 | 1 | 2 | 2001 | 0 | 0 | 0 | 0 | 0 | 1 | 0 | 0 | 0 | 0 | 0 | 0 | 0 | 0 | 0 | 0 | 0 | 0 | 0 | 0 | 0 | 0 | 0 | 0 | 0 | 0 | 0 | 0 | 0 | 0 | 0 | 0 | 0 | 0 | 0 | 0 | 0 | 0 | 0 |  0 | 0 | 0 | 0 | 0 | 1 | 0 | 0 | 0 | 0 | 0 | 0 | 0 | 0 | 0 | 0 | 0 | 0 | 0 | 0 | 0 | 0 | 1 | 1 | 0 | 0 | 0 | 0 | 0 | 0 | 0 | 0 | 0 | 0 | 0 | 0 | 0 | 0 | 0 |
114 | Pechmann, Judith Burt | CALIFORNIA INSTITUTE OF TECHNOLOGY. | 1983 | female | 3 | 1 | 1984 | 4 | 1 | 1984 | 0 | 2 | 0 | 0 | 0 | 1 | 1 | 0 | 0 | 0 | 0 | 0 | 0 | 0 | 0 | 0 | 0 | 0 | 0 | 0 | 0 | 0 | 0 | 0 | 0 | 0 | 0 | 0 | 0 | 0 | 0 | 0 | 0 | 0 | 0 | 0 | 0 | 0 | 0 |  0 | 2 | 1 | 0 | 0 | 1 | 1 | 0 | 0 | 0 | 0 | 0 | 0 | 0 | 0 | 0 | 0 | 0 | 0 | 0 | 0 | 0 | 0 | 0 | 0 | 0 | 0 | 0 | 0 | 0 | 0 | 0 | 0 | 0 | 0 | 0 | 0 | 0 | 0 |
115 | Armstrong, John Thomas | MASSACHUSETTS INSTITUTE OF TECHNOLOGY. | 1983 | male | 4 | 14 | 2013 | 6 | 76 | 2014 | 0 | 0 | 2 | 0 | 1 | 1 | 1 | 4 | 0 | 1 | 0 | 2 | 0 | 0 | 1 | 0 | 0 | 1 | 0 | 0 | 1 | 0 | 0 | 1 | 0 | 0 | 0 | 0 | 1 | 0 | 0 | 0 | 0 | 0 | 0 | 1 | 0 | 0 | 0 |  0 | 0 | 2 | 0 | 1 | 3 | 4 | 8 | 0 | 4 | 0 | 6 | 0 | 1 | 4 | 4 | 6 | 3 | 1 | 2 | 3 | 1 | 2 | 2 | 1 | 5 | 1 | 1 | 4 | 4 | 1 | 1 | 0 | 0 | 2 | 3 | 2 | 0 | 0 |
116 | Ferguson, J. R., Jr. | Texas Univ., Austin. | 1983 | None | 0 | 0 | 1983 | 0 | 0 | 1983 | 0 | 0 | 0 | 0 | 0 | 0 | 0 | 0 | 0 | 0 | 0 | 0 | 0 | 0 | 0 | 0 | 0 | 0 | 0 | 0 | 0 | 0 | 0 | 0 | 0 | 0 | 0 | 0 | 0 | 0 | 0 | 0 | 0 | 0 | 0 | 0 | 0 | 0 | 0 |  0 | 0 | 0 | 0 | 0 | 0 | 0 | 0 | 0 | 0 | 0 | 0 | 0 | 0 | 0 | 0 | 0 | 0 | 0 | 0 | 0 | 0 | 0 | 0 | 0 | 0 | 0 | 0 | 0 | 0 | 0 | 0 | 0 | 0 | 0 | 0 | 0 | 0 | 0 |
117 | Lewis, David Wayne | THE UNIVERSITY OF MICHIGAN. | 1983 | male | 3 | 1 | 1993 | 5 | 4 | 2007 | 0 | 1 | 0 | 1 | 0 | 1 | 0 | 0 | 0 | 0 | 0 | 0 | 0 | 0 | 0 | 1 | 0 | 0 | 0 | 0 | 0 | 0 | 0 | 0 | 0 | 0 | 0 | 0 | 0 | 0 | 0 | 0 | 0 | 0 | 0 | 0 | 0 | 0 | 0 |  1 | 2 | 0 | 1 | 0 | 1 | 0 | 0 | 0 | 1 | 0 | 0 | 0 | 0 | 0 | 1 | 0 | 0 | 0 | 0 | 0 | 0 | 0 | 0 | 0 | 1 | 0 | 0 | 0 | 1 | 0 | 0 | 0 | 0 | 0 | 0 | 0 | 0 | 0 |
118 | Malkan, Matthew Arnold | CALIFORNIA INSTITUTE OF TECHNOLOGY. | 1983 | male | 8 | 15 | 2004 | 15 | 282 | 2017 | 0 | 0 | 1 | 0 | 2 | 5 | 3 | 0 | 2 | 1 | 1 | 0 | 0 | 0 | 0 | 0 | 0 | 1 | 1 | 0 | 2 | 0 | 0 | 1 | 1 | 1 | 1 | 0 | 0 | 0 | 0 | 0 | 0 | 0 | 0 | 0 | 0 | 0 | 0 |  2 | 1 | 3 | 1 | 3 | 5 | 3 | 0 | 6 | 4 | 6 | 5 | 1 | 4 | 7 | 5 | 3 | 11 | 11 | 9 | 9 | 13 | 9 | 3 | 6 | 3 | 6 | 4 | 10 | 6 | 9 | 8 | 11 | 12 | 18 | 17 | 11 | 17 | 21 |
119 | Hutter, Donald John | INDIANA UNIVERSITY. | 1983 | male | 2 | 4 | 2016 | 4 | 42 | 2016 | 0 | 0 | 0 | 1 | 0 | 1 | 0 | 0 | 1 | 0 | 0 | 1 | 0 | 0 | 0 | 0 | 0 | 0 | 0 | 1 | 0 | 0 | 0 | 0 | 0 | 0 | 0 | 0 | 0 | 0 | 0 | 0 | 0 | 0 | 0 | 0 | 0 | 0 | 1 |  0 | 0 | 0 | 3 | 0 | 1 | 1 | 0 | 1 | 1 | 3 | 2 | 2 | 2 | 0 | 0 | 1 | 1 | 1 | 2 | 3 | 1 | 0 | 0 | 0 | 3 | 2 | 1 | 3 | 1 | 3 | 1 | 2 | 1 | 0 | 1 | 0 | 1 | 2 |
120 | Kimble, Randy Alan | UNIVERSITY OF CALIFORNIA, BERKELEY. | 1983 | male | 3 | 5 | 1998 | 13 | 99 | 2013 | 0 | 0 | 0 | 2 | 0 | 1 | 0 | 0 | 0 | 0 | 0 | 1 | 0 | 0 | 0 | 3 | 0 | 0 | 0 | 0 | 1 | 0 | 0 | 0 | 0 | 0 | 0 | 0 | 0 | 0 | 0 | 0 | 0 | 0 | 0 | 0 | 0 | 0 | 0 |  0 | 0 | 0 | 4 | 3 | 6 | 2 | 0 | 0 | 0 | 0 | 1 | 0 | 6 | 4 | 4 | 0 | 0 | 1 | 1 | 8 | 1 | 6 | 3 | 2 | 14 | 7 | 8 | 8 | 0 | 1 | 3 | 5 | 9 | 3 | 2 | 0 | 0 | 0 |
121 | Laviolette, Paul Alex | PORTLAND STATE UNIVERSITY. | 1983 | male | 2 | 5 | 1987 | 2 | 9 | 2015 | 0 | 0 | 0 | 0 | 0 | 2 | 0 | 2 | 1 | 2 | 0 | 0 | 0 | 0 | 0 | 0 | 0 | 0 | 0 | 0 | 0 | 0 | 0 | 0 | 0 | 0 | 0 | 0 | 0 | 0 | 0 | 0 | 0 | 0 | 0 | 0 | 0 | 0 | 0 |  0 | 0 | 0 | 0 | 0 | 2 | 0 | 3 | 1 | 2 | 0 | 0 | 0 | 0 | 0 | 0 | 0 | 0 | 0 | 0 | 0 | 0 | 0 | 0 | 0 | 0 | 0 | 2 | 0 | 0 | 0 | 0 | 0 | 0 | 0 | 0 | 0 | 1 | 0 |
122 | Postawko, S. E. | Michigan Univ., Ann Arbor. | 1983 | None | 1 | 2 | 1986 | 2 | 2 | 1986 | 0 | 0 | 0 | 0 | 0 | 1 | 0 | 0 | 2 | 0 | 0 | 0 | 0 | 0 | 0 | 0 | 0 | 0 | 0 | 0 | 0 | 0 | 0 | 0 | 0 | 0 | 0 | 0 | 0 | 0 | 0 | 0 | 0 | 0 | 0 | 0 | 0 | 0 | 0 |  0 | 1 | 0 | 0 | 0 | 1 | 0 | 0 | 2 | 0 | 0 | 0 | 0 | 0 | 0 | 0 | 0 | 0 | 0 | 0 | 0 | 0 | 0 | 0 | 0 | 0 | 0 | 0 | 0 | 0 | 0 | 0 | 0 | 0 | 0 | 0 | 0 | 0 | 0 |
123 | Stoker, Carol R. | UNIVERSITY OF COLORADO AT BOULDER. | 1983 | female | 2 | 14 | 2011 | 3 | 57 | 2016 | 0 | 0 | 0 | 0 | 0 | 2 | 0 | 1 | 1 | 0 | 0 | 1 | 1 | 0 | 1 | 0 | 0 | 0 | 0 | 1 | 1 | 1 | 0 | 2 | 1 | 0 | 0 | 0 | 0 | 0 | 1 | 0 | 1 | 1 | 0 | 0 | 0 | 0 | 0 |  0 | 0 | 0 | 0 | 1 | 2 | 0 | 1 | 3 | 0 | 0 | 3 | 4 | 2 | 1 | 0 | 1 | 1 | 0 | 2 | 1 | 2 | 1 | 6 | 1 | 1 | 0 | 1 | 0 | 0 | 9 | 0 | 2 | 6 | 0 | 4 | 1 | 3 | 1 |
124 | Tanaka, K. L. | California Univ., Santa Barbara. | 1983 | None | 3 | 34 | 2014 | 22 | 247 | 2017 | 0 | 0 | 0 | 0 | 1 | 2 | 2 | 2 | 4 | 1 | 2 | 1 | 2 | 1 | 1 | 0 | 0 | 1 | 0 | 1 | 1 | 1 | 1 | 2 | 1 | 3 | 0 | 1 | 0 | 0 | 2 | 2 | 0 | 1 | 0 | 0 | 1 | 0 | 0 |  0 | 3 | 1 | 4 | 4 | 10 | 5 | 3 | 5 | 4 | 2 | 2 | 14 | 4 | 3 | 1 | 2 | 7 | 4 | 10 | 3 | 5 | 7 | 19 | 7 | 24 | 5 | 15 | 10 | 9 | 19 | 6 | 3 | 9 | 9 | 8 | 9 | 7 | 2 |
125 | Wang, Chao-Yea R. | CITY UNIVERSITY OF NEW YORK. | 1983 | male | 3 | 32 | 2016 | 5 | 161 | 2017 | 1 | 1 | 0 | 0 | 0 | 1 | 0 | 0 | 0 | 0 | 0 | 0 | 0 | 0 | 0 | 0 | 0 | 0 | 0 | 0 | 0 | 0 | 2 | 3 | 1 | 2 | 1 | 2 | 1 | 1 | 1 | 3 | 2 | 1 | 3 | 3 | 4 | 1 | 1 |  1 | 1 | 0 | 1 | 1 | 1 | 0 | 0 | 0 | 0 | 0 | 0 | 0 | 0 | 1 | 2 | 0 | 0 | 0 | 1 | 3 | 1 | 3 | 4 | 4 | 9 | 4 | 9 | 6 | 6 | 14 | 11 | 11 | 11 | 9 | 12 | 11 | 12 | 12 |
126 | Narayana, Koduvayur Ganapathy Iyer | BOSTON COLLEGE. | 1983 | None | 1 | 0 | 1983 | 1 | 0 | 1983 | 0 | 0 | 0 | 0 | 0 | 1 | 0 | 0 | 0 | 0 | 0 | 0 | 0 | 0 | 0 | 0 | 0 | 0 | 0 | 0 | 0 | 0 | 0 | 0 | 0 | 0 | 0 | 0 | 0 | 0 | 0 | 0 | 0 | 0 | 0 | 0 | 0 | 0 | 0 |  0 | 0 | 0 | 0 | 0 | 1 | 0 | 0 | 0 | 0 | 0 | 0 | 0 | 0 | 0 | 0 | 0 | 0 | 0 | 0 | 0 | 0 | 0 | 0 | 0 | 0 | 0 | 0 | 0 | 0 | 0 | 0 | 0 | 0 | 0 | 0 | 0 | 0 | 0 |
127 | Oliversen, Ronald James | THE UNIVERSITY OF WISCONSIN - MADISON. | 1983 | male | 1 | 4 | 2002 | 1 | 44 | 2017 | 0 | 0 | 0 | 0 | 0 | 1 | 0 | 1 | 0 | 0 | 0 | 0 | 0 | 1 | 0 | 0 | 0 | 0 | 0 | 0 | 0 | 0 | 0 | 1 | 1 | 0 | 0 | 0 | 0 | 0 | 0 | 0 | 0 | 0 | 0 | 0 | 0 | 0 | 0 |  0 | 0 | 0 | 0 | 0 | 1 | 1 | 2 | 1 | 1 | 2 | 2 | 1 | 4 | 3 | 1 | 5 | 4 | 2 | 0 | 0 | 1 | 1 | 2 | 5 | 0 | 0 | 0 | 1 | 0 | 0 | 0 | 0 | 0 | 1 | 0 | 1 | 2 | 0 |
128 | Smith, Verne V. | UNIVERSITY OF WASHINGTON. | 1983 | male | 3 | 38 | 2013 | 4 | 186 | 2017 | 0 | 0 | 1 | 0 | 0 | 2 | 3 | 1 | 2 | 4 | 1 | 2 | 2 | 0 | 0 | 3 | 2 | 2 | 1 | 2 | 1 | 1 | 1 | 4 | 2 | 1 | 1 | 1 | 0 | 0 | 0 | 0 | 0 | 0 | 0 | 1 | 0 | 0 | 0 |  1 | 0 | 1 | 0 | 0 | 2 | 5 | 4 | 2 | 6 | 2 | 2 | 4 | 3 | 4 | 8 | 5 | 8 | 3 | 5 | 4 | 5 | 3 | 8 | 6 | 4 | 5 | 7 | 5 | 9 | 6 | 1 | 9 | 6 | 5 | 10 | 9 | 13 | 6 |
129 | Brown, D. A. | Northwestern Univ., Evanston, IL. | 1983 | None | 1 | 29 | 2017 | 2 | 261 | 2017 | 0 | 0 | 0 | 0 | 0 | 1 | 0 | 0 | 0 | 0 | 0 | 0 | 0 | 0 | 1 | 1 | 0 | 0 | 1 | 1 | 0 | 1 | 0 | 0 | 0 | 1 | 3 | 2 | 3 | 3 | 1 | 1 | 1 | 1 | 4 | 2 | 1 | 0 | 0 |  0 | 0 | 0 | 0 | 0 | 2 | 0 | 0 | 0 | 0 | 1 | 0 | 0 | 0 | 1 | 1 | 0 | 0 | 2 | 1 | 2 | 1 | 0 | 0 | 0 | 3 | 10 | 12 | 6 | 14 | 20 | 22 | 12 | 15 | 25 | 18 | 24 | 13 | 43 |
130 | van Buren, Dave | UNIVERSITY OF CALIFORNIA, BERKELEY. | 1983 | male | 3 | 17 | 1998 | 4 | 47 | 2001 | 0 | 0 | 1 | 1 | 0 | 1 | 0 | 2 | 5 | 1 | 1 | 2 | 1 | 0 | 1 | 0 | 2 | 1 | 0 | 0 | 1 | 0 | 0 | 0 | 0 | 0 | 0 | 0 | 0 | 0 | 0 | 0 | 0 | 0 | 0 | 0 | 0 | 0 | 0 |  0 | 0 | 1 | 1 | 0 | 2 | 1 | 2 | 6 | 1 | 2 | 2 | 1 | 1 | 1 | 1 | 4 | 3 | 5 | 5 | 4 | 3 | 3 | 2 | 0 | 0 | 0 | 0 | 0 | 0 | 0 | 0 | 0 | 0 | 0 | 0 | 0 | 0 | 0 |
131 | Hoffer, James Brian | MICHIGAN STATE UNIVERSITY. | 1983 | male | 2 | 2 | 1986 | 2 | 2 | 1986 | 0 | 0 | 0 | 0 | 0 | 2 | 0 | 1 | 1 | 0 | 0 | 0 | 0 | 0 | 0 | 0 | 0 | 0 | 0 | 0 | 0 | 0 | 0 | 0 | 0 | 0 | 0 | 0 | 0 | 0 | 0 | 0 | 0 | 0 | 0 | 0 | 0 | 0 | 0 |  0 | 0 | 0 | 0 | 0 | 2 | 0 | 1 | 1 | 0 | 0 | 0 | 0 | 0 | 0 | 0 | 0 | 0 | 0 | 0 | 0 | 0 | 0 | 0 | 0 | 0 | 0 | 0 | 0 | 0 | 0 | 0 | 0 | 0 | 0 | 0 | 0 | 0 | 0 |
132 | Lauer, Tod Richard | UNIVERSITY OF CALIFORNIA, SANTA CRUZ. | 1983 | male | 1 | 31 | 2014 | 3 | 146 | 2017 | 0 | 0 | 0 | 0 | 0 | 1 | 0 | 3 | 2 | 0 | 1 | 1 | 0 | 2 | 3 | 1 | 1 | 1 | 1 | 0 | 2 | 2 | 0 | 0 | 1 | 0 | 1 | 2 | 0 | 3 | 0 | 1 | 0 | 0 | 2 | 0 | 1 | 0 | 0 |  0 | 1 | 0 | 0 | 1 | 1 | 0 | 3 | 2 | 0 | 3 | 2 | 0 | 6 | 6 | 2 | 3 | 4 | 11 | 5 | 6 | 3 | 3 | 5 | 3 | 5 | 6 | 3 | 1 | 5 | 0 | 10 | 2 | 9 | 10 | 1 | 5 | 4 | 10 |
133 | Paonessa, Mark Thomas | UNIVERSITY OF KANSAS. | 1983 | male | 1 | 4 | 1987 | 4 | 6 | 1987 | 0 | 0 | 0 | 0 | 0 | 1 | 0 | 2 | 1 | 1 | 0 | 0 | 0 | 0 | 0 | 0 | 0 | 0 | 0 | 0 | 0 | 0 | 0 | 0 | 0 | 0 | 0 | 0 | 0 | 0 | 0 | 0 | 0 | 0 | 0 | 0 | 0 | 0 | 0 |  0 | 0 | 0 | 1 | 0 | 3 | 1 | 2 | 1 | 2 | 0 | 0 | 0 | 0 | 0 | 0 | 0 | 0 | 0 | 0 | 0 | 0 | 0 | 0 | 0 | 0 | 0 | 0 | 0 | 0 | 0 | 0 | 0 | 0 | 0 | 0 | 0 | 0 | 0 |
134 | Berriman, Graham | CALIFORNIA INSTITUTE OF TECHNOLOGY. | 1983 | male | 3 | 16 | 2017 | 6 | 43 | 2017 | 0 | 0 | 0 | 0 | 0 | 3 | 2 | 1 | 2 | 4 | 1 | 1 | 2 | 0 | 1 | 0 | 1 | 0 | 0 | 0 | 0 | 0 | 0 | 0 | 0 | 0 | 0 | 0 | 0 | 0 | 0 | 0 | 0 | 0 | 0 | 0 | 0 | 0 | 0 |  0 | 0 | 1 | 0 | 2 | 3 | 2 | 1 | 3 | 7 | 4 | 3 | 2 | 0 | 2 | 0 | 4 | 1 | 2 | 0 | 0 | 0 | 0 | 0 | 0 | 0 | 1 | 0 | 0 | 0 | 1 | 2 | 1 | 1 | 0 | 2 | 0 | 3 | 0 |
135 | Cady, Donald Robert | THE UNIVERSITY OF UTAH. | 1983 | male | 1 | 0 | 1983 | 1 | 14 | 1999 | 0 | 0 | 0 | 0 | 0 | 1 | 0 | 0 | 0 | 0 | 0 | 0 | 0 | 0 | 0 | 0 | 0 | 0 | 0 | 0 | 0 | 0 | 0 | 0 | 0 | 0 | 0 | 0 | 0 | 0 | 0 | 0 | 0 | 0 | 0 | 0 | 0 | 0 | 0 |  0 | 0 | 0 | 0 | 0 | 1 | 0 | 1 | 0 | 0 | 0 | 0 | 2 | 9 | 0 | 1 | 0 | 0 | 0 | 0 | 0 | 1 | 0 | 0 | 0 | 0 | 0 | 0 | 0 | 0 | 0 | 0 | 0 | 0 | 0 | 0 | 0 | 0 | 0 |
136 | Dabrowski, J. P. | Pittsburgh Univ., PA. | 1983 | None | 2 | 1 | 1984 | 2 | 1 | 1984 | 1 | 0 | 0 | 0 | 0 | 1 | 1 | 0 | 0 | 0 | 0 | 0 | 0 | 0 | 0 | 0 | 0 | 0 | 0 | 0 | 0 | 0 | 0 | 0 | 0 | 0 | 0 | 0 | 0 | 0 | 0 | 0 | 0 | 0 | 0 | 0 | 0 | 0 | 0 |  1 | 0 | 0 | 0 | 0 | 1 | 1 | 0 | 0 | 0 | 0 | 0 | 0 | 0 | 0 | 0 | 0 | 0 | 0 | 0 | 0 | 0 | 0 | 0 | 0 | 0 | 0 | 0 | 0 | 0 | 0 | 0 | 0 | 0 | 0 | 0 | 0 | 0 | 0 |
137 | Fick, M. | California Univ., Berkeley. | 1983 | None | 1 | 0 | 1983 | 1 | 0 | 1983 | 0 | 0 | 0 | 0 | 0 | 1 | 0 | 0 | 0 | 0 | 0 | 0 | 0 | 0 | 0 | 0 | 0 | 0 | 0 | 0 | 0 | 0 | 0 | 0 | 0 | 0 | 0 | 0 | 0 | 0 | 0 | 0 | 0 | 0 | 0 | 0 | 0 | 0 | 0 |  0 | 0 | 0 | 0 | 0 | 1 | 0 | 0 | 0 | 0 | 0 | 0 | 0 | 0 | 0 | 0 | 0 | 0 | 0 | 0 | 0 | 0 | 0 | 0 | 0 | 0 | 0 | 0 | 0 | 0 | 0 | 0 | 0 | 0 | 0 | 0 | 0 | 0 | 0 |
138 | Good, John Conrad | UNIVERSITY OF MASSACHUSETTS. | 1983 | male | 4 | 1 | 1986 | 7 | 11 | 2017 | 0 | 0 | 0 | 2 | 0 | 2 | 0 | 0 | 1 | 0 | 0 | 0 | 0 | 0 | 0 | 0 | 0 | 0 | 0 | 0 | 0 | 0 | 0 | 0 | 0 | 0 | 0 | 0 | 0 | 0 | 0 | 0 | 0 | 0 | 0 | 0 | 0 | 0 | 0 |  0 | 0 | 1 | 2 | 0 | 4 | 0 | 0 | 2 | 0 | 0 | 1 | 1 | 0 | 0 | 1 | 0 | 0 | 0 | 0 | 0 | 0 | 0 | 0 | 0 | 0 | 1 | 0 | 0 | 1 | 0 | 1 | 0 | 0 | 0 | 1 | 0 | 1 | 0 |
139 | Hailey, Charles James | COLUMBIA UNIVERSITY. | 1983 | male | 3 | 11 | 2016 | 4 | 208 | 2017 | 0 | 0 | 0 | 0 | 1 | 2 | 0 | 0 | 0 | 0 | 0 | 1 | 0 | 0 | 0 | 0 | 1 | 2 | 0 | 0 | 0 | 1 | 0 | 0 | 1 | 0 | 1 | 0 | 1 | 0 | 0 | 1 | 0 | 0 | 0 | 1 | 0 | 0 | 1 |  0 | 0 | 1 | 0 | 1 | 2 | 0 | 0 | 0 | 0 | 1 | 2 | 0 | 0 | 0 | 0 | 1 | 3 | 1 | 1 | 0 | 1 | 3 | 4 | 6 | 1 | 4 | 3 | 2 | 0 | 2 | 1 | 1 | 0 | 0 | 18 | 50 | 57 | 35 |
140 | Pier, Jeffrey Ross | CALIFORNIA INSTITUTE OF TECHNOLOGY. | 1983 | male | 3 | 4 | 2003 | 4 | 87 | 2016 | 0 | 0 | 0 | 0 | 1 | 2 | 2 | 0 | 0 | 0 | 0 | 0 | 0 | 0 | 0 | 0 | 0 | 0 | 0 | 0 | 0 | 0 | 0 | 0 | 0 | 2 | 0 | 0 | 0 | 0 | 0 | 0 | 0 | 0 | 0 | 0 | 0 | 0 | 0 |  0 | 0 | 1 | 0 | 1 | 2 | 2 | 0 | 0 | 0 | 1 | 0 | 0 | 0 | 2 | 1 | 1 | 0 | 1 | 1 | 1 | 6 | 11 | 14 | 12 | 9 | 6 | 2 | 4 | 3 | 4 | 2 | 2 | 0 | 0 | 1 | 0 | 0 | 1 |
141 | Jakobsen, Peter | UNIVERSITY OF CALIFORNIA, BERKELEY. | 1983 | male | 4 | 17 | 2003 | 8 | 55 | 2016 | 0 | 0 | 1 | 1 | 1 | 1 | 1 | 0 | 3 | 1 | 1 | 0 | 0 | 1 | 2 | 2 | 2 | 0 | 0 | 1 | 2 | 0 | 0 | 0 | 0 | 1 | 0 | 0 | 0 | 0 | 0 | 0 | 0 | 0 | 0 | 0 | 0 | 0 | 0 |  0 | 0 | 3 | 2 | 1 | 2 | 1 | 0 | 3 | 2 | 3 | 1 | 1 | 9 | 6 | 7 | 6 | 1 | 0 | 3 | 2 | 0 | 1 | 2 | 1 | 1 | 0 | 1 | 1 | 1 | 0 | 1 | 0 | 0 | 0 | 0 | 0 | 0 | 1 |
142 | Krause-Polstorff, Juergen Walter | RICE UNIVERSITY. | 1983 | male | 1 | 4 | 1993 | 1 | 67 | 2016 | 0 | 0 | 0 | 0 | 0 | 1 | 0 | 2 | 0 | 0 | 0 | 0 | 1 | 0 | 0 | 1 | 0 | 0 | 0 | 0 | 0 | 0 | 0 | 0 | 0 | 0 | 0 | 0 | 0 | 0 | 0 | 0 | 0 | 0 | 0 | 0 | 0 | 0 | 0 |  0 | 0 | 0 | 0 | 0 | 1 | 1 | 3 | 1 | 0 | 1 | 0 | 1 | 0 | 0 | 1 | 0 | 1 | 0 | 0 | 0 | 0 | 0 | 0 | 0 | 0 | 0 | 0 | 0 | 0 | 0 | 0 | 2 | 10 | 14 | 4 | 16 | 8 | 4 |
143 | Lupie, Olivia Lois | THE UNIVERSITY OF WISCONSIN - MADISON. | 1983 | female | 1 | 1 | 1987 | 2 | 19 | 2014 | 0 | 0 | 0 | 0 | 0 | 1 | 0 | 0 | 0 | 1 | 0 | 0 | 0 | 0 | 0 | 0 | 0 | 0 | 0 | 0 | 0 | 0 | 0 | 0 | 0 | 0 | 0 | 0 | 0 | 0 | 0 | 0 | 0 | 0 | 0 | 0 | 0 | 0 | 0 |  1 | 0 | 0 | 0 | 0 | 1 | 0 | 1 | 0 | 1 | 0 | 0 | 1 | 0 | 1 | 0 | 1 | 1 | 1 | 4 | 2 | 3 | 0 | 2 | 0 | 0 | 0 | 0 | 0 | 0 | 0 | 0 | 0 | 0 | 0 | 0 | 1 | 0 | 0 |
144 | Malumuth, Eliot Mark | THE UNIVERSITY OF MICHIGAN. | 1983 | male | 2 | 9 | 2003 | 4 | 36 | 2011 | 0 | 0 | 0 | 1 | 0 | 1 | 1 | 1 | 1 | 0 | 0 | 0 | 0 | 0 | 2 | 0 | 1 | 0 | 2 | 0 | 0 | 0 | 0 | 0 | 0 | 1 | 0 | 0 | 0 | 0 | 0 | 0 | 0 | 0 | 0 | 0 | 0 | 0 | 0 |  0 | 0 | 1 | 1 | 0 | 2 | 1 | 1 | 2 | 0 | 0 | 0 | 0 | 0 | 3 | 0 | 2 | 2 | 2 | 0 | 4 | 2 | 4 | 5 | 0 | 2 | 1 | 2 | 0 | 0 | 0 | 1 | 1 | 1 | 0 | 0 | 0 | 0 | 0 |
145 | Perez, R. R. | State University of New York, Albany. | 1983 | None | 1 | 0 | 1983 | 1 | 8 | 2015 | 0 | 0 | 0 | 0 | 0 | 1 | 0 | 0 | 0 | 0 | 0 | 0 | 0 | 0 | 0 | 0 | 0 | 0 | 0 | 0 | 0 | 0 | 0 | 0 | 0 | 0 | 0 | 0 | 0 | 0 | 0 | 0 | 0 | 0 | 0 | 0 | 0 | 0 | 0 |  0 | 0 | 0 | 0 | 0 | 1 | 0 | 0 | 0 | 0 | 1 | 0 | 0 | 0 | 0 | 0 | 0 | 0 | 0 | 0 | 0 | 0 | 0 | 1 | 1 | 0 | 0 | 0 | 0 | 0 | 0 | 2 | 0 | 0 | 1 | 1 | 0 | 1 | 0 |
146 | Simon, Richard Stanley | California Institute of Technology | 1983 | male | 6 | 7 | 2012 | 13 | 100 | 2017 | 0 | 0 | 2 | 0 | 1 | 3 | 0 | 1 | 0 | 0 | 1 | 0 | 1 | 0 | 0 | 0 | 0 | 1 | 0 | 1 | 0 | 0 | 0 | 0 | 0 | 0 | 0 | 0 | 1 | 0 | 0 | 0 | 0 | 0 | 1 | 0 | 0 | 0 | 0 |  0 | 1 | 2 | 3 | 2 | 5 | 1 | 3 | 4 | 4 | 7 | 1 | 3 | 2 | 3 | 2 | 4 | 1 | 0 | 3 | 1 | 0 | 0 | 0 | 1 | 2 | 1 | 1 | 4 | 3 | 4 | 4 | 9 | 4 | 9 | 2 | 1 | 8 | 6 |
147 | Greenspan, Marian Elizabeth | UNIVERSITY OF CALIFORNIA, SAN DIEGO. | 1983 | male | 2 | 9 | 2002 | 2 | 20 | 2002 | 0 | 0 | 0 | 1 | 0 | 1 | 1 | 1 | 1 | 0 | 0 | 1 | 0 | 1 | 0 | 0 | 1 | 0 | 0 | 0 | 0 | 1 | 1 | 0 | 1 | 0 | 0 | 0 | 0 | 0 | 0 | 0 | 0 | 0 | 0 | 0 | 0 | 0 | 0 |  0 | 0 | 0 | 1 | 0 | 1 | 1 | 1 | 1 | 1 | 0 | 1 | 1 | 4 | 0 | 3 | 1 | 0 | 1 | 0 | 1 | 2 | 1 | 0 | 1 | 0 | 0 | 0 | 0 | 0 | 0 | 0 | 0 | 0 | 0 | 0 | 0 | 0 | 0 |
148 | Feickert, Carl Arthur | UNIVERSITY OF ILLINOIS AT URBANA-CHAMPAIGN. | 1983 | male | 1 | 1 | 1984 | 1 | 1 | 1984 | 0 | 0 | 0 | 0 | 0 | 1 | 1 | 0 | 0 | 0 | 0 | 0 | 0 | 0 | 0 | 0 | 0 | 0 | 0 | 0 | 0 | 0 | 0 | 0 | 0 | 0 | 0 | 0 | 0 | 0 | 0 | 0 | 0 | 0 | 0 | 0 | 0 | 0 | 0 |  0 | 0 | 0 | 0 | 0 | 1 | 1 | 0 | 0 | 0 | 0 | 0 | 0 | 0 | 0 | 0 | 0 | 0 | 0 | 0 | 0 | 0 | 0 | 0 | 0 | 0 | 0 | 0 | 0 | 0 | 0 | 0 | 0 | 0 | 0 | 0 | 0 | 0 | 0 |
149 | Gladstone, G. R. | California Institute of Technology, Pasadena. | 1983 | None | 3 | 22 | 2016 | 5 | 171 | 2017 | 0 | 0 | 0 | 0 | 1 | 2 | 0 | 1 | 0 | 1 | 1 | 0 | 0 | 0 | 2 | 1 | 2 | 1 | 1 | 0 | 2 | 0 | 0 | 0 | 2 | 0 | 1 | 0 | 0 | 1 | 0 | 0 | 2 | 0 | 1 | 0 | 1 | 1 | 1 |  0 | 0 | 1 | 0 | 2 | 2 | 0 | 1 | 0 | 1 | 5 | 0 | 3 | 2 | 2 | 12 | 10 | 12 | 5 | 5 | 9 | 3 | 7 | 5 | 5 | 7 | 5 | 8 | 3 | 5 | 5 | 3 | 6 | 3 | 8 | 5 | 4 | 4 | 11 |
150 | Beers, Timothy Carter | HARVARD UNIVERSITY. | 1983 | male | 4 | 38 | 2017 | 6 | 396 | 2017 | 0 | 0 | 0 | 0 | 1 | 3 | 1 | 1 | 1 | 0 | 1 | 1 | 3 | 1 | 3 | 0 | 1 | 2 | 2 | 1 | 1 | 3 | 1 | 1 | 1 | 1 | 1 | 2 | 1 | 3 | 0 | 1 | 0 | 0 | 2 | 0 | 1 | 0 | 0 |  0 | 0 | 0 | 0 | 2 | 4 | 2 | 3 | 3 | 0 | 1 | 2 | 4 | 5 | 4 | 3 | 3 | 4 | 7 | 9 | 3 | 12 | 13 | 10 | 16 | 10 | 16 | 20 | 22 | 23 | 20 | 24 | 14 | 22 | 23 | 18 | 30 | 23 | 19 |
151 | Chael, E. P. | California Institute of Technology, Pasadena. | 1983 | None | 1 | 1 | 1988 | 1 | 4 | 1995 | 0 | 0 | 0 | 0 | 0 | 1 | 0 | 0 | 0 | 0 | 1 | 0 | 0 | 0 | 0 | 0 | 0 | 0 | 0 | 0 | 0 | 0 | 0 | 0 | 0 | 0 | 0 | 0 | 0 | 0 | 0 | 0 | 0 | 0 | 0 | 0 | 0 | 0 | 0 |  0 | 0 | 0 | 0 | 0 | 1 | 0 | 0 | 0 | 0 | 1 | 1 | 1 | 0 | 0 | 0 | 0 | 1 | 0 | 0 | 0 | 0 | 0 | 0 | 0 | 0 | 0 | 0 | 0 | 0 | 0 | 0 | 0 | 0 | 0 | 0 | 0 | 0 | 0 |
152 | Tennant, Allyn Field, Jr. | UNIVERSITY OF MARYLAND COLLEGE PARK. | 1983 | male | 5 | 13 | 2006 | 6 | 71 | 2015 | 0 | 0 | 0 | 2 | 1 | 2 | 0 | 1 | 3 | 2 | 2 | 0 | 0 | 0 | 0 | 0 | 1 | 0 | 0 | 0 | 1 | 0 | 0 | 2 | 0 | 0 | 0 | 0 | 1 | 0 | 0 | 0 | 0 | 0 | 0 | 0 | 0 | 0 | 0 |  0 | 0 | 0 | 3 | 1 | 2 | 1 | 3 | 4 | 4 | 4 | 0 | 1 | 1 | 0 | 0 | 2 | 0 | 0 | 0 | 1 | 0 | 1 | 6 | 2 | 5 | 11 | 1 | 5 | 2 | 1 | 1 | 2 | 5 | 3 | 2 | 1 | 2 | 0 |
153 | Vogel, Stuart Newcombe | UNIVERSITY OF CALIFORNIA, BERKELEY. | 1983 | male | 3 | 11 | 1995 | 9 | 90 | 2016 | 0 | 0 | 0 | 1 | 0 | 2 | 1 | 1 | 0 | 2 | 2 | 0 | 0 | 0 | 0 | 3 | 0 | 2 | 0 | 0 | 0 | 0 | 0 | 0 | 0 | 0 | 0 | 0 | 0 | 0 | 0 | 0 | 0 | 0 | 0 | 0 | 0 | 0 | 0 |  1 | 0 | 0 | 1 | 3 | 4 | 2 | 3 | 0 | 3 | 3 | 2 | 0 | 0 | 4 | 9 | 1 | 5 | 5 | 2 | 0 | 4 | 1 | 4 | 3 | 2 | 0 | 3 | 3 | 4 | 6 | 3 | 4 | 2 | 3 | 5 | 0 | 2 | 2 |
154 | Nobre, Carlos Afonso | MASSACHUSETTS INSTITUTE OF TECHNOLOGY. | 1983 | male | 1 | 0 | 1983 | 1 | 6 | 2010 | 0 | 0 | 0 | 0 | 0 | 1 | 0 | 0 | 0 | 0 | 0 | 0 | 0 | 0 | 0 | 0 | 0 | 0 | 0 | 0 | 0 | 0 | 0 | 0 | 0 | 0 | 0 | 0 | 0 | 0 | 0 | 0 | 0 | 0 | 0 | 0 | 0 | 0 | 0 |  0 | 0 | 0 | 0 | 0 | 1 | 0 | 0 | 0 | 0 | 0 | 0 | 0 | 0 | 0 | 0 | 0 | 0 | 0 | 0 | 0 | 1 | 0 | 0 | 0 | 1 | 0 | 1 | 0 | 2 | 0 | 0 | 1 | 0 | 0 | 0 | 0 | 0 | 0 |
155 | Zanrosso, Eddie Michael | UNIVERSITY OF CALIFORNIA, RIVERSIDE. | 1983 | male | 6 | 1 | 1985 | 15 | 1 | 1985 | 0 | 2 | 1 | 2 | 0 | 1 | 0 | 1 | 0 | 0 | 0 | 0 | 0 | 0 | 0 | 0 | 0 | 0 | 0 | 0 | 0 | 0 | 0 | 0 | 0 | 0 | 0 | 0 | 0 | 0 | 0 | 0 | 0 | 0 | 0 | 0 | 0 | 0 | 0 |  0 | 5 | 2 | 5 | 0 | 3 | 0 | 1 | 0 | 0 | 0 | 0 | 0 | 0 | 0 | 0 | 0 | 0 | 0 | 0 | 0 | 0 | 0 | 0 | 0 | 0 | 0 | 0 | 0 | 0 | 0 | 0 | 0 | 0 | 0 | 0 | 0 | 0 | 0 |
156 | Avena, Gloria Koenigsberger | THE PENNSYLVANIA STATE UNIVERSITY. | 1983 | female | 1 | 0 | 1983 | 1 | 0 | 1983 | 0 | 0 | 0 | 0 | 0 | 1 | 0 | 0 | 0 | 0 | 0 | 0 | 0 | 0 | 0 | 0 | 0 | 0 | 0 | 0 | 0 | 0 | 0 | 0 | 0 | 0 | 0 | 0 | 0 | 0 | 0 | 0 | 0 | 0 | 0 | 0 | 0 | 0 | 0 |  0 | 0 | 0 | 0 | 0 | 1 | 0 | 0 | 0 | 0 | 0 | 0 | 0 | 0 | 0 | 0 | 0 | 0 | 0 | 0 | 0 | 0 | 0 | 0 | 0 | 0 | 0 | 0 | 0 | 0 | 0 | 0 | 0 | 0 | 0 | 0 | 0 | 0 | 0 |
157 | Beckman, Brian C. | PRINCETON UNIVERSITY. | 1983 | male | 1 | 0 | 1983 | 1 | 0 | 1983 | 0 | 0 | 0 | 0 | 0 | 1 | 0 | 0 | 0 | 0 | 0 | 0 | 0 | 0 | 0 | 0 | 0 | 0 | 0 | 0 | 0 | 0 | 0 | 0 | 0 | 0 | 0 | 0 | 0 | 0 | 0 | 0 | 0 | 0 | 0 | 0 | 0 | 0 | 0 |  0 | 0 | 0 | 0 | 0 | 1 | 0 | 0 | 0 | 0 | 0 | 0 | 0 | 0 | 0 | 0 | 0 | 0 | 0 | 0 | 0 | 0 | 0 | 0 | 0 | 0 | 0 | 0 | 0 | 0 | 0 | 0 | 0 | 0 | 0 | 0 | 0 | 0 | 0 |
158 | Perry, D. N. | Colorado Univ., Boulder. | 1983 | None | 1 | 0 | 1983 | 2 | 0 | 1983 | 0 | 0 | 0 | 0 | 0 | 1 | 0 | 0 | 0 | 0 | 0 | 0 | 0 | 0 | 0 | 0 | 0 | 0 | 0 | 0 | 0 | 0 | 0 | 0 | 0 | 0 | 0 | 0 | 0 | 0 | 0 | 0 | 0 | 0 | 0 | 0 | 0 | 0 | 0 |  0 | 0 | 0 | 0 | 0 | 2 | 0 | 0 | 0 | 0 | 0 | 0 | 0 | 0 | 0 | 0 | 0 | 0 | 0 | 0 | 0 | 0 | 0 | 0 | 0 | 0 | 0 | 0 | 0 | 0 | 0 | 0 | 0 | 0 | 0 | 0 | 0 | 0 | 0 |
159 | Richardson, John David | UNIVERSITY OF CALIFORNIA, LOS ANGELES. | 1983 | male | 6 | 71 | 2017 | 7 | 235 | 2017 | 0 | 0 | 1 | 2 | 0 | 3 | 0 | 0 | 2 | 3 | 2 | 1 | 4 | 1 | 1 | 2 | 2 | 4 | 2 | 2 | 6 | 2 | 0 | 2 | 2 | 2 | 2 | 2 | 3 | 0 | 6 | 2 | 4 | 3 | 1 | 4 | 1 | 0 | 2 |  0 | 0 | 1 | 3 | 0 | 3 | 0 | 0 | 6 | 5 | 3 | 3 | 7 | 7 | 2 | 3 | 3 | 10 | 5 | 3 | 9 | 3 | 8 | 15 | 13 | 15 | 5 | 17 | 18 | 6 | 10 | 7 | 9 | 6 | 2 | 7 | 6 | 8 | 11 |
160 | Bridy, Donald Joseph | SYRACUSE UNIVERSITY. | 1983 | male | 1 | 0 | 1983 | 1 | 0 | 1983 | 0 | 0 | 0 | 0 | 0 | 1 | 0 | 0 | 0 | 0 | 0 | 0 | 0 | 0 | 0 | 0 | 0 | 0 | 0 | 0 | 0 | 0 | 0 | 0 | 0 | 0 | 0 | 0 | 0 | 0 | 0 | 0 | 0 | 0 | 0 | 0 | 0 | 0 | 0 |  0 | 0 | 0 | 0 | 0 | 1 | 0 | 0 | 0 | 0 | 0 | 0 | 0 | 0 | 0 | 0 | 0 | 0 | 0 | 0 | 0 | 0 | 0 | 0 | 0 | 0 | 0 | 0 | 0 | 0 | 0 | 0 | 0 | 0 | 0 | 0 | 0 | 0 | 0 |
161 | Schleicher, David Glenn | UNIVERSITY OF MARYLAND COLLEGE PARK. | 1983 | male | 2 | 27 | 2016 | 3 | 74 | 2016 | 0 | 0 | 0 | 0 | 1 | 1 | 0 | 1 | 0 | 1 | 1 | 1 | 1 | 2 | 0 | 1 | 0 | 0 | 0 | 1 | 2 | 0 | 0 | 0 | 2 | 2 | 1 | 0 | 2 | 2 | 1 | 1 | 1 | 1 | 0 | 1 | 0 | 1 | 1 |  0 | 0 | 0 | 0 | 1 | 2 | 2 | 5 | 1 | 3 | 2 | 2 | 3 | 3 | 2 | 2 | 1 | 2 | 3 | 3 | 3 | 0 | 1 | 1 | 3 | 2 | 1 | 2 | 2 | 2 | 1 | 1 | 1 | 4 | 1 | 3 | 4 | 7 | 1 |
162 | Barnes, Jeffrey Richard | UNIVERSITY OF WASHINGTON. | 1983 | male | 5 | 41 | 2017 | 7 | 118 | 2017 | 0 | 0 | 1 | 1 | 0 | 3 | 3 | 1 | 0 | 2 | 0 | 0 | 2 | 3 | 0 | 1 | 0 | 0 | 3 | 1 | 1 | 0 | 1 | 4 | 1 | 0 | 4 | 3 | 1 | 2 | 1 | 0 | 1 | 1 | 1 | 0 | 1 | 1 | 1 |  0 | 2 | 1 | 1 | 0 | 3 | 3 | 2 | 1 | 2 | 0 | 0 | 2 | 3 | 0 | 2 | 1 | 0 | 6 | 7 | 1 | 1 | 4 | 5 | 4 | 1 | 4 | 7 | 6 | 4 | 9 | 3 | 4 | 2 | 7 | 6 | 9 | 5 | 4 |
163 | Sieveka, Edwin Merrell | UNIVERSITY OF VIRGINIA. | 1983 | male | 2 | 3 | 1986 | 3 | 4 | 1989 | 0 | 0 | 0 | 0 | 1 | 1 | 1 | 1 | 1 | 0 | 0 | 0 | 0 | 0 | 0 | 0 | 0 | 0 | 0 | 0 | 0 | 0 | 0 | 0 | 0 | 0 | 0 | 0 | 0 | 0 | 0 | 0 | 0 | 0 | 0 | 0 | 0 | 0 | 0 |  0 | 0 | 0 | 0 | 1 | 2 | 1 | 1 | 1 | 0 | 0 | 1 | 0 | 0 | 0 | 0 | 0 | 0 | 0 | 0 | 0 | 0 | 0 | 0 | 0 | 0 | 0 | 0 | 0 | 0 | 0 | 0 | 0 | 0 | 0 | 0 | 0 | 0 | 0 |
164 | Albrecht, Andreas Johann | UNIVERSITY OF PENNSYLVANIA. | 1983 | male | 5 | 41 | 2017 | 5 | 76 | 2017 | 0 | 0 | 0 | 0 | 2 | 3 | 1 | 3 | 0 | 2 | 1 | 1 | 0 | 2 | 3 | 1 | 3 | 1 | 1 | 1 | 0 | 4 | 3 | 0 | 2 | 0 | 1 | 0 | 0 | 1 | 1 | 0 | 0 | 1 | 0 | 0 | 3 | 4 | 0 |  0 | 0 | 0 | 0 | 2 | 3 | 1 | 3 | 1 | 2 | 1 | 1 | 0 | 3 | 3 | 3 | 3 | 2 | 5 | 2 | 1 | 6 | 3 | 2 | 4 | 1 | 1 | 0 | 0 | 1 | 5 | 3 | 0 | 2 | 1 | 1 | 4 | 8 | 1 |
165 | Benson, Priscilla Jenkins | MASSACHUSETTS INSTITUTE OF TECHNOLOGY. | 1983 | female | 4 | 16 | 2000 | 7 | 49 | 2002 | 0 | 0 | 1 | 1 | 0 | 2 | 1 | 0 | 0 | 1 | 1 | 1 | 1 | 1 | 2 | 2 | 2 | 0 | 1 | 0 | 1 | 1 | 1 | 0 | 0 | 0 | 0 | 0 | 0 | 0 | 0 | 0 | 0 | 0 | 0 | 0 | 0 | 0 | 0 |  0 | 1 | 1 | 1 | 0 | 4 | 2 | 0 | 2 | 3 | 6 | 2 | 1 | 5 | 3 | 7 | 4 | 0 | 2 | 3 | 2 | 3 | 1 | 1 | 2 | 0 | 0 | 0 | 0 | 0 | 0 | 0 | 0 | 0 | 0 | 0 | 0 | 0 | 0 |
166 | Lauro, Salvatore | NEW YORK UNIVERSITY. | 1983 | male | 1 | 2 | 2017 | 1 | 3 | 2017 | 0 | 0 | 0 | 0 | 0 | 1 | 0 | 1 | 0 | 0 | 0 | 0 | 0 | 0 | 0 | 0 | 0 | 0 | 0 | 0 | 0 | 0 | 0 | 0 | 0 | 0 | 0 | 0 | 0 | 0 | 0 | 0 | 0 | 0 | 0 | 0 | 0 | 0 | 0 |  0 | 0 | 0 | 0 | 0 | 1 | 0 | 1 | 0 | 0 | 0 | 0 | 0 | 0 | 0 | 0 | 0 | 0 | 0 | 0 | 0 | 0 | 0 | 0 | 0 | 0 | 0 | 0 | 0 | 0 | 0 | 0 | 0 | 0 | 0 | 0 | 1 | 0 | 0 |
167 | Hutchison, Sharon Gyorkey | UNIVERSITY OF IDAHO. | 1983 | female | 1 | 0 | 1983 | 1 | 0 | 1983 | 0 | 0 | 0 | 0 | 0 | 1 | 0 | 0 | 0 | 0 | 0 | 0 | 0 | 0 | 0 | 0 | 0 | 0 | 0 | 0 | 0 | 0 | 0 | 0 | 0 | 0 | 0 | 0 | 0 | 0 | 0 | 0 | 0 | 0 | 0 | 0 | 0 | 0 | 0 |  0 | 0 | 0 | 0 | 0 | 1 | 0 | 0 | 0 | 0 | 0 | 0 | 0 | 0 | 0 | 0 | 0 | 0 | 0 | 0 | 0 | 0 | 0 | 0 | 0 | 0 | 0 | 0 | 0 | 0 | 0 | 0 | 0 | 0 | 0 | 0 | 0 | 0 | 0 |
168 | Lawrence, Charles Ryan | MASSACHUSETTS INSTITUTE OF TECHNOLOGY. | 1983 | male | 3 | 14 | 2003 | 6 | 240 | 2017 | 0 | 0 | 0 | 0 | 0 | 3 | 2 | 1 | 3 | 0 | 0 | 0 | 0 | 0 | 1 | 1 | 1 | 2 | 1 | 0 | 0 | 1 | 0 | 0 | 0 | 1 | 0 | 0 | 0 | 0 | 0 | 0 | 0 | 0 | 0 | 0 | 0 | 0 | 0 |  0 | 0 | 1 | 0 | 1 | 4 | 4 | 3 | 7 | 2 | 4 | 5 | 3 | 2 | 5 | 4 | 5 | 4 | 3 | 0 | 1 | 1 | 1 | 1 | 1 | 3 | 4 | 1 | 7 | 4 | 3 | 3 | 9 | 28 | 6 | 15 | 36 | 17 | 46 |
169 | Jacqmin, David Alan | HARVARD UNIVERSITY. | 1983 | male | 1 | 1 | 1985 | 1 | 1 | 1985 | 0 | 0 | 0 | 0 | 0 | 1 | 0 | 1 | 0 | 0 | 0 | 0 | 0 | 0 | 0 | 0 | 0 | 0 | 0 | 0 | 0 | 0 | 0 | 0 | 0 | 0 | 0 | 0 | 0 | 0 | 0 | 0 | 0 | 0 | 0 | 0 | 0 | 0 | 0 |  0 | 0 | 0 | 0 | 0 | 1 | 0 | 1 | 0 | 0 | 0 | 0 | 0 | 0 | 0 | 0 | 0 | 0 | 0 | 0 | 0 | 0 | 0 | 0 | 0 | 0 | 0 | 0 | 0 | 0 | 0 | 0 | 0 | 0 | 0 | 0 | 0 | 0 | 0 |
170 | O'Donnell, Kevin Arthur | THE UNIVERSITY OF ROCHESTER. | 1983 | male | 3 | 1 | 2006 | 6 | 1 | 2006 | 0 | 0 | 1 | 0 | 1 | 1 | 0 | 0 | 0 | 0 | 0 | 0 | 0 | 0 | 0 | 0 | 0 | 0 | 0 | 0 | 0 | 0 | 0 | 0 | 0 | 0 | 0 | 0 | 1 | 0 | 0 | 0 | 0 | 0 | 0 | 0 | 0 | 0 | 0 |  0 | 1 | 1 | 1 | 2 | 1 | 0 | 0 | 0 | 0 | 0 | 0 | 0 | 0 | 0 | 0 | 0 | 0 | 0 | 0 | 0 | 0 | 0 | 0 | 0 | 0 | 0 | 0 | 1 | 0 | 0 | 0 | 0 | 0 | 0 | 0 | 0 | 0 | 0 |
171 | Konkowski, Deborah Ann | THE UNIVERSITY OF TEXAS AT AUSTIN. | 1983 | female | 3 | 12 | 2016 | 5 | 24 | 2016 | 0 | 0 | 0 | 0 | 2 | 1 | 0 | 2 | 0 | 0 | 1 | 1 | 0 | 1 | 0 | 0 | 1 | 0 | 1 | 0 | 0 | 0 | 0 | 1 | 0 | 0 | 1 | 0 | 1 | 0 | 0 | 0 | 0 | 1 | 0 | 0 | 0 | 0 | 1 |  0 | 0 | 0 | 0 | 4 | 1 | 0 | 2 | 1 | 1 | 1 | 1 | 2 | 1 | 1 | 1 | 1 | 1 | 1 | 0 | 0 | 1 | 0 | 1 | 0 | 1 | 1 | 0 | 1 | 1 | 0 | 0 | 0 | 2 | 0 | 1 | 0 | 0 | 1 |
172 | Debebe, Betru | THE COLLEGE OF WILLIAM AND MARY. | 1983 | None | 1 | 0 | 1983 | 1 | 0 | 1983 | 0 | 0 | 0 | 0 | 0 | 1 | 0 | 0 | 0 | 0 | 0 | 0 | 0 | 0 | 0 | 0 | 0 | 0 | 0 | 0 | 0 | 0 | 0 | 0 | 0 | 0 | 0 | 0 | 0 | 0 | 0 | 0 | 0 | 0 | 0 | 0 | 0 | 0 | 0 |  0 | 0 | 0 | 0 | 0 | 1 | 0 | 0 | 0 | 0 | 0 | 0 | 0 | 0 | 0 | 0 | 0 | 0 | 0 | 0 | 0 | 0 | 0 | 0 | 0 | 0 | 0 | 0 | 0 | 0 | 0 | 0 | 0 | 0 | 0 | 0 | 0 | 0 | 0 |
173 | Palmajumdar, Palas Baran | CARNEGIE-MELLON UNIVERSITY. | 1983 | male | 1 | 0 | 1983 | 1 | 0 | 1983 | 0 | 0 | 0 | 0 | 0 | 1 | 0 | 0 | 0 | 0 | 0 | 0 | 0 | 0 | 0 | 0 | 0 | 0 | 0 | 0 | 0 | 0 | 0 | 0 | 0 | 0 | 0 | 0 | 0 | 0 | 0 | 0 | 0 | 0 | 0 | 0 | 0 | 0 | 0 |  0 | 0 | 0 | 0 | 0 | 1 | 0 | 0 | 0 | 0 | 0 | 0 | 0 | 0 | 0 | 0 | 0 | 0 | 0 | 0 | 0 | 0 | 0 | 0 | 0 | 0 | 0 | 0 | 0 | 0 | 0 | 0 | 0 | 0 | 0 | 0 | 0 | 0 | 0 |
174 | Paxton, Larry Jason | UNIVERSITY OF COLORADO AT BOULDER. | 1983 | male | 2 | 13 | 2017 | 2 | 152 | 2017 | 0 | 0 | 0 | 0 | 0 | 2 | 0 | 2 | 1 | 0 | 5 | 0 | 0 | 0 | 1 | 0 | 0 | 0 | 0 | 0 | 1 | 0 | 0 | 0 | 1 | 1 | 0 | 0 | 0 | 0 | 0 | 0 | 0 | 0 | 0 | 0 | 0 | 0 | 0 |  0 | 0 | 0 | 0 | 0 | 2 | 0 | 3 | 1 | 2 | 5 | 1 | 0 | 0 | 3 | 0 | 0 | 1 | 1 | 1 | 3 | 3 | 0 | 3 | 3 | 7 | 8 | 12 | 12 | 9 | 10 | 7 | 8 | 14 | 4 | 9 | 6 | 6 | 8 |
175 | Schaefer, Martha Williams | MASSACHUSETTS INSTITUTE OF TECHNOLOGY. | 1983 | female | 1 | 9 | 2010 | 1 | 21 | 2016 | 0 | 0 | 0 | 0 | 0 | 1 | 0 | 0 | 0 | 0 | 1 | 0 | 3 | 0 | 0 | 2 | 0 | 0 | 0 | 0 | 0 | 0 | 1 | 0 | 0 | 0 | 0 | 0 | 0 | 0 | 1 | 0 | 1 | 0 | 0 | 0 | 0 | 0 | 0 |  0 | 0 | 0 | 0 | 0 | 1 | 0 | 0 | 0 | 0 | 1 | 0 | 3 | 0 | 0 | 2 | 0 | 0 | 0 | 0 | 0 | 0 | 1 | 0 | 0 | 0 | 1 | 0 | 3 | 0 | 2 | 0 | 1 | 1 | 0 | 1 | 0 | 2 | 3 |
176 | Rodriguez, Jose Manuel | HARVARD UNIVERSITY. | 1983 | male | 2 | 28 | 2016 | 6 | 165 | 2017 | 0 | 0 | 0 | 0 | 0 | 2 | 1 | 0 | 2 | 0 | 1 | 0 | 1 | 0 | 0 | 0 | 1 | 0 | 0 | 0 | 0 | 0 | 0 | 1 | 2 | 3 | 2 | 1 | 2 | 0 | 3 | 2 | 1 | 2 | 0 | 0 | 1 | 1 | 1 |  1 | 0 | 0 | 0 | 3 | 2 | 1 | 0 | 2 | 0 | 2 | 4 | 1 | 2 | 0 | 0 | 4 | 3 | 4 | 0 | 1 | 3 | 1 | 2 | 4 | 11 | 7 | 12 | 10 | 9 | 9 | 7 | 9 | 13 | 12 | 6 | 6 | 6 | 12 |
177 | Bonomo, James Lawrence | UNIVERSITY OF CALIFORNIA, BERKELEY. | 1983 | male | 1 | 0 | 1983 | 1 | 0 | 1983 | 0 | 0 | 0 | 0 | 0 | 1 | 0 | 0 | 0 | 0 | 0 | 0 | 0 | 0 | 0 | 0 | 0 | 0 | 0 | 0 | 0 | 0 | 0 | 0 | 0 | 0 | 0 | 0 | 0 | 0 | 0 | 0 | 0 | 0 | 0 | 0 | 0 | 0 | 0 |  0 | 0 | 0 | 0 | 0 | 1 | 0 | 0 | 0 | 0 | 0 | 0 | 0 | 0 | 0 | 0 | 0 | 0 | 0 | 0 | 0 | 0 | 0 | 0 | 0 | 0 | 0 | 0 | 0 | 0 | 0 | 0 | 0 | 0 | 0 | 0 | 0 | 0 | 0 |
178 | Puskar, Robert J. | THE OHIO STATE UNIVERSITY. | 1983 | male | 1 | 0 | 1983 | 1 | 0 | 1983 | 0 | 0 | 0 | 0 | 0 | 1 | 0 | 0 | 0 | 0 | 0 | 0 | 0 | 0 | 0 | 0 | 0 | 0 | 0 | 0 | 0 | 0 | 0 | 0 | 0 | 0 | 0 | 0 | 0 | 0 | 0 | 0 | 0 | 0 | 0 | 0 | 0 | 0 | 0 |  0 | 0 | 0 | 0 | 0 | 1 | 0 | 0 | 0 | 0 | 0 | 0 | 0 | 0 | 0 | 0 | 0 | 0 | 0 | 0 | 0 | 0 | 0 | 0 | 0 | 0 | 0 | 0 | 0 | 0 | 0 | 0 | 0 | 0 | 0 | 0 | 0 | 0 | 0 |
