 n |  name |  university |  phd_year |  gender |  fa_n_pubs_pre_phd |  fa_n_pubs_prost_phd |  fa_year_last |  all_n_pubs_pre_phd |  all_n_pubs_prost_phd |  all_year_last |  fa_1985 |  fa_1986 |  fa_1987 |  fa_1988 |  fa_1989 |  fa_1990 |  fa_1991 |  fa_1992 |  fa_1993 |  fa_1994 |  fa_1995 |  fa_1996 |  fa_1997 |  fa_1998 |  fa_1999 |  fa_2000 |  fa_2001 |  fa_2002 |  fa_2003 |  fa_2004 |  fa_2005 |  fa_2006 |  fa_2007 |  fa_2008 |  fa_2009 |  fa_2010 |  fa_2011 |  fa_2012 |  fa_2013 |  fa_2014 |  fa_2015 |  fa_2016 |  all_1985 |  all_1986 |  all_1987 |  all_1988 |  all_1989 |  all_1990 |  all_1991 |  all_1992 |  all_1993 |  all_1994 |  all_1995 |  all_1996 |  all_1997 |  all_1998 |  all_1999 |  all_2000 |  all_2001 |  all_2002 |  all_2003 |  all_2004 |  all_2005 |  all_2006 |  all_2007 |  all_2008 |  all_2009 |  all_2010 |  all_2011 |  all_2012 |  all_2013 |  all_2014 |  all_2015 |  all_2016 | foo
 13 | Brown, Lawrence E. | Chicago Univ., IL. | 1990 | male | 3 | 5 | 1993 | 5 | 27 | 2016 | 0 | 0 | 1 | 1 | 0 | 1 | 1 | 3 | 1 | 0 | 0 | 0 | 0 | 0 | 0 | 0 | 0 | 0 | 0 | 0 | 0 | 0 | 0 | 0 | 0 | 0 | 0 | 0 | 0 | 0 | 0 | 0 | 0 | 1 | 1 | 1 | 0 | 2 | 2 | 4 | 2 | 1 | 1 | 0 | 0 | 1 | 0 | 0 | 1 | 0 | 0 | 1 | 0 | 0 | 1 | 1 | 1 | 2 | 0 | 1 | 3 | 2 | 1 | 2 |
 15 | Brahm, David Ernest | California Univ., Berkeley. Lawrence Berkeley Lab. | 1990 | male | 3 | 2 | 1994 | 3 | 6 | 1995 | 0 | 0 | 0 | 0 | 0 | 3 | 0 | 1 | 0 | 1 | 0 | 0 | 0 | 0 | 0 | 0 | 0 | 0 | 0 | 0 | 0 | 0 | 0 | 0 | 0 | 0 | 0 | 0 | 0 | 0 | 0 | 0 | 0 | 0 | 0 | 0 | 0 | 3 | 0 | 1 | 3 | 1 | 1 | 0 | 0 | 0 | 0 | 0 | 0 | 0 | 0 | 0 | 0 | 0 | 0 | 0 | 0 | 0 | 0 | 0 | 0 | 0 | 0 | 0 |
 17 | Marr, Jonathan Michael | UNIVERSITY OF CALIFORNIA, BERKELEY. | 1990 | male | 3 | 6 | 2014 | 8 | 11 | 2014 | 1 | 0 | 0 | 0 | 1 | 1 | 0 | 1 | 1 | 0 | 0 | 0 | 1 | 0 | 0 | 0 | 1 | 0 | 0 | 0 | 0 | 0 | 0 | 0 | 0 | 0 | 0 | 1 | 0 | 1 | 0 | 0 | 3 | 1 | 1 | 1 | 1 | 1 | 0 | 1 | 3 | 0 | 0 | 1 | 2 | 0 | 0 | 1 | 1 | 0 | 0 | 0 | 0 | 0 | 0 | 0 | 0 | 0 | 0 | 1 | 0 | 1 | 0 | 0 |
 19 | Shu, Wei-Tong | PRINCETON UNIVERSITY. | 1990 | male | 1 | 0 | 1990 | 1 | 0 | 1990 | 0 | 0 | 0 | 0 | 0 | 1 | 0 | 0 | 0 | 0 | 0 | 0 | 0 | 0 | 0 | 0 | 0 | 0 | 0 | 0 | 0 | 0 | 0 | 0 | 0 | 0 | 0 | 0 | 0 | 0 | 0 | 0 | 0 | 0 | 0 | 0 | 0 | 1 | 0 | 0 | 0 | 0 | 0 | 0 | 0 | 0 | 0 | 0 | 0 | 0 | 0 | 0 | 0 | 0 | 0 | 0 | 0 | 0 | 0 | 0 | 0 | 0 | 0 | 0 |
 21 | Harley, Thomas Randall | PRINCETON UNIVERSITY. | 1990 | male | 2 | 0 | 1990 | 2 | 0 | 1990 | 0 | 0 | 0 | 0 | 0 | 2 | 0 | 0 | 0 | 0 | 0 | 0 | 0 | 0 | 0 | 0 | 0 | 0 | 0 | 0 | 0 | 0 | 0 | 0 | 0 | 0 | 0 | 0 | 0 | 0 | 0 | 0 | 0 | 0 | 0 | 0 | 0 | 2 | 0 | 0 | 0 | 0 | 0 | 0 | 0 | 0 | 0 | 0 | 0 | 0 | 0 | 0 | 0 | 0 | 0 | 0 | 0 | 0 | 0 | 0 | 0 | 0 | 0 | 0 |
 25 | Doel, Ronald Edmund | PRINCETON UNIVERSITY. | 1990 | male | 2 | 2 | 1995 | 2 | 3 | 1995 | 0 | 0 | 0 | 0 | 0 | 2 | 0 | 1 | 0 | 0 | 1 | 0 | 0 | 0 | 0 | 0 | 0 | 0 | 0 | 0 | 0 | 0 | 0 | 0 | 0 | 0 | 0 | 0 | 0 | 0 | 0 | 0 | 0 | 0 | 0 | 0 | 0 | 2 | 0 | 1 | 0 | 0 | 2 | 0 | 0 | 0 | 0 | 0 | 0 | 0 | 0 | 0 | 0 | 0 | 0 | 0 | 0 | 0 | 0 | 0 | 0 | 0 | 0 | 0 |
 27 | Zhang, Yuanchong | COLUMBIA UNIVERSITY. | 1990 | None | 5 | 134 | 2017 | 18 | 548 | 2017 | 2 | 0 | 0 | 1 | 1 | 1 | 0 | 2 | 3 | 0 | 0 | 3 | 2 | 4 | 5 | 2 | 4 | 8 | 6 | 7 | 14 | 9 | 9 | 6 | 2 | 3 | 10 | 6 | 6 | 8 | 5 | 9 | 5 | 2 | 4 | 5 | 1 | 1 | 2 | 2 | 5 | 1 | 2 | 6 | 3 | 4 | 9 | 24 | 9 | 14 | 24 | 15 | 43 | 22 | 21 | 40 | 29 | 14 | 33 | 30 | 21 | 29 | 43 | 76 |
 31 | Jannuzi, Buell Tomasson | THE UNIVERSITY OF ARIZONA. | 1990 | male | 3 | 10 | 2004 | 5 | 182 | 2017 | 0 | 0 | 0 | 1 | 1 | 1 | 1 | 0 | 2 | 2 | 1 | 1 | 1 | 1 | 0 | 0 | 0 | 0 | 0 | 1 | 0 | 0 | 0 | 0 | 0 | 0 | 0 | 0 | 0 | 0 | 0 | 0 | 0 | 0 | 0 | 1 | 3 | 1 | 3 | 4 | 9 | 11 | 4 | 6 | 4 | 3 | 3 | 6 | 1 | 2 | 5 | 9 | 14 | 12 | 9 | 12 | 15 | 5 | 9 | 13 | 10 | 6 | 1 | 3 |
 32 | Kargel, Jeffrey Stuart | THE UNIVERSITY OF ARIZONA. | 1990 | male | 1 | 20 | 2006 | 4 | 80 | 2016 | 0 | 0 | 0 | 0 | 0 | 1 | 2 | 2 | 2 | 3 | 3 | 2 | 1 | 1 | 1 | 1 | 0 | 0 | 0 | 0 | 1 | 1 | 0 | 0 | 0 | 0 | 0 | 0 | 0 | 0 | 0 | 0 | 0 | 0 | 0 | 1 | 1 | 2 | 4 | 4 | 2 | 3 | 5 | 2 | 2 | 1 | 2 | 2 | 2 | 1 | 2 | 1 | 5 | 4 | 3 | 4 | 7 | 5 | 3 | 2 | 3 | 2 | 7 | 2 |
 35 | Schachter, Jonathan | UNIVERSITY OF CALIFORNIA, BERKELEY. | 1990 | male | 4 | 6 | 1998 | 5 | 18 | 2001 | 0 | 0 | 0 | 0 | 1 | 3 | 2 | 0 | 1 | 1 | 0 | 1 | 0 | 1 | 0 | 0 | 0 | 0 | 0 | 0 | 0 | 0 | 0 | 0 | 0 | 0 | 0 | 0 | 0 | 0 | 0 | 0 | 0 | 0 | 0 | 1 | 1 | 3 | 3 | 1 | 1 | 2 | 1 | 2 | 4 | 1 | 1 | 1 | 1 | 0 | 0 | 0 | 0 | 0 | 0 | 0 | 0 | 0 | 0 | 0 | 0 | 0 | 0 | 0 |
 36 | Janes, Daniel Mark | Arizona Univ., Tucson. | 1990 | male | 3 | 5 | 2005 | 5 | 26 | 2012 | 0 | 0 | 0 | 1 | 0 | 2 | 0 | 1 | 1 | 1 | 1 | 0 | 0 | 0 | 0 | 0 | 0 | 0 | 0 | 0 | 1 | 0 | 0 | 0 | 0 | 0 | 0 | 0 | 0 | 0 | 0 | 0 | 0 | 0 | 0 | 1 | 2 | 2 | 0 | 3 | 2 | 1 | 2 | 0 | 0 | 0 | 1 | 0 | 0 | 1 | 0 | 1 | 1 | 5 | 6 | 1 | 1 | 0 | 0 | 1 | 0 | 0 | 0 | 0 |
 37 | Korycansky, Donald George | UNIVERSITY OF CALIFORNIA, SANTA CRUZ. | 1990 | male | 2 | 28 | 2011 | 2 | 43 | 2016 | 0 | 0 | 0 | 0 | 0 | 2 | 2 | 2 | 1 | 0 | 2 | 2 | 0 | 0 | 1 | 2 | 1 | 1 | 2 | 4 | 2 | 2 | 1 | 0 | 2 | 0 | 1 | 0 | 0 | 0 | 0 | 0 | 0 | 0 | 0 | 0 | 0 | 2 | 2 | 2 | 1 | 1 | 3 | 2 | 0 | 0 | 1 | 2 | 2 | 1 | 2 | 4 | 2 | 2 | 1 | 2 | 2 | 1 | 2 | 3 | 2 | 1 | 1 | 1 |
 43 | Kay, Laura Ellen | UNIVERSITY OF CALIFORNIA, SANTA CRUZ. | 1990 | female | 1 | 4 | 1999 | 1 | 18 | 2007 | 0 | 0 | 0 | 0 | 0 | 1 | 0 | 1 | 0 | 1 | 0 | 0 | 0 | 1 | 1 | 0 | 0 | 0 | 0 | 0 | 0 | 0 | 0 | 0 | 0 | 0 | 0 | 0 | 0 | 0 | 0 | 0 | 0 | 0 | 0 | 0 | 0 | 1 | 0 | 3 | 1 | 1 | 0 | 2 | 1 | 1 | 2 | 2 | 1 | 2 | 0 | 0 | 0 | 0 | 2 | 0 | 0 | 0 | 0 | 0 | 0 | 0 | 0 | 0 |
 52 | Grossman, Arie William | CALIFORNIA INSTITUTE OF TECHNOLOGY. | 1990 | male | 2 | 0 | 1990 | 5 | 9 | 1996 | 0 | 0 | 0 | 0 | 1 | 1 | 0 | 0 | 0 | 0 | 0 | 0 | 0 | 0 | 0 | 0 | 0 | 0 | 0 | 0 | 0 | 0 | 0 | 0 | 0 | 0 | 0 | 0 | 0 | 0 | 0 | 0 | 0 | 1 | 1 | 0 | 1 | 2 | 1 | 1 | 1 | 0 | 3 | 3 | 0 | 0 | 0 | 0 | 0 | 0 | 0 | 0 | 0 | 0 | 0 | 0 | 0 | 0 | 0 | 0 | 0 | 0 | 0 | 0 |
 57 | Fink, Richard Lee | THE PENNSYLVANIA STATE UNIVERSITY. | 1990 | male | 1 | 0 | 1990 | 2 | 3 | 2006 | 0 | 0 | 0 | 0 | 0 | 1 | 0 | 0 | 0 | 0 | 0 | 0 | 0 | 0 | 0 | 0 | 0 | 0 | 0 | 0 | 0 | 0 | 0 | 0 | 0 | 0 | 0 | 0 | 0 | 0 | 0 | 0 | 0 | 0 | 0 | 0 | 0 | 2 | 0 | 1 | 0 | 0 | 0 | 0 | 0 | 0 | 0 | 0 | 0 | 0 | 0 | 0 | 0 | 2 | 0 | 0 | 0 | 0 | 0 | 0 | 0 | 0 | 0 | 0 |
 62 | Marley, Mark Scott | THE UNIVERSITY OF ARIZONA. | 1990 | male | 3 | 19 | 2015 | 7 | 180 | 2017 | 0 | 0 | 0 | 1 | 0 | 2 | 1 | 0 | 1 | 1 | 1 | 1 | 0 | 0 | 3 | 0 | 0 | 1 | 0 | 0 | 0 | 0 | 2 | 0 | 1 | 1 | 1 | 1 | 2 | 1 | 1 | 0 | 0 | 1 | 1 | 1 | 1 | 3 | 1 | 0 | 1 | 1 | 4 | 2 | 3 | 3 | 5 | 6 | 4 | 3 | 1 | 3 | 3 | 5 | 11 | 13 | 9 | 9 | 8 | 8 | 9 | 18 | 14 | 27 |
 63 | Newmark, Jeffrey Scott | THE PENNSYLVANIA STATE UNIVERSITY. | 1990 | male | 2 | 0 | 1990 | 2 | 25 | 2011 | 0 | 0 | 0 | 0 | 0 | 2 | 0 | 0 | 0 | 0 | 0 | 0 | 0 | 0 | 0 | 0 | 0 | 0 | 0 | 0 | 0 | 0 | 0 | 0 | 0 | 0 | 0 | 0 | 0 | 0 | 0 | 0 | 0 | 0 | 0 | 0 | 0 | 2 | 0 | 0 | 0 | 0 | 0 | 0 | 2 | 3 | 2 | 1 | 2 | 5 | 0 | 0 | 3 | 0 | 0 | 4 | 2 | 0 | 1 | 0 | 0 | 0 | 0 | 0 |
 76 | Karkoschka, Erich | THE UNIVERSITY OF ARIZONA. | 1990 | male | 1 | 27 | 2016 | 2 | 51 | 2016 | 0 | 0 | 0 | 0 | 0 | 1 | 0 | 2 | 1 | 1 | 0 | 0 | 2 | 2 | 0 | 0 | 4 | 0 | 1 | 0 | 1 | 0 | 1 | 0 | 2 | 1 | 3 | 1 | 0 | 0 | 1 | 4 | 0 | 1 | 0 | 0 | 0 | 1 | 0 | 2 | 2 | 1 | 3 | 0 | 3 | 2 | 0 | 1 | 5 | 0 | 1 | 0 | 2 | 1 | 3 | 6 | 4 | 2 | 3 | 3 | 0 | 1 | 1 | 5 |
 78 | Koo, Bon-Chul | UNIVERSITY OF CALIFORNIA, BERKELEY. | 1990 | male | 7 | 31 | 2016 | 11 | 121 | 2017 | 0 | 0 | 0 | 2 | 1 | 4 | 1 | 3 | 1 | 1 | 2 | 2 | 3 | 0 | 2 | 0 | 1 | 1 | 1 | 2 | 1 | 1 | 2 | 1 | 0 | 1 | 1 | 1 | 1 | 0 | 0 | 2 | 0 | 1 | 0 | 4 | 1 | 5 | 2 | 3 | 2 | 3 | 2 | 9 | 6 | 0 | 4 | 1 | 2 | 4 | 2 | 5 | 1 | 3 | 8 | 7 | 7 | 7 | 6 | 9 | 11 | 3 | 8 | 5 |
 80 | Bouaoudia, Samir | UNIVERSITY OF CALIFORNIA, BERKELEY. | 1990 | male | 1 | 0 | 1990 | 1 | 0 | 1990 | 0 | 0 | 0 | 0 | 0 | 1 | 0 | 0 | 0 | 0 | 0 | 0 | 0 | 0 | 0 | 0 | 0 | 0 | 0 | 0 | 0 | 0 | 0 | 0 | 0 | 0 | 0 | 0 | 0 | 0 | 0 | 0 | 0 | 0 | 0 | 0 | 0 | 1 | 0 | 0 | 0 | 0 | 0 | 0 | 0 | 0 | 0 | 0 | 0 | 0 | 0 | 0 | 0 | 0 | 0 | 0 | 0 | 0 | 0 | 0 | 0 | 0 | 0 | 0 |
 81 | Boggs, Donald Reese | UNIVERSITY OF WASHINGTON. | 1990 | male | 1 | 0 | 1990 | 1 | 0 | 1990 | 0 | 0 | 0 | 0 | 0 | 1 | 0 | 0 | 0 | 0 | 0 | 0 | 0 | 0 | 0 | 0 | 0 | 0 | 0 | 0 | 0 | 0 | 0 | 0 | 0 | 0 | 0 | 0 | 0 | 0 | 0 | 0 | 0 | 0 | 0 | 0 | 0 | 1 | 0 | 0 | 0 | 0 | 0 | 0 | 0 | 0 | 0 | 0 | 0 | 0 | 0 | 0 | 0 | 0 | 0 | 0 | 0 | 0 | 0 | 0 | 0 | 0 | 0 | 0 |
 97 | Ferguson, Henry Closson | THE JOHNS HOPKINS UNIVERSITY. | 1990 | male | 6 | 16 | 2004 | 6 | 332 | 2017 | 0 | 0 | 0 | 1 | 3 | 2 | 2 | 1 | 2 | 1 | 2 | 0 | 1 | 3 | 1 | 1 | 0 | 1 | 0 | 1 | 0 | 0 | 0 | 0 | 0 | 0 | 0 | 0 | 0 | 0 | 0 | 0 | 0 | 0 | 0 | 1 | 3 | 2 | 7 | 9 | 3 | 4 | 9 | 9 | 2 | 13 | 6 | 12 | 4 | 2 | 9 | 26 | 14 | 17 | 15 | 5 | 11 | 12 | 20 | 24 | 22 | 31 | 25 | 11 |
 102 | Budge, Kent Grimmett | CALIFORNIA INSTITUTE OF TECHNOLOGY. | 1990 | male | 2 | 0 | 1990 | 7 | 0 | 1990 | 0 | 0 | 1 | 0 | 0 | 1 | 0 | 0 | 0 | 0 | 0 | 0 | 0 | 0 | 0 | 0 | 0 | 0 | 0 | 0 | 0 | 0 | 0 | 0 | 0 | 0 | 0 | 0 | 0 | 0 | 0 | 0 | 1 | 0 | 1 | 3 | 1 | 1 | 0 | 0 | 0 | 0 | 0 | 0 | 0 | 0 | 0 | 0 | 0 | 0 | 0 | 0 | 0 | 0 | 0 | 0 | 0 | 0 | 0 | 0 | 0 | 0 | 0 | 0 |
 107 | Marcialis, Robert Louis | THE UNIVERSITY OF ARIZONA. | 1990 | male | 6 | 5 | 1997 | 11 | 19 | 2002 | 0 | 0 | 2 | 1 | 1 | 2 | 1 | 1 | 1 | 0 | 0 | 0 | 2 | 0 | 0 | 0 | 0 | 0 | 0 | 0 | 0 | 0 | 0 | 0 | 0 | 0 | 0 | 0 | 0 | 0 | 0 | 0 | 3 | 0 | 3 | 1 | 2 | 2 | 2 | 1 | 2 | 0 | 3 | 2 | 4 | 0 | 1 | 0 | 3 | 1 | 0 | 0 | 0 | 0 | 0 | 0 | 0 | 0 | 0 | 0 | 0 | 0 | 0 | 0 |
 109 | Sprague, Ann Louise | THE UNIVERSITY OF ARIZONA. | 1990 | female | 3 | 30 | 2012 | 4 | 90 | 2014 | 0 | 0 | 0 | 0 | 0 | 3 | 0 | 3 | 2 | 1 | 2 | 4 | 2 | 3 | 0 | 3 | 1 | 1 | 1 | 1 | 0 | 1 | 3 | 0 | 1 | 0 | 0 | 1 | 0 | 0 | 0 | 0 | 0 | 0 | 0 | 0 | 0 | 4 | 3 | 3 | 2 | 3 | 4 | 5 | 6 | 5 | 0 | 6 | 2 | 2 | 1 | 3 | 0 | 7 | 12 | 3 | 3 | 6 | 5 | 4 | 2 | 3 | 0 | 0 |
 113 | Quashnock, Jean Maurice | PRINCETON UNIVERSITY. | 1990 | male | 3 | 9 | 2000 | 5 | 26 | 2012 | 0 | 0 | 0 | 0 | 1 | 2 | 1 | 0 | 2 | 0 | 1 | 2 | 0 | 1 | 1 | 1 | 0 | 0 | 0 | 0 | 0 | 0 | 0 | 0 | 0 | 0 | 0 | 0 | 0 | 0 | 0 | 0 | 0 | 0 | 0 | 0 | 1 | 4 | 1 | 0 | 4 | 1 | 3 | 3 | 1 | 2 | 5 | 2 | 1 | 0 | 0 | 0 | 0 | 0 | 0 | 1 | 1 | 0 | 0 | 1 | 0 | 0 | 0 | 0 |
 114 | Steidel, Charles Colville | CALIFORNIA INSTITUTE OF TECHNOLOGY. | 1990 | male | 9 | 33 | 2016 | 17 | 213 | 2017 | 0 | 0 | 2 | 1 | 1 | 5 | 3 | 4 | 2 | 2 | 2 | 2 | 1 | 2 | 3 | 1 | 1 | 2 | 1 | 1 | 1 | 0 | 0 | 0 | 0 | 1 | 1 | 0 | 1 | 1 | 0 | 1 | 0 | 1 | 3 | 3 | 3 | 7 | 4 | 6 | 4 | 7 | 4 | 5 | 4 | 5 | 5 | 11 | 8 | 6 | 6 | 11 | 13 | 13 | 9 | 8 | 7 | 9 | 12 | 13 | 8 | 7 | 9 | 12 |
 122 | Carone, Timothy Edward | THE UNIVERSITY OF ARIZONA. | 1990 | male | 5 | 1 | 1996 | 7 | 18 | 1997 | 0 | 0 | 2 | 2 | 0 | 1 | 0 | 0 | 0 | 0 | 0 | 1 | 0 | 0 | 0 | 0 | 0 | 0 | 0 | 0 | 0 | 0 | 0 | 0 | 0 | 0 | 0 | 0 | 0 | 0 | 0 | 0 | 0 | 0 | 3 | 3 | 0 | 1 | 3 | 0 | 5 | 1 | 3 | 4 | 2 | 0 | 0 | 0 | 0 | 0 | 0 | 0 | 0 | 0 | 0 | 0 | 0 | 0 | 0 | 0 | 0 | 0 | 0 | 0 |
 126 | Hurwitz, Mark Viglino | UNIVERSITY OF CALIFORNIA, BERKELEY. | 1990 | male | 3 | 14 | 2005 | 4 | 47 | 2014 | 1 | 1 | 0 | 0 | 0 | 1 | 2 | 0 | 0 | 1 | 3 | 1 | 2 | 4 | 0 | 0 | 0 | 0 | 0 | 0 | 1 | 0 | 0 | 0 | 0 | 0 | 0 | 0 | 0 | 0 | 0 | 0 | 1 | 1 | 0 | 0 | 0 | 2 | 3 | 1 | 0 | 1 | 7 | 3 | 3 | 11 | 1 | 2 | 2 | 4 | 0 | 0 | 1 | 1 | 0 | 0 | 0 | 2 | 0 | 3 | 0 | 2 | 0 | 0 |
 135 | Netzer, Nathan | PRINCETON UNIVERSITY. | 1990 | male | 3 | 3 | 2007 | 3 | 3 | 2007 | 0 | 0 | 1 | 0 | 1 | 1 | 0 | 0 | 2 | 0 | 0 | 0 | 0 | 0 | 0 | 0 | 0 | 0 | 0 | 0 | 0 | 0 | 1 | 0 | 0 | 0 | 0 | 0 | 0 | 0 | 0 | 0 | 0 | 0 | 1 | 0 | 1 | 1 | 0 | 0 | 2 | 0 | 0 | 0 | 0 | 0 | 0 | 0 | 0 | 0 | 0 | 0 | 0 | 0 | 1 | 0 | 0 | 0 | 0 | 0 | 0 | 0 | 0 | 0 |
 152 | Braham, Stephen Paul | THE PENNSYLVANIA STATE UNIVERSITY. | 1990 | male | 2 | 4 | 1998 | 2 | 8 | 2010 | 0 | 0 | 0 | 0 | 0 | 2 | 0 | 0 | 1 | 1 | 1 | 0 | 0 | 1 | 0 | 0 | 0 | 0 | 0 | 0 | 0 | 0 | 0 | 0 | 0 | 0 | 0 | 0 | 0 | 0 | 0 | 0 | 0 | 0 | 0 | 0 | 0 | 2 | 0 | 0 | 1 | 1 | 1 | 0 | 0 | 1 | 0 | 0 | 0 | 0 | 1 | 0 | 0 | 1 | 0 | 0 | 1 | 1 | 0 | 0 | 0 | 0 | 0 | 0 |
 155 | Ma, Chung-Chun | Princeton Univ., NJ. | 1990 | male | 7 | 7 | 2009 | 12 | 40 | 2015 | 0 | 1 | 0 | 0 | 3 | 3 | 0 | 0 | 0 | 0 | 0 | 0 | 3 | 1 | 1 | 1 | 0 | 0 | 0 | 0 | 0 | 0 | 0 | 0 | 1 | 0 | 0 | 0 | 0 | 0 | 0 | 0 | 1 | 3 | 0 | 0 | 4 | 4 | 2 | 2 | 0 | 4 | 2 | 1 | 5 | 1 | 1 | 2 | 0 | 4 | 3 | 3 | 2 | 1 | 0 | 0 | 1 | 3 | 0 | 0 | 1 | 0 | 2 | 0 |
 163 | Duvall, Robert Eugene | PRINCETON UNIVERSITY. | 1990 | male | 1 | 0 | 1990 | 1 | 0 | 1990 | 0 | 0 | 0 | 0 | 0 | 1 | 0 | 0 | 0 | 0 | 0 | 0 | 0 | 0 | 0 | 0 | 0 | 0 | 0 | 0 | 0 | 0 | 0 | 0 | 0 | 0 | 0 | 0 | 0 | 0 | 0 | 0 | 0 | 0 | 0 | 0 | 0 | 1 | 0 | 0 | 0 | 0 | 0 | 0 | 0 | 0 | 0 | 0 | 0 | 0 | 0 | 0 | 0 | 0 | 0 | 0 | 0 | 0 | 0 | 0 | 0 | 0 | 0 | 0 |
 167 | Chuck, Chen | UNIVERSITY OF WASHINGTON. | 1990 | male | 1 | 0 | 1990 | 1 | 0 | 1990 | 0 | 0 | 0 | 0 | 0 | 1 | 0 | 0 | 0 | 0 | 0 | 0 | 0 | 0 | 0 | 0 | 0 | 0 | 0 | 0 | 0 | 0 | 0 | 0 | 0 | 0 | 0 | 0 | 0 | 0 | 0 | 0 | 0 | 0 | 0 | 0 | 0 | 1 | 0 | 0 | 0 | 0 | 0 | 0 | 0 | 0 | 0 | 0 | 0 | 0 | 0 | 0 | 0 | 0 | 0 | 0 | 0 | 0 | 0 | 0 | 0 | 0 | 0 | 0 |
 170 | Linteris, Gregory Thomas | PRINCETON UNIVERSITY. | 1990 | male | 1 | 0 | 1990 | 1 | 0 | 1990 | 0 | 0 | 0 | 0 | 0 | 1 | 0 | 0 | 0 | 0 | 0 | 0 | 0 | 0 | 0 | 0 | 0 | 0 | 0 | 0 | 0 | 0 | 0 | 0 | 0 | 0 | 0 | 0 | 0 | 0 | 0 | 0 | 0 | 0 | 0 | 0 | 0 | 1 | 0 | 0 | 0 | 0 | 0 | 0 | 0 | 0 | 0 | 0 | 0 | 0 | 0 | 0 | 0 | 0 | 0 | 0 | 0 | 0 | 0 | 0 | 0 | 0 | 0 | 0 |
 181 | Kushner, David S. | PRINCETON UNIVERSITY. | 1990 | male | 2 | 1 | 1993 | 2 | 1 | 1993 | 0 | 0 | 0 | 0 | 1 | 1 | 0 | 0 | 1 | 0 | 0 | 0 | 0 | 0 | 0 | 0 | 0 | 0 | 0 | 0 | 0 | 0 | 0 | 0 | 0 | 0 | 0 | 0 | 0 | 0 | 0 | 0 | 0 | 0 | 0 | 0 | 1 | 1 | 0 | 0 | 1 | 0 | 0 | 0 | 0 | 0 | 0 | 0 | 0 | 0 | 0 | 0 | 0 | 0 | 0 | 0 | 0 | 0 | 0 | 0 | 0 | 0 | 0 | 0 |
 183 | Brigham, Cheryl A. | CALIFORNIA INSTITUTE OF TECHNOLOGY. | 1990 | female | 3 | 0 | 1990 | 4 | 0 | 1990 | 0 | 1 | 0 | 1 | 0 | 1 | 0 | 0 | 0 | 0 | 0 | 0 | 0 | 0 | 0 | 0 | 0 | 0 | 0 | 0 | 0 | 0 | 0 | 0 | 0 | 0 | 0 | 0 | 0 | 0 | 0 | 0 | 0 | 1 | 0 | 1 | 1 | 1 | 0 | 0 | 0 | 0 | 0 | 0 | 0 | 0 | 0 | 0 | 0 | 0 | 0 | 0 | 0 | 0 | 0 | 0 | 0 | 0 | 0 | 0 | 0 | 0 | 0 | 0 |
 186 | Cooksy, Andrew Lloyd | UNIVERSITY OF CALIFORNIA, BERKELEY. | 1990 | male | 3 | 2 | 2015 | 6 | 5 | 2015 | 0 | 2 | 0 | 0 | 0 | 1 | 0 | 1 | 0 | 0 | 0 | 0 | 0 | 0 | 0 | 0 | 0 | 0 | 0 | 0 | 0 | 0 | 0 | 0 | 0 | 0 | 0 | 0 | 0 | 0 | 1 | 0 | 0 | 2 | 0 | 0 | 1 | 3 | 0 | 1 | 0 | 1 | 0 | 1 | 0 | 0 | 0 | 0 | 0 | 0 | 1 | 0 | 0 | 0 | 0 | 0 | 0 | 0 | 0 | 0 | 0 | 0 | 1 | 0 |
 198 | Thome, Kurtis John | THE UNIVERSITY OF ARIZONA. | 1990 | male | 1 | 2 | 1998 | 1 | 6 | 2003 | 0 | 0 | 0 | 0 | 0 | 1 | 0 | 0 | 0 | 1 | 0 | 0 | 0 | 1 | 0 | 0 | 0 | 0 | 0 | 0 | 0 | 0 | 0 | 0 | 0 | 0 | 0 | 0 | 0 | 0 | 0 | 0 | 0 | 0 | 0 | 0 | 0 | 1 | 0 | 0 | 0 | 2 | 0 | 0 | 0 | 1 | 0 | 0 | 0 | 1 | 2 | 0 | 0 | 0 | 0 | 0 | 0 | 0 | 0 | 0 | 0 | 0 | 0 | 0 |
 199 | Powell, James Alan | THE UNIVERSITY OF ARIZONA. | 1990 | male | 1 | 3 | 2005 | 1 | 59 | 2017 | 0 | 0 | 0 | 0 | 0 | 1 | 0 | 0 | 0 | 0 | 0 | 0 | 1 | 0 | 0 | 0 | 1 | 0 | 0 | 0 | 1 | 0 | 0 | 0 | 0 | 0 | 0 | 0 | 0 | 0 | 0 | 0 | 0 | 0 | 0 | 0 | 0 | 1 | 0 | 0 | 0 | 1 | 0 | 0 | 2 | 2 | 0 | 0 | 2 | 1 | 0 | 0 | 1 | 0 | 0 | 0 | 0 | 0 | 0 | 0 | 0 | 9 | 4 | 27 |
 200 | Saravanan, R. | PRINCETON UNIVERSITY. | 1990 | None | 1 | 1 | 1999 | 1 | 8 | 2017 | 0 | 0 | 0 | 0 | 0 | 1 | 0 | 0 | 0 | 0 | 0 | 0 | 0 | 0 | 1 | 0 | 0 | 0 | 0 | 0 | 0 | 0 | 0 | 0 | 0 | 0 | 0 | 0 | 0 | 0 | 0 | 0 | 0 | 0 | 0 | 0 | 0 | 1 | 0 | 0 | 0 | 0 | 0 | 0 | 0 | 0 | 3 | 0 | 0 | 0 | 1 | 0 | 1 | 0 | 1 | 0 | 1 | 0 | 0 | 0 | 0 | 0 | 0 | 0 |
 201 | Feltus, Madeline Anne | COLUMBIA UNIVERSITY. | 1990 | female | 1 | 0 | 1990 | 1 | 0 | 1990 | 0 | 0 | 0 | 0 | 0 | 1 | 0 | 0 | 0 | 0 | 0 | 0 | 0 | 0 | 0 | 0 | 0 | 0 | 0 | 0 | 0 | 0 | 0 | 0 | 0 | 0 | 0 | 0 | 0 | 0 | 0 | 0 | 0 | 0 | 0 | 0 | 0 | 1 | 0 | 0 | 0 | 0 | 0 | 0 | 0 | 0 | 0 | 0 | 0 | 0 | 0 | 0 | 0 | 0 | 0 | 0 | 0 | 0 | 0 | 0 | 0 | 0 | 0 | 0 |
 204 | Dabholkar, Atish | PRINCETON UNIVERSITY. | 1990 | male | 2 | 11 | 2016 | 2 | 13 | 2016 | 0 | 0 | 0 | 0 | 0 | 2 | 0 | 0 | 0 | 0 | 2 | 1 | 1 | 0 | 1 | 0 | 0 | 1 | 0 | 1 | 1 | 2 | 0 | 0 | 0 | 0 | 0 | 0 | 0 | 0 | 0 | 1 | 0 | 0 | 0 | 0 | 0 | 2 | 0 | 1 | 0 | 0 | 2 | 1 | 1 | 0 | 1 | 0 | 0 | 1 | 0 | 1 | 1 | 2 | 0 | 0 | 0 | 0 | 0 | 0 | 0 | 0 | 0 | 2 |
 207 | Sousounis, Peter John | Pennsylvania State University, University Park. | 1990 | male | 1 | 0 | 1990 | 1 | 0 | 1990 | 0 | 0 | 0 | 0 | 0 | 1 | 0 | 0 | 0 | 0 | 0 | 0 | 0 | 0 | 0 | 0 | 0 | 0 | 0 | 0 | 0 | 0 | 0 | 0 | 0 | 0 | 0 | 0 | 0 | 0 | 0 | 0 | 0 | 0 | 0 | 0 | 0 | 1 | 0 | 0 | 0 | 0 | 0 | 0 | 0 | 0 | 0 | 0 | 0 | 0 | 0 | 0 | 0 | 0 | 0 | 0 | 0 | 0 | 0 | 0 | 0 | 0 | 0 | 0 |
 211 | Miller, Michael Coleman | CALIFORNIA INSTITUTE OF TECHNOLOGY. | 1990 | male | 1 | 53 | 2016 | 2 | 161 | 2017 | 0 | 0 | 0 | 0 | 0 | 1 | 1 | 1 | 2 | 1 | 2 | 1 | 0 | 4 | 4 | 4 | 3 | 4 | 1 | 3 | 3 | 2 | 0 | 0 | 3 | 1 | 1 | 1 | 2 | 1 | 4 | 4 | 0 | 0 | 0 | 0 | 0 | 2 | 1 | 1 | 3 | 4 | 3 | 1 | 3 | 5 | 10 | 7 | 5 | 5 | 1 | 7 | 6 | 13 | 8 | 10 | 15 | 10 | 8 | 5 | 7 | 5 | 7 | 10 |
 212 | Cen, Renyue | PRINCETON UNIVERSITY. | 1990 | male | 2 | 82 | 2017 | 2 | 215 | 2017 | 0 | 0 | 0 | 0 | 0 | 2 | 1 | 5 | 5 | 7 | 1 | 0 | 4 | 5 | 5 | 3 | 5 | 2 | 4 | 0 | 4 | 4 | 1 | 1 | 1 | 1 | 3 | 3 | 2 | 8 | 4 | 0 | 0 | 0 | 0 | 0 | 0 | 2 | 1 | 8 | 11 | 14 | 6 | 5 | 10 | 7 | 10 | 9 | 11 | 5 | 9 | 4 | 13 | 9 | 6 | 8 | 4 | 4 | 9 | 7 | 8 | 13 | 13 | 6 |
 213 | Meinhold, Peter Russell | UNIVERSITY OF CALIFORNIA, BERKELEY. | 1990 | male | 1 | 5 | 2009 | 1 | 131 | 2016 | 0 | 0 | 0 | 0 | 0 | 1 | 1 | 0 | 2 | 0 | 0 | 0 | 0 | 0 | 0 | 0 | 0 | 0 | 0 | 0 | 1 | 0 | 0 | 0 | 1 | 0 | 0 | 0 | 0 | 0 | 0 | 0 | 0 | 0 | 0 | 0 | 0 | 1 | 3 | 3 | 6 | 4 | 3 | 2 | 0 | 0 | 0 | 3 | 0 | 1 | 1 | 0 | 5 | 3 | 0 | 1 | 12 | 7 | 15 | 1 | 6 | 21 | 4 | 30 |
 214 | Harley, Thomas Randall | Princeton Univ., NJ. | 1990 | male | 2 | 0 | 1990 | 2 | 0 | 1990 | 0 | 0 | 0 | 0 | 0 | 2 | 0 | 0 | 0 | 0 | 0 | 0 | 0 | 0 | 0 | 0 | 0 | 0 | 0 | 0 | 0 | 0 | 0 | 0 | 0 | 0 | 0 | 0 | 0 | 0 | 0 | 0 | 0 | 0 | 0 | 0 | 0 | 2 | 0 | 0 | 0 | 0 | 0 | 0 | 0 | 0 | 0 | 0 | 0 | 0 | 0 | 0 | 0 | 0 | 0 | 0 | 0 | 0 | 0 | 0 | 0 | 0 | 0 | 0 |
 223 | Chambers, Kenneth Carter | THE JOHNS HOPKINS UNIVERSITY. | 1990 | male | 7 | 8 | 2008 | 8 | 161 | 2017 | 0 | 0 | 1 | 2 | 0 | 4 | 1 | 0 | 0 | 0 | 0 | 2 | 0 | 0 | 0 | 0 | 0 | 0 | 1 | 0 | 1 | 2 | 0 | 1 | 0 | 0 | 0 | 0 | 0 | 0 | 0 | 0 | 0 | 0 | 1 | 3 | 0 | 4 | 3 | 3 | 2 | 2 | 1 | 3 | 4 | 1 | 0 | 0 | 0 | 1 | 1 | 2 | 1 | 2 | 3 | 2 | 1 | 3 | 4 | 10 | 23 | 26 | 30 | 27 |
 227 | Foster, Roger Sherman, III | UNIVERSITY OF CALIFORNIA, BERKELEY. | 1990 | male | 5 | 6 | 1996 | 7 | 36 | 2011 | 0 | 0 | 0 | 1 | 0 | 4 | 1 | 0 | 1 | 1 | 1 | 2 | 0 | 0 | 0 | 0 | 0 | 0 | 0 | 0 | 0 | 0 | 0 | 0 | 0 | 0 | 0 | 0 | 0 | 0 | 0 | 0 | 0 | 0 | 0 | 3 | 0 | 4 | 1 | 1 | 3 | 2 | 6 | 6 | 6 | 1 | 5 | 2 | 1 | 0 | 0 | 0 | 0 | 0 | 0 | 0 | 0 | 1 | 1 | 0 | 0 | 0 | 0 | 0 |
 232 | Paschali, Paschalis George | THE PENNSYLVANIA STATE UNIVERSITY. | 1990 | male | 1 | 0 | 1990 | 1 | 0 | 1990 | 0 | 0 | 0 | 0 | 0 | 1 | 0 | 0 | 0 | 0 | 0 | 0 | 0 | 0 | 0 | 0 | 0 | 0 | 0 | 0 | 0 | 0 | 0 | 0 | 0 | 0 | 0 | 0 | 0 | 0 | 0 | 0 | 0 | 0 | 0 | 0 | 0 | 1 | 0 | 0 | 0 | 0 | 0 | 0 | 0 | 0 | 0 | 0 | 0 | 0 | 0 | 0 | 0 | 0 | 0 | 0 | 0 | 0 | 0 | 0 | 0 | 0 | 0 | 0 |
 233 | Lundgren, Mark Andrew | THE UNIVERSITY OF ARIZONA. | 1990 | male | 1 | 2 | 1997 | 1 | 3 | 1997 | 0 | 0 | 0 | 0 | 0 | 1 | 1 | 0 | 0 | 0 | 0 | 0 | 1 | 0 | 0 | 0 | 0 | 0 | 0 | 0 | 0 | 0 | 0 | 0 | 0 | 0 | 0 | 0 | 0 | 0 | 0 | 0 | 0 | 0 | 0 | 0 | 0 | 1 | 1 | 1 | 0 | 0 | 0 | 0 | 1 | 0 | 0 | 0 | 0 | 0 | 0 | 0 | 0 | 0 | 0 | 0 | 0 | 0 | 0 | 0 | 0 | 0 | 0 | 0 |
 241 | Huang, Chunsheng | THE UNIVERSITY OF ARIZONA. | 1990 | male | 16 | 50 | 2016 | 29 | 142 | 2017 | 0 | 4 | 6 | 0 | 3 | 3 | 2 | 2 | 0 | 3 | 0 | 2 | 1 | 2 | 2 | 1 | 7 | 1 | 3 | 0 | 4 | 1 | 5 | 5 | 3 | 1 | 0 | 0 | 1 | 1 | 2 | 1 | 2 | 4 | 6 | 6 | 6 | 5 | 4 | 6 | 2 | 6 | 2 | 4 | 3 | 9 | 5 | 3 | 10 | 2 | 12 | 5 | 8 | 6 | 12 | 6 | 5 | 2 | 1 | 3 | 3 | 5 | 7 | 9 |
 264 | Zoonematkermani, Saeid | COLUMBIA UNIVERSITY. | 1990 | male | 2 | 0 | 1990 | 4 | 2 | 1994 | 0 | 0 | 0 | 0 | 0 | 2 | 0 | 0 | 0 | 0 | 0 | 0 | 0 | 0 | 0 | 0 | 0 | 0 | 0 | 0 | 0 | 0 | 0 | 0 | 0 | 0 | 0 | 0 | 0 | 0 | 0 | 0 | 0 | 0 | 0 | 0 | 1 | 3 | 0 | 1 | 0 | 1 | 0 | 0 | 0 | 0 | 0 | 0 | 0 | 0 | 0 | 0 | 0 | 0 | 0 | 0 | 0 | 0 | 0 | 0 | 0 | 0 | 0 | 0 |
 266 | Canzian, Blaise Joseph | CALIFORNIA INSTITUTE OF TECHNOLOGY. | 1990 | male | 2 | 5 | 1998 | 4 | 26 | 2016 | 0 | 0 | 0 | 1 | 0 | 1 | 0 | 0 | 3 | 0 | 0 | 0 | 1 | 1 | 0 | 0 | 0 | 0 | 0 | 0 | 0 | 0 | 0 | 0 | 0 | 0 | 0 | 0 | 0 | 0 | 0 | 0 | 1 | 1 | 0 | 1 | 0 | 1 | 0 | 0 | 4 | 0 | 0 | 1 | 1 | 1 | 0 | 2 | 1 | 2 | 3 | 6 | 0 | 0 | 1 | 2 | 0 | 0 | 0 | 0 | 1 | 0 | 0 | 1 |
 268 | Myers, Steven Theodore | CALIFORNIA INSTITUTE OF TECHNOLOGY. | 1990 | male | 4 | 10 | 2012 | 8 | 78 | 2016 | 1 | 0 | 1 | 0 | 1 | 1 | 1 | 0 | 1 | 0 | 1 | 0 | 1 | 0 | 2 | 0 | 0 | 0 | 2 | 0 | 0 | 1 | 0 | 0 | 0 | 0 | 0 | 1 | 0 | 0 | 0 | 0 | 1 | 3 | 1 | 0 | 2 | 1 | 2 | 0 | 3 | 1 | 5 | 3 | 3 | 2 | 7 | 7 | 4 | 3 | 8 | 3 | 6 | 3 | 5 | 2 | 3 | 0 | 1 | 1 | 1 | 1 | 1 | 3 |
 269 | Lee, Myung Gyoon | UNIVERSITY OF WASHINGTON. | 1990 | male | 4 | 64 | 2017 | 12 | 220 | 2017 | 1 | 0 | 0 | 2 | 0 | 1 | 0 | 1 | 6 | 0 | 5 | 3 | 2 | 1 | 2 | 3 | 0 | 1 | 3 | 0 | 2 | 2 | 2 | 6 | 2 | 5 | 2 | 4 | 1 | 3 | 2 | 3 | 1 | 0 | 1 | 5 | 2 | 3 | 0 | 1 | 8 | 3 | 6 | 13 | 4 | 2 | 5 | 5 | 10 | 10 | 8 | 4 | 4 | 8 | 13 | 18 | 12 | 20 | 7 | 15 | 7 | 7 | 13 | 8 |
 271 | Sasseen, Timothy Paul | UNIVERSITY OF CALIFORNIA, BERKELEY. | 1990 | male | 1 | 5 | 2006 | 3 | 40 | 2006 | 0 | 0 | 0 | 0 | 0 | 1 | 0 | 0 | 1 | 0 | 1 | 1 | 0 | 0 | 0 | 0 | 0 | 1 | 0 | 0 | 0 | 1 | 0 | 0 | 0 | 0 | 0 | 0 | 0 | 0 | 0 | 0 | 0 | 0 | 0 | 0 | 2 | 1 | 0 | 1 | 4 | 2 | 5 | 1 | 4 | 2 | 0 | 0 | 5 | 2 | 5 | 2 | 5 | 2 | 0 | 0 | 0 | 0 | 0 | 0 | 0 | 0 | 0 | 0 |
 273 | Zhang, Xiao-He. | CALIFORNIA INSTITUTE OF TECHNOLOGY. | 1990 | male | 6 | 48 | 2017 | 9 | 232 | 2017 | 1 | 1 | 0 | 0 | 2 | 2 | 1 | 1 | 3 | 3 | 1 | 1 | 2 | 1 | 0 | 1 | 0 | 0 | 3 | 1 | 0 | 0 | 2 | 3 | 4 | 2 | 2 | 1 | 5 | 1 | 3 | 6 | 2 | 2 | 0 | 0 | 2 | 3 | 3 | 3 | 9 | 8 | 3 | 3 | 9 | 7 | 10 | 4 | 4 | 3 | 8 | 6 | 3 | 4 | 14 | 14 | 12 | 12 | 10 | 15 | 15 | 19 | 12 | 16 |
 274 | Alexander, Stephen George | THE PENNSYLVANIA STATE UNIVERSITY. | 1990 | male | 3 | 7 | 2017 | 4 | 9 | 2017 | 0 | 0 | 0 | 0 | 2 | 1 | 2 | 0 | 0 | 0 | 0 | 1 | 0 | 1 | 0 | 1 | 0 | 0 | 0 | 0 | 0 | 0 | 0 | 0 | 0 | 0 | 1 | 0 | 0 | 0 | 0 | 0 | 1 | 0 | 0 | 0 | 2 | 1 | 3 | 0 | 0 | 0 | 0 | 1 | 0 | 1 | 0 | 1 | 0 | 0 | 0 | 0 | 0 | 0 | 0 | 0 | 0 | 0 | 1 | 0 | 1 | 0 | 0 | 0 |
 282 | Wu, Xiaoyi | COLUMBIA UNIVERSITY. | 1990 | male | 10 | 37 | 2015 | 18 | 178 | 2016 | 1 | 1 | 0 | 0 | 4 | 4 | 1 | 3 | 2 | 2 | 4 | 2 | 3 | 1 | 1 | 2 | 0 | 2 | 1 | 4 | 2 | 2 | 1 | 0 | 0 | 1 | 1 | 0 | 0 | 1 | 1 | 0 | 2 | 2 | 1 | 1 | 6 | 6 | 7 | 5 | 6 | 9 | 10 | 3 | 6 | 4 | 2 | 5 | 4 | 4 | 8 | 16 | 11 | 10 | 4 | 6 | 5 | 10 | 7 | 7 | 3 | 8 | 10 | 8 |
 290 | Wang, Qingde | COLUMBIA UNIVERSITY. | 1990 | None | 8 | 59 | 2016 | 12 | 236 | 2017 | 1 | 0 | 0 | 2 | 4 | 1 | 7 | 3 | 4 | 0 | 3 | 1 | 3 | 3 | 3 | 0 | 2 | 3 | 1 | 3 | 2 | 3 | 0 | 1 | 1 | 2 | 2 | 4 | 2 | 4 | 0 | 2 | 2 | 1 | 0 | 2 | 5 | 2 | 8 | 4 | 5 | 1 | 6 | 3 | 4 | 5 | 5 | 1 | 6 | 11 | 8 | 7 | 13 | 15 | 9 | 13 | 13 | 13 | 15 | 14 | 13 | 14 | 14 | 11 |
 293 | Sassi, Mohamed | UNIVERSITY OF CALIFORNIA, BERKELEY. | 1990 | male | 1 | 1 | 2013 | 1 | 2 | 2013 | 0 | 0 | 0 | 0 | 0 | 1 | 0 | 0 | 0 | 0 | 0 | 0 | 0 | 0 | 0 | 0 | 0 | 0 | 0 | 0 | 0 | 0 | 0 | 0 | 0 | 0 | 0 | 0 | 1 | 0 | 0 | 0 | 0 | 0 | 0 | 0 | 0 | 1 | 0 | 0 | 0 | 0 | 0 | 0 | 0 | 0 | 0 | 0 | 0 | 0 | 0 | 0 | 0 | 0 | 0 | 0 | 0 | 0 | 1 | 0 | 1 | 0 | 0 | 0 |
 300 | Sirota, Jacobo Marcos | UNIVERSITY OF WASHINGTON. | 1990 | male | 1 | 4 | 2005 | 1 | 9 | 2005 | 0 | 0 | 0 | 0 | 0 | 1 | 0 | 0 | 2 | 0 | 0 | 0 | 1 | 0 | 0 | 0 | 0 | 0 | 0 | 0 | 1 | 0 | 0 | 0 | 0 | 0 | 0 | 0 | 0 | 0 | 0 | 0 | 0 | 0 | 0 | 0 | 0 | 1 | 0 | 0 | 3 | 1 | 1 | 0 | 1 | 0 | 1 | 0 | 0 | 0 | 0 | 0 | 2 | 0 | 0 | 0 | 0 | 0 | 0 | 0 | 0 | 0 | 0 | 0 |
 307 | Stern, Miklos | COLUMBIA UNIVERSITY. | 1990 | male | 1 | 0 | 1990 | 2 | 15 | 2007 | 0 | 0 | 0 | 0 | 0 | 1 | 0 | 0 | 0 | 0 | 0 | 0 | 0 | 0 | 0 | 0 | 0 | 0 | 0 | 0 | 0 | 0 | 0 | 0 | 0 | 0 | 0 | 0 | 0 | 0 | 0 | 0 | 0 | 0 | 0 | 0 | 1 | 1 | 0 | 0 | 0 | 0 | 0 | 0 | 0 | 0 | 0 | 1 | 2 | 4 | 1 | 1 | 4 | 0 | 2 | 0 | 0 | 0 | 0 | 0 | 0 | 0 | 0 | 0 |
 310 | Ma, Chung-Chun | PRINCETON UNIVERSITY. | 1990 | male | 7 | 7 | 2009 | 12 | 40 | 2015 | 0 | 1 | 0 | 0 | 3 | 3 | 0 | 0 | 0 | 0 | 0 | 0 | 3 | 1 | 1 | 1 | 0 | 0 | 0 | 0 | 0 | 0 | 0 | 0 | 1 | 0 | 0 | 0 | 0 | 0 | 0 | 0 | 1 | 3 | 0 | 0 | 4 | 4 | 2 | 2 | 0 | 4 | 2 | 1 | 5 | 1 | 1 | 2 | 0 | 4 | 3 | 3 | 2 | 1 | 0 | 0 | 1 | 3 | 0 | 0 | 1 | 0 | 2 | 0 |
 311 | Brahm, David Ernest | UNIVERSITY OF CALIFORNIA, BERKELEY. | 1990 | male | 3 | 2 | 1994 | 3 | 6 | 1995 | 0 | 0 | 0 | 0 | 0 | 3 | 0 | 1 | 0 | 1 | 0 | 0 | 0 | 0 | 0 | 0 | 0 | 0 | 0 | 0 | 0 | 0 | 0 | 0 | 0 | 0 | 0 | 0 | 0 | 0 | 0 | 0 | 0 | 0 | 0 | 0 | 0 | 3 | 0 | 1 | 3 | 1 | 1 | 0 | 0 | 0 | 0 | 0 | 0 | 0 | 0 | 0 | 0 | 0 | 0 | 0 | 0 | 0 | 0 | 0 | 0 | 0 | 0 | 0 |
 312 | Wilson, Christine Diana | CALIFORNIA INSTITUTE OF TECHNOLOGY. | 1990 | female | 10 | 42 | 2014 | 26 | 264 | 2017 | 1 | 0 | 3 | 1 | 2 | 3 | 5 | 4 | 2 | 3 | 3 | 4 | 2 | 3 | 2 | 1 | 0 | 0 | 2 | 0 | 1 | 1 | 2 | 2 | 1 | 0 | 1 | 1 | 1 | 1 | 0 | 0 | 1 | 1 | 3 | 4 | 3 | 14 | 8 | 6 | 9 | 4 | 20 | 12 | 10 | 12 | 7 | 8 | 3 | 5 | 10 | 5 | 5 | 3 | 7 | 7 | 5 | 29 | 12 | 22 | 17 | 12 | 11 | 8 |
