n | name | university | phd_year | gender | fa_n_pubs_pre_phd | fa_n_pubs_prost_phd | fa_year_last | all_n_pubs_pre_phd | all_n_pubs_prost_phd | all_year_last |  fa_1977 | fa_1978 | fa_1979 | fa_1980 | fa_1981 | fa_1982 | fa_1983 | fa_1984 | fa_1985 | fa_1986 | fa_1987 | fa_1988 | fa_1989 | fa_1990 | fa_1991 | fa_1992 | fa_1993 | fa_1994 | fa_1995 | fa_1996 | fa_1997 | fa_1998 | fa_1999 | fa_2000 | fa_2001 | fa_2002 | fa_2003 | fa_2004 | fa_2005 | fa_2006 | fa_2007 | fa_2008 | fa_2009 | fa_2010 | fa_2011 | fa_2012 | fa_2013 | fa_2014 | fa_2015 | fa_2016 |  all_1977 | all_1978 | all_1979 | all_1980 | all_1981 | all_1982 | all_1983 | all_1984 | all_1985 | all_1986 | all_1987 | all_1988 | all_1989 | all_1990 | all_1991 | all_1992 | all_1993 | all_1994 | all_1995 | all_1996 | all_1997 | all_1998 | all_1999 | all_2000 | all_2001 | all_2002 | all_2003 | all_2004 | all_2005 | all_2006 | all_2007 | all_2008 | all_2009 | all_2010 | all_2011 | all_2012 | all_2013 | all_2014 | all_2015 | all_2016 | foo
1 | Siegfried, D. E. | Colorado State University, Fort Collins. | 1982 | None | 1 | 0 | 1982 | 1 | 0 | 1982 | 0 | 0 | 0 | 0 | 0 | 1 | 0 | 0 | 0 | 0 | 0 | 0 | 0 | 0 | 0 | 0 | 0 | 0 | 0 | 0 | 0 | 0 | 0 | 0 | 0 | 0 | 0 | 0 | 0 | 0 | 0 | 0 | 0 | 0 | 0 | 0 | 0 | 0 | 0 | 0 |  0 | 0 | 0 | 0 | 0 | 1 | 0 | 0 | 0 | 0 | 0 | 0 | 0 | 0 | 0 | 0 | 0 | 0 | 0 | 0 | 0 | 0 | 0 | 0 | 0 | 0 | 0 | 0 | 0 | 0 | 0 | 0 | 0 | 0 | 0 | 0 | 0 | 0 | 0 | 0 |
2 | Zanelli, Jorge | STATE UNIVERSITY OF NEW YORK AT STONY BROOK. | 1982 | male | 1 | 2 | 2012 | 1 | 58 | 2017 | 0 | 0 | 0 | 0 | 0 | 1 | 0 | 0 | 0 | 0 | 0 | 0 | 0 | 0 | 0 | 0 | 0 | 0 | 1 | 0 | 0 | 0 | 0 | 0 | 0 | 0 | 0 | 0 | 0 | 0 | 0 | 0 | 0 | 0 | 0 | 1 | 0 | 0 | 0 | 0 |  0 | 0 | 0 | 0 | 0 | 1 | 0 | 2 | 0 | 0 | 3 | 1 | 1 | 0 | 1 | 1 | 1 | 2 | 2 | 2 | 2 | 1 | 1 | 5 | 2 | 2 | 3 | 4 | 1 | 1 | 1 | 1 | 2 | 1 | 2 | 2 | 2 | 3 | 1 | 3 |
3 | Bosco, S. R. | National Aeronautics and Space Administration. Goddard Space Flight Center, Greenbelt, MD. | 1982 | None | 1 | 1 | 1983 | 1 | 1 | 1983 | 0 | 0 | 0 | 0 | 0 | 1 | 1 | 0 | 0 | 0 | 0 | 0 | 0 | 0 | 0 | 0 | 0 | 0 | 0 | 0 | 0 | 0 | 0 | 0 | 0 | 0 | 0 | 0 | 0 | 0 | 0 | 0 | 0 | 0 | 0 | 0 | 0 | 0 | 0 | 0 |  0 | 0 | 0 | 0 | 0 | 1 | 1 | 0 | 0 | 0 | 0 | 0 | 0 | 0 | 0 | 0 | 0 | 0 | 0 | 0 | 0 | 0 | 0 | 0 | 0 | 0 | 0 | 0 | 0 | 0 | 0 | 0 | 0 | 0 | 0 | 0 | 0 | 0 | 0 | 0 |
4 | Tennant, A. F. | National Aeronautics and Space Administration. Goddard Space Flight Center, Greenbelt, MD. | 1982 | None | 3 | 15 | 2006 | 4 | 71 | 2015 | 0 | 0 | 0 | 0 | 2 | 1 | 2 | 0 | 1 | 3 | 2 | 2 | 0 | 0 | 0 | 0 | 0 | 1 | 0 | 0 | 0 | 1 | 0 | 0 | 2 | 0 | 0 | 0 | 0 | 1 | 0 | 0 | 0 | 0 | 0 | 0 | 0 | 0 | 0 | 0 |  0 | 0 | 0 | 0 | 3 | 1 | 2 | 1 | 3 | 4 | 3 | 4 | 0 | 1 | 1 | 0 | 0 | 3 | 0 | 0 | 0 | 1 | 0 | 1 | 6 | 2 | 5 | 11 | 1 | 5 | 2 | 1 | 1 | 2 | 5 | 3 | 2 | 0 | 1 | 0 |
5 | McKamy, Jerry Neal | THE OHIO STATE UNIVERSITY. | 1982 | male | 1 | 0 | 1982 | 1 | 0 | 1982 | 0 | 0 | 0 | 0 | 0 | 1 | 0 | 0 | 0 | 0 | 0 | 0 | 0 | 0 | 0 | 0 | 0 | 0 | 0 | 0 | 0 | 0 | 0 | 0 | 0 | 0 | 0 | 0 | 0 | 0 | 0 | 0 | 0 | 0 | 0 | 0 | 0 | 0 | 0 | 0 |  0 | 0 | 0 | 0 | 0 | 1 | 0 | 0 | 0 | 0 | 0 | 0 | 0 | 0 | 0 | 0 | 0 | 0 | 0 | 0 | 0 | 0 | 0 | 0 | 0 | 0 | 0 | 0 | 0 | 0 | 0 | 0 | 0 | 0 | 0 | 0 | 0 | 0 | 0 | 0 |
6 | Cimino, Josephine Beatrice | CALIFORNIA INSTITUTE OF TECHNOLOGY. | 1982 | female | 3 | 0 | 1982 | 4 | 0 | 1982 | 0 | 0 | 1 | 1 | 0 | 1 | 0 | 0 | 0 | 0 | 0 | 0 | 0 | 0 | 0 | 0 | 0 | 0 | 0 | 0 | 0 | 0 | 0 | 0 | 0 | 0 | 0 | 0 | 0 | 0 | 0 | 0 | 0 | 0 | 0 | 0 | 0 | 0 | 0 | 0 |  0 | 0 | 1 | 1 | 0 | 2 | 0 | 0 | 0 | 0 | 0 | 0 | 0 | 0 | 0 | 0 | 0 | 0 | 0 | 0 | 0 | 0 | 0 | 0 | 0 | 0 | 0 | 0 | 0 | 0 | 0 | 0 | 0 | 0 | 0 | 0 | 0 | 0 | 0 | 0 |
7 | Rood, Richard Benton | THE FLORIDA STATE UNIVERSITY. | 1982 | male | 2 | 7 | 1992 | 2 | 23 | 2008 | 0 | 0 | 0 | 0 | 0 | 2 | 3 | 0 | 1 | 1 | 0 | 0 | 0 | 1 | 0 | 1 | 0 | 0 | 0 | 0 | 0 | 0 | 0 | 0 | 0 | 0 | 0 | 0 | 0 | 0 | 0 | 0 | 0 | 0 | 0 | 0 | 0 | 0 | 0 | 0 |  0 | 0 | 0 | 0 | 0 | 2 | 3 | 0 | 1 | 1 | 0 | 0 | 2 | 4 | 2 | 1 | 3 | 1 | 2 | 0 | 0 | 0 | 0 | 0 | 1 | 0 | 1 | 0 | 0 | 0 | 0 | 1 | 0 | 0 | 0 | 0 | 0 | 0 | 0 | 0 |
8 | Love, Geoff Bruce | COLORADO STATE UNIVERSITY. | 1982 | male | 1 | 0 | 1982 | 1 | 0 | 1982 | 0 | 0 | 0 | 0 | 0 | 1 | 0 | 0 | 0 | 0 | 0 | 0 | 0 | 0 | 0 | 0 | 0 | 0 | 0 | 0 | 0 | 0 | 0 | 0 | 0 | 0 | 0 | 0 | 0 | 0 | 0 | 0 | 0 | 0 | 0 | 0 | 0 | 0 | 0 | 0 |  0 | 0 | 0 | 0 | 0 | 1 | 0 | 0 | 0 | 0 | 0 | 0 | 0 | 0 | 0 | 0 | 0 | 0 | 0 | 0 | 0 | 0 | 0 | 0 | 0 | 0 | 0 | 0 | 0 | 0 | 0 | 0 | 0 | 0 | 0 | 0 | 0 | 0 | 0 | 0 |
9 | Cooperstein, Jerry | STATE UNIVERSITY OF NEW YORK AT STONY BROOK. | 1982 | male | 1 | 11 | 1993 | 1 | 25 | 1993 | 0 | 0 | 0 | 0 | 0 | 1 | 0 | 2 | 1 | 1 | 2 | 3 | 0 | 0 | 0 | 1 | 1 | 0 | 0 | 0 | 0 | 0 | 0 | 0 | 0 | 0 | 0 | 0 | 0 | 0 | 0 | 0 | 0 | 0 | 0 | 0 | 0 | 0 | 0 | 0 |  0 | 0 | 0 | 0 | 0 | 1 | 1 | 2 | 3 | 2 | 8 | 4 | 2 | 1 | 0 | 1 | 1 | 0 | 0 | 0 | 0 | 0 | 0 | 0 | 0 | 0 | 0 | 0 | 0 | 0 | 0 | 0 | 0 | 0 | 0 | 0 | 0 | 0 | 0 | 0 |
10 | Krauss, Lawrence Maxwell | MASSACHUSETTS INSTITUTE OF TECHNOLOGY. | 1982 | male | 2 | 89 | 2016 | 2 | 151 | 2016 | 0 | 0 | 0 | 0 | 0 | 2 | 3 | 3 | 5 | 5 | 1 | 3 | 3 | 5 | 2 | 9 | 3 | 1 | 3 | 1 | 2 | 3 | 5 | 4 | 1 | 0 | 5 | 3 | 1 | 0 | 4 | 4 | 0 | 3 | 1 | 0 | 1 | 4 | 0 | 1 |  0 | 0 | 0 | 0 | 0 | 2 | 3 | 4 | 6 | 5 | 4 | 3 | 6 | 7 | 2 | 11 | 5 | 3 | 6 | 3 | 3 | 6 | 10 | 6 | 4 | 1 | 7 | 5 | 1 | 1 | 6 | 7 | 1 | 4 | 3 | 1 | 5 | 6 | 2 | 4 |
11 | Greenfield, Perry Elmer | MASSACHUSETTS INSTITUTE OF TECHNOLOGY. | 1982 | male | 3 | 3 | 2016 | 11 | 34 | 2016 | 0 | 0 | 0 | 2 | 0 | 1 | 0 | 0 | 1 | 0 | 0 | 0 | 0 | 0 | 0 | 0 | 0 | 0 | 0 | 0 | 0 | 0 | 0 | 0 | 0 | 0 | 0 | 0 | 0 | 0 | 0 | 0 | 0 | 0 | 0 | 0 | 0 | 0 | 1 | 1 |  0 | 2 | 1 | 4 | 2 | 2 | 2 | 0 | 2 | 0 | 0 | 0 | 0 | 0 | 8 | 6 | 5 | 4 | 1 | 0 | 0 | 0 | 0 | 0 | 0 | 0 | 0 | 0 | 0 | 0 | 1 | 1 | 0 | 0 | 0 | 0 | 1 | 0 | 2 | 1 |
12 | Kelley, Richard Lloyd | MASSACHUSETTS INSTITUTE OF TECHNOLOGY. | 1982 | male | 4 | 7 | 2007 | 9 | 87 | 2017 | 0 | 0 | 0 | 1 | 2 | 1 | 3 | 0 | 0 | 0 | 0 | 0 | 0 | 0 | 0 | 0 | 0 | 0 | 0 | 0 | 0 | 0 | 0 | 1 | 0 | 0 | 0 | 1 | 0 | 1 | 1 | 0 | 0 | 0 | 0 | 0 | 0 | 0 | 0 | 0 |  0 | 1 | 2 | 2 | 3 | 1 | 3 | 0 | 0 | 2 | 0 | 1 | 0 | 0 | 1 | 1 | 6 | 0 | 1 | 2 | 0 | 5 | 2 | 3 | 1 | 10 | 1 | 6 | 2 | 9 | 8 | 3 | 2 | 3 | 0 | 6 | 2 | 1 | 2 | 3 |
13 | Pica, Andrew Joseph | UNIVERSITY OF FLORIDA. | 1982 | male | 4 | 3 | 1988 | 6 | 11 | 1996 | 1 | 0 | 0 | 2 | 0 | 1 | 1 | 0 | 0 | 0 | 1 | 1 | 0 | 0 | 0 | 0 | 0 | 0 | 0 | 0 | 0 | 0 | 0 | 0 | 0 | 0 | 0 | 0 | 0 | 0 | 0 | 0 | 0 | 0 | 0 | 0 | 0 | 0 | 0 | 0 |  1 | 0 | 1 | 2 | 0 | 2 | 4 | 2 | 0 | 1 | 1 | 2 | 0 | 0 | 0 | 0 | 0 | 0 | 0 | 1 | 0 | 0 | 0 | 0 | 0 | 0 | 0 | 0 | 0 | 0 | 0 | 0 | 0 | 0 | 0 | 0 | 0 | 0 | 0 | 0 |
14 | Sebok, William Lawrence | CALIFORNIA INSTITUTE OF TECHNOLOGY. | 1982 | male | 3 | 1 | 1986 | 3 | 1 | 1986 | 0 | 0 | 1 | 0 | 1 | 1 | 0 | 0 | 0 | 1 | 0 | 0 | 0 | 0 | 0 | 0 | 0 | 0 | 0 | 0 | 0 | 0 | 0 | 0 | 0 | 0 | 0 | 0 | 0 | 0 | 0 | 0 | 0 | 0 | 0 | 0 | 0 | 0 | 0 | 0 |  0 | 0 | 1 | 0 | 1 | 1 | 0 | 0 | 0 | 1 | 0 | 0 | 0 | 0 | 0 | 0 | 0 | 0 | 0 | 0 | 0 | 0 | 0 | 0 | 0 | 0 | 0 | 0 | 0 | 0 | 0 | 0 | 0 | 0 | 0 | 0 | 0 | 0 | 0 | 0 |
15 | Pryor, Carlton Philip | HARVARD UNIVERSITY. | 1982 | male | 1 | 12 | 2015 | 3 | 47 | 2016 | 0 | 0 | 0 | 0 | 0 | 1 | 1 | 1 | 0 | 2 | 0 | 2 | 1 | 1 | 1 | 0 | 0 | 0 | 0 | 0 | 0 | 0 | 0 | 0 | 0 | 0 | 0 | 0 | 0 | 0 | 0 | 1 | 0 | 1 | 0 | 0 | 0 | 0 | 1 | 0 |  0 | 0 | 1 | 0 | 1 | 1 | 1 | 1 | 0 | 2 | 0 | 2 | 1 | 1 | 1 | 1 | 1 | 2 | 4 | 4 | 3 | 1 | 1 | 1 | 1 | 3 | 2 | 2 | 1 | 2 | 1 | 3 | 0 | 1 | 1 | 1 | 0 | 0 | 1 | 1 |
16 | Slavin, James Arthur | UNIVERSITY OF CALIFORNIA, LOS ANGELES. | 1982 | male | 8 | 43 | 2014 | 28 | 311 | 2017 | 0 | 0 | 4 | 1 | 1 | 2 | 3 | 4 | 2 | 3 | 0 | 0 | 2 | 1 | 1 | 1 | 1 | 1 | 1 | 1 | 2 | 2 | 1 | 0 | 0 | 1 | 3 | 1 | 1 | 0 | 1 | 2 | 3 | 2 | 0 | 2 | 0 | 1 | 0 | 0 |  0 | 1 | 11 | 6 | 6 | 4 | 4 | 16 | 5 | 11 | 5 | 3 | 9 | 4 | 4 | 6 | 5 | 12 | 6 | 9 | 9 | 11 | 3 | 5 | 9 | 3 | 8 | 7 | 13 | 3 | 7 | 11 | 12 | 16 | 21 | 12 | 9 | 16 | 19 | 16 |
17 | Krishnaswamy, Sumant | UNIVERSITY OF MARYLAND COLLEGE PARK. | 1982 | male | 1 | 0 | 1982 | 1 | 3 | 1990 | 0 | 0 | 0 | 0 | 0 | 1 | 0 | 0 | 0 | 0 | 0 | 0 | 0 | 0 | 0 | 0 | 0 | 0 | 0 | 0 | 0 | 0 | 0 | 0 | 0 | 0 | 0 | 0 | 0 | 0 | 0 | 0 | 0 | 0 | 0 | 0 | 0 | 0 | 0 | 0 |  0 | 0 | 0 | 0 | 0 | 1 | 0 | 0 | 0 | 0 | 1 | 0 | 1 | 1 | 0 | 0 | 0 | 0 | 0 | 0 | 0 | 0 | 0 | 0 | 0 | 0 | 0 | 0 | 0 | 0 | 0 | 0 | 0 | 0 | 0 | 0 | 0 | 0 | 0 | 0 |
18 | Kriss, Gerard Anthony | MASSACHUSETTS INSTITUTE OF TECHNOLOGY. | 1982 | male | 5 | 21 | 2011 | 9 | 162 | 2017 | 0 | 0 | 0 | 2 | 1 | 2 | 3 | 1 | 3 | 0 | 0 | 1 | 0 | 0 | 1 | 3 | 0 | 0 | 1 | 2 | 0 | 0 | 1 | 2 | 1 | 0 | 1 | 0 | 0 | 0 | 0 | 0 | 0 | 0 | 1 | 0 | 0 | 0 | 0 | 0 |  0 | 0 | 0 | 2 | 2 | 5 | 4 | 1 | 3 | 1 | 0 | 1 | 1 | 0 | 10 | 8 | 3 | 4 | 11 | 7 | 6 | 6 | 4 | 4 | 7 | 8 | 5 | 7 | 7 | 2 | 4 | 2 | 1 | 3 | 10 | 4 | 5 | 3 | 9 | 7 |
19 | Levan, Paul David | UNIVERSITY OF CALIFORNIA, SAN DIEGO. | 1982 | male | 1 | 6 | 1992 | 2 | 11 | 1996 | 0 | 0 | 0 | 0 | 0 | 1 | 0 | 2 | 0 | 0 | 1 | 0 | 1 | 1 | 0 | 1 | 0 | 0 | 0 | 0 | 0 | 0 | 0 | 0 | 0 | 0 | 0 | 0 | 0 | 0 | 0 | 0 | 0 | 0 | 0 | 0 | 0 | 0 | 0 | 0 |  0 | 0 | 0 | 0 | 0 | 2 | 0 | 3 | 0 | 0 | 1 | 0 | 1 | 1 | 0 | 2 | 2 | 0 | 0 | 1 | 0 | 0 | 0 | 0 | 0 | 0 | 0 | 0 | 0 | 0 | 0 | 0 | 0 | 0 | 0 | 0 | 0 | 0 | 0 | 0 |
20 | Shull, Peter Otto, Jr. | RICE UNIVERSITY. | 1982 | male | 1 | 3 | 1983 | 1 | 4 | 1983 | 0 | 0 | 0 | 0 | 0 | 1 | 3 | 0 | 0 | 0 | 0 | 0 | 0 | 0 | 0 | 0 | 0 | 0 | 0 | 0 | 0 | 0 | 0 | 0 | 0 | 0 | 0 | 0 | 0 | 0 | 0 | 0 | 0 | 0 | 0 | 0 | 0 | 0 | 0 | 0 |  0 | 0 | 0 | 0 | 0 | 1 | 4 | 0 | 0 | 0 | 0 | 0 | 0 | 0 | 0 | 0 | 0 | 0 | 0 | 0 | 0 | 0 | 0 | 0 | 0 | 0 | 0 | 0 | 0 | 0 | 0 | 0 | 0 | 0 | 0 | 0 | 0 | 0 | 0 | 0 |
21 | Cornelison, Steven G. | THE UNIVERSITY OF NEBRASKA - LINCOLN. | 1982 | male | 1 | 0 | 1982 | 1 | 0 | 1982 | 0 | 0 | 0 | 0 | 0 | 1 | 0 | 0 | 0 | 0 | 0 | 0 | 0 | 0 | 0 | 0 | 0 | 0 | 0 | 0 | 0 | 0 | 0 | 0 | 0 | 0 | 0 | 0 | 0 | 0 | 0 | 0 | 0 | 0 | 0 | 0 | 0 | 0 | 0 | 0 |  0 | 0 | 0 | 0 | 0 | 1 | 0 | 0 | 0 | 0 | 0 | 0 | 0 | 0 | 0 | 0 | 0 | 0 | 0 | 0 | 0 | 0 | 0 | 0 | 0 | 0 | 0 | 0 | 0 | 0 | 0 | 0 | 0 | 0 | 0 | 0 | 0 | 0 | 0 | 0 |
22 | Goodwin, Bruce Theron | UNIVERSITY OF ILLINOIS AT URBANA-CHAMPAIGN. | 1982 | male | 3 | 0 | 1982 | 3 | 0 | 1982 | 0 | 0 | 0 | 0 | 0 | 3 | 0 | 0 | 0 | 0 | 0 | 0 | 0 | 0 | 0 | 0 | 0 | 0 | 0 | 0 | 0 | 0 | 0 | 0 | 0 | 0 | 0 | 0 | 0 | 0 | 0 | 0 | 0 | 0 | 0 | 0 | 0 | 0 | 0 | 0 |  0 | 0 | 0 | 0 | 0 | 3 | 0 | 0 | 0 | 0 | 0 | 0 | 0 | 0 | 0 | 0 | 0 | 0 | 0 | 0 | 0 | 0 | 0 | 0 | 0 | 0 | 0 | 0 | 0 | 0 | 0 | 0 | 0 | 0 | 0 | 0 | 0 | 0 | 0 | 0 |
23 | Hunter, Deidre Ann | URBANA-CHAMPAIGN. | 1982 | female | 4 | 67 | 2017 | 9 | 169 | 2017 | 0 | 1 | 0 | 0 | 0 | 3 | 0 | 1 | 4 | 4 | 0 | 0 | 3 | 4 | 0 | 2 | 1 | 4 | 4 | 7 | 4 | 2 | 2 | 3 | 3 | 2 | 1 | 1 | 1 | 2 | 1 | 0 | 0 | 1 | 2 | 3 | 1 | 0 | 0 | 1 |  0 | 1 | 1 | 1 | 2 | 4 | 3 | 7 | 5 | 5 | 2 | 1 | 6 | 6 | 4 | 4 | 4 | 5 | 5 | 12 | 6 | 7 | 3 | 7 | 5 | 5 | 9 | 4 | 6 | 4 | 2 | 0 | 4 | 3 | 4 | 8 | 4 | 2 | 7 | 5 |
24 | Kim, Sang Joon | STATE UNIVERSITY OF NEW YORK AT STONY BROOK. | 1982 | male | 2 | 68 | 2017 | 5 | 183 | 2017 | 0 | 0 | 0 | 0 | 0 | 2 | 1 | 0 | 1 | 0 | 0 | 1 | 1 | 2 | 3 | 2 | 1 | 2 | 4 | 8 | 3 | 3 | 3 | 2 | 2 | 0 | 2 | 1 | 2 | 3 | 1 | 1 | 2 | 2 | 1 | 4 | 4 | 4 | 1 | 0 |  0 | 0 | 0 | 0 | 2 | 3 | 2 | 0 | 1 | 1 | 0 | 2 | 2 | 3 | 3 | 4 | 1 | 3 | 5 | 8 | 8 | 6 | 5 | 4 | 4 | 3 | 5 | 3 | 5 | 9 | 7 | 8 | 10 | 14 | 9 | 9 | 9 | 13 | 4 | 8 |
25 | Laney, Clifton David | BRIGHAM YOUNG UNIVERSITY. | 1982 | male | 1 | 13 | 2012 | 2 | 58 | 2017 | 0 | 0 | 0 | 0 | 0 | 1 | 0 | 0 | 0 | 1 | 1 | 0 | 0 | 0 | 0 | 1 | 2 | 2 | 1 | 2 | 0 | 0 | 0 | 0 | 0 | 0 | 0 | 0 | 0 | 0 | 2 | 0 | 0 | 0 | 0 | 1 | 0 | 0 | 0 | 0 |  1 | 0 | 0 | 0 | 0 | 1 | 0 | 0 | 0 | 1 | 4 | 2 | 3 | 1 | 1 | 1 | 2 | 4 | 5 | 3 | 0 | 0 | 1 | 0 | 0 | 0 | 2 | 1 | 0 | 1 | 3 | 4 | 0 | 1 | 4 | 2 | 4 | 4 | 2 | 1 |
26 | Neri, Jesse Martin | CORNELL UNIVERSITY. | 1982 | male | 1 | 0 | 1982 | 1 | 0 | 1982 | 0 | 0 | 0 | 0 | 0 | 1 | 0 | 0 | 0 | 0 | 0 | 0 | 0 | 0 | 0 | 0 | 0 | 0 | 0 | 0 | 0 | 0 | 0 | 0 | 0 | 0 | 0 | 0 | 0 | 0 | 0 | 0 | 0 | 0 | 0 | 0 | 0 | 0 | 0 | 0 |  0 | 0 | 0 | 0 | 0 | 1 | 0 | 0 | 0 | 0 | 0 | 0 | 0 | 0 | 0 | 0 | 0 | 0 | 0 | 0 | 0 | 0 | 0 | 0 | 0 | 0 | 0 | 0 | 0 | 0 | 0 | 0 | 0 | 0 | 0 | 0 | 0 | 0 | 0 | 0 |
27 | Massano, William Joseph | FORDHAM UNIVERSITY. | 1982 | male | 1 | 0 | 1982 | 3 | 0 | 1982 | 0 | 0 | 0 | 0 | 0 | 1 | 0 | 0 | 0 | 0 | 0 | 0 | 0 | 0 | 0 | 0 | 0 | 0 | 0 | 0 | 0 | 0 | 0 | 0 | 0 | 0 | 0 | 0 | 0 | 0 | 0 | 0 | 0 | 0 | 0 | 0 | 0 | 0 | 0 | 0 |  0 | 0 | 1 | 0 | 0 | 2 | 0 | 0 | 0 | 0 | 0 | 0 | 0 | 0 | 0 | 0 | 0 | 0 | 0 | 0 | 0 | 0 | 0 | 0 | 0 | 0 | 0 | 0 | 0 | 0 | 0 | 0 | 0 | 0 | 0 | 0 | 0 | 0 | 0 | 0 |
28 | Guillen, Michael Arthur | CORNELL UNIVERSITY. | 1982 | male | 1 | 3 | 1988 | 1 | 3 | 1988 | 0 | 0 | 0 | 0 | 0 | 1 | 0 | 1 | 0 | 0 | 0 | 2 | 0 | 0 | 0 | 0 | 0 | 0 | 0 | 0 | 0 | 0 | 0 | 0 | 0 | 0 | 0 | 0 | 0 | 0 | 0 | 0 | 0 | 0 | 0 | 0 | 0 | 0 | 0 | 0 |  0 | 0 | 0 | 0 | 0 | 1 | 0 | 1 | 0 | 0 | 0 | 2 | 0 | 0 | 0 | 0 | 0 | 0 | 0 | 0 | 0 | 0 | 0 | 0 | 0 | 0 | 0 | 0 | 0 | 0 | 0 | 0 | 0 | 0 | 0 | 0 | 0 | 0 | 0 | 0 |
29 | Burns, Barbara Ann | CORNELL UNIVERSITY. | 1982 | female | 1 | 1 | 1985 | 3 | 1 | 1985 | 0 | 0 | 0 | 0 | 0 | 1 | 0 | 0 | 1 | 0 | 0 | 0 | 0 | 0 | 0 | 0 | 0 | 0 | 0 | 0 | 0 | 0 | 0 | 0 | 0 | 0 | 0 | 0 | 0 | 0 | 0 | 0 | 0 | 0 | 0 | 0 | 0 | 0 | 0 | 0 |  0 | 0 | 1 | 1 | 0 | 1 | 0 | 0 | 1 | 0 | 0 | 0 | 0 | 0 | 0 | 0 | 0 | 0 | 0 | 0 | 0 | 0 | 0 | 0 | 0 | 0 | 0 | 0 | 0 | 0 | 0 | 0 | 0 | 0 | 0 | 0 | 0 | 0 | 0 | 0 |
30 | Schneider, Donald P. | CALIFORNIA INSTITUTE OF TECHNOLOGY. | 1982 | male | 8 | 35 | 2010 | 21 | 938 | 2017 | 0 | 1 | 2 | 2 | 1 | 2 | 2 | 0 | 1 | 2 | 1 | 2 | 2 | 0 | 3 | 3 | 3 | 2 | 0 | 1 | 1 | 1 | 2 | 2 | 1 | 2 | 1 | 0 | 1 | 0 | 1 | 0 | 0 | 1 | 0 | 0 | 0 | 0 | 0 | 0 |  1 | 5 | 3 | 3 | 5 | 4 | 3 | 1 | 7 | 10 | 6 | 5 | 5 | 2 | 9 | 14 | 13 | 12 | 9 | 10 | 6 | 11 | 9 | 22 | 35 | 33 | 57 | 51 | 48 | 70 | 44 | 49 | 33 | 40 | 46 | 51 | 54 | 48 | 52 | 51 |
31 | Brenner, Stephen | MASSACHUSETTS INSTITUTE OF TECHNOLOGY. | 1982 | male | 1 | 2 | 2003 | 4 | 8 | 2004 | 0 | 0 | 0 | 0 | 0 | 1 | 0 | 0 | 0 | 0 | 0 | 0 | 0 | 0 | 1 | 0 | 0 | 0 | 0 | 0 | 0 | 0 | 0 | 0 | 0 | 0 | 1 | 0 | 0 | 0 | 0 | 0 | 0 | 0 | 0 | 0 | 0 | 0 | 0 | 0 |  0 | 0 | 1 | 1 | 1 | 1 | 0 | 0 | 0 | 0 | 0 | 0 | 0 | 0 | 2 | 1 | 0 | 0 | 0 | 0 | 0 | 1 | 1 | 0 | 0 | 0 | 1 | 2 | 0 | 0 | 0 | 0 | 0 | 0 | 0 | 0 | 0 | 0 | 0 | 0 |
32 | Tomandl, Daniel Anthony | UNIVERSITY OF WASHINGTON. | 1982 | male | 2 | 0 | 1982 | 4 | 0 | 1982 | 1 | 0 | 0 | 0 | 0 | 1 | 0 | 0 | 0 | 0 | 0 | 0 | 0 | 0 | 0 | 0 | 0 | 0 | 0 | 0 | 0 | 0 | 0 | 0 | 0 | 0 | 0 | 0 | 0 | 0 | 0 | 0 | 0 | 0 | 0 | 0 | 0 | 0 | 0 | 0 |  3 | 0 | 0 | 0 | 0 | 1 | 0 | 0 | 0 | 0 | 0 | 0 | 0 | 0 | 0 | 0 | 0 | 0 | 0 | 0 | 0 | 0 | 0 | 0 | 0 | 0 | 0 | 0 | 0 | 0 | 0 | 0 | 0 | 0 | 0 | 0 | 0 | 0 | 0 | 0 |
33 | Caldwell, Carrol Nelson | Yale University. | 1982 | female | 3 | 0 | 1982 | 5 | 2 | 2015 | 0 | 1 | 0 | 0 | 1 | 1 | 0 | 0 | 0 | 0 | 0 | 0 | 0 | 0 | 0 | 0 | 0 | 0 | 0 | 0 | 0 | 0 | 0 | 0 | 0 | 0 | 0 | 0 | 0 | 0 | 0 | 0 | 0 | 0 | 0 | 0 | 0 | 0 | 0 | 0 |  0 | 2 | 0 | 1 | 1 | 1 | 0 | 1 | 0 | 0 | 0 | 0 | 0 | 0 | 0 | 0 | 0 | 0 | 0 | 0 | 0 | 0 | 0 | 0 | 0 | 0 | 0 | 0 | 0 | 0 | 0 | 0 | 0 | 0 | 0 | 0 | 0 | 0 | 1 | 0 |
34 | Jones, Gary Alan | UNIVERSITY OF ILLINOIS AT URBANA-CHAMPAIGN. | 1982 | male | 1 | 1 | 2004 | 1 | 122 | 2017 | 0 | 0 | 0 | 0 | 0 | 1 | 0 | 0 | 0 | 0 | 0 | 0 | 0 | 0 | 0 | 0 | 0 | 0 | 0 | 0 | 0 | 0 | 0 | 0 | 0 | 0 | 0 | 1 | 0 | 0 | 0 | 0 | 0 | 0 | 0 | 0 | 0 | 0 | 0 | 0 |  0 | 0 | 0 | 0 | 0 | 1 | 0 | 1 | 0 | 0 | 0 | 0 | 0 | 0 | 0 | 1 | 0 | 0 | 1 | 0 | 0 | 0 | 0 | 0 | 0 | 0 | 0 | 1 | 4 | 5 | 9 | 14 | 18 | 10 | 9 | 17 | 3 | 8 | 8 | 11 |
35 | Keady, John Joseph | NEW MEXICO STATE UNIVERSITY. | 1982 | male | 1 | 3 | 1993 | 2 | 18 | 2009 | 0 | 0 | 0 | 0 | 0 | 1 | 0 | 0 | 0 | 0 | 0 | 2 | 0 | 0 | 0 | 0 | 1 | 0 | 0 | 0 | 0 | 0 | 0 | 0 | 0 | 0 | 0 | 0 | 0 | 0 | 0 | 0 | 0 | 0 | 0 | 0 | 0 | 0 | 0 | 0 |  0 | 0 | 0 | 0 | 1 | 1 | 0 | 1 | 0 | 2 | 0 | 4 | 1 | 1 | 1 | 1 | 2 | 1 | 0 | 0 | 0 | 0 | 0 | 1 | 1 | 0 | 1 | 0 | 0 | 0 | 0 | 0 | 1 | 0 | 0 | 0 | 0 | 0 | 0 | 0 |
36 | Lugger, Phyllis Minnie | HARVARD UNIVERSITY. | 1982 | female | 5 | 10 | 2017 | 6 | 63 | 2017 | 0 | 2 | 1 | 0 | 0 | 2 | 0 | 2 | 0 | 1 | 1 | 0 | 1 | 0 | 0 | 2 | 0 | 0 | 1 | 0 | 0 | 0 | 0 | 0 | 0 | 0 | 0 | 0 | 0 | 0 | 1 | 0 | 0 | 0 | 0 | 0 | 0 | 0 | 0 | 0 |  0 | 3 | 1 | 0 | 0 | 2 | 0 | 3 | 0 | 1 | 1 | 2 | 2 | 1 | 1 | 5 | 1 | 1 | 3 | 1 | 1 | 2 | 2 | 0 | 1 | 3 | 6 | 0 | 2 | 3 | 2 | 2 | 2 | 5 | 2 | 2 | 1 | 2 | 2 | 0 |
37 | Wirth, Allan | URBANA-CHAMPAIGN. | 1982 | male | 3 | 9 | 2012 | 4 | 14 | 2012 | 0 | 0 | 0 | 1 | 1 | 1 | 3 | 1 | 2 | 0 | 0 | 0 | 0 | 0 | 0 | 0 | 0 | 0 | 0 | 0 | 0 | 1 | 0 | 0 | 0 | 0 | 0 | 0 | 0 | 0 | 0 | 0 | 0 | 0 | 1 | 1 | 0 | 0 | 0 | 0 |  0 | 0 | 0 | 2 | 1 | 1 | 3 | 1 | 4 | 0 | 0 | 0 | 0 | 0 | 0 | 0 | 0 | 0 | 0 | 0 | 0 | 1 | 2 | 1 | 0 | 0 | 0 | 0 | 0 | 0 | 0 | 0 | 0 | 0 | 1 | 1 | 0 | 0 | 0 | 0 |
38 | Lissauer, Jack Jonathan | UNIVERSITY OF CALIFORNIA, BERKELEY. | 1982 | male | 4 | 48 | 2014 | 6 | 210 | 2017 | 0 | 0 | 0 | 0 | 1 | 3 | 0 | 3 | 4 | 1 | 1 | 1 | 1 | 1 | 2 | 0 | 1 | 0 | 1 | 1 | 3 | 2 | 4 | 2 | 3 | 3 | 0 | 0 | 1 | 1 | 2 | 1 | 1 | 0 | 2 | 3 | 1 | 2 | 0 | 0 |  0 | 0 | 0 | 0 | 2 | 4 | 2 | 3 | 8 | 3 | 1 | 2 | 2 | 2 | 4 | 4 | 2 | 3 | 4 | 5 | 8 | 6 | 5 | 6 | 6 | 7 | 5 | 4 | 6 | 6 | 5 | 2 | 6 | 15 | 20 | 18 | 15 | 10 | 5 | 8 |
39 | McGlynn, Thomas Aquinas | PRINCETON UNIVERSITY. | 1982 | male | 2 | 10 | 2004 | 3 | 19 | 2015 | 0 | 0 | 0 | 1 | 0 | 1 | 0 | 2 | 1 | 0 | 0 | 0 | 1 | 1 | 1 | 1 | 0 | 0 | 0 | 0 | 1 | 1 | 0 | 0 | 0 | 0 | 0 | 1 | 0 | 0 | 0 | 0 | 0 | 0 | 0 | 0 | 0 | 0 | 0 | 0 |  0 | 0 | 1 | 1 | 0 | 1 | 0 | 2 | 3 | 1 | 0 | 0 | 2 | 1 | 1 | 1 | 0 | 0 | 1 | 0 | 2 | 1 | 0 | 0 | 0 | 0 | 1 | 1 | 0 | 0 | 0 | 1 | 0 | 0 | 0 | 0 | 0 | 0 | 1 | 0 |
40 | Reichert, Gail Anne | UNIVERSITY OF CALIFORNIA, BERKELEY. | 1982 | female | 3 | 6 | 1994 | 9 | 32 | 2001 | 0 | 0 | 0 | 0 | 1 | 2 | 0 | 0 | 1 | 1 | 0 | 2 | 0 | 0 | 0 | 1 | 0 | 1 | 0 | 0 | 0 | 0 | 0 | 0 | 0 | 0 | 0 | 0 | 0 | 0 | 0 | 0 | 0 | 0 | 0 | 0 | 0 | 0 | 0 | 0 |  0 | 0 | 2 | 0 | 4 | 3 | 2 | 0 | 1 | 1 | 0 | 3 | 0 | 1 | 1 | 2 | 1 | 2 | 4 | 6 | 4 | 3 | 0 | 0 | 1 | 0 | 0 | 0 | 0 | 0 | 0 | 0 | 0 | 0 | 0 | 0 | 0 | 0 | 0 | 0 |
41 | Schinder, Paul Joseph | CORNELL UNIVERSITY. | 1982 | male | 4 | 11 | 2012 | 4 | 20 | 2012 | 0 | 0 | 1 | 0 | 0 | 3 | 1 | 0 | 0 | 1 | 1 | 2 | 1 | 2 | 0 | 0 | 0 | 0 | 0 | 0 | 0 | 0 | 0 | 0 | 0 | 0 | 0 | 0 | 0 | 0 | 0 | 0 | 0 | 0 | 2 | 1 | 0 | 0 | 0 | 0 |  0 | 0 | 1 | 0 | 0 | 3 | 1 | 0 | 0 | 1 | 1 | 3 | 2 | 2 | 1 | 1 | 1 | 0 | 0 | 0 | 1 | 1 | 0 | 0 | 0 | 0 | 0 | 0 | 2 | 0 | 0 | 0 | 0 | 0 | 2 | 1 | 0 | 0 | 0 | 0 |
42 | Tolman, B. W. | Texas Univ., Austin. | 1982 | None | 1 | 2 | 1985 | 3 | 5 | 2010 | 0 | 0 | 0 | 0 | 0 | 1 | 0 | 1 | 1 | 0 | 0 | 0 | 0 | 0 | 0 | 0 | 0 | 0 | 0 | 0 | 0 | 0 | 0 | 0 | 0 | 0 | 0 | 0 | 0 | 0 | 0 | 0 | 0 | 0 | 0 | 0 | 0 | 0 | 0 | 0 |  0 | 0 | 0 | 0 | 0 | 3 | 0 | 1 | 1 | 0 | 0 | 0 | 0 | 0 | 0 | 0 | 0 | 1 | 0 | 0 | 0 | 0 | 0 | 0 | 0 | 0 | 0 | 0 | 0 | 0 | 0 | 1 | 0 | 1 | 0 | 0 | 0 | 0 | 0 | 0 |
43 | Franco, J. | Wisconsin Univ., Madison. | 1982 | None | 3 | 28 | 2007 | 8 | 82 | 2013 | 0 | 1 | 0 | 0 | 0 | 2 | 2 | 2 | 0 | 1 | 0 | 1 | 1 | 2 | 3 | 0 | 2 | 2 | 2 | 0 | 0 | 0 | 0 | 3 | 4 | 1 | 1 | 0 | 0 | 0 | 1 | 0 | 0 | 0 | 0 | 0 | 0 | 0 | 0 | 0 |  0 | 1 | 2 | 2 | 1 | 2 | 2 | 2 | 0 | 2 | 1 | 2 | 2 | 4 | 5 | 1 | 3 | 3 | 6 | 7 | 0 | 3 | 7 | 6 | 7 | 3 | 2 | 3 | 1 | 0 | 7 | 1 | 1 | 0 | 0 | 0 | 1 | 0 | 0 | 0 |
44 | Gordon, David James | OKLAHOMA STATE UNIVERSITY. | 1982 | male | 3 | 3 | 2016 | 3 | 30 | 2017 | 0 | 0 | 1 | 0 | 1 | 1 | 0 | 0 | 0 | 0 | 0 | 0 | 0 | 0 | 0 | 0 | 0 | 0 | 0 | 0 | 0 | 0 | 1 | 0 | 1 | 0 | 0 | 0 | 0 | 0 | 0 | 0 | 0 | 0 | 0 | 0 | 0 | 0 | 0 | 1 |  0 | 0 | 1 | 0 | 1 | 1 | 0 | 0 | 0 | 0 | 0 | 0 | 0 | 1 | 0 | 0 | 0 | 1 | 1 | 0 | 0 | 0 | 1 | 0 | 1 | 2 | 1 | 0 | 2 | 1 | 1 | 2 | 2 | 3 | 1 | 2 | 1 | 0 | 2 | 4 |
45 | Jewell, Philip Ramer | URBANA-CHAMPAIGN. | 1982 | male | 5 | 10 | 1999 | 5 | 59 | 2016 | 0 | 0 | 1 | 1 | 1 | 2 | 0 | 2 | 2 | 1 | 1 | 0 | 1 | 0 | 1 | 0 | 0 | 1 | 0 | 0 | 0 | 0 | 1 | 0 | 0 | 0 | 0 | 0 | 0 | 0 | 0 | 0 | 0 | 0 | 0 | 0 | 0 | 0 | 0 | 0 |  0 | 0 | 1 | 1 | 1 | 2 | 1 | 4 | 4 | 4 | 2 | 2 | 2 | 3 | 1 | 0 | 1 | 1 | 1 | 1 | 2 | 0 | 2 | 1 | 1 | 2 | 3 | 3 | 2 | 6 | 2 | 1 | 0 | 1 | 0 | 1 | 3 | 0 | 1 | 1 |
46 | Slovak, Mark Haines | THE UNIVERSITY OF TEXAS AT AUSTIN. | 1982 | male | 11 | 2 | 2000 | 14 | 13 | 2004 | 1 | 3 | 2 | 1 | 1 | 3 | 0 | 0 | 0 | 0 | 1 | 0 | 0 | 0 | 0 | 0 | 0 | 0 | 0 | 0 | 0 | 0 | 0 | 1 | 0 | 0 | 0 | 0 | 0 | 0 | 0 | 0 | 0 | 0 | 0 | 0 | 0 | 0 | 0 | 0 |  1 | 3 | 2 | 1 | 3 | 4 | 1 | 1 | 1 | 1 | 3 | 2 | 0 | 0 | 0 | 0 | 2 | 0 | 0 | 0 | 0 | 0 | 0 | 1 | 0 | 0 | 0 | 1 | 0 | 0 | 0 | 0 | 0 | 0 | 0 | 0 | 0 | 0 | 0 | 0 |
47 | Torbett, Michael Vincent | THE UNIVERSITY OF TEXAS AT AUSTIN. | 1982 | male | 7 | 12 | 1992 | 8 | 14 | 1993 | 0 | 0 | 1 | 3 | 0 | 3 | 1 | 2 | 0 | 3 | 1 | 0 | 3 | 1 | 0 | 1 | 0 | 0 | 0 | 0 | 0 | 0 | 0 | 0 | 0 | 0 | 0 | 0 | 0 | 0 | 0 | 0 | 0 | 0 | 0 | 0 | 0 | 0 | 0 | 0 |  0 | 0 | 1 | 3 | 1 | 3 | 1 | 3 | 0 | 3 | 1 | 0 | 3 | 1 | 0 | 1 | 1 | 0 | 0 | 0 | 0 | 0 | 0 | 0 | 0 | 0 | 0 | 0 | 0 | 0 | 0 | 0 | 0 | 0 | 0 | 0 | 0 | 0 | 0 | 0 |
48 | Yeh, Huey-Ching Betty | RICE UNIVERSITY. | 1982 | female | 1 | 0 | 1982 | 1 | 0 | 1982 | 0 | 0 | 0 | 0 | 0 | 1 | 0 | 0 | 0 | 0 | 0 | 0 | 0 | 0 | 0 | 0 | 0 | 0 | 0 | 0 | 0 | 0 | 0 | 0 | 0 | 0 | 0 | 0 | 0 | 0 | 0 | 0 | 0 | 0 | 0 | 0 | 0 | 0 | 0 | 0 |  0 | 0 | 0 | 0 | 0 | 1 | 0 | 0 | 0 | 0 | 0 | 0 | 0 | 0 | 0 | 0 | 0 | 0 | 0 | 0 | 0 | 0 | 0 | 0 | 0 | 0 | 0 | 0 | 0 | 0 | 0 | 0 | 0 | 0 | 0 | 0 | 0 | 0 | 0 | 0 |
49 | Balonek, Thomas Joseph | UNIVERSITY OF MASSACHUSETTS. | 1982 | male | 2 | 3 | 1992 | 9 | 60 | 2011 | 0 | 0 | 0 | 1 | 0 | 1 | 0 | 0 | 0 | 0 | 0 | 1 | 0 | 0 | 0 | 2 | 0 | 0 | 0 | 0 | 0 | 0 | 0 | 0 | 0 | 0 | 0 | 0 | 0 | 0 | 0 | 0 | 0 | 0 | 0 | 0 | 0 | 0 | 0 | 0 |  0 | 1 | 2 | 3 | 0 | 3 | 7 | 3 | 1 | 4 | 1 | 3 | 0 | 1 | 2 | 4 | 1 | 4 | 3 | 4 | 1 | 3 | 1 | 1 | 3 | 2 | 0 | 2 | 0 | 1 | 3 | 3 | 0 | 0 | 2 | 0 | 0 | 0 | 0 | 0 |
50 | Cho, N. K. | Nevada Univ., Reno. | 1982 | None | 1 | 0 | 1982 | 1 | 0 | 1982 | 0 | 0 | 0 | 0 | 0 | 1 | 0 | 0 | 0 | 0 | 0 | 0 | 0 | 0 | 0 | 0 | 0 | 0 | 0 | 0 | 0 | 0 | 0 | 0 | 0 | 0 | 0 | 0 | 0 | 0 | 0 | 0 | 0 | 0 | 0 | 0 | 0 | 0 | 0 | 0 |  0 | 0 | 0 | 0 | 0 | 1 | 0 | 0 | 0 | 0 | 0 | 0 | 0 | 0 | 0 | 0 | 0 | 0 | 0 | 0 | 0 | 0 | 0 | 0 | 0 | 0 | 0 | 0 | 0 | 0 | 0 | 0 | 0 | 0 | 0 | 0 | 0 | 0 | 0 | 0 |
51 | Balzano, Vicki Ann | THE PENNSYLVANIA STATE UNIVERSITY. | 1982 | female | 3 | 1 | 1983 | 5 | 3 | 1998 | 0 | 0 | 0 | 0 | 1 | 2 | 1 | 0 | 0 | 0 | 0 | 0 | 0 | 0 | 0 | 0 | 0 | 0 | 0 | 0 | 0 | 0 | 0 | 0 | 0 | 0 | 0 | 0 | 0 | 0 | 0 | 0 | 0 | 0 | 0 | 0 | 0 | 0 | 0 | 0 |  0 | 0 | 0 | 0 | 2 | 3 | 1 | 0 | 0 | 1 | 0 | 0 | 0 | 0 | 0 | 0 | 0 | 0 | 0 | 0 | 0 | 1 | 0 | 0 | 0 | 0 | 0 | 0 | 0 | 0 | 0 | 0 | 0 | 0 | 0 | 0 | 0 | 0 | 0 | 0 |
52 | Camejo, Humberto Campins | THE UNIVERSITY OF ARIZONA. | 1982 | male | 1 | 0 | 1982 | 1 | 0 | 1982 | 0 | 0 | 0 | 0 | 0 | 1 | 0 | 0 | 0 | 0 | 0 | 0 | 0 | 0 | 0 | 0 | 0 | 0 | 0 | 0 | 0 | 0 | 0 | 0 | 0 | 0 | 0 | 0 | 0 | 0 | 0 | 0 | 0 | 0 | 0 | 0 | 0 | 0 | 0 | 0 |  0 | 0 | 0 | 0 | 0 | 1 | 0 | 0 | 0 | 0 | 0 | 0 | 0 | 0 | 0 | 0 | 0 | 0 | 0 | 0 | 0 | 0 | 0 | 0 | 0 | 0 | 0 | 0 | 0 | 0 | 0 | 0 | 0 | 0 | 0 | 0 | 0 | 0 | 0 | 0 |
53 | Fulkerson, Stuart Ambrose | UNIVERSITY OF KENTUCKY. | 1982 | male | 1 | 1 | 1984 | 1 | 1 | 1984 | 0 | 0 | 0 | 0 | 0 | 1 | 0 | 1 | 0 | 0 | 0 | 0 | 0 | 0 | 0 | 0 | 0 | 0 | 0 | 0 | 0 | 0 | 0 | 0 | 0 | 0 | 0 | 0 | 0 | 0 | 0 | 0 | 0 | 0 | 0 | 0 | 0 | 0 | 0 | 0 |  0 | 0 | 0 | 0 | 0 | 1 | 0 | 1 | 0 | 0 | 0 | 0 | 0 | 0 | 0 | 0 | 0 | 0 | 0 | 0 | 0 | 0 | 0 | 0 | 0 | 0 | 0 | 0 | 0 | 0 | 0 | 0 | 0 | 0 | 0 | 0 | 0 | 0 | 0 | 0 |
54 | Gary, Dale Everett | UNIVERSITY OF COLORADO AT BOULDER. | 1982 | male | 4 | 22 | 2013 | 8 | 137 | 2017 | 0 | 0 | 0 | 0 | 1 | 3 | 0 | 1 | 3 | 2 | 2 | 1 | 2 | 2 | 1 | 0 | 1 | 1 | 0 | 1 | 1 | 0 | 0 | 0 | 0 | 0 | 1 | 0 | 0 | 0 | 0 | 0 | 0 | 2 | 0 | 0 | 1 | 0 | 0 | 0 |  0 | 0 | 1 | 3 | 1 | 3 | 2 | 1 | 3 | 3 | 4 | 1 | 3 | 3 | 2 | 4 | 5 | 6 | 4 | 5 | 6 | 1 | 1 | 4 | 0 | 6 | 5 | 9 | 5 | 5 | 7 | 7 | 6 | 4 | 4 | 0 | 3 | 2 | 6 | 8 |
55 | Keel, William Clifford | UNIVERSITY OF CALIFORNIA, SANTA CRUZ. | 1982 | male | 7 | 55 | 2017 | 12 | 165 | 2017 | 0 | 1 | 0 | 1 | 0 | 5 | 5 | 2 | 5 | 1 | 1 | 5 | 1 | 1 | 3 | 1 | 3 | 1 | 2 | 3 | 0 | 1 | 1 | 0 | 2 | 1 | 1 | 3 | 2 | 2 | 0 | 0 | 1 | 0 | 0 | 2 | 1 | 1 | 1 | 0 |  2 | 1 | 0 | 1 | 2 | 6 | 7 | 4 | 6 | 3 | 5 | 6 | 4 | 5 | 5 | 6 | 7 | 6 | 7 | 8 | 3 | 5 | 4 | 4 | 3 | 4 | 4 | 5 | 5 | 4 | 2 | 1 | 5 | 5 | 2 | 9 | 7 | 5 | 2 | 5 |
56 | Meyers, Karie Ann | UNIVERSITY OF COLORADO AT BOULDER. | 1982 | female | 1 | 2 | 1985 | 5 | 9 | 1992 | 0 | 0 | 0 | 0 | 0 | 1 | 0 | 0 | 2 | 0 | 0 | 0 | 0 | 0 | 0 | 0 | 0 | 0 | 0 | 0 | 0 | 0 | 0 | 0 | 0 | 0 | 0 | 0 | 0 | 0 | 0 | 0 | 0 | 0 | 0 | 0 | 0 | 0 | 0 | 0 |  0 | 2 | 2 | 0 | 0 | 1 | 1 | 2 | 4 | 0 | 0 | 0 | 0 | 0 | 1 | 1 | 0 | 0 | 0 | 0 | 0 | 0 | 0 | 0 | 0 | 0 | 0 | 0 | 0 | 0 | 0 | 0 | 0 | 0 | 0 | 0 | 0 | 0 | 0 | 0 |
57 | Gilden, David Loren | THE UNIVERSITY OF TEXAS AT AUSTIN. | 1982 | male | 2 | 4 | 1985 | 2 | 7 | 1992 | 0 | 0 | 0 | 1 | 0 | 1 | 0 | 3 | 1 | 0 | 0 | 0 | 0 | 0 | 0 | 0 | 0 | 0 | 0 | 0 | 0 | 0 | 0 | 0 | 0 | 0 | 0 | 0 | 0 | 0 | 0 | 0 | 0 | 0 | 0 | 0 | 0 | 0 | 0 | 0 |  0 | 0 | 0 | 1 | 0 | 1 | 0 | 3 | 2 | 0 | 1 | 0 | 0 | 0 | 0 | 1 | 0 | 0 | 0 | 0 | 0 | 0 | 0 | 0 | 0 | 0 | 0 | 0 | 0 | 0 | 0 | 0 | 0 | 0 | 0 | 0 | 0 | 0 | 0 | 0 |
58 | Nolan, Patrick Lee | UNIVERSITY OF CALIFORNIA, SAN DIEGO. | 1982 | male | 5 | 11 | 2015 | 14 | 237 | 2015 | 0 | 0 | 0 | 0 | 3 | 2 | 2 | 1 | 0 | 0 | 0 | 0 | 0 | 0 | 0 | 1 | 2 | 0 | 0 | 2 | 0 | 0 | 0 | 0 | 0 | 0 | 1 | 0 | 0 | 0 | 0 | 0 | 0 | 0 | 0 | 1 | 0 | 0 | 1 | 0 |  1 | 0 | 0 | 3 | 8 | 2 | 2 | 3 | 0 | 2 | 2 | 1 | 1 | 0 | 2 | 7 | 23 | 10 | 16 | 20 | 7 | 3 | 5 | 1 | 2 | 1 | 1 | 0 | 1 | 0 | 0 | 1 | 34 | 56 | 25 | 7 | 1 | 0 | 3 | 0 |
59 | Oliversen, Nancy Ann | THE UNIVERSITY OF WISCONSIN - MADISON. | 1982 | female | 1 | 2 | 1985 | 2 | 5 | 1992 | 0 | 0 | 0 | 0 | 0 | 1 | 1 | 0 | 1 | 0 | 0 | 0 | 0 | 0 | 0 | 0 | 0 | 0 | 0 | 0 | 0 | 0 | 0 | 0 | 0 | 0 | 0 | 0 | 0 | 0 | 0 | 0 | 0 | 0 | 0 | 0 | 0 | 0 | 0 | 0 |  0 | 0 | 0 | 1 | 0 | 1 | 1 | 0 | 1 | 0 | 1 | 0 | 0 | 0 | 1 | 1 | 0 | 0 | 0 | 0 | 0 | 0 | 0 | 0 | 0 | 0 | 0 | 0 | 0 | 0 | 0 | 0 | 0 | 0 | 0 | 0 | 0 | 0 | 0 | 0 |
60 | Asous, Waleed Asad | THE UNIVERSITY OF ARIZONA. | 1982 | male | 1 | 0 | 1982 | 2 | 0 | 1982 | 0 | 0 | 0 | 0 | 0 | 1 | 0 | 0 | 0 | 0 | 0 | 0 | 0 | 0 | 0 | 0 | 0 | 0 | 0 | 0 | 0 | 0 | 0 | 0 | 0 | 0 | 0 | 0 | 0 | 0 | 0 | 0 | 0 | 0 | 0 | 0 | 0 | 0 | 0 | 0 |  0 | 0 | 0 | 1 | 0 | 1 | 0 | 0 | 0 | 0 | 0 | 0 | 0 | 0 | 0 | 0 | 0 | 0 | 0 | 0 | 0 | 0 | 0 | 0 | 0 | 0 | 0 | 0 | 0 | 0 | 0 | 0 | 0 | 0 | 0 | 0 | 0 | 0 | 0 | 0 |
61 | Merritt, David Roy | PRINCETON UNIVERSITY. | 1982 | male | 7 | 81 | 2016 | 8 | 204 | 2017 | 0 | 0 | 0 | 3 | 2 | 2 | 2 | 2 | 5 | 0 | 2 | 0 | 1 | 2 | 1 | 0 | 4 | 3 | 0 | 6 | 4 | 4 | 2 | 0 | 5 | 3 | 0 | 5 | 5 | 6 | 3 | 0 | 3 | 2 | 3 | 1 | 2 | 0 | 4 | 1 |  0 | 0 | 0 | 3 | 2 | 3 | 3 | 3 | 5 | 0 | 2 | 2 | 2 | 3 | 1 | 1 | 4 | 4 | 3 | 7 | 5 | 5 | 2 | 2 | 10 | 6 | 2 | 14 | 17 | 19 | 18 | 11 | 10 | 9 | 10 | 5 | 5 | 4 | 6 | 2 |
62 | Marcaide, Juan Maria | MASSACHUSETTS INSTITUTE OF TECHNOLOGY. | 1982 | male | 1 | 17 | 2009 | 3 | 121 | 2017 | 0 | 0 | 0 | 0 | 0 | 1 | 1 | 1 | 2 | 0 | 0 | 1 | 1 | 0 | 0 | 1 | 0 | 2 | 2 | 0 | 2 | 0 | 1 | 0 | 0 | 1 | 0 | 0 | 0 | 0 | 0 | 0 | 2 | 0 | 0 | 0 | 0 | 0 | 0 | 0 |  0 | 0 | 0 | 1 | 0 | 2 | 5 | 3 | 3 | 1 | 1 | 3 | 1 | 1 | 0 | 2 | 6 | 7 | 8 | 3 | 7 | 5 | 8 | 5 | 7 | 4 | 1 | 2 | 2 | 3 | 2 | 2 | 3 | 4 | 7 | 2 | 3 | 5 | 3 | 1 |
63 | Barreto, Jose Antonio Garcia | MASSACHUSETTS INSTITUTE OF TECHNOLOGY. | 1982 | male | 2 | 1 | 2012 | 2 | 5 | 2012 | 0 | 0 | 0 | 0 | 0 | 2 | 0 | 0 | 0 | 0 | 0 | 0 | 0 | 0 | 0 | 0 | 0 | 0 | 0 | 0 | 0 | 0 | 0 | 0 | 0 | 0 | 0 | 0 | 0 | 0 | 0 | 0 | 0 | 0 | 0 | 1 | 0 | 0 | 0 | 0 |  0 | 0 | 0 | 0 | 0 | 2 | 0 | 0 | 0 | 0 | 0 | 0 | 0 | 0 | 0 | 0 | 0 | 0 | 0 | 0 | 0 | 0 | 0 | 0 | 0 | 1 | 0 | 1 | 0 | 0 | 0 | 0 | 2 | 0 | 0 | 1 | 0 | 0 | 0 | 0 |
64 | Winget, Donald Earl | THE UNIVERSITY OF ROCHESTER. | 1982 | male | 5 | 18 | 2009 | 9 | 182 | 2017 | 0 | 0 | 0 | 1 | 1 | 3 | 2 | 1 | 1 | 0 | 2 | 0 | 2 | 1 | 1 | 0 | 0 | 1 | 1 | 0 | 1 | 2 | 0 | 0 | 0 | 0 | 0 | 1 | 0 | 0 | 0 | 1 | 1 | 0 | 0 | 0 | 0 | 0 | 0 | 0 |  0 | 0 | 1 | 3 | 1 | 4 | 4 | 1 | 4 | 4 | 4 | 0 | 5 | 6 | 4 | 2 | 3 | 4 | 10 | 3 | 3 | 11 | 3 | 8 | 3 | 6 | 11 | 7 | 11 | 8 | 4 | 8 | 3 | 3 | 8 | 6 | 9 | 3 | 6 | 5 |
65 | Gaiser, Bradley Dean | STANFORD UNIVERSITY. | 1982 | male | 2 | 0 | 1982 | 2 | 0 | 1982 | 0 | 0 | 0 | 1 | 0 | 1 | 0 | 0 | 0 | 0 | 0 | 0 | 0 | 0 | 0 | 0 | 0 | 0 | 0 | 0 | 0 | 0 | 0 | 0 | 0 | 0 | 0 | 0 | 0 | 0 | 0 | 0 | 0 | 0 | 0 | 0 | 0 | 0 | 0 | 0 |  0 | 0 | 0 | 1 | 0 | 1 | 0 | 0 | 0 | 0 | 0 | 0 | 0 | 0 | 0 | 0 | 0 | 0 | 0 | 0 | 0 | 0 | 0 | 0 | 0 | 0 | 0 | 0 | 0 | 0 | 0 | 0 | 0 | 0 | 0 | 0 | 0 | 0 | 0 | 0 |
66 | Kapranidis, Stylianos Petros | UNIVERSITY OF WASHINGTON. | 1982 | male | 3 | 3 | 1985 | 5 | 4 | 1985 | 0 | 0 | 0 | 0 | 1 | 2 | 2 | 0 | 1 | 0 | 0 | 0 | 0 | 0 | 0 | 0 | 0 | 0 | 0 | 0 | 0 | 0 | 0 | 0 | 0 | 0 | 0 | 0 | 0 | 0 | 0 | 0 | 0 | 0 | 0 | 0 | 0 | 0 | 0 | 0 |  0 | 0 | 1 | 1 | 1 | 2 | 3 | 0 | 1 | 0 | 0 | 0 | 0 | 0 | 0 | 0 | 0 | 0 | 0 | 0 | 0 | 0 | 0 | 0 | 0 | 0 | 0 | 0 | 0 | 0 | 0 | 0 | 0 | 0 | 0 | 0 | 0 | 0 | 0 | 0 |
67 | McCall, Marshall Lester | THE UNIVERSITY OF TEXAS AT AUSTIN. | 1982 | male | 5 | 27 | 2014 | 14 | 74 | 2014 | 0 | 0 | 1 | 1 | 2 | 1 | 0 | 5 | 3 | 3 | 0 | 0 | 2 | 2 | 0 | 0 | 3 | 1 | 1 | 1 | 1 | 0 | 0 | 0 | 0 | 0 | 1 | 2 | 0 | 0 | 0 | 0 | 0 | 0 | 0 | 1 | 0 | 1 | 0 | 0 |  1 | 2 | 2 | 3 | 3 | 3 | 2 | 5 | 3 | 4 | 1 | 1 | 2 | 2 | 4 | 2 | 5 | 4 | 5 | 4 | 3 | 3 | 2 | 1 | 1 | 0 | 5 | 3 | 2 | 1 | 3 | 2 | 0 | 1 | 0 | 2 | 0 | 1 | 0 | 0 |
68 | Thompson, Kathleen Anne | STANFORD UNIVERSITY. | 1982 | female | 3 | 2 | 1991 | 7 | 33 | 2015 | 0 | 0 | 1 | 1 | 0 | 1 | 0 | 0 | 0 | 0 | 0 | 0 | 0 | 0 | 2 | 0 | 0 | 0 | 0 | 0 | 0 | 0 | 0 | 0 | 0 | 0 | 0 | 0 | 0 | 0 | 0 | 0 | 0 | 0 | 0 | 0 | 0 | 0 | 0 | 0 |  0 | 0 | 3 | 2 | 0 | 2 | 1 | 1 | 2 | 2 | 1 | 4 | 2 | 1 | 4 | 3 | 0 | 0 | 0 | 0 | 1 | 2 | 2 | 1 | 0 | 0 | 1 | 2 | 0 | 1 | 1 | 0 | 0 | 0 | 0 | 0 | 0 | 0 | 1 | 0 |
69 | Stewart, Glen Robert | UNIVERSITY OF CALIFORNIA, LOS ANGELES. | 1982 | male | 2 | 6 | 2000 | 2 | 43 | 2016 | 0 | 0 | 0 | 1 | 0 | 1 | 0 | 0 | 0 | 0 | 0 | 2 | 0 | 1 | 1 | 0 | 0 | 0 | 0 | 0 | 1 | 0 | 0 | 1 | 0 | 0 | 0 | 0 | 0 | 0 | 0 | 0 | 0 | 0 | 0 | 0 | 0 | 0 | 0 | 0 |  0 | 0 | 0 | 1 | 0 | 1 | 0 | 0 | 2 | 0 | 1 | 2 | 1 | 3 | 1 | 1 | 1 | 1 | 1 | 0 | 2 | 0 | 2 | 2 | 6 | 1 | 0 | 0 | 1 | 0 | 3 | 0 | 3 | 5 | 2 | 1 | 0 | 0 | 0 | 1 |
70 | Wheeler, James Weston | THE UNIVERSITY OF TEXAS AT AUSTIN. | 1982 | male | 1 | 1 | 2009 | 3 | 6 | 2017 | 0 | 0 | 0 | 0 | 0 | 1 | 0 | 0 | 0 | 0 | 0 | 0 | 0 | 0 | 0 | 0 | 0 | 0 | 0 | 0 | 0 | 0 | 0 | 0 | 0 | 0 | 0 | 0 | 0 | 0 | 0 | 0 | 1 | 0 | 0 | 0 | 0 | 0 | 0 | 0 |  2 | 0 | 0 | 0 | 0 | 1 | 0 | 0 | 0 | 0 | 0 | 0 | 0 | 0 | 0 | 0 | 0 | 0 | 0 | 0 | 1 | 0 | 0 | 0 | 0 | 0 | 0 | 0 | 0 | 0 | 0 | 0 | 1 | 0 | 0 | 0 | 0 | 1 | 0 | 2 |
71 | Pimentel, Luis Octavio | THE UNIVERSITY OF WISCONSIN - MILWAUKEE. | 1982 | male | 1 | 31 | 2006 | 3 | 47 | 2015 | 0 | 0 | 0 | 0 | 0 | 1 | 0 | 0 | 2 | 2 | 1 | 0 | 2 | 0 | 0 | 2 | 2 | 5 | 3 | 1 | 2 | 0 | 3 | 2 | 2 | 0 | 0 | 0 | 1 | 1 | 0 | 0 | 0 | 0 | 0 | 0 | 0 | 0 | 0 | 0 |  0 | 1 | 0 | 0 | 0 | 2 | 1 | 0 | 2 | 3 | 1 | 0 | 2 | 0 | 0 | 3 | 2 | 5 | 3 | 4 | 2 | 0 | 4 | 3 | 2 | 1 | 1 | 0 | 1 | 1 | 2 | 1 | 1 | 0 | 0 | 0 | 1 | 0 | 1 | 0 |
72 | Burrows, David Nelson | THE UNIVERSITY OF WISCONSIN - MADISON. | 1982 | male | 1 | 18 | 2012 | 1 | 287 | 2016 | 0 | 0 | 0 | 0 | 0 | 1 | 0 | 1 | 0 | 0 | 0 | 0 | 2 | 0 | 1 | 0 | 3 | 1 | 0 | 0 | 0 | 1 | 0 | 1 | 0 | 0 | 0 | 0 | 3 | 2 | 1 | 0 | 0 | 0 | 1 | 1 | 0 | 0 | 0 | 0 |  0 | 0 | 0 | 0 | 0 | 1 | 1 | 1 | 0 | 0 | 1 | 1 | 2 | 0 | 3 | 1 | 4 | 3 | 2 | 1 | 1 | 1 | 1 | 4 | 5 | 5 | 6 | 7 | 21 | 59 | 41 | 19 | 25 | 18 | 13 | 11 | 10 | 7 | 4 | 9 |
73 | Cochran, Anita Light | THE UNIVERSITY OF TEXAS AT AUSTIN. | 1982 | female | 9 | 41 | 2015 | 14 | 100 | 2016 | 0 | 0 | 0 | 3 | 4 | 2 | 1 | 1 | 4 | 1 | 2 | 0 | 1 | 0 | 2 | 2 | 1 | 2 | 1 | 0 | 2 | 2 | 3 | 1 | 1 | 3 | 0 | 1 | 0 | 0 | 2 | 2 | 1 | 3 | 0 | 1 | 0 | 0 | 1 | 0 |  0 | 3 | 0 | 4 | 5 | 2 | 2 | 3 | 5 | 1 | 6 | 0 | 1 | 1 | 4 | 4 | 2 | 3 | 1 | 2 | 4 | 2 | 4 | 2 | 2 | 4 | 0 | 4 | 3 | 1 | 7 | 4 | 4 | 4 | 6 | 3 | 4 | 3 | 2 | 2 |
74 | Vallerga, John Vincent | MASSACHUSETTS INSTITUTE OF TECHNOLOGY. | 1982 | male | 2 | 12 | 2009 | 4 | 49 | 2014 | 0 | 0 | 0 | 0 | 0 | 2 | 1 | 0 | 0 | 0 | 0 | 1 | 1 | 0 | 0 | 0 | 2 | 0 | 1 | 1 | 0 | 2 | 0 | 0 | 0 | 1 | 0 | 1 | 0 | 0 | 0 | 0 | 1 | 0 | 0 | 0 | 0 | 0 | 0 | 0 |  0 | 0 | 0 | 0 | 1 | 3 | 2 | 0 | 1 | 1 | 2 | 2 | 1 | 2 | 3 | 0 | 4 | 3 | 4 | 4 | 2 | 7 | 0 | 1 | 0 | 1 | 1 | 4 | 0 | 0 | 0 | 0 | 1 | 0 | 1 | 0 | 1 | 1 | 0 | 0 |
75 | Amarasekara, Chandrakumar Dayananda | PURDUE UNIVERSITY. | 1982 | male | 1 | 0 | 1982 | 1 | 0 | 1982 | 0 | 0 | 0 | 0 | 0 | 1 | 0 | 0 | 0 | 0 | 0 | 0 | 0 | 0 | 0 | 0 | 0 | 0 | 0 | 0 | 0 | 0 | 0 | 0 | 0 | 0 | 0 | 0 | 0 | 0 | 0 | 0 | 0 | 0 | 0 | 0 | 0 | 0 | 0 | 0 |  0 | 0 | 0 | 0 | 0 | 1 | 0 | 0 | 0 | 0 | 0 | 0 | 0 | 0 | 0 | 0 | 0 | 0 | 0 | 0 | 0 | 0 | 0 | 0 | 0 | 0 | 0 | 0 | 0 | 0 | 0 | 0 | 0 | 0 | 0 | 0 | 0 | 0 | 0 | 0 |
76 | Steffes, Paul Gregory | STANFORD UNIVERSITY. | 1982 | male | 4 | 8 | 2016 | 5 | 44 | 2017 | 0 | 0 | 0 | 0 | 2 | 2 | 0 | 0 | 1 | 1 | 1 | 0 | 0 | 1 | 0 | 0 | 0 | 2 | 0 | 0 | 0 | 0 | 0 | 0 | 0 | 0 | 0 | 0 | 0 | 0 | 0 | 0 | 0 | 0 | 0 | 0 | 0 | 0 | 1 | 1 |  0 | 0 | 0 | 1 | 2 | 2 | 0 | 0 | 1 | 1 | 1 | 1 | 1 | 1 | 5 | 2 | 0 | 4 | 0 | 3 | 0 | 1 | 2 | 0 | 2 | 1 | 1 | 1 | 1 | 0 | 1 | 0 | 1 | 0 | 4 | 0 | 1 | 2 | 2 | 2 |
77 | Presler, Wesley Hargrave | THE UNIVERSITY OF TEXAS AT AUSTIN. | 1982 | male | 1 | 0 | 1982 | 2 | 0 | 1982 | 0 | 0 | 0 | 0 | 0 | 1 | 0 | 0 | 0 | 0 | 0 | 0 | 0 | 0 | 0 | 0 | 0 | 0 | 0 | 0 | 0 | 0 | 0 | 0 | 0 | 0 | 0 | 0 | 0 | 0 | 0 | 0 | 0 | 0 | 0 | 0 | 0 | 0 | 0 | 0 |  0 | 0 | 0 | 1 | 0 | 1 | 0 | 0 | 0 | 0 | 0 | 0 | 0 | 0 | 0 | 0 | 0 | 0 | 0 | 0 | 0 | 0 | 0 | 0 | 0 | 0 | 0 | 0 | 0 | 0 | 0 | 0 | 0 | 0 | 0 | 0 | 0 | 0 | 0 | 0 |
78 | Allison, Michael David | RICE UNIVERSITY. | 1982 | male | 1 | 12 | 2001 | 3 | 37 | 2017 | 0 | 0 | 0 | 0 | 0 | 1 | 1 | 0 | 0 | 0 | 1 | 1 | 0 | 3 | 0 | 0 | 0 | 1 | 1 | 0 | 1 | 0 | 0 | 2 | 1 | 0 | 0 | 0 | 0 | 0 | 0 | 0 | 0 | 0 | 0 | 0 | 0 | 0 | 0 | 0 |  0 | 0 | 0 | 0 | 2 | 1 | 1 | 0 | 0 | 0 | 1 | 1 | 0 | 3 | 0 | 0 | 0 | 1 | 1 | 1 | 1 | 0 | 0 | 2 | 1 | 2 | 0 | 1 | 3 | 6 | 2 | 4 | 1 | 1 | 0 | 1 | 2 | 0 | 0 | 0 |
79 | Elphic, Richard C. | UNIVERSITY OF CALIFORNIA, LOS ANGELES. | 1982 | male | 6 | 36 | 2015 | 32 | 204 | 2017 | 0 | 1 | 0 | 2 | 2 | 1 | 3 | 3 | 3 | 2 | 2 | 2 | 1 | 3 | 1 | 0 | 0 | 1 | 2 | 1 | 1 | 2 | 1 | 2 | 1 | 1 | 0 | 0 | 0 | 0 | 1 | 1 | 0 | 0 | 0 | 0 | 0 | 1 | 1 | 0 |  0 | 2 | 9 | 11 | 6 | 4 | 5 | 4 | 6 | 7 | 8 | 7 | 5 | 14 | 5 | 5 | 4 | 5 | 3 | 2 | 7 | 23 | 6 | 11 | 6 | 9 | 10 | 7 | 7 | 6 | 3 | 3 | 1 | 6 | 2 | 4 | 0 | 3 | 7 | 2 |
80 | Flynn, George James | WASHINGTON UNIVERSITY. | 1982 | male | 4 | 45 | 2015 | 7 | 101 | 2015 | 1 | 1 | 0 | 0 | 0 | 2 | 0 | 0 | 0 | 1 | 0 | 1 | 3 | 4 | 4 | 3 | 3 | 3 | 3 | 1 | 2 | 0 | 1 | 0 | 0 | 0 | 2 | 3 | 1 | 2 | 0 | 3 | 2 | 0 | 0 | 0 | 1 | 1 | 1 | 0 |  2 | 1 | 0 | 1 | 1 | 2 | 0 | 0 | 0 | 1 | 0 | 2 | 4 | 5 | 4 | 6 | 3 | 4 | 6 | 1 | 2 | 1 | 3 | 1 | 0 | 2 | 4 | 5 | 2 | 7 | 1 | 10 | 4 | 2 | 2 | 0 | 2 | 15 | 2 | 0 |
81 | Green, Larry Herschel | NORTH CAROLINA STATE UNIVERSITY. | 1982 | male | 2 | 1 | 1985 | 3 | 3 | 2015 | 1 | 0 | 0 | 0 | 0 | 1 | 0 | 0 | 1 | 0 | 0 | 0 | 0 | 0 | 0 | 0 | 0 | 0 | 0 | 0 | 0 | 0 | 0 | 0 | 0 | 0 | 0 | 0 | 0 | 0 | 0 | 0 | 0 | 0 | 0 | 0 | 0 | 0 | 0 | 0 |  2 | 0 | 0 | 0 | 0 | 1 | 0 | 0 | 1 | 0 | 0 | 0 | 0 | 0 | 0 | 0 | 0 | 0 | 0 | 0 | 0 | 0 | 0 | 0 | 0 | 0 | 0 | 0 | 0 | 0 | 0 | 0 | 0 | 0 | 0 | 1 | 0 | 0 | 1 | 0 |
82 | Danehy, Robert Gerard | STATE UNIVERSITY OF NEW YORK AT STONY BROOK. | 1982 | male | 3 | 0 | 1982 | 4 | 0 | 1982 | 1 | 1 | 0 | 0 | 0 | 1 | 0 | 0 | 0 | 0 | 0 | 0 | 0 | 0 | 0 | 0 | 0 | 0 | 0 | 0 | 0 | 0 | 0 | 0 | 0 | 0 | 0 | 0 | 0 | 0 | 0 | 0 | 0 | 0 | 0 | 0 | 0 | 0 | 0 | 0 |  1 | 2 | 0 | 0 | 0 | 1 | 0 | 0 | 0 | 0 | 0 | 0 | 0 | 0 | 0 | 0 | 0 | 0 | 0 | 0 | 0 | 0 | 0 | 0 | 0 | 0 | 0 | 0 | 0 | 0 | 0 | 0 | 0 | 0 | 0 | 0 | 0 | 0 | 0 | 0 |
83 | Leen, Todd Kevin | THE UNIVERSITY OF WISCONSIN - MILWAUKEE. | 1982 | male | 1 | 1 | 1983 | 1 | 2 | 2009 | 0 | 0 | 0 | 0 | 0 | 1 | 1 | 0 | 0 | 0 | 0 | 0 | 0 | 0 | 0 | 0 | 0 | 0 | 0 | 0 | 0 | 0 | 0 | 0 | 0 | 0 | 0 | 0 | 0 | 0 | 0 | 0 | 0 | 0 | 0 | 0 | 0 | 0 | 0 | 0 |  0 | 0 | 0 | 0 | 0 | 1 | 1 | 0 | 0 | 0 | 0 | 0 | 0 | 0 | 0 | 0 | 0 | 0 | 0 | 0 | 0 | 0 | 0 | 0 | 0 | 0 | 0 | 0 | 0 | 0 | 0 | 0 | 1 | 0 | 0 | 0 | 0 | 0 | 0 | 0 |
84 | Tascione, Thomas Frank | RICE UNIVERSITY. | 1982 | male | 2 | 1 | 1988 | 3 | 1 | 1988 | 0 | 0 | 0 | 0 | 0 | 2 | 0 | 0 | 0 | 0 | 0 | 1 | 0 | 0 | 0 | 0 | 0 | 0 | 0 | 0 | 0 | 0 | 0 | 0 | 0 | 0 | 0 | 0 | 0 | 0 | 0 | 0 | 0 | 0 | 0 | 0 | 0 | 0 | 0 | 0 |  0 | 0 | 0 | 0 | 1 | 2 | 0 | 0 | 0 | 0 | 0 | 1 | 0 | 0 | 0 | 0 | 0 | 0 | 0 | 0 | 0 | 0 | 0 | 0 | 0 | 0 | 0 | 0 | 0 | 0 | 0 | 0 | 0 | 0 | 0 | 0 | 0 | 0 | 0 | 0 |
85 | Petre, Robert | MASSACHUSETTS INSTITUTE OF TECHNOLOGY. | 1982 | male | 2 | 14 | 2007 | 6 | 200 | 2017 | 0 | 0 | 0 | 0 | 0 | 2 | 0 | 1 | 2 | 1 | 0 | 1 | 0 | 0 | 0 | 0 | 2 | 2 | 0 | 1 | 0 | 0 | 1 | 0 | 1 | 1 | 0 | 0 | 0 | 0 | 1 | 0 | 0 | 0 | 0 | 0 | 0 | 0 | 0 | 0 |  0 | 0 | 2 | 1 | 1 | 2 | 1 | 2 | 3 | 3 | 3 | 3 | 0 | 2 | 1 | 1 | 17 | 8 | 6 | 8 | 11 | 8 | 9 | 9 | 14 | 5 | 3 | 7 | 4 | 5 | 8 | 8 | 8 | 6 | 5 | 6 | 4 | 5 | 6 | 7 |
86 | Redman, Russell Ormond | CALIFORNIA INSTITUTE OF TECHNOLOGY. | 1982 | male | 1 | 13 | 2003 | 5 | 30 | 2015 | 0 | 0 | 0 | 0 | 0 | 1 | 0 | 0 | 1 | 1 | 0 | 0 | 1 | 1 | 1 | 0 | 1 | 1 | 2 | 0 | 0 | 2 | 1 | 0 | 0 | 0 | 1 | 0 | 0 | 0 | 0 | 0 | 0 | 0 | 0 | 0 | 0 | 0 | 0 | 0 |  0 | 1 | 2 | 0 | 1 | 1 | 0 | 0 | 1 | 1 | 0 | 0 | 1 | 2 | 1 | 1 | 1 | 1 | 2 | 1 | 0 | 5 | 2 | 1 | 0 | 0 | 3 | 1 | 0 | 0 | 1 | 0 | 2 | 0 | 0 | 0 | 0 | 0 | 3 | 0 |
87 | Sanders, David Bruce | STATE UNIVERSITY OF NEW YORK AT STONY BROOK. | 1982 | male | 1 | 30 | 2007 | 2 | 364 | 2017 | 0 | 0 | 0 | 0 | 0 | 1 | 0 | 1 | 3 | 2 | 1 | 8 | 2 | 1 | 1 | 1 | 0 | 0 | 1 | 1 | 0 | 0 | 2 | 1 | 0 | 1 | 2 | 1 | 0 | 0 | 1 | 0 | 0 | 0 | 0 | 0 | 0 | 0 | 0 | 0 |  0 | 0 | 1 | 0 | 0 | 1 | 2 | 7 | 5 | 10 | 7 | 16 | 9 | 8 | 5 | 3 | 8 | 3 | 7 | 4 | 5 | 8 | 12 | 8 | 5 | 10 | 8 | 4 | 10 | 10 | 21 | 7 | 26 | 32 | 13 | 13 | 22 | 16 | 20 | 12 |
88 | Bos, Randall Jay | THE UNIVERSITY OF ARIZONA. | 1982 | male | 1 | 1 | 1983 | 2 | 4 | 1999 | 0 | 0 | 0 | 0 | 0 | 1 | 1 | 0 | 0 | 0 | 0 | 0 | 0 | 0 | 0 | 0 | 0 | 0 | 0 | 0 | 0 | 0 | 0 | 0 | 0 | 0 | 0 | 0 | 0 | 0 | 0 | 0 | 0 | 0 | 0 | 0 | 0 | 0 | 0 | 0 |  0 | 0 | 0 | 0 | 0 | 2 | 2 | 0 | 0 | 0 | 0 | 0 | 0 | 0 | 0 | 1 | 0 | 0 | 0 | 0 | 0 | 0 | 1 | 0 | 0 | 0 | 0 | 0 | 0 | 0 | 0 | 0 | 0 | 0 | 0 | 0 | 0 | 0 | 0 | 0 |
89 | Chakrabarti, S. | California Univ., Berkeley. | 1982 | None | 4 | 153 | 2017 | 5 | 404 | 2017 | 0 | 0 | 0 | 2 | 0 | 2 | 1 | 3 | 5 | 4 | 2 | 5 | 7 | 7 | 2 | 8 | 9 | 4 | 4 | 10 | 2 | 4 | 5 | 6 | 4 | 3 | 2 | 3 | 8 | 7 | 4 | 4 | 7 | 1 | 4 | 2 | 3 | 3 | 5 | 3 |  0 | 0 | 0 | 3 | 0 | 2 | 4 | 4 | 8 | 8 | 4 | 7 | 8 | 12 | 3 | 9 | 22 | 10 | 8 | 13 | 3 | 6 | 9 | 14 | 18 | 18 | 5 | 9 | 23 | 12 | 8 | 12 | 14 | 14 | 26 | 14 | 14 | 13 | 24 | 19 |
90 | Grady, Carol Anne | UNIVERSITY OF COLORADO AT BOULDER. | 1982 | female | 1 | 31 | 2015 | 2 | 173 | 2017 | 0 | 0 | 0 | 0 | 0 | 1 | 1 | 1 | 0 | 0 | 2 | 0 | 1 | 0 | 1 | 0 | 3 | 1 | 1 | 3 | 1 | 1 | 2 | 2 | 1 | 0 | 2 | 1 | 2 | 0 | 1 | 0 | 1 | 1 | 0 | 0 | 1 | 0 | 1 | 0 |  0 | 0 | 0 | 0 | 1 | 1 | 1 | 1 | 1 | 1 | 2 | 1 | 2 | 0 | 5 | 1 | 6 | 2 | 3 | 3 | 3 | 1 | 4 | 3 | 7 | 3 | 2 | 5 | 3 | 4 | 1 | 4 | 5 | 8 | 6 | 12 | 17 | 14 | 16 | 17 |
91 | Herter, Terry Lee | THE UNIVERSITY OF ROCHESTER. | 1982 | male | 9 | 11 | 2013 | 14 | 101 | 2017 | 0 | 0 | 2 | 0 | 2 | 5 | 2 | 1 | 0 | 1 | 1 | 0 | 1 | 2 | 0 | 0 | 0 | 1 | 0 | 0 | 0 | 0 | 0 | 0 | 0 | 0 | 0 | 0 | 0 | 0 | 0 | 0 | 0 | 0 | 0 | 1 | 1 | 0 | 0 | 0 |  0 | 0 | 2 | 1 | 3 | 8 | 4 | 4 | 0 | 3 | 1 | 2 | 3 | 5 | 1 | 1 | 2 | 5 | 2 | 4 | 3 | 1 | 2 | 0 | 0 | 0 | 3 | 14 | 6 | 3 | 4 | 2 | 0 | 0 | 2 | 9 | 2 | 4 | 3 | 5 |
92 | Simonson, Gregory Frank | YALE UNIVERSITY. | 1982 | male | 1 | 1 | 1983 | 2 | 1 | 1983 | 0 | 0 | 0 | 0 | 0 | 1 | 1 | 0 | 0 | 0 | 0 | 0 | 0 | 0 | 0 | 0 | 0 | 0 | 0 | 0 | 0 | 0 | 0 | 0 | 0 | 0 | 0 | 0 | 0 | 0 | 0 | 0 | 0 | 0 | 0 | 0 | 0 | 0 | 0 | 0 |  0 | 0 | 0 | 0 | 0 | 2 | 1 | 0 | 0 | 0 | 0 | 0 | 0 | 0 | 0 | 0 | 0 | 0 | 0 | 0 | 0 | 0 | 0 | 0 | 0 | 0 | 0 | 0 | 0 | 0 | 0 | 0 | 0 | 0 | 0 | 0 | 0 | 0 | 0 | 0 |
93 | Nuth, Joseph Andrew, III | UNIVERSITY OF MARYLAND COLLEGE PARK. | 1982 | male | 5 | 31 | 2016 | 8 | 70 | 2016 | 0 | 0 | 0 | 0 | 1 | 4 | 4 | 3 | 3 | 2 | 2 | 2 | 1 | 2 | 0 | 1 | 0 | 1 | 1 | 0 | 0 | 0 | 0 | 3 | 0 | 0 | 0 | 0 | 0 | 1 | 0 | 2 | 0 | 0 | 0 | 2 | 0 | 0 | 0 | 1 |  0 | 0 | 0 | 0 | 2 | 6 | 4 | 3 | 4 | 3 | 4 | 2 | 4 | 3 | 1 | 2 | 1 | 1 | 1 | 0 | 0 | 2 | 2 | 4 | 0 | 1 | 1 | 0 | 0 | 3 | 8 | 3 | 1 | 1 | 3 | 4 | 3 | 0 | 0 | 1 |
94 | Davila, Joseph Michael | THE UNIVERSITY OF ARIZONA. | 1982 | male | 2 | 15 | 2007 | 3 | 124 | 2016 | 0 | 0 | 0 | 1 | 0 | 1 | 0 | 2 | 1 | 1 | 1 | 1 | 0 | 0 | 1 | 1 | 0 | 1 | 0 | 1 | 1 | 1 | 1 | 0 | 0 | 0 | 0 | 1 | 0 | 0 | 1 | 0 | 0 | 0 | 0 | 0 | 0 | 0 | 0 | 0 |  0 | 0 | 0 | 1 | 1 | 1 | 0 | 2 | 1 | 1 | 1 | 1 | 1 | 0 | 2 | 1 | 2 | 5 | 5 | 6 | 6 | 6 | 3 | 6 | 2 | 0 | 3 | 4 | 3 | 3 | 5 | 7 | 10 | 5 | 8 | 10 | 8 | 5 | 1 | 1 |
95 | Seab, Charles Gregory | UNIVERSITY OF COLORADO AT BOULDER. | 1982 | male | 2 | 5 | 1995 | 4 | 21 | 1995 | 0 | 0 | 0 | 0 | 1 | 1 | 1 | 1 | 1 | 0 | 0 | 0 | 1 | 0 | 0 | 0 | 0 | 0 | 1 | 0 | 0 | 0 | 0 | 0 | 0 | 0 | 0 | 0 | 0 | 0 | 0 | 0 | 0 | 0 | 0 | 0 | 0 | 0 | 0 | 0 |  0 | 0 | 0 | 1 | 1 | 2 | 3 | 1 | 1 | 1 | 2 | 2 | 4 | 0 | 1 | 1 | 1 | 2 | 2 | 0 | 0 | 0 | 0 | 0 | 0 | 0 | 0 | 0 | 0 | 0 | 0 | 0 | 0 | 0 | 0 | 0 | 0 | 0 | 0 | 0 |
96 | Stinebring, Daniel Richard | CORNELL UNIVERSITY. | 1982 | male | 2 | 14 | 2008 | 2 | 60 | 2016 | 0 | 0 | 0 | 0 | 1 | 1 | 2 | 2 | 0 | 0 | 0 | 0 | 1 | 2 | 0 | 1 | 0 | 0 | 0 | 1 | 0 | 0 | 0 | 1 | 1 | 0 | 0 | 0 | 0 | 1 | 1 | 1 | 0 | 0 | 0 | 0 | 0 | 0 | 0 | 0 |  0 | 0 | 0 | 0 | 1 | 1 | 2 | 3 | 0 | 2 | 1 | 3 | 3 | 5 | 3 | 3 | 0 | 0 | 0 | 1 | 1 | 3 | 0 | 2 | 1 | 0 | 2 | 1 | 2 | 5 | 1 | 3 | 0 | 1 | 1 | 0 | 1 | 2 | 3 | 5 |
97 | Villumsen, Jens Verner | YALE UNIVERSITY. | 1982 | male | 1 | 12 | 1997 | 1 | 38 | 1999 | 0 | 0 | 0 | 0 | 0 | 1 | 2 | 1 | 2 | 1 | 1 | 0 | 1 | 0 | 2 | 0 | 0 | 0 | 0 | 1 | 1 | 0 | 0 | 0 | 0 | 0 | 0 | 0 | 0 | 0 | 0 | 0 | 0 | 0 | 0 | 0 | 0 | 0 | 0 | 0 |  0 | 0 | 0 | 0 | 0 | 1 | 2 | 1 | 2 | 2 | 2 | 0 | 1 | 1 | 5 | 3 | 4 | 6 | 0 | 2 | 3 | 2 | 2 | 0 | 0 | 0 | 0 | 0 | 0 | 0 | 0 | 0 | 0 | 0 | 0 | 0 | 0 | 0 | 0 | 0 |
98 | Wacker, J. F. | Arizona Univ., Phoenix. | 1982 | None | 4 | 14 | 1991 | 6 | 37 | 2009 | 0 | 0 | 0 | 1 | 1 | 2 | 2 | 3 | 2 | 2 | 1 | 0 | 3 | 0 | 1 | 0 | 0 | 0 | 0 | 0 | 0 | 0 | 0 | 0 | 0 | 0 | 0 | 0 | 0 | 0 | 0 | 0 | 0 | 0 | 0 | 0 | 0 | 0 | 0 | 0 |  0 | 1 | 1 | 1 | 1 | 2 | 3 | 3 | 5 | 2 | 5 | 0 | 4 | 0 | 1 | 0 | 1 | 2 | 2 | 0 | 2 | 0 | 0 | 2 | 1 | 1 | 0 | 1 | 0 | 1 | 0 | 0 | 1 | 0 | 0 | 0 | 0 | 0 | 0 | 0 |
99 | Borgwald, James Martin | WASHINGTON UNIVERSITY. | 1982 | male | 1 | 1 | 1993 | 1 | 1 | 1993 | 0 | 0 | 0 | 0 | 0 | 1 | 0 | 0 | 0 | 0 | 0 | 0 | 0 | 0 | 0 | 0 | 1 | 0 | 0 | 0 | 0 | 0 | 0 | 0 | 0 | 0 | 0 | 0 | 0 | 0 | 0 | 0 | 0 | 0 | 0 | 0 | 0 | 0 | 0 | 0 |  0 | 0 | 0 | 0 | 0 | 1 | 0 | 0 | 0 | 0 | 0 | 0 | 0 | 0 | 0 | 0 | 1 | 0 | 0 | 0 | 0 | 0 | 0 | 0 | 0 | 0 | 0 | 0 | 0 | 0 | 0 | 0 | 0 | 0 | 0 | 0 | 0 | 0 | 0 | 0 |
100 | Covey, C. C. | California Univ., Los Angeles. | 1982 | None | 3 | 4 | 2013 | 7 | 8 | 2013 | 0 | 0 | 0 | 0 | 1 | 2 | 0 | 1 | 0 | 1 | 0 | 0 | 0 | 0 | 0 | 0 | 0 | 1 | 0 | 0 | 0 | 0 | 0 | 0 | 0 | 0 | 0 | 0 | 0 | 0 | 0 | 0 | 0 | 0 | 0 | 0 | 1 | 0 | 0 | 0 |  0 | 0 | 0 | 2 | 3 | 2 | 0 | 1 | 0 | 1 | 0 | 0 | 0 | 0 | 0 | 0 | 0 | 1 | 0 | 0 | 0 | 0 | 0 | 3 | 0 | 0 | 0 | 0 | 0 | 0 | 1 | 0 | 0 | 0 | 0 | 0 | 1 | 0 | 0 | 0 |
101 | Flammang, Richard Alan | CALIFORNIA INSTITUTE OF TECHNOLOGY. | 1982 | male | 2 | 1 | 1984 | 3 | 1 | 1984 | 0 | 0 | 0 | 0 | 0 | 2 | 0 | 1 | 0 | 0 | 0 | 0 | 0 | 0 | 0 | 0 | 0 | 0 | 0 | 0 | 0 | 0 | 0 | 0 | 0 | 0 | 0 | 0 | 0 | 0 | 0 | 0 | 0 | 0 | 0 | 0 | 0 | 0 | 0 | 0 |  0 | 0 | 0 | 0 | 1 | 2 | 0 | 1 | 0 | 0 | 0 | 0 | 0 | 0 | 0 | 0 | 0 | 0 | 0 | 0 | 0 | 0 | 0 | 0 | 0 | 0 | 0 | 0 | 0 | 0 | 0 | 0 | 0 | 0 | 0 | 0 | 0 | 0 | 0 | 0 |
102 | Rood, R. B. | Florida State University, Tallahassee. | 1982 | None | 2 | 6 | 1990 | 2 | 22 | 2008 | 0 | 0 | 0 | 0 | 0 | 2 | 3 | 0 | 1 | 1 | 0 | 0 | 0 | 1 | 0 | 0 | 0 | 0 | 0 | 0 | 0 | 0 | 0 | 0 | 0 | 0 | 0 | 0 | 0 | 0 | 0 | 0 | 0 | 0 | 0 | 0 | 0 | 0 | 0 | 0 |  0 | 0 | 0 | 0 | 0 | 2 | 3 | 0 | 1 | 1 | 0 | 0 | 2 | 4 | 2 | 0 | 3 | 1 | 2 | 0 | 0 | 0 | 0 | 0 | 1 | 0 | 1 | 0 | 0 | 0 | 0 | 1 | 0 | 0 | 0 | 0 | 0 | 0 | 0 | 0 |
103 | Baines, Kevin Hays | WASHINGTON UNIVERSITY. | 1982 | male | 1 | 20 | 2013 | 2 | 208 | 2017 | 0 | 0 | 0 | 0 | 0 | 1 | 2 | 0 | 0 | 1 | 0 | 0 | 0 | 1 | 0 | 0 | 1 | 1 | 3 | 0 | 0 | 1 | 0 | 1 | 0 | 1 | 0 | 0 | 1 | 2 | 1 | 0 | 2 | 0 | 0 | 0 | 2 | 0 | 0 | 0 |  0 | 0 | 0 | 0 | 1 | 1 | 2 | 0 | 0 | 2 | 1 | 0 | 4 | 4 | 2 | 0 | 7 | 3 | 9 | 3 | 1 | 5 | 1 | 3 | 7 | 4 | 3 | 4 | 7 | 12 | 12 | 15 | 21 | 11 | 13 | 22 | 10 | 6 | 4 | 9 |
104 | Halpern, J. P. | Harvard University, Cambridge, MA. | 1982 | None | 3 | 49 | 2015 | 6 | 154 | 2017 | 0 | 0 | 0 | 1 | 0 | 2 | 1 | 3 | 2 | 3 | 2 | 2 | 0 | 1 | 0 | 1 | 1 | 0 | 0 | 0 | 1 | 2 | 2 | 2 | 3 | 2 | 2 | 2 | 2 | 0 | 3 | 2 | 1 | 3 | 2 | 1 | 1 | 1 | 1 | 0 |  1 | 0 | 0 | 1 | 1 | 3 | 1 | 4 | 4 | 4 | 3 | 3 | 0 | 2 | 2 | 1 | 1 | 0 | 0 | 2 | 4 | 7 | 5 | 8 | 8 | 12 | 8 | 9 | 7 | 4 | 17 | 5 | 9 | 4 | 3 | 3 | 6 | 2 | 1 | 4 |
105 | Kingham, Kerry Andrew | UNIVERSITY OF VIRGINIA. | 1982 | female | 2 | 0 | 1982 | 3 | 13 | 2004 | 0 | 0 | 1 | 0 | 0 | 1 | 0 | 0 | 0 | 0 | 0 | 0 | 0 | 0 | 0 | 0 | 0 | 0 | 0 | 0 | 0 | 0 | 0 | 0 | 0 | 0 | 0 | 0 | 0 | 0 | 0 | 0 | 0 | 0 | 0 | 0 | 0 | 0 | 0 | 0 |  0 | 1 | 1 | 0 | 0 | 1 | 0 | 0 | 0 | 0 | 0 | 0 | 0 | 0 | 0 | 1 | 0 | 1 | 0 | 0 | 4 | 2 | 3 | 0 | 0 | 1 | 0 | 1 | 0 | 0 | 0 | 0 | 0 | 0 | 0 | 0 | 0 | 0 | 0 | 0 |
106 | Ellison, Donald Charles | THE CATHOLIC UNIVERSITY OF AMERICA. | 1982 | male | 4 | 58 | 2016 | 7 | 131 | 2017 | 0 | 0 | 0 | 0 | 3 | 1 | 6 | 3 | 4 | 0 | 3 | 1 | 0 | 3 | 5 | 0 | 2 | 1 | 3 | 1 | 2 | 1 | 3 | 1 | 3 | 2 | 0 | 2 | 5 | 0 | 1 | 1 | 0 | 1 | 1 | 1 | 1 | 0 | 0 | 1 |  0 | 0 | 0 | 0 | 5 | 2 | 6 | 3 | 7 | 3 | 5 | 1 | 1 | 4 | 8 | 2 | 8 | 2 | 8 | 2 | 7 | 3 | 5 | 5 | 7 | 2 | 0 | 3 | 7 | 1 | 1 | 4 | 2 | 2 | 4 | 4 | 2 | 3 | 6 | 1 |
107 | Cosner, Kenneth Russell | UNIVERSITY OF ILLINOIS AT URBANA-CHAMPAIGN. | 1982 | male | 3 | 1 | 1984 | 3 | 1 | 1984 | 0 | 0 | 0 | 1 | 1 | 1 | 0 | 1 | 0 | 0 | 0 | 0 | 0 | 0 | 0 | 0 | 0 | 0 | 0 | 0 | 0 | 0 | 0 | 0 | 0 | 0 | 0 | 0 | 0 | 0 | 0 | 0 | 0 | 0 | 0 | 0 | 0 | 0 | 0 | 0 |  0 | 0 | 0 | 1 | 1 | 1 | 0 | 1 | 0 | 0 | 0 | 0 | 0 | 0 | 0 | 0 | 0 | 0 | 0 | 0 | 0 | 0 | 0 | 0 | 0 | 0 | 0 | 0 | 0 | 0 | 0 | 0 | 0 | 0 | 0 | 0 | 0 | 0 | 0 | 0 |
108 | Covey, Curtis Charles | UNIVERSITY OF CALIFORNIA, LOS ANGELES. | 1982 | male | 4 | 4 | 2013 | 8 | 9 | 2013 | 0 | 0 | 0 | 0 | 1 | 3 | 0 | 1 | 0 | 1 | 0 | 0 | 0 | 0 | 0 | 0 | 0 | 1 | 0 | 0 | 0 | 0 | 0 | 0 | 0 | 0 | 0 | 0 | 0 | 0 | 0 | 0 | 0 | 0 | 0 | 0 | 1 | 0 | 0 | 0 |  0 | 0 | 0 | 2 | 3 | 3 | 0 | 1 | 0 | 1 | 0 | 0 | 0 | 0 | 0 | 0 | 0 | 1 | 0 | 0 | 0 | 0 | 0 | 3 | 0 | 0 | 0 | 0 | 0 | 0 | 1 | 0 | 0 | 0 | 1 | 0 | 1 | 0 | 0 | 0 |
109 | Fiedler, Ralph Lierheimer | UNIVERSITY OF MINNESOTA. | 1982 | male | 2 | 9 | 1994 | 2 | 32 | 2007 | 0 | 0 | 0 | 1 | 0 | 1 | 0 | 2 | 0 | 2 | 3 | 0 | 0 | 0 | 0 | 0 | 0 | 2 | 0 | 0 | 0 | 0 | 0 | 0 | 0 | 0 | 0 | 0 | 0 | 0 | 0 | 0 | 0 | 0 | 0 | 0 | 0 | 0 | 0 | 0 |  0 | 0 | 0 | 1 | 0 | 1 | 0 | 2 | 4 | 3 | 4 | 0 | 0 | 1 | 1 | 0 | 2 | 5 | 4 | 2 | 0 | 0 | 0 | 1 | 2 | 0 | 0 | 0 | 0 | 0 | 1 | 0 | 0 | 0 | 0 | 0 | 0 | 0 | 0 | 0 |
110 | Galvin, Antoinette Broe | UNIVERSITY OF MARYLAND COLLEGE PARK. | 1982 | female | 1 | 12 | 2013 | 4 | 138 | 2017 | 0 | 0 | 0 | 0 | 0 | 1 | 0 | 1 | 0 | 0 | 1 | 0 | 0 | 0 | 0 | 0 | 3 | 0 | 1 | 0 | 1 | 0 | 1 | 0 | 1 | 0 | 0 | 0 | 0 | 0 | 0 | 1 | 1 | 0 | 0 | 0 | 1 | 0 | 0 | 0 |  0 | 0 | 1 | 1 | 1 | 1 | 0 | 4 | 4 | 4 | 1 | 1 | 3 | 1 | 1 | 2 | 6 | 1 | 6 | 1 | 5 | 15 | 3 | 2 | 6 | 3 | 2 | 0 | 1 | 0 | 1 | 6 | 19 | 10 | 4 | 5 | 11 | 4 | 1 | 4 |
111 | Heiligman, Gary Meyer | PRINCETON UNIVERSITY. | 1982 | male | 4 | 4 | 1989 | 4 | 10 | 1989 | 0 | 0 | 1 | 2 | 0 | 1 | 0 | 0 | 0 | 2 | 1 | 0 | 1 | 0 | 0 | 0 | 0 | 0 | 0 | 0 | 0 | 0 | 0 | 0 | 0 | 0 | 0 | 0 | 0 | 0 | 0 | 0 | 0 | 0 | 0 | 0 | 0 | 0 | 0 | 0 |  0 | 0 | 1 | 2 | 0 | 1 | 0 | 4 | 1 | 3 | 1 | 0 | 1 | 0 | 0 | 0 | 0 | 0 | 0 | 0 | 0 | 0 | 0 | 0 | 0 | 0 | 0 | 0 | 0 | 0 | 0 | 0 | 0 | 0 | 0 | 0 | 0 | 0 | 0 | 0 |
112 | Kowalski, Michael Paul | NORTHWESTERN UNIVERSITY. | 1982 | male | 1 | 10 | 2011 | 2 | 225 | 2017 | 0 | 0 | 0 | 0 | 0 | 1 | 1 | 1 | 0 | 0 | 1 | 0 | 0 | 0 | 1 | 0 | 1 | 0 | 0 | 0 | 0 | 0 | 0 | 0 | 1 | 1 | 0 | 0 | 0 | 0 | 0 | 1 | 0 | 1 | 1 | 0 | 0 | 0 | 0 | 0 |  0 | 0 | 0 | 0 | 1 | 1 | 2 | 2 | 1 | 1 | 1 | 0 | 3 | 2 | 2 | 1 | 1 | 1 | 0 | 0 | 1 | 0 | 0 | 2 | 8 | 7 | 9 | 9 | 9 | 7 | 7 | 8 | 13 | 14 | 18 | 15 | 25 | 14 | 20 | 15 |
113 | Lane, Adair Payson | UNIVERSITY OF MASSACHUSETTS. | 1982 | male | 2 | 5 | 1990 | 7 | 32 | 2011 | 0 | 0 | 1 | 0 | 0 | 1 | 0 | 0 | 0 | 2 | 1 | 0 | 1 | 1 | 0 | 0 | 0 | 0 | 0 | 0 | 0 | 0 | 0 | 0 | 0 | 0 | 0 | 0 | 0 | 0 | 0 | 0 | 0 | 0 | 0 | 0 | 0 | 0 | 0 | 0 |  0 | 0 | 3 | 0 | 2 | 2 | 1 | 0 | 0 | 3 | 2 | 0 | 1 | 1 | 0 | 0 | 1 | 0 | 1 | 0 | 4 | 3 | 1 | 2 | 2 | 1 | 0 | 3 | 2 | 1 | 1 | 0 | 1 | 0 | 1 | 0 | 0 | 0 | 0 | 0 |
114 | Marconi, Maximus Lawrence | UNIVERSITY OF CALIFORNIA, SAN DIEGO. | 1982 | male | 6 | 37 | 2017 | 6 | 171 | 2017 | 0 | 0 | 0 | 0 | 0 | 6 | 1 | 0 | 0 | 2 | 1 | 1 | 1 | 2 | 1 | 0 | 0 | 0 | 1 | 2 | 0 | 0 | 0 | 1 | 1 | 1 | 3 | 2 | 2 | 1 | 4 | 1 | 0 | 2 | 1 | 0 | 2 | 1 | 1 | 1 |  0 | 0 | 0 | 0 | 0 | 6 | 1 | 0 | 1 | 3 | 1 | 1 | 2 | 3 | 1 | 0 | 2 | 0 | 5 | 2 | 1 | 3 | 3 | 9 | 9 | 7 | 11 | 11 | 7 | 4 | 13 | 5 | 3 | 10 | 10 | 6 | 6 | 8 | 9 | 12 |
115 | Scott, Howard Allen | CORNELL UNIVERSITY. | 1982 | male | 2 | 2 | 1987 | 2 | 7 | 2009 | 0 | 0 | 0 | 0 | 0 | 2 | 1 | 0 | 0 | 0 | 1 | 0 | 0 | 0 | 0 | 0 | 0 | 0 | 0 | 0 | 0 | 0 | 0 | 0 | 0 | 0 | 0 | 0 | 0 | 0 | 0 | 0 | 0 | 0 | 0 | 0 | 0 | 0 | 0 | 0 |  0 | 0 | 0 | 0 | 0 | 2 | 1 | 0 | 0 | 0 | 2 | 0 | 0 | 0 | 1 | 0 | 0 | 0 | 0 | 0 | 0 | 0 | 0 | 0 | 0 | 0 | 0 | 0 | 1 | 1 | 0 | 0 | 1 | 0 | 0 | 0 | 0 | 0 | 0 | 0 |
116 | Thompson, William Thomas | UNIVERSITY OF MASSACHUSETTS. | 1982 | male | 3 | 17 | 2015 | 3 | 73 | 2017 | 0 | 0 | 0 | 0 | 1 | 2 | 0 | 0 | 0 | 0 | 0 | 0 | 0 | 0 | 1 | 0 | 1 | 0 | 0 | 0 | 0 | 1 | 0 | 1 | 0 | 2 | 0 | 0 | 0 | 1 | 0 | 1 | 1 | 3 | 2 | 1 | 1 | 0 | 1 | 0 |  0 | 0 | 0 | 0 | 1 | 2 | 0 | 0 | 0 | 0 | 0 | 1 | 0 | 0 | 3 | 4 | 3 | 3 | 1 | 0 | 4 | 4 | 1 | 4 | 3 | 6 | 0 | 2 | 1 | 1 | 1 | 6 | 5 | 6 | 3 | 6 | 1 | 1 | 2 | 0 |
117 | Westbrook, John Keenan | UTAH STATE UNIVERSITY. | 1982 | male | 1 | 0 | 1982 | 1 | 0 | 1982 | 0 | 0 | 0 | 0 | 0 | 1 | 0 | 0 | 0 | 0 | 0 | 0 | 0 | 0 | 0 | 0 | 0 | 0 | 0 | 0 | 0 | 0 | 0 | 0 | 0 | 0 | 0 | 0 | 0 | 0 | 0 | 0 | 0 | 0 | 0 | 0 | 0 | 0 | 0 | 0 |  0 | 0 | 0 | 0 | 0 | 1 | 0 | 0 | 0 | 0 | 0 | 0 | 0 | 0 | 0 | 0 | 0 | 0 | 0 | 0 | 0 | 0 | 0 | 0 | 0 | 0 | 0 | 0 | 0 | 0 | 0 | 0 | 0 | 0 | 0 | 0 | 0 | 0 | 0 | 0 |
118 | Ennis, David James | CALIFORNIA INSTITUTE OF TECHNOLOGY. | 1982 | male | 6 | 0 | 1982 | 12 | 1 | 2005 | 1 | 0 | 0 | 0 | 2 | 3 | 0 | 0 | 0 | 0 | 0 | 0 | 0 | 0 | 0 | 0 | 0 | 0 | 0 | 0 | 0 | 0 | 0 | 0 | 0 | 0 | 0 | 0 | 0 | 0 | 0 | 0 | 0 | 0 | 0 | 0 | 0 | 0 | 0 | 0 |  1 | 2 | 1 | 0 | 5 | 3 | 0 | 0 | 0 | 0 | 0 | 0 | 0 | 0 | 0 | 0 | 0 | 0 | 0 | 0 | 0 | 0 | 0 | 0 | 0 | 0 | 0 | 0 | 1 | 0 | 0 | 0 | 0 | 0 | 0 | 0 | 0 | 0 | 0 | 0 |
119 | Fludzinski, Marek T. | PRINCETON UNIVERSITY. | 1982 | male | 1 | 0 | 1982 | 1 | 0 | 1982 | 0 | 0 | 0 | 0 | 0 | 1 | 0 | 0 | 0 | 0 | 0 | 0 | 0 | 0 | 0 | 0 | 0 | 0 | 0 | 0 | 0 | 0 | 0 | 0 | 0 | 0 | 0 | 0 | 0 | 0 | 0 | 0 | 0 | 0 | 0 | 0 | 0 | 0 | 0 | 0 |  0 | 0 | 0 | 0 | 0 | 1 | 0 | 0 | 0 | 0 | 0 | 0 | 0 | 0 | 0 | 0 | 0 | 0 | 0 | 0 | 0 | 0 | 0 | 0 | 0 | 0 | 0 | 0 | 0 | 0 | 0 | 0 | 0 | 0 | 0 | 0 | 0 | 0 | 0 | 0 |
120 | Neff, Susan Gale | UNIVERSITY OF VIRGINIA. | 1982 | female | 2 | 16 | 2015 | 9 | 167 | 2015 | 0 | 0 | 0 | 1 | 0 | 1 | 1 | 1 | 0 | 0 | 0 | 1 | 1 | 2 | 0 | 1 | 0 | 1 | 1 | 0 | 0 | 0 | 0 | 1 | 0 | 0 | 1 | 1 | 1 | 0 | 0 | 0 | 1 | 0 | 0 | 0 | 0 | 0 | 2 | 0 |  0 | 1 | 2 | 2 | 2 | 2 | 1 | 2 | 0 | 0 | 3 | 4 | 3 | 4 | 4 | 9 | 0 | 2 | 1 | 3 | 11 | 6 | 1 | 3 | 3 | 1 | 2 | 1 | 36 | 6 | 33 | 3 | 11 | 2 | 2 | 1 | 1 | 3 | 5 | 0 |
121 | Ostlie, Dale A. | IOWA STATE UNIVERSITY. | 1982 | male | 1 | 2 | 1987 | 1 | 4 | 1993 | 0 | 0 | 0 | 0 | 0 | 1 | 0 | 0 | 0 | 1 | 1 | 0 | 0 | 0 | 0 | 0 | 0 | 0 | 0 | 0 | 0 | 0 | 0 | 0 | 0 | 0 | 0 | 0 | 0 | 0 | 0 | 0 | 0 | 0 | 0 | 0 | 0 | 0 | 0 | 0 |  0 | 0 | 0 | 0 | 0 | 1 | 0 | 0 | 0 | 1 | 2 | 0 | 0 | 0 | 0 | 0 | 1 | 0 | 0 | 0 | 0 | 0 | 0 | 0 | 0 | 0 | 0 | 0 | 0 | 0 | 0 | 0 | 0 | 0 | 0 | 0 | 0 | 0 | 0 | 0 |
122 | Ricchiazzi, Paul Joseph | UNIVERSITY OF CALIFORNIA, SAN DIEGO. | 1982 | male | 1 | 3 | 2002 | 6 | 6 | 2006 | 0 | 0 | 0 | 0 | 0 | 1 | 1 | 1 | 0 | 0 | 0 | 0 | 0 | 0 | 0 | 0 | 0 | 0 | 0 | 0 | 0 | 0 | 0 | 0 | 0 | 1 | 0 | 0 | 0 | 0 | 0 | 0 | 0 | 0 | 0 | 0 | 0 | 0 | 0 | 0 |  0 | 0 | 0 | 1 | 2 | 3 | 1 | 2 | 0 | 0 | 0 | 0 | 0 | 0 | 0 | 0 | 0 | 0 | 0 | 0 | 0 | 0 | 0 | 1 | 0 | 1 | 0 | 0 | 0 | 1 | 0 | 0 | 0 | 0 | 0 | 0 | 0 | 0 | 0 | 0 |
123 | Boyer, Darryl William | THE UNIVERSITY OF ARIZONA. | 1982 | male | 2 | 2 | 1992 | 3 | 11 | 2015 | 0 | 0 | 0 | 0 | 1 | 1 | 0 | 1 | 0 | 0 | 0 | 0 | 0 | 0 | 0 | 1 | 0 | 0 | 0 | 0 | 0 | 0 | 0 | 0 | 0 | 0 | 0 | 0 | 0 | 0 | 0 | 0 | 0 | 0 | 0 | 0 | 0 | 0 | 0 | 0 |  0 | 0 | 0 | 0 | 1 | 2 | 0 | 1 | 0 | 0 | 0 | 0 | 0 | 0 | 0 | 1 | 0 | 0 | 0 | 0 | 0 | 1 | 1 | 1 | 0 | 1 | 1 | 0 | 0 | 0 | 0 | 0 | 0 | 1 | 0 | 1 | 0 | 1 | 1 | 0 |
124 | Cook, Gale Patricia | UNIVERSITY OF COLORADO AT BOULDER. | 1982 | female | 2 | 1 | 1984 | 2 | 3 | 2005 | 0 | 0 | 0 | 0 | 0 | 2 | 0 | 1 | 0 | 0 | 0 | 0 | 0 | 0 | 0 | 0 | 0 | 0 | 0 | 0 | 0 | 0 | 0 | 0 | 0 | 0 | 0 | 0 | 0 | 0 | 0 | 0 | 0 | 0 | 0 | 0 | 0 | 0 | 0 | 0 |  0 | 0 | 0 | 0 | 0 | 2 | 0 | 1 | 0 | 0 | 0 | 0 | 0 | 0 | 0 | 0 | 0 | 0 | 1 | 0 | 0 | 0 | 0 | 0 | 0 | 0 | 0 | 0 | 1 | 0 | 0 | 0 | 0 | 0 | 0 | 0 | 0 | 0 | 0 | 0 |
125 | Champagne, Arthur Ernest | Yale University. | 1982 | male | 1 | 15 | 2007 | 1 | 86 | 2017 | 0 | 0 | 0 | 0 | 0 | 1 | 3 | 0 | 0 | 2 | 0 | 3 | 2 | 2 | 0 | 0 | 1 | 0 | 0 | 0 | 0 | 0 | 0 | 0 | 0 | 0 | 0 | 0 | 1 | 0 | 1 | 0 | 0 | 0 | 0 | 0 | 0 | 0 | 0 | 0 |  0 | 0 | 0 | 0 | 0 | 1 | 3 | 0 | 0 | 2 | 0 | 4 | 3 | 3 | 1 | 1 | 3 | 2 | 3 | 4 | 1 | 2 | 2 | 3 | 3 | 6 | 4 | 3 | 8 | 1 | 5 | 0 | 2 | 8 | 1 | 2 | 1 | 0 | 3 | 1 |
126 | Zizka, Eugene Robert | UNIVERSITY OF PITTSBURGH. | 1982 | male | 2 | 0 | 1982 | 2 | 2 | 1988 | 0 | 0 | 0 | 0 | 1 | 1 | 0 | 0 | 0 | 0 | 0 | 0 | 0 | 0 | 0 | 0 | 0 | 0 | 0 | 0 | 0 | 0 | 0 | 0 | 0 | 0 | 0 | 0 | 0 | 0 | 0 | 0 | 0 | 0 | 0 | 0 | 0 | 0 | 0 | 0 |  0 | 0 | 0 | 0 | 1 | 1 | 0 | 0 | 0 | 1 | 0 | 1 | 0 | 0 | 0 | 0 | 0 | 0 | 0 | 0 | 0 | 0 | 0 | 0 | 0 | 0 | 0 | 0 | 0 | 0 | 0 | 0 | 0 | 0 | 0 | 0 | 0 | 0 | 0 | 0 |
127 | Ciming, J. B. | California Institute of Technology, Pasadena. | 1982 | None | 1 | 0 | 1982 | 1 | 0 | 1982 | 0 | 0 | 0 | 0 | 0 | 1 | 0 | 0 | 0 | 0 | 0 | 0 | 0 | 0 | 0 | 0 | 0 | 0 | 0 | 0 | 0 | 0 | 0 | 0 | 0 | 0 | 0 | 0 | 0 | 0 | 0 | 0 | 0 | 0 | 0 | 0 | 0 | 0 | 0 | 0 |  0 | 0 | 0 | 0 | 0 | 1 | 0 | 0 | 0 | 0 | 0 | 0 | 0 | 0 | 0 | 0 | 0 | 0 | 0 | 0 | 0 | 0 | 0 | 0 | 0 | 0 | 0 | 0 | 0 | 0 | 0 | 0 | 0 | 0 | 0 | 0 | 0 | 0 | 0 | 0 |
128 | Negroponte, John | UNIVERSITY OF CALIFORNIA, BERKELEY. | 1982 | male | 3 | 2 | 1986 | 6 | 2 | 1986 | 0 | 0 | 0 | 1 | 1 | 1 | 1 | 0 | 0 | 1 | 0 | 0 | 0 | 0 | 0 | 0 | 0 | 0 | 0 | 0 | 0 | 0 | 0 | 0 | 0 | 0 | 0 | 0 | 0 | 0 | 0 | 0 | 0 | 0 | 0 | 0 | 0 | 0 | 0 | 0 |  0 | 0 | 1 | 1 | 1 | 3 | 1 | 0 | 0 | 1 | 0 | 0 | 0 | 0 | 0 | 0 | 0 | 0 | 0 | 0 | 0 | 0 | 0 | 0 | 0 | 0 | 0 | 0 | 0 | 0 | 0 | 0 | 0 | 0 | 0 | 0 | 0 | 0 | 0 | 0 |
129 | Owocki, Stanley Peter | UNIVERSITY OF COLORADO AT BOULDER. | 1982 | male | 3 | 34 | 2016 | 3 | 147 | 2017 | 0 | 0 | 0 | 1 | 0 | 2 | 3 | 1 | 1 | 2 | 0 | 1 | 0 | 1 | 2 | 1 | 0 | 5 | 2 | 2 | 0 | 1 | 3 | 0 | 1 | 1 | 0 | 2 | 0 | 1 | 0 | 0 | 1 | 0 | 0 | 0 | 1 | 0 | 0 | 2 |  0 | 0 | 0 | 1 | 0 | 2 | 3 | 1 | 1 | 2 | 0 | 1 | 0 | 3 | 2 | 1 | 2 | 9 | 7 | 4 | 2 | 3 | 6 | 1 | 2 | 6 | 5 | 8 | 7 | 4 | 6 | 6 | 4 | 7 | 8 | 7 | 10 | 5 | 7 | 6 |
130 | Pumphrey, William Addison | THE UNIVERSITY OF TEXAS AT AUSTIN. | 1982 | male | 1 | 1 | 1983 | 3 | 1 | 1983 | 0 | 0 | 0 | 0 | 0 | 1 | 1 | 0 | 0 | 0 | 0 | 0 | 0 | 0 | 0 | 0 | 0 | 0 | 0 | 0 | 0 | 0 | 0 | 0 | 0 | 0 | 0 | 0 | 0 | 0 | 0 | 0 | 0 | 0 | 0 | 0 | 0 | 0 | 0 | 0 |  0 | 1 | 0 | 0 | 0 | 2 | 1 | 0 | 0 | 0 | 0 | 0 | 0 | 0 | 0 | 0 | 0 | 0 | 0 | 0 | 0 | 0 | 0 | 0 | 0 | 0 | 0 | 0 | 0 | 0 | 0 | 0 | 0 | 0 | 0 | 0 | 0 | 0 | 0 | 0 |
131 | Antonucci, Robert Richard Joseph | UNIVERSITY OF CALIFORNIA, SANTA CRUZ. | 1982 | male | 3 | 31 | 2013 | 5 | 122 | 2016 | 0 | 0 | 0 | 0 | 0 | 3 | 2 | 3 | 4 | 3 | 1 | 3 | 2 | 2 | 0 | 0 | 2 | 3 | 0 | 3 | 0 | 0 | 1 | 0 | 0 | 0 | 0 | 0 | 0 | 0 | 0 | 0 | 0 | 0 | 0 | 1 | 1 | 0 | 0 | 0 |  1 | 0 | 0 | 0 | 1 | 3 | 2 | 3 | 4 | 4 | 1 | 4 | 4 | 2 | 3 | 3 | 3 | 8 | 4 | 9 | 10 | 4 | 6 | 2 | 4 | 3 | 5 | 3 | 5 | 2 | 2 | 2 | 3 | 3 | 3 | 4 | 5 | 1 | 0 | 1 |
132 | Crane, James Hewitt | WASHINGTON UNIVERSITY. | 1982 | male | 1 | 2 | 1983 | 1 | 6 | 2015 | 0 | 0 | 0 | 0 | 0 | 1 | 2 | 0 | 0 | 0 | 0 | 0 | 0 | 0 | 0 | 0 | 0 | 0 | 0 | 0 | 0 | 0 | 0 | 0 | 0 | 0 | 0 | 0 | 0 | 0 | 0 | 0 | 0 | 0 | 0 | 0 | 0 | 0 | 0 | 0 |  0 | 0 | 0 | 0 | 0 | 1 | 2 | 0 | 0 | 0 | 0 | 0 | 0 | 0 | 0 | 0 | 0 | 0 | 0 | 0 | 0 | 0 | 0 | 0 | 0 | 0 | 0 | 0 | 0 | 0 | 0 | 0 | 0 | 0 | 0 | 0 | 0 | 2 | 2 | 0 |
133 | Kurtz, Michael Julian | DARTMOUTH COLLEGE. | 1982 | male | 1 | 19 | 2017 | 2 | 101 | 2017 | 0 | 0 | 0 | 0 | 0 | 1 | 0 | 0 | 1 | 0 | 0 | 0 | 1 | 1 | 0 | 0 | 1 | 0 | 1 | 1 | 0 | 1 | 1 | 2 | 0 | 0 | 0 | 0 | 3 | 0 | 1 | 0 | 0 | 1 | 2 | 1 | 0 | 0 | 0 | 0 |  0 | 0 | 0 | 0 | 0 | 2 | 0 | 1 | 2 | 3 | 1 | 1 | 3 | 2 | 0 | 1 | 3 | 2 | 4 | 4 | 3 | 3 | 5 | 6 | 4 | 1 | 3 | 2 | 8 | 4 | 7 | 2 | 1 | 6 | 4 | 5 | 3 | 4 | 0 | 2 |
134 | Morris, Daniel Joseph | UNIVERSITY OF MARYLAND COLLEGE PARK. | 1982 | male | 9 | 11 | 2002 | 17 | 105 | 2017 | 0 | 2 | 2 | 1 | 3 | 1 | 0 | 1 | 2 | 0 | 0 | 1 | 0 | 0 | 0 | 0 | 1 | 0 | 1 | 0 | 1 | 1 | 1 | 0 | 1 | 1 | 0 | 0 | 0 | 0 | 0 | 0 | 0 | 0 | 0 | 0 | 0 | 0 | 0 | 0 |  1 | 4 | 2 | 3 | 5 | 2 | 0 | 2 | 3 | 1 | 1 | 3 | 1 | 3 | 1 | 2 | 18 | 9 | 9 | 7 | 2 | 3 | 5 | 4 | 5 | 4 | 4 | 1 | 1 | 2 | 5 | 3 | 0 | 1 | 1 | 0 | 0 | 0 | 0 | 2 |
135 | Fixsen, Dale John | PRINCETON UNIVERSITY. | 1982 | male | 1 | 25 | 2011 | 1 | 82 | 2016 | 0 | 0 | 0 | 0 | 0 | 1 | 3 | 0 | 0 | 0 | 0 | 0 | 0 | 0 | 0 | 0 | 0 | 2 | 0 | 2 | 2 | 1 | 1 | 2 | 2 | 4 | 1 | 1 | 0 | 1 | 0 | 0 | 1 | 0 | 2 | 0 | 0 | 0 | 0 | 0 |  0 | 0 | 0 | 0 | 0 | 1 | 5 | 1 | 4 | 0 | 0 | 0 | 0 | 1 | 1 | 1 | 1 | 5 | 2 | 3 | 9 | 2 | 2 | 4 | 3 | 4 | 2 | 5 | 2 | 5 | 0 | 0 | 1 | 0 | 8 | 0 | 0 | 3 | 5 | 3 |
136 | Godfrey, Christopher Paul | IOWA STATE UNIVERSITY. | 1982 | male | 1 | 1 | 1983 | 2 | 2 | 1985 | 0 | 0 | 0 | 0 | 0 | 1 | 1 | 0 | 0 | 0 | 0 | 0 | 0 | 0 | 0 | 0 | 0 | 0 | 0 | 0 | 0 | 0 | 0 | 0 | 0 | 0 | 0 | 0 | 0 | 0 | 0 | 0 | 0 | 0 | 0 | 0 | 0 | 0 | 0 | 0 |  0 | 0 | 0 | 0 | 0 | 2 | 1 | 0 | 1 | 0 | 0 | 0 | 0 | 0 | 0 | 0 | 0 | 0 | 0 | 0 | 0 | 0 | 0 | 0 | 0 | 0 | 0 | 0 | 0 | 0 | 0 | 0 | 0 | 0 | 0 | 0 | 0 | 0 | 0 | 0 |
137 | Hill, Frank | UNIVERSITY OF COLORADO AT BOULDER. | 1982 | male | 1 | 15 | 2009 | 3 | 119 | 2017 | 0 | 0 | 0 | 0 | 0 | 1 | 1 | 0 | 1 | 0 | 0 | 1 | 1 | 2 | 3 | 0 | 0 | 2 | 0 | 1 | 0 | 0 | 0 | 1 | 0 | 0 | 0 | 0 | 0 | 0 | 0 | 1 | 1 | 0 | 0 | 0 | 0 | 0 | 0 | 0 |  1 | 0 | 0 | 0 | 1 | 1 | 1 | 0 | 1 | 1 | 0 | 3 | 2 | 2 | 8 | 0 | 1 | 2 | 2 | 6 | 0 | 1 | 3 | 8 | 2 | 6 | 4 | 5 | 4 | 6 | 4 | 5 | 10 | 4 | 4 | 5 | 6 | 3 | 6 | 3 |
138 | Evans, Robin Wayne | UNIVERSITY OF CALIFORNIA, DAVIS. | 1982 | male | 1 | 6 | 2008 | 1 | 58 | 2017 | 0 | 0 | 0 | 0 | 0 | 1 | 0 | 0 | 0 | 0 | 0 | 0 | 0 | 0 | 0 | 0 | 0 | 2 | 0 | 1 | 1 | 1 | 0 | 0 | 0 | 0 | 0 | 0 | 0 | 0 | 0 | 1 | 0 | 0 | 0 | 0 | 0 | 0 | 0 | 0 |  0 | 0 | 0 | 0 | 0 | 1 | 0 | 1 | 0 | 0 | 0 | 0 | 0 | 1 | 1 | 0 | 0 | 4 | 5 | 7 | 4 | 11 | 10 | 3 | 1 | 0 | 0 | 0 | 4 | 0 | 0 | 1 | 0 | 1 | 0 | 1 | 0 | 0 | 1 | 1 |
139 | Friend, David Bruce | UNIVERSITY OF COLORADO AT BOULDER. | 1982 | male | 3 | 5 | 1990 | 3 | 10 | 1992 | 0 | 0 | 0 | 0 | 0 | 3 | 1 | 1 | 0 | 2 | 0 | 0 | 0 | 1 | 0 | 0 | 0 | 0 | 0 | 0 | 0 | 0 | 0 | 0 | 0 | 0 | 0 | 0 | 0 | 0 | 0 | 0 | 0 | 0 | 0 | 0 | 0 | 0 | 0 | 0 |  0 | 0 | 0 | 0 | 0 | 3 | 1 | 1 | 0 | 3 | 1 | 0 | 2 | 1 | 0 | 1 | 0 | 0 | 0 | 0 | 0 | 0 | 0 | 0 | 0 | 0 | 0 | 0 | 0 | 0 | 0 | 0 | 0 | 0 | 0 | 0 | 0 | 0 | 0 | 0 |
140 | Gehrels, Neil | CALIFORNIA INSTITUTE OF TECHNOLOGY. | 1982 | male | 5 | 51 | 2017 | 7 | 756 | 2017 | 1 | 1 | 0 | 0 | 2 | 1 | 1 | 2 | 3 | 1 | 2 | 1 | 0 | 0 | 2 | 1 | 6 | 1 | 2 | 2 | 1 | 1 | 0 | 1 | 0 | 1 | 1 | 2 | 2 | 3 | 2 | 3 | 2 | 1 | 0 | 1 | 2 | 0 | 2 | 1 |  1 | 1 | 2 | 0 | 2 | 1 | 4 | 2 | 4 | 1 | 2 | 1 | 1 | 3 | 6 | 2 | 10 | 5 | 15 | 17 | 11 | 8 | 10 | 4 | 2 | 3 | 4 | 8 | 33 | 63 | 59 | 34 | 70 | 81 | 52 | 49 | 33 | 32 | 38 | 65 |
141 | Jog, Chanda Jayant | STATE UNIVERSITY OF NEW YORK AT STONY BROOK. | 1982 | female | 2 | 26 | 2014 | 2 | 74 | 2017 | 0 | 0 | 0 | 0 | 0 | 2 | 0 | 2 | 0 | 0 | 0 | 1 | 1 | 0 | 0 | 3 | 2 | 0 | 1 | 1 | 1 | 0 | 1 | 3 | 2 | 2 | 0 | 0 | 1 | 1 | 1 | 0 | 1 | 0 | 0 | 0 | 1 | 1 | 0 | 0 |  0 | 0 | 0 | 0 | 0 | 2 | 0 | 2 | 0 | 0 | 0 | 1 | 1 | 1 | 2 | 3 | 3 | 0 | 4 | 2 | 1 | 0 | 2 | 4 | 2 | 5 | 1 | 1 | 4 | 4 | 5 | 1 | 3 | 3 | 6 | 0 | 3 | 4 | 1 | 2 |
142 | Odenwald, Sten Felix | HARVARD UNIVERSITY. | 1982 | male | 1 | 19 | 2006 | 2 | 30 | 2008 | 0 | 0 | 0 | 0 | 0 | 1 | 0 | 2 | 1 | 3 | 2 | 1 | 2 | 1 | 0 | 2 | 1 | 0 | 0 | 0 | 0 | 1 | 0 | 1 | 0 | 0 | 1 | 0 | 0 | 1 | 0 | 0 | 0 | 0 | 0 | 0 | 0 | 0 | 0 | 0 |  0 | 1 | 0 | 0 | 0 | 1 | 0 | 2 | 2 | 3 | 3 | 1 | 2 | 1 | 0 | 2 | 1 | 0 | 1 | 3 | 0 | 1 | 0 | 3 | 0 | 1 | 1 | 0 | 0 | 2 | 0 | 1 | 0 | 0 | 0 | 0 | 0 | 0 | 0 | 0 |
143 | Pollock, Joseph Thomas | UNIVERSITY OF FLORIDA. | 1982 | male | 2 | 2 | 2007 | 6 | 50 | 2017 | 0 | 0 | 1 | 0 | 0 | 1 | 0 | 0 | 0 | 0 | 0 | 0 | 0 | 0 | 0 | 0 | 0 | 0 | 0 | 0 | 0 | 0 | 0 | 1 | 0 | 0 | 0 | 0 | 0 | 0 | 1 | 0 | 0 | 0 | 0 | 0 | 0 | 0 | 0 | 0 |  0 | 1 | 1 | 2 | 0 | 2 | 4 | 2 | 1 | 2 | 0 | 1 | 0 | 1 | 0 | 0 | 0 | 0 | 0 | 0 | 0 | 0 | 0 | 2 | 0 | 0 | 0 | 1 | 0 | 0 | 1 | 3 | 5 | 5 | 2 | 6 | 4 | 2 | 5 | 2 |
144 | Schultz, Alfred Bernard | UNIVERSITY OF NEVADA, RENO. | 1982 | male | 1 | 12 | 1998 | 1 | 32 | 2016 | 0 | 0 | 0 | 0 | 0 | 1 | 0 | 1 | 2 | 1 | 1 | 0 | 0 | 1 | 0 | 0 | 1 | 0 | 0 | 1 | 1 | 3 | 0 | 0 | 0 | 0 | 0 | 0 | 0 | 0 | 0 | 0 | 0 | 0 | 0 | 0 | 0 | 0 | 0 | 0 |  0 | 0 | 0 | 0 | 0 | 1 | 0 | 1 | 2 | 1 | 1 | 0 | 0 | 2 | 1 | 0 | 1 | 1 | 2 | 4 | 1 | 4 | 1 | 3 | 1 | 2 | 0 | 1 | 1 | 0 | 0 | 0 | 0 | 0 | 0 | 0 | 0 | 0 | 0 | 2 |
145 | Rivero, Juan | UNIVERSITY OF MARYLAND COLLEGE PARK. | 1982 | male | 1 | 0 | 1982 | 1 | 0 | 1982 | 0 | 0 | 0 | 0 | 0 | 1 | 0 | 0 | 0 | 0 | 0 | 0 | 0 | 0 | 0 | 0 | 0 | 0 | 0 | 0 | 0 | 0 | 0 | 0 | 0 | 0 | 0 | 0 | 0 | 0 | 0 | 0 | 0 | 0 | 0 | 0 | 0 | 0 | 0 | 0 |  0 | 0 | 0 | 0 | 0 | 1 | 0 | 0 | 0 | 0 | 0 | 0 | 0 | 0 | 0 | 0 | 0 | 0 | 0 | 0 | 0 | 0 | 0 | 0 | 0 | 0 | 0 | 0 | 0 | 0 | 0 | 0 | 0 | 0 | 0 | 0 | 0 | 0 | 0 | 0 |
146 | Smith, Anne Kidder | UNIVERSITY OF WASHINGTON. | 1982 | female | 3 | 29 | 2012 | 10 | 117 | 2016 | 1 | 1 | 0 | 0 | 0 | 1 | 1 | 1 | 5 | 1 | 2 | 2 | 1 | 0 | 0 | 1 | 0 | 1 | 0 | 1 | 1 | 0 | 1 | 1 | 0 | 0 | 1 | 1 | 0 | 0 | 2 | 1 | 3 | 1 | 0 | 1 | 0 | 0 | 0 | 0 |  1 | 4 | 0 | 0 | 4 | 1 | 1 | 1 | 8 | 2 | 3 | 9 | 4 | 2 | 0 | 1 | 3 | 1 | 2 | 7 | 1 | 2 | 2 | 3 | 2 | 3 | 7 | 2 | 3 | 2 | 3 | 6 | 3 | 5 | 3 | 8 | 6 | 6 | 3 | 3 |
147 | Morrison, Maurice Daniel | THE UNIVERSITY OF TEXAS AT DALLAS. | 1982 | male | 1 | 6 | 1991 | 1 | 11 | 1999 | 0 | 0 | 0 | 0 | 0 | 1 | 2 | 0 | 1 | 0 | 0 | 1 | 0 | 1 | 1 | 0 | 0 | 0 | 0 | 0 | 0 | 0 | 0 | 0 | 0 | 0 | 0 | 0 | 0 | 0 | 0 | 0 | 0 | 0 | 0 | 0 | 0 | 0 | 0 | 0 |  0 | 0 | 0 | 0 | 0 | 1 | 2 | 0 | 1 | 0 | 0 | 1 | 0 | 2 | 2 | 0 | 0 | 0 | 0 | 0 | 1 | 1 | 1 | 0 | 0 | 0 | 0 | 0 | 0 | 0 | 0 | 0 | 0 | 0 | 0 | 0 | 0 | 0 | 0 | 0 |
148 | Reid, Paul Brian | COLUMBIA UNIVERSITY. | 1982 | male | 2 | 1 | 1990 | 2 | 6 | 2013 | 0 | 0 | 0 | 0 | 0 | 2 | 0 | 0 | 0 | 0 | 0 | 0 | 0 | 1 | 0 | 0 | 0 | 0 | 0 | 0 | 0 | 0 | 0 | 0 | 0 | 0 | 0 | 0 | 0 | 0 | 0 | 0 | 0 | 0 | 0 | 0 | 0 | 0 | 0 | 0 |  0 | 0 | 0 | 0 | 0 | 2 | 0 | 0 | 0 | 0 | 0 | 1 | 0 | 1 | 0 | 0 | 0 | 0 | 0 | 0 | 0 | 0 | 0 | 0 | 0 | 0 | 0 | 0 | 0 | 1 | 1 | 0 | 0 | 0 | 0 | 1 | 1 | 0 | 0 | 0 |
149 | Sutton, Christopher Sean | UNIVERSITY OF PENNSYLVANIA. | 1982 | male | 12 | 5 | 1994 | 13 | 6 | 1994 | 0 | 0 | 3 | 6 | 2 | 1 | 0 | 0 | 0 | 1 | 0 | 1 | 0 | 1 | 0 | 0 | 1 | 1 | 0 | 0 | 0 | 0 | 0 | 0 | 0 | 0 | 0 | 0 | 0 | 0 | 0 | 0 | 0 | 0 | 0 | 0 | 0 | 0 | 0 | 0 |  0 | 1 | 3 | 6 | 2 | 1 | 0 | 0 | 0 | 1 | 0 | 2 | 0 | 1 | 0 | 0 | 1 | 1 | 0 | 0 | 0 | 0 | 0 | 0 | 0 | 0 | 0 | 0 | 0 | 0 | 0 | 0 | 0 | 0 | 0 | 0 | 0 | 0 | 0 | 0 |
150 | Vaucher, Barbara Gaston | THE PENNSYLVANIA STATE UNIVERSITY. | 1982 | female | 3 | 0 | 1982 | 4 | 0 | 1982 | 0 | 0 | 0 | 1 | 0 | 2 | 0 | 0 | 0 | 0 | 0 | 0 | 0 | 0 | 0 | 0 | 0 | 0 | 0 | 0 | 0 | 0 | 0 | 0 | 0 | 0 | 0 | 0 | 0 | 0 | 0 | 0 | 0 | 0 | 0 | 0 | 0 | 0 | 0 | 0 |  0 | 0 | 0 | 1 | 0 | 3 | 0 | 0 | 0 | 0 | 0 | 0 | 0 | 0 | 0 | 0 | 0 | 0 | 0 | 0 | 0 | 0 | 0 | 0 | 0 | 0 | 0 | 0 | 0 | 0 | 0 | 0 | 0 | 0 | 0 | 0 | 0 | 0 | 0 | 0 |
151 | Wasilewski, Anthony John | CASE WESTERN RESERVE UNIVERSITY. | 1982 | male | 2 | 3 | 1985 | 10 | 14 | 1995 | 0 | 0 | 0 | 0 | 1 | 1 | 1 | 0 | 2 | 0 | 0 | 0 | 0 | 0 | 0 | 0 | 0 | 0 | 0 | 0 | 0 | 0 | 0 | 0 | 0 | 0 | 0 | 0 | 0 | 0 | 0 | 0 | 0 | 0 | 0 | 0 | 0 | 0 | 0 | 0 |  1 | 0 | 1 | 1 | 5 | 2 | 3 | 0 | 2 | 0 | 3 | 0 | 0 | 2 | 2 | 0 | 0 | 0 | 2 | 0 | 0 | 0 | 0 | 0 | 0 | 0 | 0 | 0 | 0 | 0 | 0 | 0 | 0 | 0 | 0 | 0 | 0 | 0 | 0 | 0 |
152 | Yackovich, Frank H. | THE PENNSYLVANIA STATE UNIVERSITY. | 1982 | male | 1 | 0 | 1982 | 3 | 3 | 1985 | 0 | 0 | 0 | 0 | 0 | 1 | 0 | 0 | 0 | 0 | 0 | 0 | 0 | 0 | 0 | 0 | 0 | 0 | 0 | 0 | 0 | 0 | 0 | 0 | 0 | 0 | 0 | 0 | 0 | 0 | 0 | 0 | 0 | 0 | 0 | 0 | 0 | 0 | 0 | 0 |  0 | 0 | 0 | 0 | 1 | 2 | 1 | 1 | 1 | 0 | 0 | 0 | 0 | 0 | 0 | 0 | 0 | 0 | 0 | 0 | 0 | 0 | 0 | 0 | 0 | 0 | 0 | 0 | 0 | 0 | 0 | 0 | 0 | 0 | 0 | 0 | 0 | 0 | 0 | 0 |
153 | Huenemoerder, David Paul | THE UNIVERSITY OF WISCONSIN - MADISON. | 1982 | male | 1 | 27 | 2015 | 1 | 81 | 2016 | 0 | 0 | 0 | 0 | 0 | 1 | 0 | 3 | 1 | 3 | 2 | 1 | 2 | 1 | 0 | 0 | 1 | 1 | 0 | 0 | 0 | 0 | 0 | 0 | 1 | 0 | 1 | 1 | 0 | 1 | 1 | 0 | 1 | 1 | 1 | 1 | 2 | 0 | 1 | 0 |  0 | 0 | 0 | 0 | 0 | 1 | 0 | 3 | 2 | 4 | 6 | 1 | 2 | 3 | 1 | 1 | 2 | 2 | 1 | 1 | 0 | 0 | 1 | 2 | 5 | 1 | 4 | 3 | 2 | 3 | 3 | 2 | 2 | 4 | 4 | 4 | 3 | 2 | 6 | 1 |
