 n |  name |  university |  phd_year |  gender |  fa_n_pubs_pre_phd |  fa_n_pubs_prost_phd |  fa_year_last |  all_n_pubs_pre_phd |  all_n_pubs_prost_phd |  all_year_last |  fa_1996 |  fa_1997 |  fa_1998 |  fa_1999 |  fa_2000 |  fa_2001 |  fa_2002 |  fa_2003 |  fa_2004 |  fa_2005 |  fa_2006 |  fa_2007 |  fa_2008 |  fa_2009 |  fa_2010 |  fa_2011 |  fa_2012 |  fa_2013 |  fa_2014 |  fa_2015 |  fa_2016 |  all_1996 |  all_1997 |  all_1998 |  all_1999 |  all_2000 |  all_2001 |  all_2002 |  all_2003 |  all_2004 |  all_2005 |  all_2006 |  all_2007 |  all_2008 |  all_2009 |  all_2010 |  all_2011 |  all_2012 |  all_2013 |  all_2014 |  all_2015 |  all_2016 | foo
 1 | Dreyer, Olaf | THE PENNSYLVANIA STATE UNIVERSITY | 2001 | male | 2 | 6 | 2014 | 3 | 7 | 2014 | 0 | 0 | 0 | 0 | 0 | 2 | 0 | 3 | 1 | 0 | 1 | 0 | 0 | 0 | 0 | 0 | 0 | 0 | 1 | 0 | 0 | 0 | 0 | 0 | 0 | 1 | 2 | 0 | 3 | 1 | 0 | 1 | 0 | 0 | 0 | 0 | 0 | 0 | 1 | 1 | 0 | 0 |
 3 | Lopez-Aleman, Ramon | THE PENNSYLVANIA STATE UNIVERSITY | 2001 | male | 1 | 0 | 2001 | 1 | 2 | 2004 | 0 | 0 | 0 | 0 | 0 | 1 | 0 | 0 | 0 | 0 | 0 | 0 | 0 | 0 | 0 | 0 | 0 | 0 | 0 | 0 | 0 | 0 | 0 | 0 | 0 | 0 | 1 | 0 | 1 | 1 | 0 | 0 | 0 | 0 | 0 | 0 | 0 | 0 | 0 | 0 | 0 | 0 |
 9 | Fairhurst, Stephen | THE PENNSYLVANIA STATE UNIVERSITY | 2001 | male | 2 | 4 | 2011 | 6 | 185 | 2017 | 0 | 0 | 0 | 0 | 0 | 2 | 0 | 0 | 0 | 1 | 0 | 0 | 0 | 1 | 0 | 2 | 0 | 0 | 0 | 0 | 0 | 0 | 0 | 0 | 1 | 3 | 2 | 0 | 2 | 3 | 12 | 3 | 9 | 22 | 19 | 10 | 11 | 19 | 12 | 17 | 8 | 29 |
 10 | Iyer, Sharada Ramlingam | THE UNIVERSITY OF ARIZONA | 2001 | female | 2 | 0 | 2001 | 2 | 0 | 2001 | 0 | 0 | 0 | 0 | 1 | 1 | 0 | 0 | 0 | 0 | 0 | 0 | 0 | 0 | 0 | 0 | 0 | 0 | 0 | 0 | 0 | 0 | 0 | 0 | 0 | 1 | 1 | 0 | 0 | 0 | 0 | 0 | 0 | 0 | 0 | 0 | 0 | 0 | 0 | 0 | 0 | 0 |
 18 | Wozniak, Przemyslaw Remigiusz | PRINCETON UNIVERSITY | 2001 | male | 6 | 1 | 2002 | 38 | 71 | 2017 | 1 | 0 | 2 | 0 | 1 | 2 | 1 | 0 | 0 | 0 | 0 | 0 | 0 | 0 | 0 | 0 | 0 | 0 | 0 | 0 | 0 | 3 | 2 | 9 | 10 | 8 | 6 | 8 | 6 | 6 | 3 | 7 | 2 | 2 | 1 | 2 | 1 | 2 | 5 | 3 | 5 | 12 |
 25 | Crill, Brendan P. | CALIFORNIA INSTITUTE OF TECHNOLOGY | 2001 | male | 1 | 1 | 2003 | 9 | 178 | 2017 | 0 | 0 | 0 | 0 | 0 | 1 | 0 | 1 | 0 | 0 | 0 | 0 | 0 | 0 | 0 | 0 | 0 | 0 | 0 | 0 | 0 | 0 | 0 | 0 | 2 | 3 | 4 | 6 | 7 | 0 | 2 | 6 | 5 | 1 | 1 | 8 | 24 | 1 | 11 | 37 | 14 | 54 |
 28 | Luke, David Russell | UNIVERSITY OF WASHINGTON | 2001 | male | 1 | 0 | 2001 | 1 | 0 | 2001 | 0 | 0 | 0 | 0 | 0 | 1 | 0 | 0 | 0 | 0 | 0 | 0 | 0 | 0 | 0 | 0 | 0 | 0 | 0 | 0 | 0 | 0 | 0 | 0 | 0 | 0 | 1 | 0 | 0 | 0 | 0 | 0 | 0 | 0 | 0 | 0 | 0 | 0 | 0 | 0 | 0 | 0 |
 29 | Lee, Yuan-Tai (Anthony) | CALIFORNIA INSTITUTE OF TECHNOLOGY | 2001 | male | 3 | 3 | 2013 | 21 | 25 | 2017 | 1 | 0 | 0 | 1 | 0 | 1 | 0 | 0 | 0 | 0 | 1 | 0 | 0 | 0 | 1 | 0 | 0 | 1 | 0 | 0 | 0 | 3 | 2 | 2 | 5 | 4 | 5 | 1 | 0 | 1 | 0 | 1 | 1 | 0 | 1 | 1 | 3 | 1 | 1 | 0 | 4 | 5 |
 31 | Gal, Roy R. | CALIFORNIA INSTITUTE OF TECHNOLOGY | 2001 | male | 3 | 8 | 2009 | 15 | 55 | 2017 | 0 | 0 | 0 | 0 | 2 | 1 | 0 | 1 | 3 | 1 | 0 | 0 | 2 | 1 | 0 | 0 | 0 | 0 | 0 | 0 | 0 | 1 | 2 | 0 | 3 | 4 | 5 | 1 | 5 | 8 | 5 | 3 | 0 | 3 | 7 | 2 | 6 | 6 | 1 | 5 | 0 | 0 |
 32 | Jenet, Fredrick A. | CALIFORNIA INSTITUTE OF TECHNOLOGY | 2001 | male | 7 | 10 | 2015 | 8 | 74 | 2017 | 0 | 1 | 2 | 0 | 1 | 3 | 0 | 1 | 3 | 2 | 1 | 0 | 0 | 0 | 1 | 1 | 0 | 0 | 0 | 1 | 0 | 1 | 1 | 2 | 0 | 1 | 3 | 1 | 1 | 3 | 2 | 2 | 1 | 4 | 7 | 6 | 4 | 6 | 9 | 9 | 10 | 6 |
 34 | Qi, Chunhua | CALIFORNIA INSTITUTE OF TECHNOLOGY | 2001 | female | 1 | 11 | 2015 | 3 | 67 | 2017 | 0 | 0 | 0 | 0 | 0 | 1 | 0 | 1 | 1 | 0 | 1 | 1 | 1 | 0 | 0 | 1 | 0 | 3 | 0 | 2 | 0 | 0 | 0 | 0 | 1 | 0 | 2 | 0 | 2 | 7 | 2 | 2 | 3 | 6 | 5 | 4 | 7 | 4 | 6 | 1 | 12 | 3 |
 35 | Rodgers, Bernadette Marie | UNIVERSITY OF WASHINGTON | 2001 | female | 2 | 1 | 2002 | 5 | 8 | 2013 | 0 | 1 | 0 | 0 | 0 | 1 | 1 | 0 | 0 | 0 | 0 | 0 | 0 | 0 | 0 | 0 | 0 | 0 | 0 | 0 | 0 | 1 | 1 | 1 | 0 | 0 | 2 | 1 | 1 | 0 | 2 | 0 | 1 | 0 | 0 | 0 | 1 | 1 | 1 | 0 | 0 | 0 |
 39 | Sandhu, Jagmit S. | CALIFORNIA INSTITUTE OF TECHNOLOGY | 2001 | male | 3 | 0 | 2001 | 13 | 5 | 2016 | 0 | 2 | 0 | 0 | 0 | 1 | 0 | 0 | 0 | 0 | 0 | 0 | 0 | 0 | 0 | 0 | 0 | 0 | 0 | 0 | 0 | 2 | 5 | 2 | 2 | 0 | 2 | 0 | 0 | 0 | 0 | 0 | 0 | 0 | 0 | 0 | 0 | 0 | 1 | 2 | 0 | 2 |
 41 | Li, Li-Xin | PRINCETON UNIVERSITY | 2001 | None | 19 | 70 | 2017 | 21 | 190 | 2017 | 2 | 1 | 4 | 1 | 9 | 2 | 8 | 7 | 7 | 5 | 6 | 5 | 7 | 4 | 3 | 3 | 3 | 1 | 3 | 1 | 5 | 2 | 1 | 5 | 1 | 9 | 3 | 11 | 9 | 10 | 9 | 12 | 8 | 13 | 16 | 11 | 11 | 12 | 8 | 9 | 20 | 26 |
 42 | Hinz, Philip Mark | THE UNIVERSITY OF ARIZONA | 2001 | male | 3 | 2 | 2010 | 4 | 92 | 2017 | 0 | 0 | 1 | 0 | 0 | 2 | 0 | 0 | 0 | 0 | 1 | 0 | 0 | 0 | 1 | 0 | 0 | 0 | 0 | 0 | 0 | 0 | 0 | 1 | 0 | 0 | 3 | 0 | 4 | 2 | 3 | 4 | 2 | 2 | 5 | 6 | 6 | 6 | 9 | 13 | 16 | 11 |
 45 | Florinski, Vladimir A. | THE UNIVERSITY OF ARIZONA | 2001 | male | 4 | 31 | 2017 | 4 | 54 | 2017 | 0 | 1 | 0 | 2 | 0 | 1 | 0 | 6 | 2 | 4 | 1 | 0 | 2 | 4 | 2 | 2 | 1 | 3 | 0 | 2 | 1 | 0 | 1 | 0 | 2 | 0 | 1 | 0 | 6 | 3 | 4 | 4 | 3 | 4 | 5 | 2 | 2 | 3 | 4 | 4 | 4 | 5 |
 47 | Ivanov, Valentin Dimitrov | THE UNIVERSITY OF ARIZONA | 2001 | male | 6 | 18 | 2017 | 14 | 135 | 2017 | 0 | 0 | 0 | 1 | 4 | 1 | 4 | 1 | 1 | 2 | 1 | 0 | 0 | 1 | 2 | 0 | 2 | 1 | 0 | 1 | 1 | 1 | 0 | 1 | 2 | 7 | 3 | 8 | 4 | 2 | 6 | 6 | 8 | 6 | 12 | 8 | 7 | 13 | 9 | 14 | 13 | 11 |
 49 | Rao, Anupama M. N. | THE UNIVERSITY OF ARIZONA | 2001 | female | 1 | 0 | 2001 | 1 | 1 | 2009 | 0 | 0 | 0 | 0 | 0 | 1 | 0 | 0 | 0 | 0 | 0 | 0 | 0 | 0 | 0 | 0 | 0 | 0 | 0 | 0 | 0 | 0 | 0 | 0 | 0 | 0 | 1 | 0 | 0 | 0 | 0 | 0 | 0 | 0 | 1 | 0 | 0 | 0 | 0 | 0 | 0 | 0 |
 51 | Nagamine, Kentaro | PRINCETON UNIVERSITY | 2001 | male | 5 | 21 | 2016 | 6 | 59 | 2017 | 0 | 0 | 0 | 0 | 1 | 4 | 1 | 2 | 6 | 2 | 3 | 2 | 1 | 0 | 3 | 0 | 0 | 0 | 0 | 0 | 1 | 0 | 0 | 0 | 0 | 1 | 5 | 1 | 3 | 7 | 4 | 4 | 2 | 2 | 3 | 4 | 6 | 7 | 2 | 3 | 3 | 5 |
 56 | Johnson, Robert Lee | THE UNIVERSITY OF ARIZONA | 2001 | male | 1 | 1 | 2011 | 8 | 12 | 2013 | 0 | 0 | 0 | 0 | 0 | 1 | 0 | 0 | 0 | 0 | 0 | 0 | 0 | 0 | 0 | 1 | 0 | 0 | 0 | 0 | 0 | 0 | 1 | 1 | 1 | 0 | 5 | 0 | 1 | 0 | 0 | 1 | 0 | 1 | 2 | 3 | 2 | 1 | 1 | 0 | 0 | 0 |
 57 | Toigo, Anthony Domenick | CALIFORNIA INSTITUTE OF TECHNOLOGY | 2001 | male | 2 | 9 | 2017 | 5 | 41 | 2017 | 0 | 0 | 0 | 0 | 1 | 1 | 2 | 2 | 0 | 0 | 0 | 0 | 0 | 0 | 1 | 0 | 1 | 1 | 0 | 1 | 0 | 1 | 0 | 2 | 0 | 1 | 1 | 2 | 4 | 0 | 4 | 0 | 1 | 1 | 2 | 3 | 3 | 3 | 5 | 2 | 3 | 3 |
 59 | Tokman, Mayya | CALIFORNIA INSTITUTE OF TECHNOLOGY | 2001 | female | 1 | 1 | 2002 | 1 | 2 | 2003 | 0 | 0 | 0 | 0 | 0 | 1 | 1 | 0 | 0 | 0 | 0 | 0 | 0 | 0 | 0 | 0 | 0 | 0 | 0 | 0 | 0 | 0 | 0 | 0 | 0 | 0 | 1 | 1 | 1 | 0 | 0 | 0 | 0 | 0 | 0 | 0 | 0 | 0 | 0 | 0 | 0 | 0 |
 63 | Shambrook, Anouk Aimee | UNIVERSITY OF CALIFORNIA, SANTA CRUZ | 2001 | female | 1 | 0 | 2001 | 4 | 0 | 2001 | 0 | 0 | 0 | 0 | 0 | 1 | 0 | 0 | 0 | 0 | 0 | 0 | 0 | 0 | 0 | 0 | 0 | 0 | 0 | 0 | 0 | 1 | 1 | 1 | 0 | 0 | 1 | 0 | 0 | 0 | 0 | 0 | 0 | 0 | 0 | 0 | 0 | 0 | 0 | 0 | 0 | 0 |
 65 | Brisken, Walter Frank | PRINCETON UNIVERSITY | 2001 | male | 3 | 5 | 2010 | 4 | 47 | 2016 | 0 | 1 | 0 | 0 | 1 | 1 | 1 | 2 | 0 | 0 | 1 | 0 | 0 | 0 | 1 | 0 | 0 | 0 | 0 | 0 | 0 | 0 | 1 | 0 | 0 | 1 | 2 | 2 | 3 | 1 | 5 | 4 | 4 | 3 | 4 | 2 | 7 | 4 | 2 | 2 | 1 | 3 |
 68 | Burgasser, Adam J. | Department of Physics, California Institute of Technology | 2001 | male | 5 | 53 | 2016 | 14 | 167 | 2017 | 0 | 0 | 0 | 1 | 3 | 1 | 4 | 5 | 4 | 3 | 5 | 6 | 5 | 3 | 3 | 3 | 2 | 4 | 1 | 3 | 2 | 0 | 0 | 0 | 2 | 7 | 5 | 6 | 10 | 8 | 6 | 11 | 12 | 11 | 9 | 9 | 15 | 10 | 14 | 9 | 16 | 11 |
 71 | Andersen, David Roger | The Pennsylvania State University | 2001 | male | 3 | 9 | 2013 | 3 | 36 | 2017 | 0 | 1 | 0 | 0 | 0 | 2 | 0 | 1 | 0 | 0 | 2 | 2 | 1 | 1 | 0 | 0 | 1 | 1 | 0 | 0 | 0 | 0 | 1 | 0 | 0 | 0 | 2 | 0 | 3 | 2 | 2 | 2 | 4 | 1 | 1 | 3 | 3 | 1 | 3 | 2 | 3 | 4 |
 72 | Cottam, Jean | Columbia University | 2001 | male | 3 | 2 | 2008 | 11 | 14 | 2012 | 0 | 0 | 0 | 0 | 0 | 3 | 1 | 0 | 0 | 0 | 0 | 0 | 1 | 0 | 0 | 0 | 0 | 0 | 0 | 0 | 0 | 1 | 0 | 0 | 0 | 1 | 9 | 1 | 1 | 0 | 0 | 2 | 6 | 1 | 1 | 0 | 1 | 1 | 0 | 0 | 0 | 0 |
 74 | Kim, Seungjung | PRINCETON UNIVERSITY | 2001 | None | 26 | 58 | 2017 | 66 | 311 | 2017 | 3 | 6 | 6 | 6 | 1 | 4 | 5 | 3 | 6 | 5 | 4 | 6 | 3 | 5 | 2 | 2 | 8 | 3 | 2 | 1 | 1 | 5 | 12 | 12 | 16 | 6 | 15 | 13 | 14 | 24 | 13 | 23 | 22 | 24 | 19 | 21 | 20 | 20 | 14 | 19 | 31 | 22 |
 77 | Dafermos, Michael Constantine | PRINCETON UNIVERSITY | 2001 | male | 1 | 0 | 2001 | 1 | 0 | 2001 | 0 | 0 | 0 | 0 | 0 | 1 | 0 | 0 | 0 | 0 | 0 | 0 | 0 | 0 | 0 | 0 | 0 | 0 | 0 | 0 | 0 | 0 | 0 | 0 | 0 | 0 | 1 | 0 | 0 | 0 | 0 | 0 | 0 | 0 | 0 | 0 | 0 | 0 | 0 | 0 | 0 | 0 |
 89 | Keck, John William | COLUMBIA UNIVERSITY | 2001 | male | 2 | 0 | 2001 | 2 | 0 | 2001 | 0 | 0 | 0 | 0 | 0 | 2 | 0 | 0 | 0 | 0 | 0 | 0 | 0 | 0 | 0 | 0 | 0 | 0 | 0 | 0 | 0 | 0 | 0 | 0 | 0 | 0 | 2 | 0 | 0 | 0 | 0 | 0 | 0 | 0 | 0 | 0 | 0 | 0 | 0 | 0 | 0 | 0 |
 91 | Zhang, Bing | THE JOHNS HOPKINS UNIVERSITY | 2001 | male | 16 | 101 | 2017 | 30 | 450 | 2017 | 1 | 3 | 1 | 1 | 5 | 5 | 5 | 4 | 4 | 4 | 4 | 10 | 4 | 6 | 2 | 8 | 10 | 12 | 9 | 7 | 10 | 3 | 4 | 2 | 4 | 7 | 10 | 8 | 9 | 14 | 31 | 57 | 37 | 18 | 31 | 21 | 32 | 33 | 26 | 38 | 35 | 48 |
 101 | Loh, Ji Meng | THE UNIVERSITY OF CHICAGO | 2001 | male | 2 | 2 | 2008 | 2 | 2 | 2008 | 0 | 0 | 0 | 0 | 0 | 2 | 0 | 0 | 0 | 0 | 0 | 0 | 2 | 0 | 0 | 0 | 0 | 0 | 0 | 0 | 0 | 0 | 0 | 0 | 0 | 0 | 2 | 0 | 0 | 0 | 0 | 0 | 0 | 2 | 0 | 0 | 0 | 0 | 0 | 0 | 0 | 0 |
 105 | Schekochihin, Alexander A. | PRINCETON UNIVERSITY | 2001 | male | 2 | 23 | 2016 | 3 | 91 | 2017 | 0 | 0 | 0 | 0 | 0 | 2 | 4 | 0 | 6 | 3 | 2 | 2 | 2 | 1 | 1 | 0 | 1 | 0 | 0 | 0 | 1 | 0 | 0 | 0 | 0 | 1 | 2 | 4 | 0 | 6 | 4 | 4 | 5 | 7 | 4 | 5 | 8 | 5 | 6 | 7 | 9 | 12 |
 113 | Vaillancourt, John E. | THE UNIVERSITY OF CHICAGO | 2001 | male | 1 | 6 | 2015 | 7 | 39 | 2016 | 0 | 0 | 0 | 0 | 0 | 1 | 1 | 0 | 0 | 1 | 1 | 0 | 1 | 0 | 0 | 0 | 1 | 0 | 0 | 1 | 0 | 0 | 0 | 1 | 1 | 3 | 2 | 2 | 1 | 2 | 2 | 1 | 1 | 4 | 5 | 2 | 4 | 4 | 5 | 2 | 2 | 2 |
 114 | Biello, Joseph Anthony | THE UNIVERSITY OF CHICAGO | 2001 | male | 1 | 4 | 2006 | 2 | 4 | 2006 | 0 | 0 | 0 | 0 | 0 | 1 | 0 | 0 | 1 | 1 | 2 | 0 | 0 | 0 | 0 | 0 | 0 | 0 | 0 | 0 | 0 | 1 | 0 | 0 | 0 | 0 | 1 | 0 | 0 | 1 | 1 | 2 | 0 | 0 | 0 | 0 | 0 | 0 | 0 | 0 | 0 | 0 |
 117 | McCall, Benjamin John | Department of Chemistry and Department of Astronomy and Astrophysics, University of Chicago, 5735 S. Ellis Ave., Chicago, IL 60637 | 2001 | male | 6 | 7 | 2010 | 7 | 42 | 2016 | 0 | 0 | 2 | 1 | 1 | 2 | 2 | 1 | 1 | 0 | 2 | 0 | 0 | 0 | 1 | 0 | 0 | 0 | 0 | 0 | 0 | 0 | 0 | 2 | 2 | 1 | 2 | 4 | 4 | 1 | 3 | 4 | 2 | 2 | 4 | 4 | 4 | 5 | 3 | 1 | 0 | 1 |
 118 | Villaver, E. | Space Telescope Science Institute | 2001 | None | 1 | 12 | 2014 | 9 | 66 | 2017 | 0 | 0 | 0 | 0 | 0 | 1 | 2 | 2 | 1 | 1 | 0 | 2 | 0 | 1 | 1 | 0 | 1 | 0 | 1 | 0 | 0 | 0 | 1 | 1 | 3 | 3 | 1 | 3 | 5 | 1 | 1 | 2 | 3 | 3 | 3 | 5 | 1 | 9 | 2 | 8 | 8 | 11 |
 120 | Sako, Masao | COLUMBIA UNIVERSITY | 2001 | male | 5 | 5 | 2011 | 12 | 123 | 2017 | 0 | 0 | 0 | 1 | 2 | 2 | 0 | 2 | 0 | 1 | 0 | 0 | 1 | 0 | 0 | 1 | 0 | 0 | 0 | 0 | 0 | 0 | 0 | 0 | 1 | 3 | 8 | 4 | 10 | 5 | 5 | 2 | 2 | 7 | 5 | 10 | 9 | 7 | 5 | 7 | 17 | 25 |
 124 | Song, Yucheng | THE UNIVERSITY OF CHICAGO | 2001 | male | 1 | 10 | 2016 | 5 | 30 | 2017 | 0 | 0 | 0 | 0 | 0 | 1 | 0 | 0 | 2 | 2 | 0 | 1 | 0 | 0 | 1 | 0 | 1 | 1 | 0 | 1 | 1 | 0 | 0 | 0 | 1 | 0 | 4 | 3 | 0 | 4 | 4 | 1 | 1 | 1 | 3 | 2 | 0 | 2 | 1 | 1 | 2 | 3 |
 127 | Cadonati, Laura | PRINCETON UNIVERSITY | 2001 | female | 1 | 8 | 2014 | 6 | 184 | 2017 | 0 | 0 | 0 | 0 | 0 | 1 | 1 | 1 | 1 | 2 | 0 | 0 | 0 | 2 | 0 | 0 | 0 | 0 | 1 | 0 | 0 | 0 | 0 | 4 | 1 | 0 | 1 | 3 | 1 | 8 | 11 | 3 | 8 | 17 | 18 | 12 | 11 | 20 | 10 | 18 | 7 | 27 |
 128 | Bright, David Roy | THE UNIVERSITY OF ARIZONA | 2001 | male | 1 | 0 | 2001 | 1 | 0 | 2001 | 0 | 0 | 0 | 0 | 0 | 1 | 0 | 0 | 0 | 0 | 0 | 0 | 0 | 0 | 0 | 0 | 0 | 0 | 0 | 0 | 0 | 0 | 0 | 0 | 0 | 0 | 1 | 0 | 0 | 0 | 0 | 0 | 0 | 0 | 0 | 0 | 0 | 0 | 0 | 0 | 0 | 0 |
 131 | Matcheva, Katia Ivanova | THE JOHNS HOPKINS UNIVERSITY | 2001 | female | 3 | 2 | 2012 | 3 | 8 | 2013 | 0 | 0 | 0 | 1 | 0 | 2 | 0 | 0 | 0 | 1 | 0 | 0 | 0 | 0 | 0 | 0 | 1 | 0 | 0 | 0 | 0 | 0 | 0 | 0 | 1 | 0 | 2 | 0 | 1 | 1 | 1 | 0 | 0 | 0 | 0 | 1 | 1 | 2 | 1 | 0 | 0 | 0 |
 139 | Wechsler, Risa H. | UNIVERSITY OF CALIFORNIA, SANTA CRUZ | 2001 | female | 3 | 3 | 2006 | 4 | 170 | 2017 | 0 | 0 | 1 | 0 | 0 | 2 | 1 | 0 | 1 | 0 | 1 | 0 | 0 | 0 | 0 | 0 | 0 | 0 | 0 | 0 | 0 | 0 | 0 | 2 | 0 | 0 | 2 | 4 | 2 | 3 | 5 | 5 | 6 | 7 | 12 | 8 | 11 | 9 | 20 | 10 | 26 | 31 |
 147 | Huterer, Dragan | THE UNIVERSITY OF CHICAGO | 2001 | male | 6 | 24 | 2017 | 8 | 100 | 2017 | 0 | 1 | 0 | 1 | 1 | 3 | 3 | 2 | 2 | 5 | 2 | 2 | 1 | 1 | 2 | 0 | 0 | 1 | 0 | 2 | 0 | 0 | 1 | 0 | 2 | 1 | 4 | 3 | 5 | 6 | 7 | 7 | 6 | 4 | 5 | 13 | 9 | 5 | 4 | 4 | 13 | 5 |
 154 | Womack, Gary Lynn | The University of Arizona | 2001 | male | 1 | 0 | 2001 | 1 | 0 | 2001 | 0 | 0 | 0 | 0 | 0 | 1 | 0 | 0 | 0 | 0 | 0 | 0 | 0 | 0 | 0 | 0 | 0 | 0 | 0 | 0 | 0 | 0 | 0 | 0 | 0 | 0 | 1 | 0 | 0 | 0 | 0 | 0 | 0 | 0 | 0 | 0 | 0 | 0 | 0 | 0 | 0 | 0 |
 159 | Tan, Jonathan Charles | University of California, Berkeley | 2001 | male | 4 | 14 | 2017 | 5 | 96 | 2017 | 0 | 0 | 0 | 1 | 1 | 2 | 0 | 0 | 4 | 1 | 1 | 0 | 1 | 0 | 1 | 0 | 0 | 2 | 1 | 0 | 2 | 0 | 0 | 0 | 1 | 2 | 2 | 1 | 2 | 6 | 2 | 2 | 2 | 3 | 4 | 3 | 8 | 3 | 11 | 11 | 15 | 14 |
 160 | Rivier, Leonard Gilles | Columbia University | 2001 | male | 1 | 0 | 2001 | 1 | 0 | 2001 | 0 | 0 | 0 | 0 | 0 | 1 | 0 | 0 | 0 | 0 | 0 | 0 | 0 | 0 | 0 | 0 | 0 | 0 | 0 | 0 | 0 | 0 | 0 | 0 | 0 | 0 | 1 | 0 | 0 | 0 | 0 | 0 | 0 | 0 | 0 | 0 | 0 | 0 | 0 | 0 | 0 | 0 |
 161 | Flint, Kathleen Powers | University of California, Santa Cruz | 2001 | female | 3 | 1 | 2003 | 4 | 6 | 2009 | 1 | 0 | 0 | 0 | 0 | 2 | 0 | 1 | 0 | 0 | 0 | 0 | 0 | 0 | 0 | 0 | 0 | 0 | 0 | 0 | 0 | 1 | 0 | 0 | 1 | 0 | 2 | 0 | 3 | 0 | 0 | 1 | 1 | 0 | 1 | 0 | 0 | 0 | 0 | 0 | 0 | 0 |
 163 | Stadel, Joachim Gerhard | UNIVERSITY OF WASHINGTON | 2001 | male | 1 | 1 | 2009 | 21 | 71 | 2017 | 0 | 0 | 0 | 0 | 0 | 1 | 0 | 0 | 0 | 0 | 0 | 0 | 0 | 1 | 0 | 0 | 0 | 0 | 0 | 0 | 0 | 0 | 3 | 3 | 6 | 2 | 7 | 4 | 5 | 12 | 8 | 9 | 7 | 8 | 2 | 3 | 2 | 1 | 4 | 1 | 1 | 2 |
 164 | Spitale, Joseph Nicholas | THE UNIVERSITY OF ARIZONA | 2001 | male | 2 | 7 | 2016 | 4 | 25 | 2016 | 0 | 0 | 0 | 0 | 0 | 2 | 1 | 0 | 0 | 0 | 1 | 1 | 0 | 1 | 1 | 0 | 0 | 0 | 0 | 1 | 1 | 1 | 0 | 0 | 1 | 0 | 2 | 1 | 0 | 1 | 5 | 4 | 2 | 1 | 2 | 3 | 0 | 1 | 2 | 0 | 1 | 2 |
 166 | Kundu, Tonushree | UNIVERSITY OF CALIFORNIA, BERKELEY | 2001 | female | 1 | 0 | 2001 | 2 | 0 | 2001 | 0 | 0 | 0 | 0 | 0 | 1 | 0 | 0 | 0 | 0 | 0 | 0 | 0 | 0 | 0 | 0 | 0 | 0 | 0 | 0 | 0 | 0 | 0 | 0 | 0 | 1 | 1 | 0 | 0 | 0 | 0 | 0 | 0 | 0 | 0 | 0 | 0 | 0 | 0 | 0 | 0 | 0 |
 172 | Adelberger, Kurt L. | California Institute of Technology | 2001 | male | 3 | 11 | 2006 | 24 | 40 | 2008 | 0 | 0 | 1 | 0 | 1 | 1 | 1 | 1 | 2 | 6 | 1 | 0 | 0 | 0 | 0 | 0 | 0 | 0 | 0 | 0 | 0 | 2 | 2 | 6 | 2 | 7 | 5 | 5 | 6 | 7 | 12 | 6 | 3 | 1 | 0 | 0 | 0 | 0 | 0 | 0 | 0 | 0 |
 174 | Lommen, Andrea Natalie | University of California, Berkeley | 2001 | female | 3 | 4 | 2015 | 4 | 30 | 2016 | 0 | 0 | 0 | 0 | 1 | 2 | 0 | 0 | 0 | 0 | 1 | 1 | 0 | 0 | 0 | 0 | 0 | 1 | 0 | 1 | 0 | 0 | 0 | 0 | 0 | 2 | 2 | 1 | 0 | 3 | 3 | 4 | 1 | 0 | 2 | 5 | 2 | 0 | 2 | 3 | 3 | 1 |
 181 | Holder, Gilbert Patrick | The University of Chicago | 2001 | male | 5 | 12 | 2014 | 15 | 107 | 2017 | 1 | 0 | 0 | 0 | 1 | 3 | 2 | 2 | 3 | 0 | 0 | 2 | 0 | 0 | 1 | 0 | 0 | 1 | 1 | 0 | 0 | 1 | 0 | 2 | 1 | 6 | 5 | 3 | 7 | 6 | 1 | 0 | 2 | 2 | 2 | 10 | 9 | 12 | 16 | 10 | 13 | 13 |
 188 | Miocinovic, Predrag | University of California, Berkeley | 2001 | male | 1 | 1 | 2003 | 14 | 47 | 2016 | 0 | 0 | 0 | 0 | 0 | 1 | 0 | 1 | 0 | 0 | 0 | 0 | 0 | 0 | 0 | 0 | 0 | 0 | 0 | 0 | 0 | 0 | 3 | 2 | 3 | 2 | 4 | 4 | 7 | 9 | 8 | 8 | 3 | 3 | 2 | 1 | 0 | 0 | 0 | 0 | 0 | 2 |
 190 | Morgan, Rhonda Michelle | The University of Arizona | 2001 | female | 1 | 0 | 2001 | 1 | 3 | 2012 | 0 | 0 | 0 | 0 | 0 | 1 | 0 | 0 | 0 | 0 | 0 | 0 | 0 | 0 | 0 | 0 | 0 | 0 | 0 | 0 | 0 | 0 | 0 | 0 | 0 | 0 | 1 | 0 | 0 | 0 | 1 | 1 | 0 | 0 | 0 | 0 | 0 | 1 | 0 | 0 | 0 | 0 |
 191 | Benedetti, Laura Robin | University of California, Berkeley | 2001 | female | 2 | 0 | 2001 | 2 | 13 | 2016 | 0 | 0 | 0 | 1 | 0 | 1 | 0 | 0 | 0 | 0 | 0 | 0 | 0 | 0 | 0 | 0 | 0 | 0 | 0 | 0 | 0 | 0 | 0 | 0 | 1 | 0 | 1 | 0 | 0 | 1 | 1 | 1 | 1 | 1 | 3 | 0 | 2 | 0 | 0 | 1 | 1 | 1 |
 195 | Rockosi, Constance Mary | The University of Chicago | 2001 | female | 1 | 1 | 2002 | 17 | 97 | 2016 | 0 | 0 | 0 | 0 | 0 | 1 | 1 | 0 | 0 | 0 | 0 | 0 | 0 | 0 | 0 | 0 | 0 | 0 | 0 | 0 | 0 | 0 | 0 | 1 | 2 | 7 | 7 | 14 | 5 | 9 | 2 | 10 | 6 | 9 | 5 | 6 | 10 | 6 | 4 | 4 | 3 | 4 |
 199 | Wagner, Donald Russell | UNIVERSITY OF CALIFORNIA, BERKELEY | 2001 | male | 2 | 1 | 2009 | 5 | 4 | 2015 | 0 | 0 | 0 | 0 | 1 | 1 | 0 | 0 | 0 | 0 | 0 | 0 | 0 | 1 | 0 | 0 | 0 | 0 | 0 | 0 | 0 | 1 | 0 | 0 | 0 | 1 | 3 | 0 | 0 | 0 | 0 | 0 | 0 | 0 | 2 | 0 | 0 | 1 | 0 | 0 | 1 | 0 |
 200 | Castellano, Timothy Paul | UNIVERSITY OF CALIFORNIA, SANTA CRUZ | 2001 | male | 3 | 3 | 2004 | 3 | 3 | 2004 | 0 | 0 | 0 | 0 | 2 | 1 | 1 | 0 | 2 | 0 | 0 | 0 | 0 | 0 | 0 | 0 | 0 | 0 | 0 | 0 | 0 | 0 | 0 | 0 | 0 | 2 | 1 | 1 | 0 | 2 | 0 | 0 | 0 | 0 | 0 | 0 | 0 | 0 | 0 | 0 | 0 | 0 |
 214 | Reese, Erik Darryl | THE UNIVERSITY OF CHICAGO | 2001 | male | 2 | 4 | 2012 | 12 | 40 | 2017 | 0 | 0 | 0 | 0 | 1 | 1 | 1 | 0 | 1 | 0 | 0 | 0 | 0 | 0 | 1 | 0 | 1 | 0 | 0 | 0 | 0 | 0 | 0 | 0 | 0 | 8 | 4 | 2 | 1 | 3 | 0 | 2 | 1 | 1 | 0 | 2 | 5 | 7 | 8 | 4 | 2 | 1 |
 216 | Roberts, William Thomas, Jr. | THE UNIVERSITY OF ARIZONA | 2001 | male | 1 | 2 | 2010 | 2 | 8 | 2013 | 0 | 0 | 0 | 0 | 0 | 1 | 1 | 0 | 0 | 0 | 0 | 0 | 0 | 0 | 1 | 0 | 0 | 0 | 0 | 0 | 0 | 0 | 0 | 0 | 0 | 0 | 2 | 2 | 1 | 0 | 0 | 0 | 0 | 1 | 0 | 2 | 0 | 1 | 1 | 0 | 0 | 0 |
 217 | Malyshkin, Leonid M. | PRINCETON UNIVERSITY | 2001 | male | 7 | 12 | 2011 | 10 | 14 | 2011 | 0 | 0 | 0 | 1 | 1 | 5 | 1 | 0 | 0 | 1 | 0 | 1 | 2 | 3 | 3 | 1 | 0 | 0 | 0 | 0 | 0 | 1 | 0 | 1 | 1 | 2 | 5 | 2 | 0 | 0 | 1 | 0 | 1 | 2 | 3 | 3 | 2 | 0 | 0 | 0 | 0 | 0 |
 219 | Scannapieco, Evan | UNIVERSITY OF CALIFORNIA, BERKELEY | 2001 | male | 9 | 23 | 2017 | 15 | 84 | 2017 | 0 | 1 | 0 | 1 | 3 | 4 | 3 | 2 | 2 | 5 | 4 | 0 | 2 | 0 | 1 | 0 | 1 | 1 | 0 | 1 | 0 | 0 | 1 | 4 | 1 | 5 | 4 | 6 | 5 | 2 | 9 | 7 | 1 | 3 | 11 | 7 | 5 | 5 | 5 | 4 | 3 | 7 |
 221 | Pariev, Vladimir Ivanovich | THE UNIVERSITY OF ARIZONA | 2001 | male | 4 | 5 | 2007 | 7 | 13 | 2012 | 1 | 0 | 1 | 0 | 0 | 2 | 0 | 2 | 0 | 1 | 0 | 2 | 0 | 0 | 0 | 0 | 0 | 0 | 0 | 0 | 0 | 2 | 0 | 2 | 0 | 0 | 3 | 2 | 4 | 0 | 2 | 0 | 2 | 0 | 1 | 0 | 1 | 1 | 0 | 0 | 0 | 0 |
 222 | Weaver, Benjamin Alan | UNIVERSITY OF CALIFORNIA, BERKELEY | 2001 | male | 8 | 7 | 2015 | 11 | 159 | 2017 | 0 | 1 | 1 | 2 | 0 | 4 | 2 | 2 | 0 | 1 | 1 | 0 | 0 | 0 | 0 | 0 | 0 | 0 | 0 | 1 | 0 | 0 | 1 | 2 | 2 | 0 | 6 | 2 | 2 | 0 | 1 | 3 | 2 | 1 | 0 | 3 | 16 | 23 | 22 | 27 | 15 | 30 |
 223 | Hibschman, Johann Allen | UNIVERSITY OF CALIFORNIA, BERKELEY | 2001 | male | 4 | 1 | 2002 | 4 | 1 | 2002 | 0 | 0 | 0 | 0 | 0 | 4 | 1 | 0 | 0 | 0 | 0 | 0 | 0 | 0 | 0 | 0 | 0 | 0 | 0 | 0 | 0 | 0 | 0 | 0 | 0 | 0 | 4 | 1 | 0 | 0 | 0 | 0 | 0 | 0 | 0 | 0 | 0 | 0 | 0 | 0 | 0 | 0 |
 226 | Liang, Chyng-Lan | UNIVERSITY OF CALIFORNIA, BERKELEY | 2001 | female | 1 | 1 | 2014 | 1 | 5 | 2015 | 0 | 0 | 0 | 0 | 0 | 1 | 0 | 0 | 0 | 0 | 0 | 0 | 0 | 0 | 0 | 0 | 0 | 0 | 1 | 0 | 0 | 0 | 0 | 0 | 0 | 0 | 1 | 0 | 1 | 0 | 0 | 0 | 0 | 0 | 0 | 0 | 0 | 0 | 1 | 1 | 2 | 0 |
 227 | McCullough, Joseph Francis | UNIVERSITY OF CALIFORNIA, SANTA CRUZ | 2001 | male | 2 | 0 | 2001 | 6 | 4 | 2012 | 0 | 0 | 0 | 1 | 0 | 1 | 0 | 0 | 0 | 0 | 0 | 0 | 0 | 0 | 0 | 0 | 0 | 0 | 0 | 0 | 0 | 0 | 0 | 0 | 2 | 2 | 2 | 0 | 3 | 0 | 0 | 0 | 0 | 0 | 0 | 0 | 0 | 1 | 0 | 0 | 0 | 0 |
 228 | Kuchner, Marc Jason | California Institute of Technology | 2001 | male | 5 | 12 | 2017 | 9 | 79 | 2017 | 0 | 0 | 2 | 0 | 2 | 1 | 3 | 4 | 1 | 1 | 0 | 0 | 0 | 0 | 1 | 0 | 0 | 0 | 0 | 0 | 1 | 0 | 0 | 3 | 1 | 3 | 2 | 4 | 5 | 4 | 5 | 7 | 4 | 2 | 3 | 5 | 5 | 6 | 5 | 7 | 10 | 6 |
 229 | Rudnick, Gregory Howard | The University of Arizona | 2001 | male | 4 | 5 | 2012 | 5 | 99 | 2017 | 0 | 0 | 1 | 0 | 1 | 2 | 0 | 1 | 1 | 0 | 1 | 0 | 0 | 1 | 0 | 0 | 1 | 0 | 0 | 0 | 0 | 0 | 0 | 1 | 0 | 1 | 3 | 1 | 6 | 8 | 5 | 10 | 14 | 8 | 14 | 9 | 7 | 4 | 4 | 4 | 2 | 2 |
 237 | McIntosh, Daniel Howard | THE UNIVERSITY OF ARIZONA | 2001 | male | 3 | 7 | 2014 | 6 | 89 | 2017 | 0 | 0 | 0 | 2 | 0 | 1 | 0 | 0 | 2 | 2 | 1 | 0 | 1 | 0 | 0 | 0 | 0 | 0 | 1 | 0 | 0 | 0 | 0 | 0 | 2 | 2 | 2 | 1 | 3 | 10 | 8 | 5 | 5 | 7 | 13 | 2 | 3 | 7 | 4 | 8 | 8 | 2 |
 241 | Harding, Paul | The University of Arizona | 2001 | male | 2 | 0 | 2001 | 27 | 76 | 2017 | 0 | 0 | 0 | 0 | 0 | 2 | 0 | 0 | 0 | 0 | 0 | 0 | 0 | 0 | 0 | 0 | 0 | 0 | 0 | 0 | 0 | 2 | 4 | 7 | 7 | 3 | 4 | 1 | 4 | 4 | 2 | 2 | 7 | 4 | 8 | 4 | 7 | 6 | 4 | 7 | 7 | 6 |
 243 | Hamuy, Mario Andres | The University of Arizona | 2001 | male | 9 | 9 | 2011 | 22 | 117 | 2017 | 4 | 0 | 0 | 1 | 1 | 3 | 3 | 2 | 1 | 0 | 1 | 0 | 0 | 1 | 0 | 1 | 0 | 0 | 0 | 0 | 0 | 7 | 1 | 4 | 3 | 3 | 4 | 5 | 6 | 4 | 5 | 3 | 2 | 3 | 10 | 16 | 9 | 12 | 6 | 13 | 10 | 12 |
 245 | Zucker, Daniel Benjamin | University of Washington | 2001 | male | 2 | 6 | 2007 | 6 | 79 | 2017 | 1 | 0 | 0 | 0 | 0 | 1 | 0 | 0 | 3 | 0 | 2 | 1 | 0 | 0 | 0 | 0 | 0 | 0 | 0 | 0 | 0 | 1 | 2 | 0 | 1 | 1 | 1 | 0 | 1 | 4 | 4 | 6 | 13 | 12 | 8 | 4 | 5 | 5 | 2 | 3 | 6 | 3 |
 250 | Jimenez-Garate, Mario Alberto | COLUMBIA UNIVERSITY | 2001 | male | 3 | 5 | 2005 | 5 | 8 | 2005 | 0 | 0 | 0 | 0 | 1 | 2 | 2 | 2 | 0 | 1 | 0 | 0 | 0 | 0 | 0 | 0 | 0 | 0 | 0 | 0 | 0 | 0 | 0 | 0 | 0 | 3 | 2 | 3 | 2 | 2 | 1 | 0 | 0 | 0 | 0 | 0 | 0 | 0 | 0 | 0 | 0 | 0 |
