 n |  name |  university |  phd_year |  gender |  fa_n_pubs_pre_phd |  fa_n_pubs_prost_phd |  fa_year_last |  all_n_pubs_pre_phd |  all_n_pubs_prost_phd |  all_year_last |  fa_1993 |  fa_1994 |  fa_1995 |  fa_1996 |  fa_1997 |  fa_1998 |  fa_1999 |  fa_2000 |  fa_2001 |  fa_2002 |  fa_2003 |  fa_2004 |  fa_2005 |  fa_2006 |  fa_2007 |  fa_2008 |  fa_2009 |  fa_2010 |  fa_2011 |  fa_2012 |  fa_2013 |  fa_2014 |  fa_2015 |  fa_2016 |  all_1993 |  all_1994 |  all_1995 |  all_1996 |  all_1997 |  all_1998 |  all_1999 |  all_2000 |  all_2001 |  all_2002 |  all_2003 |  all_2004 |  all_2005 |  all_2006 |  all_2007 |  all_2008 |  all_2009 |  all_2010 |  all_2011 |  all_2012 |  all_2013 |  all_2014 |  all_2015 |  all_2016 | foo
 10 | Turtle, Elizabeth Pope | THE UNIVERSITY OF ARIZONA | 1998 | female | 2 | 11 | 2011 | 4 | 64 | 2017 | 0 | 0 | 0 | 0 | 1 | 1 | 1 | 0 | 2 | 1 | 1 | 2 | 0 | 0 | 0 | 0 | 1 | 0 | 3 | 0 | 0 | 0 | 0 | 0 | 1 | 0 | 0 | 0 | 1 | 2 | 2 | 1 | 6 | 1 | 2 | 7 | 8 | 2 | 2 | 1 | 4 | 6 | 7 | 1 | 3 | 5 | 0 | 5 |
 11 | Wang, Frank Ye-Howe | COLUMBIA UNIVERSITY | 1998 | male | 3 | 11 | 2015 | 8 | 31 | 2016 | 0 | 0 | 0 | 0 | 1 | 2 | 0 | 0 | 0 | 0 | 0 | 0 | 0 | 1 | 0 | 1 | 2 | 1 | 2 | 2 | 0 | 1 | 1 | 0 | 2 | 1 | 1 | 0 | 2 | 2 | 0 | 0 | 0 | 0 | 0 | 2 | 2 | 2 | 0 | 1 | 4 | 1 | 3 | 2 | 2 | 3 | 4 | 5 |
 12 | Boggs, Steven Edward | UNIVERSITY OF CALIFORNIA, BERKELEY | 1998 | male | 2 | 12 | 2015 | 3 | 210 | 2017 | 0 | 0 | 0 | 0 | 0 | 2 | 0 | 2 | 1 | 0 | 1 | 2 | 1 | 3 | 1 | 0 | 0 | 0 | 0 | 0 | 0 | 0 | 1 | 0 | 0 | 0 | 0 | 0 | 0 | 3 | 0 | 2 | 2 | 0 | 7 | 4 | 5 | 7 | 4 | 3 | 5 | 2 | 1 | 2 | 17 | 53 | 50 | 36 |
 16 | Papathanassiou, Hariklia | THE PENNSYLVANIA STATE UNIVERSITY | 1998 | female | 2 | 1 | 1999 | 3 | 1 | 1999 | 0 | 0 | 0 | 1 | 0 | 1 | 1 | 0 | 0 | 0 | 0 | 0 | 0 | 0 | 0 | 0 | 0 | 0 | 0 | 0 | 0 | 0 | 0 | 0 | 0 | 1 | 0 | 1 | 0 | 1 | 1 | 0 | 0 | 0 | 0 | 0 | 0 | 0 | 0 | 0 | 0 | 0 | 0 | 0 | 0 | 0 | 0 | 0 |
 26 | Takamiya, Marianne Yasuko | THE UNIVERSITY OF CHICAGO | 1998 | female | 2 | 4 | 2012 | 7 | 20 | 2015 | 0 | 0 | 1 | 0 | 0 | 1 | 3 | 0 | 0 | 0 | 0 | 0 | 0 | 0 | 0 | 0 | 0 | 0 | 0 | 1 | 0 | 0 | 0 | 0 | 2 | 0 | 3 | 1 | 0 | 1 | 4 | 0 | 3 | 1 | 0 | 0 | 2 | 1 | 1 | 1 | 0 | 1 | 2 | 1 | 0 | 2 | 1 | 0 |
 27 | Uzdensky, Dmitri A. | PRINCETON UNIVERSITY | 1998 | male | 1 | 27 | 2016 | 1 | 55 | 2017 | 0 | 0 | 0 | 0 | 0 | 1 | 0 | 1 | 0 | 4 | 2 | 2 | 1 | 2 | 4 | 1 | 1 | 1 | 3 | 0 | 1 | 2 | 0 | 2 | 0 | 0 | 0 | 0 | 0 | 1 | 0 | 1 | 0 | 4 | 3 | 2 | 2 | 2 | 4 | 3 | 4 | 2 | 4 | 5 | 4 | 4 | 4 | 6 |
 28 | Zhang, Bin | COLUMBIA UNIVERSITY | 1998 | male | 4 | 59 | 2017 | 14 | 282 | 2017 | 0 | 0 | 0 | 1 | 2 | 1 | 0 | 0 | 1 | 1 | 0 | 1 | 1 | 1 | 7 | 4 | 4 | 1 | 4 | 8 | 7 | 4 | 8 | 6 | 1 | 1 | 5 | 2 | 4 | 1 | 2 | 2 | 5 | 3 | 3 | 6 | 16 | 41 | 26 | 14 | 21 | 17 | 18 | 25 | 14 | 17 | 22 | 25 |
 45 | Williams, Darren Mark | THE PENNSYLVANIA STATE UNIVERSITY | 1998 | male | 7 | 9 | 2013 | 11 | 50 | 2017 | 0 | 0 | 2 | 0 | 3 | 2 | 0 | 0 | 0 | 2 | 2 | 1 | 0 | 0 | 0 | 1 | 0 | 0 | 1 | 0 | 2 | 0 | 0 | 0 | 0 | 0 | 2 | 0 | 5 | 4 | 0 | 0 | 1 | 2 | 2 | 4 | 3 | 15 | 1 | 2 | 2 | 2 | 3 | 1 | 2 | 2 | 0 | 2 |
 47 | Chen, Wei-Liang | THE JOHNS HOPKINS UNIVERSITY | 1998 | male | 7 | 23 | 2017 | 20 | 81 | 2017 | 0 | 1 | 0 | 3 | 1 | 2 | 0 | 0 | 1 | 1 | 2 | 0 | 2 | 4 | 2 | 4 | 0 | 0 | 1 | 2 | 2 | 0 | 1 | 0 | 0 | 2 | 0 | 8 | 2 | 8 | 2 | 2 | 2 | 3 | 4 | 4 | 9 | 6 | 4 | 6 | 3 | 2 | 4 | 12 | 11 | 2 | 2 | 2 |
 51 | Smutko, Michael Francis | THE UNIVERSITY OF CHICAGO | 1998 | male | 2 | 1 | 1999 | 3 | 4 | 2016 | 0 | 0 | 0 | 0 | 1 | 1 | 1 | 0 | 0 | 0 | 0 | 0 | 0 | 0 | 0 | 0 | 0 | 0 | 0 | 0 | 0 | 0 | 0 | 0 | 1 | 0 | 0 | 0 | 1 | 1 | 1 | 0 | 0 | 0 | 0 | 0 | 0 | 0 | 0 | 0 | 0 | 0 | 0 | 1 | 1 | 0 | 0 | 1 |
 55 | Wan, Lin | PRINCETON UNIVERSITY | 1998 | female | 4 | 1 | 2000 | 6 | 4 | 2016 | 0 | 0 | 0 | 1 | 0 | 3 | 0 | 1 | 0 | 0 | 0 | 0 | 0 | 0 | 0 | 0 | 0 | 0 | 0 | 0 | 0 | 0 | 0 | 0 | 0 | 0 | 0 | 1 | 2 | 3 | 0 | 2 | 0 | 0 | 0 | 0 | 0 | 0 | 0 | 0 | 0 | 0 | 0 | 0 | 0 | 0 | 1 | 1 |
 57 | Chemishkian, Sergey Y. | THE UNIVERSITY OF ARIZONA | 1998 | male | 1 | 0 | 1998 | 1 | 0 | 1998 | 0 | 0 | 0 | 0 | 0 | 1 | 0 | 0 | 0 | 0 | 0 | 0 | 0 | 0 | 0 | 0 | 0 | 0 | 0 | 0 | 0 | 0 | 0 | 0 | 0 | 0 | 0 | 0 | 0 | 1 | 0 | 0 | 0 | 0 | 0 | 0 | 0 | 0 | 0 | 0 | 0 | 0 | 0 | 0 | 0 | 0 | 0 | 0 |
 66 | Stairs, Ingrid Helen | PRINCETON UNIVERSITY | 1998 | female | 2 | 11 | 2006 | 2 | 172 | 2017 | 0 | 0 | 0 | 0 | 0 | 2 | 1 | 2 | 1 | 1 | 1 | 2 | 1 | 2 | 0 | 0 | 0 | 0 | 0 | 0 | 0 | 0 | 0 | 0 | 0 | 0 | 0 | 0 | 0 | 2 | 1 | 6 | 8 | 6 | 5 | 9 | 10 | 12 | 7 | 7 | 7 | 13 | 9 | 8 | 16 | 16 | 15 | 14 |
 67 | Ellithorpe, Don Wise | THE UNIVERSITY OF CHICAGO | 1998 | male | 3 | 0 | 1998 | 8 | 1 | 2003 | 0 | 0 | 1 | 0 | 1 | 1 | 0 | 0 | 0 | 0 | 0 | 0 | 0 | 0 | 0 | 0 | 0 | 0 | 0 | 0 | 0 | 0 | 0 | 0 | 2 | 0 | 1 | 0 | 3 | 2 | 0 | 0 | 0 | 0 | 1 | 0 | 0 | 0 | 0 | 0 | 0 | 0 | 0 | 0 | 0 | 0 | 0 | 0 |
 69 | Barnes, Christopher | PRINCETON UNIVERSITY | 1998 | male | 7 | 3 | 2008 | 16 | 18 | 2014 | 1 | 0 | 3 | 0 | 1 | 2 | 0 | 0 | 0 | 0 | 1 | 0 | 0 | 1 | 0 | 1 | 0 | 0 | 0 | 0 | 0 | 0 | 0 | 0 | 2 | 2 | 3 | 3 | 3 | 3 | 1 | 0 | 0 | 0 | 9 | 0 | 0 | 2 | 2 | 2 | 0 | 0 | 0 | 1 | 0 | 1 | 0 | 0 |
 71 | Castronovo, Joseph Anthony, Jr. | THE UNIVERSITY OF ARIZONA | 1998 | male | 1 | 0 | 1998 | 1 | 0 | 1998 | 0 | 0 | 0 | 0 | 0 | 1 | 0 | 0 | 0 | 0 | 0 | 0 | 0 | 0 | 0 | 0 | 0 | 0 | 0 | 0 | 0 | 0 | 0 | 0 | 0 | 0 | 0 | 0 | 0 | 1 | 0 | 0 | 0 | 0 | 0 | 0 | 0 | 0 | 0 | 0 | 0 | 0 | 0 | 0 | 0 | 0 | 0 | 0 |
 75 | Cress, Catherine Marion | COLUMBIA UNIVERSITY | 1998 | female | 3 | 0 | 1998 | 4 | 17 | 2017 | 0 | 0 | 0 | 1 | 0 | 2 | 0 | 0 | 0 | 0 | 0 | 0 | 0 | 0 | 0 | 0 | 0 | 0 | 0 | 0 | 0 | 0 | 0 | 0 | 0 | 0 | 0 | 1 | 0 | 3 | 0 | 0 | 0 | 0 | 0 | 0 | 0 | 0 | 3 | 1 | 1 | 1 | 1 | 1 | 2 | 1 | 4 | 1 |
 76 | Turner, Anne Marie | THE UNIVERSITY OF ARIZONA | 1998 | female | 2 | 1 | 1999 | 15 | 13 | 2013 | 0 | 0 | 0 | 0 | 0 | 2 | 1 | 0 | 0 | 0 | 0 | 0 | 0 | 0 | 0 | 0 | 0 | 0 | 0 | 0 | 0 | 0 | 0 | 0 | 0 | 2 | 1 | 3 | 3 | 6 | 6 | 1 | 0 | 1 | 0 | 0 | 0 | 0 | 1 | 1 | 0 | 1 | 0 | 0 | 2 | 0 | 0 | 0 |
 79 | Martinez, Ty | THE UNIVERSITY OF ARIZONA | 1998 | male | 1 | 0 | 1998 | 2 | 4 | 2015 | 0 | 0 | 0 | 0 | 0 | 1 | 0 | 0 | 0 | 0 | 0 | 0 | 0 | 0 | 0 | 0 | 0 | 0 | 0 | 0 | 0 | 0 | 0 | 0 | 0 | 0 | 0 | 0 | 0 | 2 | 0 | 0 | 0 | 0 | 1 | 0 | 0 | 0 | 0 | 0 | 0 | 0 | 0 | 0 | 1 | 1 | 1 | 0 |
 90 | Burkland, Michael Kennedy | THE UNIVERSITY OF ARIZONA | 1998 | male | 2 | 0 | 1998 | 8 | 1 | 2000 | 0 | 0 | 1 | 0 | 0 | 1 | 0 | 0 | 0 | 0 | 0 | 0 | 0 | 0 | 0 | 0 | 0 | 0 | 0 | 0 | 0 | 0 | 0 | 0 | 1 | 2 | 3 | 0 | 0 | 2 | 0 | 1 | 0 | 0 | 0 | 0 | 0 | 0 | 0 | 0 | 0 | 0 | 0 | 0 | 0 | 0 | 0 | 0 |
 92 | Rowe, Michael William | UNIVERSITY OF CALIFORNIA, BERKELEY | 1998 | male | 4 | 1 | 2003 | 6 | 2 | 2005 | 0 | 0 | 0 | 0 | 1 | 3 | 0 | 0 | 0 | 0 | 1 | 0 | 0 | 0 | 0 | 0 | 0 | 0 | 0 | 0 | 0 | 0 | 0 | 0 | 0 | 0 | 1 | 0 | 2 | 3 | 0 | 0 | 0 | 0 | 1 | 0 | 1 | 0 | 0 | 0 | 0 | 0 | 0 | 0 | 0 | 0 | 0 | 0 |
 93 | Goodson, Anthony Price | UNIVERSITY OF WASHINGTON | 1998 | male | 2 | 2 | 1999 | 2 | 5 | 2002 | 0 | 0 | 0 | 0 | 1 | 1 | 2 | 0 | 0 | 0 | 0 | 0 | 0 | 0 | 0 | 0 | 0 | 0 | 0 | 0 | 0 | 0 | 0 | 0 | 0 | 0 | 0 | 0 | 1 | 1 | 2 | 2 | 0 | 1 | 0 | 0 | 0 | 0 | 0 | 0 | 0 | 0 | 0 | 0 | 0 | 0 | 0 | 0 |
 97 | Hoard, Donald Wayne | UNIVERSITY OF WASHINGTON | 1998 | male | 8 | 21 | 2014 | 21 | 80 | 2014 | 1 | 0 | 0 | 2 | 2 | 3 | 0 | 3 | 2 | 4 | 1 | 2 | 1 | 0 | 2 | 0 | 1 | 2 | 0 | 1 | 1 | 1 | 0 | 0 | 1 | 2 | 3 | 5 | 4 | 6 | 3 | 8 | 3 | 8 | 3 | 8 | 5 | 6 | 4 | 4 | 4 | 9 | 7 | 5 | 1 | 2 | 0 | 0 |
 99 | Lenz, Dawn Darice | THE UNIVERSITY OF CHICAGO | 1998 | female | 3 | 7 | 2016 | 4 | 20 | 2017 | 0 | 0 | 0 | 0 | 0 | 3 | 3 | 1 | 0 | 0 | 0 | 1 | 0 | 0 | 0 | 0 | 0 | 0 | 0 | 0 | 0 | 0 | 1 | 1 | 0 | 0 | 1 | 0 | 0 | 3 | 3 | 1 | 1 | 0 | 0 | 1 | 0 | 0 | 0 | 0 | 0 | 0 | 0 | 1 | 3 | 0 | 1 | 8 |
 102 | Moustakas, Leonidas Alexander | UNIVERSITY OF CALIFORNIA, BERKELEY | 1998 | male | 2 | 5 | 2010 | 5 | 135 | 2017 | 0 | 0 | 0 | 0 | 1 | 1 | 0 | 0 | 0 | 1 | 1 | 1 | 0 | 0 | 1 | 0 | 0 | 1 | 0 | 0 | 0 | 0 | 0 | 0 | 1 | 0 | 0 | 0 | 3 | 1 | 1 | 1 | 0 | 2 | 1 | 18 | 12 | 10 | 8 | 6 | 11 | 7 | 9 | 9 | 17 | 13 | 7 | 2 |
 103 | Peimbert, Antonio | PRINCETON UNIVERSITY | 1998 | male | 1 | 12 | 2016 | 2 | 37 | 2017 | 0 | 0 | 0 | 0 | 0 | 1 | 0 | 1 | 1 | 1 | 1 | 1 | 1 | 0 | 1 | 0 | 0 | 1 | 0 | 1 | 1 | 1 | 0 | 1 | 0 | 0 | 0 | 0 | 1 | 1 | 0 | 1 | 1 | 2 | 4 | 4 | 3 | 1 | 3 | 1 | 3 | 1 | 0 | 4 | 1 | 1 | 1 | 3 |
 122 | Heyl, Jeremy Samuel | UNIVERSITY OF CALIFORNIA, SANTA CRUZ | 1998 | male | 18 | 37 | 2015 | 21 | 82 | 2017 | 0 | 1 | 2 | 2 | 6 | 7 | 2 | 3 | 2 | 4 | 3 | 1 | 4 | 1 | 5 | 2 | 1 | 3 | 2 | 1 | 1 | 0 | 2 | 0 | 2 | 1 | 2 | 3 | 6 | 7 | 3 | 4 | 5 | 5 | 6 | 2 | 5 | 4 | 7 | 2 | 5 | 6 | 4 | 6 | 6 | 0 | 4 | 5 |
 123 | Ing, Kristine Mei Lan | UNIVERSITY OF CALIFORNIA, SANTA CRUZ | 1998 | female | 1 | 0 | 1998 | 3 | 0 | 1998 | 0 | 0 | 0 | 0 | 0 | 1 | 0 | 0 | 0 | 0 | 0 | 0 | 0 | 0 | 0 | 0 | 0 | 0 | 0 | 0 | 0 | 0 | 0 | 0 | 0 | 0 | 0 | 1 | 1 | 1 | 0 | 0 | 0 | 0 | 0 | 0 | 0 | 0 | 0 | 0 | 0 | 0 | 0 | 0 | 0 | 0 | 0 | 0 |
 127 | Brunner, Robert John | THE JOHNS HOPKINS UNIVERSITY | 1998 | male | 2 | 4 | 2003 | 6 | 125 | 2017 | 0 | 0 | 0 | 0 | 1 | 1 | 1 | 2 | 0 | 0 | 1 | 0 | 0 | 0 | 0 | 0 | 0 | 0 | 0 | 0 | 0 | 0 | 0 | 0 | 0 | 0 | 0 | 0 | 3 | 3 | 2 | 11 | 13 | 6 | 5 | 10 | 9 | 16 | 9 | 10 | 8 | 2 | 2 | 1 | 4 | 7 | 3 | 6 |
 128 | Marlowe, Amanda True | THE JOHNS HOPKINS UNIVERSITY | 1998 | female | 3 | 1 | 1999 | 3 | 1 | 1999 | 0 | 0 | 1 | 0 | 1 | 1 | 1 | 0 | 0 | 0 | 0 | 0 | 0 | 0 | 0 | 0 | 0 | 0 | 0 | 0 | 0 | 0 | 0 | 0 | 0 | 0 | 1 | 0 | 1 | 1 | 1 | 0 | 0 | 0 | 0 | 0 | 0 | 0 | 0 | 0 | 0 | 0 | 0 | 0 | 0 | 0 | 0 | 0 |
 129 | Woodhams, Michael Daryl | PRINCETON UNIVERSITY | 1998 | male | 1 | 0 | 1998 | 10 | 0 | 1998 | 0 | 0 | 0 | 0 | 0 | 1 | 0 | 0 | 0 | 0 | 0 | 0 | 0 | 0 | 0 | 0 | 0 | 0 | 0 | 0 | 0 | 0 | 0 | 0 | 8 | 0 | 1 | 0 | 0 | 1 | 0 | 0 | 0 | 0 | 0 | 0 | 0 | 0 | 0 | 0 | 0 | 0 | 0 | 0 | 0 | 0 | 0 | 0 |
 131 | Dire, James Richard | THE JOHNS HOPKINS UNIVERSITY | 1998 | male | 1 | 1 | 2000 | 1 | 1 | 2000 | 0 | 0 | 0 | 0 | 0 | 1 | 0 | 1 | 0 | 0 | 0 | 0 | 0 | 0 | 0 | 0 | 0 | 0 | 0 | 0 | 0 | 0 | 0 | 0 | 0 | 0 | 0 | 0 | 0 | 1 | 0 | 1 | 0 | 0 | 0 | 0 | 0 | 0 | 0 | 0 | 0 | 0 | 0 | 0 | 0 | 0 | 0 | 0 |
 132 | Hawkins, Samuel Edward, III | THE JOHNS HOPKINS UNIVERSITY | 1998 | male | 5 | 2 | 2007 | 10 | 9 | 2007 | 0 | 0 | 2 | 0 | 1 | 2 | 0 | 1 | 0 | 0 | 0 | 0 | 0 | 0 | 1 | 0 | 0 | 0 | 0 | 0 | 0 | 0 | 0 | 0 | 1 | 0 | 2 | 1 | 4 | 2 | 1 | 1 | 3 | 1 | 1 | 0 | 0 | 0 | 2 | 0 | 0 | 0 | 0 | 0 | 0 | 0 | 0 | 0 |
 134 | Dring, Andrew R. | THE JOHNS HOPKINS UNIVERSITY | 1998 | male | 4 | 0 | 1998 | 6 | 0 | 1998 | 0 | 0 | 0 | 2 | 1 | 1 | 0 | 0 | 0 | 0 | 0 | 0 | 0 | 0 | 0 | 0 | 0 | 0 | 0 | 0 | 0 | 0 | 0 | 0 | 2 | 0 | 0 | 2 | 1 | 1 | 0 | 0 | 0 | 0 | 0 | 0 | 0 | 0 | 0 | 0 | 0 | 0 | 0 | 0 | 0 | 0 | 0 | 0 |
 135 | Palanque, Nathalie Katya | THE UNIVERSITY OF CHICAGO | 1998 | female | 1 | 0 | 1998 | 1 | 0 | 1998 | 0 | 0 | 0 | 0 | 0 | 1 | 0 | 0 | 0 | 0 | 0 | 0 | 0 | 0 | 0 | 0 | 0 | 0 | 0 | 0 | 0 | 0 | 0 | 0 | 0 | 0 | 0 | 0 | 0 | 1 | 0 | 0 | 0 | 0 | 0 | 0 | 0 | 0 | 0 | 0 | 0 | 0 | 0 | 0 | 0 | 0 | 0 | 0 |
 137 | Ferguson, Annette Mairi Nelson | THE JOHNS HOPKINS UNIVERSITY | 1998 | female | 5 | 9 | 2016 | 6 | 131 | 2017 | 0 | 0 | 0 | 2 | 0 | 3 | 0 | 1 | 2 | 2 | 0 | 0 | 1 | 0 | 1 | 0 | 0 | 1 | 0 | 0 | 0 | 0 | 0 | 1 | 0 | 0 | 0 | 2 | 0 | 4 | 0 | 1 | 4 | 5 | 3 | 5 | 7 | 4 | 8 | 9 | 8 | 6 | 9 | 5 | 18 | 16 | 12 | 10 |
 140 | Song, Jeonghyeon | THE JOHNS HOPKINS UNIVERSITY | 1998 | male | 1 | 1 | 2012 | 9 | 50 | 2016 | 0 | 0 | 0 | 0 | 0 | 1 | 0 | 0 | 0 | 0 | 0 | 0 | 0 | 0 | 0 | 0 | 0 | 0 | 0 | 1 | 0 | 0 | 0 | 0 | 0 | 0 | 2 | 3 | 2 | 2 | 2 | 1 | 2 | 1 | 2 | 2 | 2 | 2 | 0 | 0 | 0 | 5 | 8 | 7 | 5 | 3 | 4 | 4 |
 144 | Hogg, David Wardell | CALIFORNIA INSTITUTE OF TECHNOLOGY | 1998 | male | 11 | 18 | 2016 | 21 | 168 | 2017 | 0 | 2 | 0 | 1 | 4 | 4 | 1 | 3 | 2 | 1 | 1 | 1 | 4 | 1 | 0 | 0 | 1 | 1 | 0 | 0 | 1 | 0 | 0 | 1 | 1 | 2 | 3 | 4 | 6 | 5 | 6 | 6 | 6 | 3 | 9 | 7 | 12 | 9 | 3 | 7 | 10 | 8 | 12 | 18 | 10 | 7 | 13 | 15 |
 145 | Schiminovich, David | COLUMBIA UNIVERSITY | 1998 | male | 3 | 5 | 2013 | 4 | 171 | 2016 | 0 | 1 | 1 | 0 | 0 | 1 | 0 | 0 | 1 | 0 | 0 | 0 | 1 | 0 | 1 | 0 | 0 | 1 | 0 | 0 | 1 | 0 | 0 | 0 | 0 | 1 | 1 | 0 | 0 | 2 | 0 | 0 | 1 | 0 | 2 | 1 | 34 | 6 | 42 | 5 | 18 | 12 | 15 | 14 | 9 | 1 | 4 | 7 |
 148 | Wu, Yanqin | CALIFORNIA INSTITUTE OF TECHNOLOGY | 1998 | female | 9 | 39 | 2016 | 15 | 160 | 2017 | 4 | 2 | 1 | 1 | 0 | 1 | 1 | 2 | 4 | 2 | 1 | 2 | 4 | 3 | 3 | 1 | 2 | 5 | 2 | 1 | 3 | 2 | 0 | 1 | 5 | 3 | 1 | 1 | 2 | 3 | 3 | 5 | 6 | 3 | 6 | 4 | 11 | 10 | 8 | 5 | 8 | 11 | 12 | 5 | 11 | 20 | 15 | 15 |
 149 | Schwarz, Patricia Margaret | CALIFORNIA INSTITUTE OF TECHNOLOGY | 1998 | female | 2 | 0 | 1998 | 2 | 0 | 1998 | 0 | 0 | 0 | 0 | 1 | 1 | 0 | 0 | 0 | 0 | 0 | 0 | 0 | 0 | 0 | 0 | 0 | 0 | 0 | 0 | 0 | 0 | 0 | 0 | 0 | 0 | 0 | 0 | 1 | 1 | 0 | 0 | 0 | 0 | 0 | 0 | 0 | 0 | 0 | 0 | 0 | 0 | 0 | 0 | 0 | 0 | 0 | 0 |
 150 | Hogerheijde, Michiel | Department of Astronomy, University of California, Campbell Hall, Berkeley, CA 94720, USA | 1998 | male | 8 | 12 | 2016 | 10 | 162 | 2017 | 0 | 0 | 3 | 1 | 2 | 2 | 1 | 2 | 1 | 1 | 1 | 1 | 1 | 1 | 0 | 0 | 1 | 0 | 1 | 0 | 0 | 0 | 0 | 1 | 0 | 0 | 5 | 1 | 2 | 2 | 4 | 2 | 1 | 6 | 2 | 6 | 3 | 8 | 7 | 10 | 14 | 29 | 7 | 9 | 10 | 6 | 14 | 18 |
 151 | Xu, Fang | COLUMBIA UNIVERSITY | 1998 | female | 1 | 3 | 2017 | 6 | 15 | 2017 | 0 | 0 | 0 | 0 | 0 | 1 | 0 | 0 | 0 | 0 | 0 | 1 | 0 | 0 | 0 | 0 | 0 | 0 | 0 | 0 | 0 | 0 | 1 | 0 | 1 | 2 | 0 | 1 | 0 | 2 | 1 | 0 | 0 | 0 | 1 | 1 | 1 | 0 | 2 | 1 | 0 | 0 | 1 | 0 | 1 | 3 | 1 | 0 |
 152 | Hall, Patrick Brian | THE UNIVERSITY OF ARIZONA | 1998 | male | 11 | 20 | 2014 | 19 | 213 | 2017 | 0 | 0 | 1 | 3 | 3 | 4 | 0 | 2 | 1 | 4 | 1 | 3 | 0 | 1 | 2 | 2 | 0 | 1 | 1 | 0 | 1 | 1 | 0 | 0 | 0 | 0 | 3 | 4 | 4 | 8 | 0 | 6 | 12 | 13 | 20 | 22 | 20 | 11 | 18 | 15 | 8 | 11 | 11 | 11 | 8 | 5 | 10 | 7 |
 154 | Finkelstein, Noah D. M. | PRINCETON UNIVERSITY | 1998 | male | 2 | 0 | 1998 | 2 | 0 | 1998 | 0 | 0 | 0 | 0 | 0 | 2 | 0 | 0 | 0 | 0 | 0 | 0 | 0 | 0 | 0 | 0 | 0 | 0 | 0 | 0 | 0 | 0 | 0 | 0 | 0 | 0 | 0 | 0 | 0 | 2 | 0 | 0 | 0 | 0 | 0 | 0 | 0 | 0 | 0 | 0 | 0 | 0 | 0 | 0 | 0 | 0 | 0 | 0 |
 156 | Colley, Wesley Neal | PRINCETON UNIVERSITY | 1998 | male | 9 | 9 | 2015 | 13 | 13 | 2015 | 0 | 0 | 2 | 4 | 2 | 1 | 1 | 2 | 0 | 1 | 4 | 0 | 0 | 0 | 0 | 0 | 0 | 0 | 0 | 0 | 0 | 0 | 1 | 0 | 0 | 0 | 4 | 4 | 3 | 2 | 1 | 4 | 0 | 2 | 4 | 0 | 0 | 0 | 1 | 0 | 0 | 0 | 0 | 0 | 0 | 0 | 1 | 0 |
 158 | Diaz-Miller, Rosa Izela | Space Telescope Science Institute, 3700 San Martin Drive, Baltimore. Md 21218, USA | 1998 | female | 2 | 0 | 1998 | 2 | 0 | 1998 | 0 | 0 | 0 | 0 | 0 | 2 | 0 | 0 | 0 | 0 | 0 | 0 | 0 | 0 | 0 | 0 | 0 | 0 | 0 | 0 | 0 | 0 | 0 | 0 | 0 | 0 | 0 | 0 | 0 | 2 | 0 | 0 | 0 | 0 | 0 | 0 | 0 | 0 | 0 | 0 | 0 | 0 | 0 | 0 | 0 | 0 | 0 | 0 |
 159 | Gizis, John Evangelos | CALIFORNIA INSTITUTE OF TECHNOLOGY | 1998 | male | 9 | 25 | 2017 | 19 | 96 | 2017 | 1 | 0 | 1 | 1 | 4 | 2 | 2 | 3 | 2 | 2 | 1 | 1 | 1 | 2 | 1 | 0 | 0 | 0 | 2 | 1 | 1 | 0 | 3 | 2 | 1 | 0 | 3 | 3 | 8 | 4 | 6 | 11 | 9 | 8 | 4 | 1 | 5 | 8 | 6 | 4 | 2 | 1 | 4 | 6 | 4 | 1 | 5 | 8 |
 160 | Koh, Danny Towsian | CALIFORNIA INSTITUTE OF TECHNOLOGY | 1998 | male | 2 | 0 | 1998 | 9 | 1 | 2001 | 0 | 0 | 0 | 0 | 1 | 1 | 0 | 0 | 0 | 0 | 0 | 0 | 0 | 0 | 0 | 0 | 0 | 0 | 0 | 0 | 0 | 0 | 0 | 0 | 0 | 0 | 0 | 2 | 6 | 1 | 0 | 0 | 1 | 0 | 0 | 0 | 0 | 0 | 0 | 0 | 0 | 0 | 0 | 0 | 0 | 0 | 0 | 0 |
 161 | Zhan, Shanqun | THE UNIVERSITY OF CHICAGO | 1998 | None | 2 | 0 | 1998 | 2 | 0 | 1998 | 1 | 0 | 0 | 0 | 0 | 1 | 0 | 0 | 0 | 0 | 0 | 0 | 0 | 0 | 0 | 0 | 0 | 0 | 0 | 0 | 0 | 0 | 0 | 0 | 1 | 0 | 0 | 0 | 0 | 1 | 0 | 0 | 0 | 0 | 0 | 0 | 0 | 0 | 0 | 0 | 0 | 0 | 0 | 0 | 0 | 0 | 0 | 0 |
 163 | Beck-Winchatz, Bernhard | UNIVERSITY OF WASHINGTON | 1998 | male | 3 | 7 | 2008 | 9 | 7 | 2008 | 0 | 1 | 0 | 1 | 0 | 1 | 1 | 0 | 0 | 0 | 2 | 0 | 1 | 0 | 1 | 2 | 0 | 0 | 0 | 0 | 0 | 0 | 0 | 0 | 0 | 1 | 1 | 1 | 3 | 3 | 1 | 0 | 0 | 0 | 2 | 0 | 1 | 0 | 1 | 2 | 0 | 0 | 0 | 0 | 0 | 0 | 0 | 0 |
 164 | Carkner, Arthur Lee, III | THE PENNSYLVANIA STATE UNIVERSITY | 1998 | male | 1 | 0 | 1998 | 2 | 0 | 1998 | 0 | 0 | 0 | 0 | 0 | 1 | 0 | 0 | 0 | 0 | 0 | 0 | 0 | 0 | 0 | 0 | 0 | 0 | 0 | 0 | 0 | 0 | 0 | 0 | 0 | 1 | 0 | 0 | 0 | 1 | 0 | 0 | 0 | 0 | 0 | 0 | 0 | 0 | 0 | 0 | 0 | 0 | 0 | 0 | 0 | 0 | 0 | 0 |
 166 | Rowe, Michael William | UNIVERSITY OF CALIFORNIA, BERKELEY | 1998 | male | 4 | 1 | 2003 | 6 | 2 | 2005 | 0 | 0 | 0 | 0 | 1 | 3 | 0 | 0 | 0 | 0 | 1 | 0 | 0 | 0 | 0 | 0 | 0 | 0 | 0 | 0 | 0 | 0 | 0 | 0 | 0 | 0 | 1 | 0 | 2 | 3 | 0 | 0 | 0 | 0 | 1 | 0 | 1 | 0 | 0 | 0 | 0 | 0 | 0 | 0 | 0 | 0 | 0 | 0 |
 167 | Cruz-Pol, Sandra L. | THE PENNSYLVANIA STATE UNIVERSITY | 1998 | female | 1 | 0 | 1998 | 1 | 0 | 1998 | 0 | 0 | 0 | 0 | 0 | 1 | 0 | 0 | 0 | 0 | 0 | 0 | 0 | 0 | 0 | 0 | 0 | 0 | 0 | 0 | 0 | 0 | 0 | 0 | 0 | 0 | 0 | 0 | 0 | 1 | 0 | 0 | 0 | 0 | 0 | 0 | 0 | 0 | 0 | 0 | 0 | 0 | 0 | 0 | 0 | 0 | 0 | 0 |
 174 | Olsen, Knut Anders Grova | UNIVERSITY OF WASHINGTON | 1998 | male | 3 | 8 | 2011 | 4 | 86 | 2017 | 0 | 0 | 0 | 0 | 1 | 2 | 1 | 0 | 1 | 1 | 1 | 1 | 0 | 1 | 1 | 0 | 0 | 0 | 1 | 0 | 0 | 0 | 0 | 0 | 0 | 0 | 0 | 0 | 2 | 2 | 1 | 0 | 1 | 3 | 4 | 2 | 6 | 7 | 7 | 5 | 8 | 9 | 8 | 8 | 2 | 1 | 8 | 5 |
 175 | Parikh, Maulik Kirit | PRINCETON UNIVERSITY | 1998 | male | 2 | 15 | 2015 | 2 | 24 | 2015 | 0 | 0 | 0 | 0 | 0 | 2 | 1 | 1 | 1 | 1 | 1 | 2 | 1 | 1 | 0 | 1 | 0 | 0 | 0 | 1 | 1 | 0 | 3 | 0 | 0 | 0 | 0 | 0 | 0 | 2 | 1 | 1 | 1 | 1 | 1 | 3 | 1 | 1 | 0 | 1 | 1 | 0 | 2 | 2 | 2 | 1 | 5 | 0 |
 176 | Deutsch, Eric William | UNIVERSITY OF WASHINGTON | 1998 | male | 8 | 5 | 2000 | 15 | 12 | 2002 | 1 | 1 | 0 | 2 | 0 | 4 | 4 | 1 | 0 | 0 | 0 | 0 | 0 | 0 | 0 | 0 | 0 | 0 | 0 | 0 | 0 | 0 | 0 | 0 | 3 | 1 | 0 | 2 | 2 | 7 | 5 | 2 | 2 | 3 | 0 | 0 | 0 | 0 | 0 | 0 | 0 | 0 | 0 | 0 | 0 | 0 | 0 | 0 |
 179 | Freeman, Theodore James | UNIVERSITY OF WASHINGTON | 1998 | male | 1 | 1 | 2000 | 1 | 1 | 2000 | 0 | 0 | 0 | 0 | 0 | 1 | 0 | 1 | 0 | 0 | 0 | 0 | 0 | 0 | 0 | 0 | 0 | 0 | 0 | 0 | 0 | 0 | 0 | 0 | 0 | 0 | 0 | 0 | 0 | 1 | 0 | 1 | 0 | 0 | 0 | 0 | 0 | 0 | 0 | 0 | 0 | 0 | 0 | 0 | 0 | 0 | 0 | 0 |
 190 | Owen, Benjamin James | CALIFORNIA INSTITUTE OF TECHNOLOGY | 1998 | male | 4 | 6 | 2010 | 5 | 180 | 2017 | 0 | 0 | 0 | 1 | 0 | 3 | 1 | 0 | 0 | 1 | 0 | 0 | 1 | 1 | 0 | 0 | 1 | 1 | 0 | 0 | 0 | 0 | 0 | 0 | 0 | 0 | 0 | 1 | 0 | 4 | 4 | 1 | 1 | 3 | 0 | 6 | 9 | 7 | 8 | 16 | 18 | 11 | 8 | 18 | 10 | 15 | 7 | 28 |
 200 | Mendenhall, Jeffrey Alan | THE PENNSYLVANIA STATE UNIVERSITY | 1998 | male | 1 | 1 | 2001 | 3 | 1 | 2001 | 0 | 0 | 0 | 0 | 0 | 1 | 0 | 0 | 1 | 0 | 0 | 0 | 0 | 0 | 0 | 0 | 0 | 0 | 0 | 0 | 0 | 0 | 0 | 0 | 1 | 1 | 0 | 0 | 0 | 1 | 0 | 0 | 1 | 0 | 0 | 0 | 0 | 0 | 0 | 0 | 0 | 0 | 0 | 0 | 0 | 0 | 0 | 0 |
 201 | Pickering, Timothy Edward | THE UNIVERSITY OF ARIZONA | 1998 | male | 3 | 1 | 1999 | 4 | 17 | 2017 | 0 | 1 | 0 | 0 | 1 | 1 | 1 | 0 | 0 | 0 | 0 | 0 | 0 | 0 | 0 | 0 | 0 | 0 | 0 | 0 | 0 | 0 | 0 | 0 | 0 | 1 | 0 | 0 | 2 | 1 | 1 | 0 | 1 | 0 | 0 | 0 | 0 | 0 | 1 | 0 | 1 | 1 | 0 | 1 | 7 | 2 | 1 | 0 |
 203 | Chiu, Weihsueh Albert | PRINCETON UNIVERSITY | 1998 | None | 2 | 3 | 2003 | 2 | 3 | 2003 | 0 | 0 | 0 | 0 | 0 | 2 | 0 | 1 | 1 | 0 | 1 | 0 | 0 | 0 | 0 | 0 | 0 | 0 | 0 | 0 | 0 | 0 | 0 | 0 | 0 | 0 | 0 | 0 | 0 | 2 | 0 | 1 | 1 | 0 | 1 | 0 | 0 | 0 | 0 | 0 | 0 | 0 | 0 | 0 | 0 | 0 | 0 | 0 |
 206 | Holz, Daniel Erwin | THE UNIVERSITY OF CHICAGO | 1998 | male | 4 | 8 | 2012 | 5 | 109 | 2017 | 0 | 0 | 0 | 1 | 0 | 3 | 2 | 0 | 2 | 1 | 0 | 0 | 2 | 0 | 0 | 0 | 0 | 0 | 0 | 1 | 0 | 0 | 0 | 0 | 0 | 1 | 0 | 1 | 0 | 3 | 4 | 1 | 4 | 4 | 2 | 3 | 2 | 4 | 6 | 5 | 3 | 5 | 2 | 5 | 7 | 2 | 3 | 34 |
 207 | Linton, Mark George | UNIVERSITY OF CALIFORNIA, BERKELEY | 1998 | male | 3 | 11 | 2009 | 5 | 40 | 2017 | 0 | 0 | 0 | 1 | 0 | 2 | 1 | 0 | 2 | 1 | 1 | 0 | 1 | 3 | 0 | 0 | 2 | 0 | 0 | 0 | 0 | 0 | 0 | 0 | 0 | 0 | 1 | 1 | 0 | 3 | 3 | 2 | 2 | 1 | 2 | 0 | 1 | 3 | 0 | 0 | 3 | 3 | 2 | 1 | 4 | 5 | 0 | 4 |
 214 | Bernstein, Rebecca Ann | CALIFORNIA INSTITUTE OF TECHNOLOGY | 1998 | female | 1 | 5 | 2007 | 2 | 68 | 2017 | 0 | 0 | 0 | 0 | 0 | 1 | 0 | 0 | 0 | 3 | 0 | 0 | 1 | 0 | 1 | 0 | 0 | 0 | 0 | 0 | 0 | 0 | 0 | 0 | 1 | 0 | 0 | 0 | 0 | 1 | 0 | 1 | 0 | 4 | 0 | 2 | 1 | 6 | 5 | 1 | 2 | 2 | 3 | 3 | 5 | 2 | 9 | 14 |
 218 | Lyutikov, Maxim Y. | CALIFORNIA INSTITUTE OF TECHNOLOGY | 1998 | male | 6 | 67 | 2017 | 7 | 105 | 2017 | 0 | 1 | 0 | 0 | 0 | 5 | 5 | 3 | 2 | 2 | 5 | 2 | 3 | 6 | 3 | 2 | 2 | 6 | 6 | 5 | 5 | 1 | 1 | 4 | 0 | 2 | 0 | 0 | 0 | 5 | 5 | 3 | 4 | 3 | 6 | 2 | 3 | 6 | 5 | 4 | 2 | 8 | 12 | 13 | 6 | 4 | 6 | 8 |
 220 | Hughes, Scott Alexander | CALIFORNIA INSTITUTE OF TECHNOLOGY | 1998 | male | 3 | 26 | 2014 | 7 | 73 | 2016 | 0 | 1 | 0 | 0 | 0 | 2 | 0 | 3 | 4 | 3 | 5 | 0 | 4 | 0 | 0 | 2 | 1 | 1 | 0 | 0 | 1 | 2 | 0 | 0 | 0 | 1 | 0 | 0 | 2 | 4 | 2 | 3 | 4 | 7 | 5 | 5 | 7 | 3 | 3 | 4 | 4 | 8 | 3 | 1 | 4 | 7 | 0 | 3 |
 221 | Luhman, Kevin Lee | THE UNIVERSITY OF ARIZONA | 1998 | male | 8 | 54 | 2017 | 10 | 108 | 2017 | 0 | 0 | 0 | 1 | 2 | 5 | 2 | 2 | 1 | 1 | 2 | 6 | 7 | 4 | 5 | 3 | 2 | 4 | 1 | 4 | 1 | 5 | 0 | 2 | 0 | 0 | 0 | 1 | 3 | 6 | 3 | 3 | 2 | 4 | 3 | 8 | 11 | 9 | 8 | 8 | 7 | 8 | 6 | 5 | 5 | 9 | 2 | 5 |
 223 | Shang, Hsien Sienny | UNIVERSITY OF CALIFORNIA, BERKELEY | 1998 | male | 2 | 10 | 2010 | 7 | 57 | 2017 | 0 | 0 | 0 | 0 | 0 | 2 | 0 | 2 | 1 | 1 | 1 | 1 | 0 | 1 | 2 | 0 | 0 | 1 | 0 | 0 | 0 | 0 | 0 | 0 | 0 | 0 | 1 | 2 | 1 | 3 | 0 | 4 | 3 | 1 | 1 | 1 | 3 | 5 | 5 | 3 | 2 | 4 | 3 | 3 | 5 | 6 | 3 | 2 |
 226 | Ashford, Stephen Martin | UNIVERSITY OF CALIFORNIA, BERKELEY | 1998 | male | 2 | 0 | 1998 | 7 | 0 | 1998 | 0 | 0 | 0 | 0 | 0 | 2 | 0 | 0 | 0 | 0 | 0 | 0 | 0 | 0 | 0 | 0 | 0 | 0 | 0 | 0 | 0 | 0 | 0 | 0 | 0 | 0 | 1 | 3 | 1 | 2 | 0 | 0 | 0 | 0 | 0 | 0 | 0 | 0 | 0 | 0 | 0 | 0 | 0 | 0 | 0 | 0 | 0 | 0 |
 229 | Wang, Zhe-Hui | PRINCETON UNIVERSITY | 1998 | male | 3 | 16 | 2016 | 11 | 94 | 2016 | 0 | 0 | 1 | 1 | 0 | 1 | 0 | 2 | 0 | 0 | 0 | 1 | 1 | 1 | 0 | 1 | 0 | 1 | 0 | 2 | 0 | 2 | 4 | 1 | 2 | 2 | 2 | 3 | 0 | 2 | 0 | 17 | 3 | 1 | 2 | 7 | 5 | 4 | 3 | 8 | 2 | 6 | 3 | 12 | 6 | 3 | 6 | 6 |
 236 | Hoppa, Gregory Vincent | THE UNIVERSITY OF ARIZONA | 1998 | male | 1 | 6 | 2001 | 4 | 24 | 2009 | 0 | 0 | 0 | 0 | 0 | 1 | 3 | 1 | 2 | 0 | 0 | 0 | 0 | 0 | 0 | 0 | 0 | 0 | 0 | 0 | 0 | 0 | 0 | 0 | 0 | 0 | 0 | 0 | 0 | 4 | 6 | 7 | 2 | 3 | 2 | 1 | 1 | 0 | 1 | 0 | 1 | 0 | 0 | 0 | 0 | 0 | 0 | 0 |
 238 | Lipman, Everett Arthur | UNIVERSITY OF CALIFORNIA, BERKELEY | 1998 | male | 1 | 1 | 2000 | 4 | 3 | 2000 | 0 | 0 | 0 | 0 | 0 | 1 | 0 | 1 | 0 | 0 | 0 | 0 | 0 | 0 | 0 | 0 | 0 | 0 | 0 | 0 | 0 | 0 | 0 | 0 | 0 | 0 | 0 | 0 | 3 | 1 | 0 | 3 | 0 | 0 | 0 | 0 | 0 | 0 | 0 | 0 | 0 | 0 | 0 | 0 | 0 | 0 | 0 | 0 |
 241 | Warren, John Kennedy | UNIVERSITY OF CALIFORNIA, BERKELEY | 1998 | male | 4 | 2 | 2010 | 9 | 9 | 2012 | 1 | 0 | 2 | 0 | 0 | 1 | 0 | 1 | 0 | 0 | 0 | 0 | 0 | 0 | 0 | 0 | 0 | 1 | 0 | 0 | 0 | 0 | 0 | 0 | 3 | 0 | 5 | 0 | 0 | 1 | 1 | 2 | 2 | 1 | 0 | 0 | 0 | 0 | 0 | 0 | 0 | 1 | 1 | 1 | 0 | 0 | 0 | 0 |
 246 | Lee, Wo-Lung | THE UNIVERSITY OF ARIZONA | 1998 | male | 1 | 2 | 2007 | 31 | 11 | 2016 | 0 | 0 | 0 | 0 | 0 | 1 | 0 | 0 | 1 | 0 | 0 | 0 | 0 | 0 | 1 | 0 | 0 | 0 | 0 | 0 | 0 | 0 | 0 | 0 | 6 | 1 | 7 | 0 | 16 | 1 | 2 | 2 | 3 | 1 | 0 | 0 | 1 | 0 | 1 | 0 | 0 | 0 | 0 | 0 | 0 | 0 | 0 | 1 |
 253 | Delabrouille, Jacques H. | THE UNIVERSITY OF CHICAGO | 1998 | male | 3 | 10 | 2013 | 4 | 192 | 2017 | 0 | 0 | 0 | 0 | 0 | 3 | 0 | 1 | 1 | 1 | 2 | 2 | 0 | 0 | 0 | 0 | 2 | 0 | 0 | 0 | 1 | 0 | 0 | 0 | 0 | 0 | 0 | 0 | 0 | 4 | 2 | 6 | 1 | 2 | 5 | 3 | 6 | 1 | 2 | 4 | 3 | 4 | 29 | 3 | 18 | 37 | 15 | 49 |
 254 | Kepner, Jeremy Victor | PRINCETON UNIVERSITY | 1998 | male | 4 | 3 | 1999 | 5 | 5 | 2002 | 1 | 0 | 0 | 0 | 2 | 1 | 3 | 0 | 0 | 0 | 0 | 0 | 0 | 0 | 0 | 0 | 0 | 0 | 0 | 0 | 0 | 0 | 0 | 0 | 1 | 0 | 1 | 0 | 2 | 1 | 3 | 1 | 0 | 1 | 0 | 0 | 0 | 0 | 0 | 0 | 0 | 0 | 0 | 0 | 0 | 0 | 0 | 0 |
 257 | Cawley, Laura Joan | THE PENNSYLVANIA STATE UNIVERSITY | 1998 | female | 1 | 0 | 1998 | 1 | 0 | 1998 | 0 | 0 | 0 | 0 | 0 | 1 | 0 | 0 | 0 | 0 | 0 | 0 | 0 | 0 | 0 | 0 | 0 | 0 | 0 | 0 | 0 | 0 | 0 | 0 | 0 | 0 | 0 | 0 | 0 | 1 | 0 | 0 | 0 | 0 | 0 | 0 | 0 | 0 | 0 | 0 | 0 | 0 | 0 | 0 | 0 | 0 | 0 | 0 |
 258 | Nayakshin, Sergei Victor | THE UNIVERSITY OF ARIZONA | 1998 | male | 4 | 49 | 2017 | 5 | 91 | 2017 | 0 | 0 | 0 | 0 | 2 | 2 | 0 | 4 | 5 | 1 | 1 | 2 | 4 | 2 | 4 | 0 | 2 | 3 | 4 | 5 | 3 | 3 | 4 | 1 | 0 | 0 | 0 | 1 | 2 | 2 | 0 | 4 | 9 | 1 | 3 | 2 | 5 | 6 | 6 | 1 | 5 | 5 | 10 | 10 | 8 | 6 | 6 | 3 |
 259 | Leitch, Erik M. | CALIFORNIA INSTITUTE OF TECHNOLOGY | 1998 | male | 3 | 5 | 2013 | 5 | 138 | 2016 | 0 | 0 | 0 | 0 | 1 | 2 | 0 | 1 | 0 | 2 | 0 | 0 | 1 | 0 | 0 | 0 | 0 | 0 | 0 | 0 | 1 | 0 | 0 | 0 | 0 | 0 | 1 | 0 | 2 | 2 | 1 | 2 | 1 | 5 | 3 | 2 | 1 | 0 | 1 | 3 | 9 | 17 | 13 | 15 | 17 | 14 | 25 | 9 |
 261 | Pahre, Michael Andrew | CALIFORNIA INSTITUTE OF TECHNOLOGY | 1998 | male | 8 | 5 | 2004 | 19 | 37 | 2012 | 0 | 1 | 2 | 1 | 0 | 4 | 2 | 0 | 1 | 0 | 0 | 2 | 0 | 0 | 0 | 0 | 0 | 0 | 0 | 0 | 0 | 0 | 0 | 0 | 0 | 1 | 4 | 3 | 5 | 6 | 6 | 2 | 3 | 0 | 1 | 9 | 1 | 7 | 3 | 3 | 1 | 0 | 0 | 1 | 0 | 0 | 0 | 0 |
 262 | Cyr, Kimberly Ellen | THE UNIVERSITY OF ARIZONA | 1998 | female | 3 | 1 | 1999 | 3 | 2 | 2000 | 1 | 0 | 0 | 0 | 0 | 2 | 1 | 0 | 0 | 0 | 0 | 0 | 0 | 0 | 0 | 0 | 0 | 0 | 0 | 0 | 0 | 0 | 0 | 0 | 1 | 0 | 0 | 0 | 0 | 2 | 1 | 1 | 0 | 0 | 0 | 0 | 0 | 0 | 0 | 0 | 0 | 0 | 0 | 0 | 0 | 0 | 0 | 0 |
 267 | Mills, Franklin Perry | CALIFORNIA INSTITUTE OF TECHNOLOGY | 1998 | male | 2 | 5 | 2007 | 4 | 20 | 2017 | 0 | 1 | 0 | 0 | 0 | 1 | 2 | 1 | 0 | 1 | 0 | 0 | 0 | 0 | 1 | 0 | 0 | 0 | 0 | 0 | 0 | 0 | 0 | 0 | 1 | 1 | 0 | 1 | 0 | 1 | 2 | 1 | 0 | 1 | 0 | 1 | 1 | 0 | 1 | 1 | 4 | 2 | 0 | 2 | 0 | 0 | 2 | 0 |
 268 | Hunsberger, Sally D. | THE PENNSYLVANIA STATE UNIVERSITY | 1998 | female | 3 | 0 | 1998 | 3 | 21 | 2011 | 0 | 0 | 0 | 1 | 0 | 2 | 0 | 0 | 0 | 0 | 0 | 0 | 0 | 0 | 0 | 0 | 0 | 0 | 0 | 0 | 0 | 0 | 0 | 0 | 0 | 0 | 0 | 1 | 0 | 2 | 0 | 1 | 1 | 1 | 1 | 1 | 4 | 4 | 4 | 1 | 2 | 0 | 1 | 0 | 0 | 0 | 0 | 0 |
 271 | Tsitas, Steven Ronald | CALIFORNIA INSTITUTE OF TECHNOLOGY | 1998 | male | 2 | 0 | 1998 | 2 | 0 | 1998 | 0 | 0 | 0 | 1 | 0 | 1 | 0 | 0 | 0 | 0 | 0 | 0 | 0 | 0 | 0 | 0 | 0 | 0 | 0 | 0 | 0 | 0 | 0 | 0 | 0 | 0 | 0 | 1 | 0 | 1 | 0 | 0 | 0 | 0 | 0 | 0 | 0 | 0 | 0 | 0 | 0 | 0 | 0 | 0 | 0 | 0 | 0 | 0 |
 272 | Weinberger, Alycia J. | CALIFORNIA INSTITUTE OF TECHNOLOGY | 1998 | female | 1 | 13 | 2016 | 9 | 82 | 2017 | 0 | 0 | 0 | 0 | 0 | 1 | 2 | 1 | 0 | 1 | 1 | 1 | 1 | 0 | 0 | 1 | 0 | 0 | 1 | 0 | 2 | 0 | 1 | 1 | 0 | 1 | 3 | 1 | 2 | 2 | 4 | 3 | 2 | 4 | 3 | 2 | 6 | 3 | 2 | 7 | 3 | 2 | 3 | 5 | 5 | 7 | 10 | 9 |
 275 | Williams, Daniel Leroy | CALIFORNIA INSTITUTE OF TECHNOLOGY | 1998 | male | 3 | 2 | 2013 | 4 | 36 | 2017 | 0 | 0 | 1 | 0 | 0 | 2 | 0 | 0 | 0 | 1 | 0 | 0 | 0 | 0 | 0 | 0 | 0 | 0 | 0 | 0 | 1 | 0 | 0 | 0 | 0 | 0 | 1 | 0 | 1 | 2 | 0 | 0 | 0 | 1 | 0 | 2 | 3 | 15 | 1 | 1 | 1 | 1 | 0 | 1 | 1 | 1 | 0 | 2 |
 277 | Wachter, Stefanie | UNIVERSITY OF WASHINGTON | 1998 | female | 6 | 9 | 2011 | 12 | 75 | 2017 | 0 | 0 | 0 | 1 | 2 | 3 | 0 | 1 | 0 | 1 | 1 | 1 | 1 | 0 | 1 | 1 | 0 | 1 | 1 | 0 | 0 | 0 | 0 | 0 | 0 | 1 | 1 | 3 | 3 | 4 | 2 | 1 | 2 | 5 | 3 | 10 | 3 | 5 | 9 | 3 | 4 | 11 | 7 | 5 | 1 | 3 | 0 | 0 |
 278 | Yang, Tom | UNIVERSITY OF CALIFORNIA, SANTA CRUZ | 1998 | male | 5 | 7 | 2016 | 37 | 33 | 2016 | 1 | 0 | 0 | 2 | 0 | 2 | 1 | 1 | 0 | 1 | 0 | 0 | 1 | 0 | 0 | 1 | 0 | 0 | 0 | 0 | 0 | 0 | 1 | 1 | 12 | 5 | 10 | 3 | 4 | 3 | 3 | 3 | 1 | 1 | 3 | 0 | 1 | 1 | 2 | 2 | 5 | 1 | 2 | 3 | 0 | 3 | 1 | 1 |
 282 | Dave, Romeel S. | UNIVERSITY OF CALIFORNIA, SANTA CRUZ | 1998 | male | 2 | 0 | 1998 | 3 | 14 | 2010 | 0 | 0 | 0 | 0 | 1 | 1 | 0 | 0 | 0 | 0 | 0 | 0 | 0 | 0 | 0 | 0 | 0 | 0 | 0 | 0 | 0 | 0 | 0 | 0 | 0 | 0 | 0 | 0 | 1 | 2 | 1 | 0 | 0 | 0 | 2 | 0 | 0 | 2 | 0 | 2 | 4 | 3 | 0 | 0 | 0 | 0 | 0 | 0 |
 284 | Fischer, Debra Ann | UNIVERSITY OF CALIFORNIA, SANTA CRUZ | 1998 | female | 3 | 20 | 2016 | 10 | 265 | 2017 | 0 | 0 | 0 | 1 | 1 | 1 | 1 | 0 | 1 | 2 | 2 | 0 | 2 | 1 | 1 | 2 | 1 | 0 | 0 | 3 | 1 | 2 | 0 | 1 | 0 | 0 | 0 | 3 | 3 | 4 | 5 | 6 | 4 | 9 | 7 | 3 | 13 | 15 | 16 | 14 | 15 | 22 | 24 | 22 | 24 | 17 | 22 | 21 |
 286 | Hammergren, Mark | UNIVERSITY OF WASHINGTON | 1998 | male | 1 | 0 | 1998 | 5 | 3 | 2012 | 0 | 0 | 0 | 0 | 0 | 1 | 0 | 0 | 0 | 0 | 0 | 0 | 0 | 0 | 0 | 0 | 0 | 0 | 0 | 0 | 0 | 0 | 0 | 0 | 0 | 0 | 1 | 0 | 3 | 1 | 0 | 0 | 1 | 0 | 0 | 0 | 0 | 0 | 0 | 0 | 0 | 1 | 0 | 1 | 0 | 0 | 0 | 0 |
 289 | Majmudar, Deepa Paresh | COLUMBIA UNIVERSITY | 1998 | female | 1 | 0 | 1998 | 1 | 0 | 1998 | 0 | 0 | 0 | 0 | 0 | 1 | 0 | 0 | 0 | 0 | 0 | 0 | 0 | 0 | 0 | 0 | 0 | 0 | 0 | 0 | 0 | 0 | 0 | 0 | 0 | 0 | 0 | 0 | 0 | 1 | 0 | 0 | 0 | 0 | 0 | 0 | 0 | 0 | 0 | 0 | 0 | 0 | 0 | 0 | 0 | 0 | 0 | 0 |
 290 | Ge, Jian | THE UNIVERSITY OF ARIZONA | 1998 | male | 4 | 10 | 2016 | 9 | 123 | 2017 | 0 | 0 | 0 | 0 | 3 | 1 | 0 | 0 | 1 | 3 | 1 | 0 | 0 | 1 | 0 | 0 | 0 | 0 | 1 | 0 | 0 | 1 | 0 | 2 | 1 | 1 | 2 | 1 | 3 | 1 | 0 | 0 | 2 | 5 | 2 | 9 | 2 | 3 | 2 | 4 | 4 | 9 | 9 | 10 | 15 | 11 | 15 | 14 |
 293 | Ogle, Patrick Michael | CALIFORNIA INSTITUTE OF TECHNOLOGY | 1998 | male | 2 | 13 | 2016 | 7 | 69 | 2017 | 0 | 0 | 0 | 0 | 1 | 1 | 1 | 1 | 0 | 0 | 1 | 1 | 1 | 2 | 1 | 0 | 0 | 1 | 1 | 1 | 0 | 1 | 0 | 1 | 0 | 0 | 2 | 1 | 2 | 2 | 2 | 2 | 2 | 0 | 2 | 3 | 2 | 3 | 5 | 3 | 5 | 8 | 1 | 6 | 7 | 6 | 7 | 3 |
 294 | Vasavada, Ashwin R. | CALIFORNIA INSTITUTE OF TECHNOLOGY | 1998 | male | 3 | 9 | 2017 | 8 | 86 | 2017 | 1 | 0 | 0 | 0 | 0 | 2 | 2 | 1 | 0 | 0 | 0 | 0 | 1 | 1 | 0 | 0 | 0 | 0 | 0 | 2 | 0 | 1 | 0 | 0 | 1 | 0 | 0 | 1 | 0 | 6 | 6 | 4 | 0 | 1 | 1 | 2 | 5 | 6 | 1 | 2 | 1 | 6 | 4 | 6 | 10 | 14 | 4 | 6 |
 296 | Yen, Albert Shih-Yueh | CALIFORNIA INSTITUTE OF TECHNOLOGY | 1998 | male | 1 | 0 | 1998 | 1 | 49 | 2015 | 0 | 0 | 0 | 0 | 0 | 1 | 0 | 0 | 0 | 0 | 0 | 0 | 0 | 0 | 0 | 0 | 0 | 0 | 0 | 0 | 0 | 0 | 0 | 0 | 0 | 0 | 0 | 0 | 0 | 1 | 1 | 0 | 0 | 0 | 1 | 8 | 6 | 9 | 3 | 6 | 1 | 0 | 0 | 1 | 7 | 5 | 1 | 0 |
 297 | Zapata Ramirez, Jose Antonio | THE PENNSYLVANIA STATE UNIVERSITY | 1998 | male | 1 | 0 | 1998 | 1 | 0 | 1998 | 0 | 0 | 0 | 0 | 0 | 1 | 0 | 0 | 0 | 0 | 0 | 0 | 0 | 0 | 0 | 0 | 0 | 0 | 0 | 0 | 0 | 0 | 0 | 0 | 0 | 0 | 0 | 0 | 0 | 1 | 0 | 0 | 0 | 0 | 0 | 0 | 0 | 0 | 0 | 0 | 0 | 0 | 0 | 0 | 0 | 0 | 0 | 0 |
 299 | Barth, Aaron Jordan | UNIVERSITY OF CALIFORNIA, BERKELEY | 1998 | male | 6 | 27 | 2016 | 20 | 117 | 2017 | 0 | 0 | 1 | 2 | 1 | 2 | 3 | 1 | 2 | 2 | 3 | 2 | 1 | 0 | 2 | 2 | 1 | 0 | 2 | 0 | 1 | 1 | 1 | 3 | 0 | 1 | 4 | 7 | 4 | 4 | 6 | 5 | 4 | 6 | 6 | 4 | 2 | 5 | 5 | 11 | 6 | 6 | 8 | 6 | 6 | 6 | 9 | 7 |
 301 | Dawson, Douglas Duane | THE UNIVERSITY OF ARIZONA | 1998 | male | 1 | 0 | 1998 | 3 | 8 | 2009 | 0 | 0 | 0 | 0 | 0 | 1 | 0 | 0 | 0 | 0 | 0 | 0 | 0 | 0 | 0 | 0 | 0 | 0 | 0 | 0 | 0 | 0 | 0 | 0 | 0 | 1 | 1 | 0 | 0 | 1 | 0 | 0 | 0 | 0 | 1 | 2 | 4 | 0 | 0 | 0 | 1 | 0 | 0 | 0 | 0 | 0 | 0 | 0 |
 303 | George, Jeffrey Spencer | UNIVERSITY OF WASHINGTON | 1998 | male | 1 | 4 | 2009 | 7 | 72 | 2017 | 0 | 0 | 0 | 0 | 0 | 1 | 1 | 0 | 2 | 0 | 0 | 0 | 0 | 0 | 0 | 0 | 1 | 0 | 0 | 0 | 0 | 0 | 0 | 0 | 1 | 0 | 0 | 0 | 1 | 5 | 5 | 1 | 14 | 0 | 5 | 0 | 3 | 2 | 0 | 1 | 1 | 1 | 0 | 0 | 2 | 0 | 0 | 27 |
 305 | Nelson, Andrew Frederick | THE UNIVERSITY OF ARIZONA | 1998 | male | 3 | 8 | 2016 | 3 | 22 | 2016 | 0 | 0 | 0 | 0 | 0 | 3 | 0 | 2 | 0 | 0 | 2 | 0 | 0 | 1 | 0 | 0 | 1 | 0 | 0 | 0 | 1 | 0 | 0 | 1 | 0 | 0 | 0 | 0 | 0 | 3 | 1 | 2 | 0 | 0 | 2 | 0 | 0 | 1 | 1 | 2 | 4 | 0 | 0 | 0 | 2 | 2 | 3 | 2 |
 309 | Sallmen, Shauna Michele | UNIVERSITY OF CALIFORNIA, BERKELEY | 1998 | female | 1 | 4 | 2015 | 2 | 16 | 2015 | 0 | 0 | 0 | 0 | 0 | 1 | 1 | 0 | 0 | 0 | 0 | 1 | 0 | 0 | 0 | 1 | 0 | 0 | 0 | 0 | 0 | 0 | 1 | 0 | 1 | 0 | 0 | 0 | 0 | 1 | 2 | 0 | 3 | 2 | 2 | 2 | 1 | 0 | 1 | 1 | 0 | 0 | 0 | 0 | 0 | 0 | 2 | 0 |
 310 | Tufts, Bruce Randall | THE UNIVERSITY OF ARIZONA | 1998 | male | 1 | 2 | 2000 | 4 | 17 | 2003 | 0 | 0 | 0 | 0 | 0 | 1 | 1 | 1 | 0 | 0 | 0 | 0 | 0 | 0 | 0 | 0 | 0 | 0 | 0 | 0 | 0 | 0 | 0 | 0 | 0 | 0 | 0 | 0 | 0 | 4 | 6 | 6 | 1 | 3 | 1 | 0 | 0 | 0 | 0 | 0 | 0 | 0 | 0 | 0 | 0 | 0 | 0 | 0 |
 314 | Magee, Eric Parker | THE PENNSYLVANIA STATE UNIVERSITY | 1998 | male | 1 | 0 | 1998 | 1 | 0 | 1998 | 0 | 0 | 0 | 0 | 0 | 1 | 0 | 0 | 0 | 0 | 0 | 0 | 0 | 0 | 0 | 0 | 0 | 0 | 0 | 0 | 0 | 0 | 0 | 0 | 0 | 0 | 0 | 0 | 0 | 1 | 0 | 0 | 0 | 0 | 0 | 0 | 0 | 0 | 0 | 0 | 0 | 0 | 0 | 0 | 0 | 0 | 0 | 0 |
 318 | Wrean, Patricia Rose | CALIFORNIA INSTITUTE OF TECHNOLOGY | 1998 | female | 2 | 1 | 2000 | 4 | 2 | 2000 | 0 | 1 | 0 | 0 | 0 | 1 | 0 | 1 | 0 | 0 | 0 | 0 | 0 | 0 | 0 | 0 | 0 | 0 | 0 | 0 | 0 | 0 | 0 | 0 | 0 | 2 | 0 | 0 | 1 | 1 | 1 | 1 | 0 | 0 | 0 | 0 | 0 | 0 | 0 | 0 | 0 | 0 | 0 | 0 | 0 | 0 | 0 | 0 |
 325 | Chung, Daniel Jun Hun | THE UNIVERSITY OF CHICAGO | 1998 | male | 4 | 29 | 2017 | 4 | 38 | 2017 | 0 | 0 | 0 | 0 | 1 | 3 | 2 | 3 | 2 | 0 | 2 | 0 | 1 | 2 | 2 | 0 | 2 | 3 | 2 | 1 | 3 | 0 | 2 | 1 | 0 | 0 | 0 | 0 | 1 | 3 | 3 | 3 | 3 | 0 | 2 | 0 | 1 | 4 | 4 | 1 | 2 | 3 | 2 | 3 | 3 | 0 | 2 | 1 |
