n | name | university | phd_year | gender | fa_n_pubs_pre_phd | fa_n_pubs_prost_phd | fa_year_last | all_n_pubs_pre_phd | all_n_pubs_prost_phd | all_year_last |  fa_1981 | fa_1982 | fa_1983 | fa_1984 | fa_1985 | fa_1986 | fa_1987 | fa_1988 | fa_1989 | fa_1990 | fa_1991 | fa_1992 | fa_1993 | fa_1994 | fa_1995 | fa_1996 | fa_1997 | fa_1998 | fa_1999 | fa_2000 | fa_2001 | fa_2002 | fa_2003 | fa_2004 | fa_2005 | fa_2006 | fa_2007 | fa_2008 | fa_2009 | fa_2010 | fa_2011 | fa_2012 | fa_2013 | fa_2014 | fa_2015 | fa_2016 |  all_1981 | all_1982 | all_1983 | all_1984 | all_1985 | all_1986 | all_1987 | all_1988 | all_1989 | all_1990 | all_1991 | all_1992 | all_1993 | all_1994 | all_1995 | all_1996 | all_1997 | all_1998 | all_1999 | all_2000 | all_2001 | all_2002 | all_2003 | all_2004 | all_2005 | all_2006 | all_2007 | all_2008 | all_2009 | all_2010 | all_2011 | all_2012 | all_2013 | all_2014 | all_2015 | all_2016 | foo
1 | Hemeon-Heyer, Mark C. | UNIVERSITY OF MASSACHUSETTS. | 1986 | male | 1 | 0 | 1986 | 2 | 0 | 1986 | 0 | 0 | 0 | 0 | 0 | 1 | 0 | 0 | 0 | 0 | 0 | 0 | 0 | 0 | 0 | 0 | 0 | 0 | 0 | 0 | 0 | 0 | 0 | 0 | 0 | 0 | 0 | 0 | 0 | 0 | 0 | 0 | 0 | 0 | 0 | 0 |  0 | 0 | 0 | 1 | 0 | 1 | 0 | 0 | 0 | 0 | 0 | 0 | 0 | 0 | 0 | 0 | 0 | 0 | 0 | 0 | 0 | 0 | 0 | 0 | 0 | 0 | 0 | 0 | 0 | 0 | 0 | 0 | 0 | 0 | 0 | 0 |
2 | Myra, Eric Stephen | UNIVERSITY OF PENNSYLVANIA. | 1986 | male | 1 | 5 | 1995 | 4 | 11 | 2011 | 0 | 0 | 0 | 0 | 0 | 1 | 1 | 1 | 1 | 1 | 0 | 0 | 0 | 0 | 1 | 0 | 0 | 0 | 0 | 0 | 0 | 0 | 0 | 0 | 0 | 0 | 0 | 0 | 0 | 0 | 0 | 0 | 0 | 0 | 0 | 0 |  1 | 1 | 1 | 0 | 0 | 1 | 1 | 2 | 2 | 1 | 0 | 0 | 0 | 1 | 1 | 0 | 0 | 0 | 0 | 0 | 0 | 0 | 0 | 0 | 0 | 0 | 0 | 0 | 1 | 0 | 2 | 0 | 0 | 0 | 0 | 0 |
3 | Shirley, David Noyes | California Univ., Los Angeles. | 1986 | male | 5 | 1 | 1995 | 11 | 4 | 2003 | 0 | 1 | 3 | 0 | 0 | 1 | 0 | 0 | 0 | 0 | 0 | 0 | 0 | 0 | 1 | 0 | 0 | 0 | 0 | 0 | 0 | 0 | 0 | 0 | 0 | 0 | 0 | 0 | 0 | 0 | 0 | 0 | 0 | 0 | 0 | 0 |  0 | 1 | 6 | 0 | 0 | 4 | 2 | 0 | 0 | 0 | 0 | 0 | 0 | 0 | 1 | 0 | 0 | 0 | 0 | 0 | 0 | 0 | 1 | 0 | 0 | 0 | 0 | 0 | 0 | 0 | 0 | 0 | 0 | 0 | 0 | 0 |
4 | Spergel, David Nathaniel | HARVARD UNIVERSITY. | 1986 | male | 3 | 33 | 2015 | 11 | 312 | 2017 | 0 | 0 | 1 | 0 | 1 | 1 | 1 | 5 | 3 | 1 | 2 | 4 | 1 | 1 | 0 | 0 | 4 | 1 | 1 | 2 | 0 | 0 | 1 | 0 | 1 | 0 | 1 | 0 | 0 | 1 | 0 | 0 | 0 | 0 | 3 | 0 |  0 | 1 | 1 | 1 | 3 | 5 | 5 | 9 | 7 | 7 | 9 | 10 | 6 | 8 | 6 | 7 | 11 | 7 | 11 | 8 | 6 | 4 | 22 | 5 | 5 | 3 | 10 | 3 | 20 | 10 | 23 | 15 | 18 | 16 | 20 | 14 |
5 | White, Raymond Edwin, III | UNIVERSITY OF VIRGINIA. | 1986 | male | 7 | 11 | 2000 | 11 | 95 | 2017 | 1 | 1 | 1 | 3 | 0 | 1 | 1 | 2 | 1 | 0 | 0 | 3 | 0 | 0 | 1 | 0 | 2 | 0 | 0 | 1 | 0 | 0 | 0 | 0 | 0 | 0 | 0 | 0 | 0 | 0 | 0 | 0 | 0 | 0 | 0 | 0 |  1 | 2 | 2 | 3 | 0 | 3 | 1 | 2 | 2 | 2 | 1 | 3 | 0 | 1 | 1 | 0 | 3 | 1 | 1 | 1 | 0 | 0 | 0 | 0 | 1 | 1 | 2 | 1 | 1 | 0 | 5 | 15 | 13 | 17 | 11 | 5 |
6 | Wadiak, Edward James | Virginia Univ., Charlottesville. | 1986 | male | 3 | 1 | 1988 | 5 | 5 | 1990 | 0 | 0 | 1 | 0 | 1 | 1 | 0 | 1 | 0 | 0 | 0 | 0 | 0 | 0 | 0 | 0 | 0 | 0 | 0 | 0 | 0 | 0 | 0 | 0 | 0 | 0 | 0 | 0 | 0 | 0 | 0 | 0 | 0 | 0 | 0 | 0 |  0 | 1 | 2 | 0 | 1 | 1 | 0 | 4 | 0 | 1 | 0 | 0 | 0 | 0 | 0 | 0 | 0 | 0 | 0 | 0 | 0 | 0 | 0 | 0 | 0 | 0 | 0 | 0 | 0 | 0 | 0 | 0 | 0 | 0 | 0 | 0 |
7 | Arif, Muhammad | UNIVERSITY OF MISSOURI - COLUMBIA. | 1986 | male | 1 | 0 | 1986 | 1 | 1 | 2016 | 0 | 0 | 0 | 0 | 0 | 1 | 0 | 0 | 0 | 0 | 0 | 0 | 0 | 0 | 0 | 0 | 0 | 0 | 0 | 0 | 0 | 0 | 0 | 0 | 0 | 0 | 0 | 0 | 0 | 0 | 0 | 0 | 0 | 0 | 0 | 0 |  0 | 0 | 0 | 0 | 0 | 1 | 0 | 0 | 0 | 0 | 0 | 0 | 0 | 0 | 0 | 0 | 0 | 0 | 0 | 0 | 0 | 0 | 0 | 0 | 0 | 0 | 0 | 0 | 0 | 0 | 0 | 0 | 0 | 0 | 0 | 1 |
8 | Preitschopf, Christian Richard | Stanford Linear Accelerator Center, CA. | 1986 | male | 1 | 0 | 1986 | 1 | 1 | 1997 | 0 | 0 | 0 | 0 | 0 | 1 | 0 | 0 | 0 | 0 | 0 | 0 | 0 | 0 | 0 | 0 | 0 | 0 | 0 | 0 | 0 | 0 | 0 | 0 | 0 | 0 | 0 | 0 | 0 | 0 | 0 | 0 | 0 | 0 | 0 | 0 |  0 | 0 | 0 | 0 | 0 | 1 | 0 | 0 | 0 | 0 | 0 | 0 | 0 | 0 | 0 | 0 | 1 | 0 | 0 | 0 | 0 | 0 | 0 | 0 | 0 | 0 | 0 | 0 | 0 | 0 | 0 | 0 | 0 | 0 | 0 | 0 |
9 | Rich, Robert Michael | CALIFORNIA INSTITUTE OF TECHNOLOGY. | 1986 | male | 3 | 34 | 2013 | 7 | 391 | 2017 | 0 | 0 | 0 | 2 | 0 | 1 | 1 | 1 | 1 | 1 | 1 | 0 | 2 | 0 | 1 | 1 | 2 | 1 | 1 | 1 | 1 | 1 | 0 | 4 | 4 | 1 | 2 | 1 | 1 | 0 | 1 | 2 | 2 | 0 | 0 | 0 |  0 | 0 | 1 | 5 | 0 | 1 | 2 | 1 | 1 | 4 | 3 | 2 | 2 | 3 | 6 | 12 | 6 | 7 | 6 | 6 | 10 | 11 | 13 | 21 | 50 | 25 | 55 | 20 | 22 | 12 | 18 | 19 | 11 | 17 | 12 | 11 |
10 | Sowell, James Robert | THE UNIVERSITY OF MICHIGAN. | 1986 | male | 3 | 10 | 2012 | 3 | 30 | 2016 | 0 | 0 | 1 | 0 | 0 | 2 | 3 | 0 | 1 | 1 | 0 | 0 | 1 | 0 | 0 | 0 | 0 | 0 | 0 | 0 | 2 | 0 | 0 | 0 | 0 | 0 | 1 | 0 | 0 | 0 | 0 | 1 | 0 | 0 | 0 | 0 |  0 | 0 | 1 | 0 | 0 | 2 | 4 | 2 | 2 | 2 | 0 | 1 | 2 | 0 | 0 | 0 | 1 | 0 | 0 | 0 | 2 | 0 | 0 | 1 | 1 | 1 | 2 | 0 | 1 | 1 | 0 | 2 | 2 | 1 | 1 | 1 |
11 | Takalo, Leo Olavi | THE PENNSYLVANIA STATE UNIVERSITY. | 1986 | male | 3 | 19 | 2010 | 7 | 298 | 2017 | 0 | 1 | 0 | 0 | 1 | 1 | 0 | 2 | 1 | 2 | 1 | 3 | 2 | 3 | 0 | 1 | 0 | 1 | 1 | 1 | 0 | 0 | 0 | 0 | 0 | 0 | 0 | 0 | 0 | 1 | 0 | 0 | 0 | 0 | 0 | 0 |  0 | 1 | 0 | 1 | 2 | 3 | 0 | 2 | 1 | 3 | 4 | 7 | 5 | 7 | 2 | 8 | 4 | 8 | 15 | 5 | 7 | 4 | 3 | 4 | 5 | 13 | 20 | 21 | 24 | 18 | 24 | 19 | 8 | 16 | 13 | 23 |
12 | Segelstein, David J. | PRINCETON UNIVERSITY. | 1986 | male | 2 | 0 | 1986 | 3 | 0 | 1986 | 0 | 0 | 0 | 0 | 0 | 2 | 0 | 0 | 0 | 0 | 0 | 0 | 0 | 0 | 0 | 0 | 0 | 0 | 0 | 0 | 0 | 0 | 0 | 0 | 0 | 0 | 0 | 0 | 0 | 0 | 0 | 0 | 0 | 0 | 0 | 0 |  0 | 0 | 0 | 0 | 0 | 3 | 0 | 0 | 0 | 0 | 0 | 0 | 0 | 0 | 0 | 0 | 0 | 0 | 0 | 0 | 0 | 0 | 0 | 0 | 0 | 0 | 0 | 0 | 0 | 0 | 0 | 0 | 0 | 0 | 0 | 0 |
13 | Durham, Richard | Rice Univ., Houston, TX. | 1986 | male | 3 | 2 | 1989 | 3 | 2 | 1989 | 1 | 0 | 0 | 0 | 0 | 2 | 0 | 0 | 2 | 0 | 0 | 0 | 0 | 0 | 0 | 0 | 0 | 0 | 0 | 0 | 0 | 0 | 0 | 0 | 0 | 0 | 0 | 0 | 0 | 0 | 0 | 0 | 0 | 0 | 0 | 0 |  1 | 0 | 0 | 0 | 0 | 2 | 0 | 0 | 2 | 0 | 0 | 0 | 0 | 0 | 0 | 0 | 0 | 0 | 0 | 0 | 0 | 0 | 0 | 0 | 0 | 0 | 0 | 0 | 0 | 0 | 0 | 0 | 0 | 0 | 0 | 0 |
14 | McMahan, Robert Kenneth, Jr. | DARTMOUTH COLLEGE. | 1986 | male | 1 | 1 | 1989 | 4 | 15 | 2004 | 0 | 0 | 0 | 0 | 0 | 1 | 0 | 0 | 1 | 0 | 0 | 0 | 0 | 0 | 0 | 0 | 0 | 0 | 0 | 0 | 0 | 0 | 0 | 0 | 0 | 0 | 0 | 0 | 0 | 0 | 0 | 0 | 0 | 0 | 0 | 0 |  0 | 0 | 0 | 0 | 2 | 2 | 2 | 1 | 4 | 0 | 0 | 0 | 2 | 0 | 0 | 1 | 0 | 0 | 2 | 0 | 2 | 0 | 0 | 1 | 0 | 0 | 0 | 0 | 0 | 0 | 0 | 0 | 0 | 0 | 0 | 0 |
15 | Martin, Donn Christopher | UNIVERSITY OF CALIFORNIA, BERKELEY. | 1986 | male | 1 | 11 | 2016 | 1 | 149 | 2017 | 0 | 0 | 0 | 0 | 0 | 1 | 0 | 0 | 0 | 0 | 0 | 0 | 0 | 0 | 0 | 0 | 0 | 0 | 0 | 0 | 0 | 0 | 0 | 0 | 2 | 0 | 3 | 0 | 0 | 0 | 0 | 0 | 0 | 2 | 2 | 2 |  0 | 0 | 0 | 0 | 0 | 1 | 0 | 0 | 0 | 0 | 0 | 0 | 0 | 0 | 0 | 0 | 0 | 0 | 0 | 1 | 0 | 4 | 1 | 2 | 38 | 7 | 36 | 4 | 9 | 7 | 11 | 7 | 6 | 6 | 5 | 4 |
16 | Williams, Mark Andrew | THE UNIVERSITY OF ARIZONA. | 1986 | male | 5 | 3 | 2013 | 7 | 46 | 2015 | 0 | 1 | 3 | 0 | 0 | 1 | 0 | 0 | 0 | 0 | 0 | 0 | 0 | 0 | 0 | 1 | 0 | 0 | 0 | 0 | 0 | 0 | 0 | 0 | 0 | 0 | 0 | 0 | 0 | 0 | 1 | 0 | 1 | 0 | 0 | 0 |  0 | 1 | 4 | 0 | 0 | 2 | 0 | 0 | 0 | 0 | 0 | 0 | 0 | 0 | 0 | 1 | 0 | 0 | 0 | 0 | 0 | 0 | 0 | 0 | 0 | 2 | 2 | 7 | 3 | 5 | 8 | 2 | 5 | 9 | 2 | 0 |
17 | Binzel, Richard Peter | THE UNIVERSITY OF TEXAS AT AUSTIN. | 1986 | male | 11 | 72 | 2017 | 20 | 1564 | 2017 | 0 | 0 | 3 | 4 | 2 | 2 | 5 | 2 | 1 | 2 | 2 | 7 | 7 | 1 | 5 | 4 | 4 | 0 | 0 | 1 | 6 | 2 | 4 | 4 | 2 | 2 | 1 | 0 | 1 | 1 | 1 | 1 | 1 | 0 | 2 | 0 |  0 | 1 | 5 | 7 | 5 | 2 | 8 | 2 | 2 | 4 | 3 | 8 | 12 | 5 | 11 | 8 | 9 | 0 | 2 | 3 | 10 | 9 | 8 | 1350 | 7 | 7 | 5 | 6 | 8 | 7 | 7 | 8 | 5 | 6 | 14 | 14 |
18 | McComas, David John | UNIVERSITY OF CALIFORNIA, LOS ANGELES. | 1986 | male | 3 | 80 | 2017 | 18 | 497 | 2017 | 0 | 0 | 0 | 0 | 0 | 3 | 2 | 1 | 2 | 0 | 2 | 3 | 1 | 3 | 3 | 1 | 0 | 8 | 1 | 2 | 1 | 3 | 1 | 1 | 0 | 2 | 3 | 3 | 5 | 11 | 3 | 5 | 4 | 3 | 2 | 2 |  0 | 0 | 2 | 6 | 0 | 10 | 3 | 2 | 7 | 2 | 8 | 12 | 10 | 13 | 23 | 11 | 12 | 29 | 14 | 10 | 17 | 8 | 19 | 10 | 15 | 14 | 14 | 13 | 24 | 34 | 13 | 29 | 38 | 24 | 31 | 33 |
19 | Holcomb, Katherine Ann | THE UNIVERSITY OF TEXAS AT AUSTIN. | 1986 | female | 1 | 5 | 1991 | 3 | 6 | 1991 | 0 | 0 | 0 | 0 | 0 | 1 | 0 | 0 | 2 | 2 | 1 | 0 | 0 | 0 | 0 | 0 | 0 | 0 | 0 | 0 | 0 | 0 | 0 | 0 | 0 | 0 | 0 | 0 | 0 | 0 | 0 | 0 | 0 | 0 | 0 | 0 |  0 | 0 | 0 | 0 | 0 | 3 | 0 | 0 | 2 | 2 | 2 | 0 | 0 | 0 | 0 | 0 | 0 | 0 | 0 | 0 | 0 | 0 | 0 | 0 | 0 | 0 | 0 | 0 | 0 | 0 | 0 | 0 | 0 | 0 | 0 | 0 |
20 | Szentgyorgyi, Andrew Harold | THE UNIVERSITY OF WISCONSIN - MADISON. | 1986 | male | 1 | 4 | 2011 | 1 | 75 | 2016 | 0 | 0 | 0 | 0 | 0 | 1 | 0 | 0 | 0 | 0 | 0 | 0 | 0 | 0 | 0 | 0 | 0 | 0 | 0 | 1 | 0 | 0 | 1 | 0 | 0 | 1 | 0 | 0 | 0 | 0 | 1 | 0 | 0 | 0 | 0 | 0 |  0 | 0 | 0 | 0 | 0 | 1 | 0 | 2 | 0 | 3 | 0 | 0 | 0 | 0 | 1 | 0 | 0 | 0 | 1 | 2 | 3 | 2 | 2 | 2 | 6 | 8 | 7 | 9 | 3 | 1 | 3 | 6 | 3 | 3 | 7 | 1 |
21 | Lonergan, Patrick Gerard | NEW YORK UNIVERSITY. | 1986 | male | 1 | 0 | 1986 | 1 | 6 | 2009 | 0 | 0 | 0 | 0 | 0 | 1 | 0 | 0 | 0 | 0 | 0 | 0 | 0 | 0 | 0 | 0 | 0 | 0 | 0 | 0 | 0 | 0 | 0 | 0 | 0 | 0 | 0 | 0 | 0 | 0 | 0 | 0 | 0 | 0 | 0 | 0 |  0 | 0 | 0 | 0 | 0 | 1 | 0 | 0 | 0 | 0 | 0 | 0 | 0 | 0 | 0 | 0 | 0 | 0 | 2 | 0 | 1 | 0 | 0 | 0 | 0 | 0 | 1 | 1 | 1 | 0 | 0 | 0 | 0 | 0 | 0 | 0 |
22 | Moskowitz, Bruce Evan | STANFORD UNIVERSITY. | 1986 | male | 1 | 1 | 1988 | 2 | 14 | 2016 | 0 | 0 | 0 | 0 | 0 | 1 | 0 | 1 | 0 | 0 | 0 | 0 | 0 | 0 | 0 | 0 | 0 | 0 | 0 | 0 | 0 | 0 | 0 | 0 | 0 | 0 | 0 | 0 | 0 | 0 | 0 | 0 | 0 | 0 | 0 | 0 |  0 | 0 | 0 | 0 | 0 | 2 | 1 | 1 | 1 | 0 | 0 | 0 | 0 | 0 | 0 | 0 | 0 | 2 | 0 | 0 | 0 | 1 | 2 | 1 | 0 | 0 | 0 | 0 | 1 | 0 | 0 | 0 | 3 | 0 | 0 | 1 |
23 | Ove, Roger | Yale University. | 1986 | male | 1 | 4 | 1990 | 2 | 4 | 1990 | 0 | 0 | 0 | 0 | 0 | 1 | 0 | 0 | 1 | 3 | 0 | 0 | 0 | 0 | 0 | 0 | 0 | 0 | 0 | 0 | 0 | 0 | 0 | 0 | 0 | 0 | 0 | 0 | 0 | 0 | 0 | 0 | 0 | 0 | 0 | 0 |  0 | 0 | 1 | 0 | 0 | 1 | 0 | 0 | 1 | 3 | 0 | 0 | 0 | 0 | 0 | 0 | 0 | 0 | 0 | 0 | 0 | 0 | 0 | 0 | 0 | 0 | 0 | 0 | 0 | 0 | 0 | 0 | 0 | 0 | 0 | 0 |
24 | Bronfman, Aguilo Leonardo | Columbia Univ., New York, NY. | 1986 | male | 1 | 0 | 1986 | 1 | 0 | 1986 | 0 | 0 | 0 | 0 | 0 | 1 | 0 | 0 | 0 | 0 | 0 | 0 | 0 | 0 | 0 | 0 | 0 | 0 | 0 | 0 | 0 | 0 | 0 | 0 | 0 | 0 | 0 | 0 | 0 | 0 | 0 | 0 | 0 | 0 | 0 | 0 |  0 | 0 | 0 | 0 | 0 | 1 | 0 | 0 | 0 | 0 | 0 | 0 | 0 | 0 | 0 | 0 | 0 | 0 | 0 | 0 | 0 | 0 | 0 | 0 | 0 | 0 | 0 | 0 | 0 | 0 | 0 | 0 | 0 | 0 | 0 | 0 |
25 | Schenewerk, Mark Steven | UNIVERSITY OF ILLINOIS AT URBANA-CHAMPAIGN. | 1986 | male | 4 | 1 | 1988 | 7 | 4 | 2006 | 0 | 0 | 0 | 0 | 1 | 3 | 0 | 1 | 0 | 0 | 0 | 0 | 0 | 0 | 0 | 0 | 0 | 0 | 0 | 0 | 0 | 0 | 0 | 0 | 0 | 0 | 0 | 0 | 0 | 0 | 0 | 0 | 0 | 0 | 0 | 0 |  0 | 0 | 0 | 0 | 3 | 4 | 0 | 1 | 0 | 0 | 0 | 0 | 0 | 0 | 0 | 0 | 0 | 0 | 0 | 0 | 0 | 1 | 0 | 0 | 1 | 1 | 0 | 0 | 0 | 0 | 0 | 0 | 0 | 0 | 0 | 0 |
26 | Loewenstein, Michael | UNIVERSITY OF CALIFORNIA, SANTA CRUZ. | 1986 | male | 2 | 33 | 2013 | 4 | 88 | 2017 | 0 | 0 | 0 | 0 | 0 | 2 | 1 | 0 | 1 | 4 | 2 | 1 | 1 | 2 | 0 | 2 | 0 | 2 | 2 | 1 | 3 | 0 | 1 | 1 | 1 | 1 | 0 | 1 | 1 | 2 | 0 | 2 | 1 | 0 | 0 | 0 |  0 | 0 | 1 | 0 | 0 | 3 | 1 | 0 | 1 | 11 | 2 | 1 | 6 | 11 | 1 | 8 | 4 | 6 | 5 | 4 | 5 | 2 | 1 | 1 | 2 | 1 | 0 | 2 | 1 | 2 | 1 | 4 | 2 | 1 | 0 | 1 |
27 | Manousoyannaki, Ioanna | THE UNIVERSITY OF OKLAHOMA. | 1986 | female | 2 | 0 | 1986 | 3 | 0 | 1986 | 0 | 0 | 0 | 0 | 0 | 2 | 0 | 0 | 0 | 0 | 0 | 0 | 0 | 0 | 0 | 0 | 0 | 0 | 0 | 0 | 0 | 0 | 0 | 0 | 0 | 0 | 0 | 0 | 0 | 0 | 0 | 0 | 0 | 0 | 0 | 0 |  0 | 0 | 0 | 1 | 0 | 2 | 0 | 0 | 0 | 0 | 0 | 0 | 0 | 0 | 0 | 0 | 0 | 0 | 0 | 0 | 0 | 0 | 0 | 0 | 0 | 0 | 0 | 0 | 0 | 0 | 0 | 0 | 0 | 0 | 0 | 0 |
28 | Bradas, James Clark | UNIVERSITY OF ALABAMA IN HUNTSVILLE. | 1986 | male | 1 | 1 | 1987 | 1 | 2 | 1988 | 0 | 0 | 0 | 0 | 0 | 1 | 1 | 0 | 0 | 0 | 0 | 0 | 0 | 0 | 0 | 0 | 0 | 0 | 0 | 0 | 0 | 0 | 0 | 0 | 0 | 0 | 0 | 0 | 0 | 0 | 0 | 0 | 0 | 0 | 0 | 0 |  0 | 0 | 0 | 0 | 0 | 1 | 1 | 1 | 0 | 0 | 0 | 0 | 0 | 0 | 0 | 0 | 0 | 0 | 0 | 0 | 0 | 0 | 0 | 0 | 0 | 0 | 0 | 0 | 0 | 0 | 0 | 0 | 0 | 0 | 0 | 0 |
29 | Engelke, Charles William | MASSACHUSETTS INSTITUTE OF TECHNOLOGY. | 1986 | male | 1 | 5 | 2010 | 2 | 7 | 2015 | 0 | 0 | 0 | 0 | 0 | 1 | 0 | 1 | 0 | 0 | 0 | 1 | 0 | 0 | 0 | 0 | 0 | 0 | 0 | 0 | 0 | 0 | 0 | 1 | 0 | 1 | 0 | 0 | 0 | 1 | 0 | 0 | 0 | 0 | 0 | 0 |  0 | 0 | 1 | 0 | 0 | 1 | 0 | 1 | 0 | 0 | 0 | 1 | 0 | 0 | 0 | 0 | 0 | 0 | 0 | 0 | 0 | 0 | 0 | 2 | 0 | 1 | 0 | 0 | 0 | 1 | 0 | 0 | 0 | 0 | 1 | 0 |
30 | Grabelsky, David Andrew | COLUMBIA UNIVERSITY. | 1986 | male | 1 | 5 | 1995 | 5 | 33 | 1996 | 0 | 0 | 0 | 0 | 0 | 1 | 1 | 2 | 0 | 1 | 0 | 0 | 0 | 0 | 1 | 0 | 0 | 0 | 0 | 0 | 0 | 0 | 0 | 0 | 0 | 0 | 0 | 0 | 0 | 0 | 0 | 0 | 0 | 0 | 0 | 0 |  1 | 0 | 0 | 0 | 2 | 2 | 1 | 2 | 0 | 1 | 1 | 1 | 5 | 5 | 12 | 5 | 0 | 0 | 0 | 0 | 0 | 0 | 0 | 0 | 0 | 0 | 0 | 0 | 0 | 0 | 0 | 0 | 0 | 0 | 0 | 0 |
31 | Hakkila, Jon Eric | NEW MEXICO STATE UNIVERSITY. | 1986 | male | 2 | 27 | 2015 | 2 | 43 | 2016 | 0 | 0 | 1 | 0 | 0 | 1 | 2 | 0 | 3 | 3 | 0 | 0 | 1 | 1 | 3 | 1 | 1 | 0 | 0 | 1 | 0 | 0 | 1 | 2 | 1 | 1 | 1 | 1 | 1 | 0 | 1 | 0 | 0 | 1 | 1 | 0 |  0 | 0 | 1 | 0 | 0 | 1 | 2 | 0 | 3 | 3 | 0 | 0 | 1 | 1 | 4 | 6 | 3 | 0 | 1 | 1 | 0 | 0 | 1 | 3 | 2 | 1 | 1 | 1 | 1 | 0 | 1 | 0 | 1 | 2 | 3 | 1 |
32 | Shia, Run-Lie | CALIFORNIA INSTITUTE OF TECHNOLOGY. | 1986 | male | 2 | 2 | 2006 | 2 | 16 | 2017 | 0 | 0 | 0 | 0 | 0 | 2 | 0 | 0 | 1 | 0 | 0 | 0 | 0 | 0 | 0 | 0 | 0 | 0 | 0 | 0 | 0 | 0 | 0 | 0 | 0 | 1 | 0 | 0 | 0 | 0 | 0 | 0 | 0 | 0 | 0 | 0 |  0 | 0 | 0 | 0 | 0 | 2 | 0 | 0 | 1 | 0 | 0 | 0 | 2 | 1 | 0 | 0 | 0 | 0 | 0 | 0 | 0 | 0 | 0 | 0 | 1 | 1 | 0 | 1 | 1 | 0 | 0 | 0 | 2 | 2 | 0 | 2 |
33 | Woods, Douglas Tod | UNIVERSITY OF COLORADO AT BOULDER. | 1986 | male | 5 | 7 | 1996 | 8 | 51 | 2014 | 2 | 2 | 0 | 0 | 0 | 1 | 0 | 0 | 0 | 3 | 1 | 0 | 1 | 0 | 0 | 2 | 0 | 0 | 0 | 0 | 0 | 0 | 0 | 0 | 0 | 0 | 0 | 0 | 0 | 0 | 0 | 0 | 0 | 0 | 0 | 0 |  2 | 3 | 0 | 0 | 2 | 1 | 0 | 0 | 0 | 4 | 2 | 1 | 1 | 0 | 1 | 4 | 1 | 3 | 1 | 1 | 0 | 0 | 0 | 0 | 7 | 3 | 8 | 10 | 3 | 0 | 0 | 0 | 0 | 1 | 0 | 0 |
34 | Zheng, Wei | UNIVERSITY OF CALIFORNIA, SAN DIEGO. | 1986 | male | 3 | 60 | 2017 | 3 | 269 | 2017 | 0 | 0 | 0 | 0 | 0 | 3 | 2 | 6 | 1 | 6 | 3 | 2 | 1 | 0 | 5 | 1 | 1 | 3 | 0 | 1 | 1 | 0 | 0 | 3 | 1 | 1 | 0 | 4 | 4 | 2 | 0 | 2 | 2 | 4 | 1 | 1 |  0 | 0 | 0 | 0 | 0 | 3 | 2 | 6 | 3 | 9 | 5 | 2 | 1 | 2 | 7 | 6 | 3 | 6 | 2 | 7 | 8 | 13 | 14 | 16 | 23 | 11 | 5 | 7 | 12 | 8 | 6 | 14 | 13 | 24 | 12 | 16 |
35 | Hindsley, Robert B. | UNIVERSITY OF MARYLAND COLLEGE PARK. | 1986 | male | 2 | 4 | 1994 | 2 | 70 | 2013 | 0 | 0 | 0 | 0 | 0 | 2 | 1 | 0 | 1 | 1 | 0 | 0 | 0 | 1 | 0 | 0 | 0 | 0 | 0 | 0 | 0 | 0 | 0 | 0 | 0 | 0 | 0 | 0 | 0 | 0 | 0 | 0 | 0 | 0 | 0 | 0 |  0 | 0 | 0 | 0 | 0 | 2 | 1 | 0 | 1 | 1 | 0 | 1 | 0 | 2 | 1 | 2 | 1 | 0 | 3 | 12 | 12 | 12 | 5 | 2 | 1 | 3 | 3 | 2 | 3 | 0 | 1 | 0 | 1 | 0 | 0 | 0 |
36 | Hua, Xin-Min | UNIVERSITY OF CALIFORNIA, SAN DIEGO. | 1986 | male | 1 | 29 | 2005 | 1 | 54 | 2007 | 0 | 0 | 0 | 0 | 0 | 1 | 6 | 1 | 1 | 0 | 2 | 2 | 3 | 0 | 2 | 2 | 1 | 2 | 2 | 1 | 0 | 2 | 1 | 0 | 1 | 0 | 0 | 0 | 0 | 0 | 0 | 0 | 0 | 0 | 0 | 0 |  0 | 0 | 0 | 0 | 0 | 1 | 6 | 1 | 1 | 2 | 3 | 3 | 7 | 0 | 3 | 2 | 4 | 5 | 4 | 2 | 0 | 2 | 4 | 2 | 1 | 1 | 1 | 0 | 0 | 0 | 0 | 0 | 0 | 0 | 0 | 0 |
37 | Matz, Steven Michael | UNIVERSITY OF NEW HAMPSHIRE. | 1986 | male | 2 | 7 | 1996 | 6 | 29 | 2001 | 0 | 0 | 0 | 0 | 1 | 1 | 1 | 1 | 0 | 1 | 0 | 0 | 0 | 1 | 2 | 1 | 0 | 0 | 0 | 0 | 0 | 0 | 0 | 0 | 0 | 0 | 0 | 0 | 0 | 0 | 0 | 0 | 0 | 0 | 0 | 0 |  0 | 0 | 1 | 1 | 1 | 3 | 1 | 1 | 0 | 2 | 1 | 0 | 2 | 2 | 8 | 6 | 1 | 1 | 3 | 0 | 1 | 0 | 0 | 0 | 0 | 0 | 0 | 0 | 0 | 0 | 0 | 0 | 0 | 0 | 0 | 0 |
38 | Statler, Thomas Stuart | Princeton Univ., NJ. | 1986 | male | 3 | 25 | 2015 | 5 | 41 | 2015 | 0 | 0 | 1 | 1 | 0 | 1 | 2 | 1 | 1 | 0 | 3 | 0 | 0 | 4 | 1 | 1 | 0 | 0 | 4 | 0 | 3 | 1 | 0 | 1 | 0 | 0 | 0 | 0 | 1 | 0 | 0 | 0 | 1 | 0 | 1 | 0 |  0 | 0 | 1 | 2 | 0 | 2 | 2 | 1 | 1 | 0 | 3 | 0 | 0 | 4 | 1 | 1 | 0 | 1 | 4 | 1 | 5 | 1 | 0 | 2 | 1 | 2 | 1 | 3 | 1 | 0 | 0 | 0 | 1 | 0 | 5 | 0 |
39 | Mead, Kathryn N. | RENSSELAER POLYTECHNIC INSTITUTE. | 1986 | female | 1 | 6 | 1990 | 5 | 7 | 1999 | 0 | 0 | 0 | 0 | 0 | 1 | 1 | 4 | 0 | 1 | 0 | 0 | 0 | 0 | 0 | 0 | 0 | 0 | 0 | 0 | 0 | 0 | 0 | 0 | 0 | 0 | 0 | 0 | 0 | 0 | 0 | 0 | 0 | 0 | 0 | 0 |  1 | 2 | 0 | 0 | 1 | 1 | 1 | 4 | 0 | 1 | 0 | 0 | 0 | 0 | 0 | 0 | 0 | 0 | 1 | 0 | 0 | 0 | 0 | 0 | 0 | 0 | 0 | 0 | 0 | 0 | 0 | 0 | 0 | 0 | 0 | 0 |
40 | Lee, Haeshim | UNIVERSITY OF PENNSYLVANIA. | 1986 | None | 10 | 57 | 2015 | 17 | 262 | 2017 | 2 | 1 | 0 | 0 | 4 | 3 | 1 | 3 | 0 | 2 | 2 | 2 | 1 | 2 | 2 | 7 | 7 | 8 | 2 | 4 | 0 | 0 | 0 | 1 | 2 | 1 | 2 | 1 | 1 | 1 | 0 | 0 | 1 | 2 | 2 | 0 |  2 | 2 | 2 | 3 | 4 | 4 | 2 | 3 | 1 | 4 | 3 | 4 | 1 | 6 | 6 | 11 | 11 | 9 | 4 | 9 | 9 | 3 | 4 | 4 | 6 | 5 | 11 | 9 | 7 | 21 | 5 | 20 | 9 | 20 | 12 | 27 |
41 | Madejski, Grzegorz Maria | HARVARD UNIVERSITY. | 1986 | male | 2 | 7 | 2016 | 5 | 196 | 2017 | 0 | 0 | 1 | 0 | 0 | 1 | 1 | 0 | 1 | 0 | 0 | 0 | 0 | 0 | 1 | 0 | 0 | 0 | 1 | 1 | 0 | 0 | 0 | 0 | 0 | 1 | 0 | 0 | 0 | 0 | 0 | 0 | 0 | 0 | 0 | 1 |  0 | 0 | 1 | 1 | 1 | 2 | 1 | 0 | 1 | 0 | 1 | 1 | 3 | 3 | 5 | 4 | 2 | 2 | 8 | 9 | 4 | 1 | 2 | 3 | 1 | 2 | 7 | 8 | 27 | 32 | 11 | 9 | 6 | 10 | 16 | 14 |
42 | Baran, Gregory Paul | COLUMBIA UNIVERSITY. | 1986 | male | 1 | 0 | 1986 | 1 | 0 | 1986 | 0 | 0 | 0 | 0 | 0 | 1 | 0 | 0 | 0 | 0 | 0 | 0 | 0 | 0 | 0 | 0 | 0 | 0 | 0 | 0 | 0 | 0 | 0 | 0 | 0 | 0 | 0 | 0 | 0 | 0 | 0 | 0 | 0 | 0 | 0 | 0 |  0 | 0 | 0 | 0 | 0 | 1 | 0 | 0 | 0 | 0 | 0 | 0 | 0 | 0 | 0 | 0 | 0 | 0 | 0 | 0 | 0 | 0 | 0 | 0 | 0 | 0 | 0 | 0 | 0 | 0 | 0 | 0 | 0 | 0 | 0 | 0 |
43 | Cole, Carl Stephen | UNIVERSITY OF FLORIDA. | 1986 | male | 1 | 0 | 1986 | 2 | 1 | 1994 | 0 | 0 | 0 | 0 | 0 | 1 | 0 | 0 | 0 | 0 | 0 | 0 | 0 | 0 | 0 | 0 | 0 | 0 | 0 | 0 | 0 | 0 | 0 | 0 | 0 | 0 | 0 | 0 | 0 | 0 | 0 | 0 | 0 | 0 | 0 | 0 |  0 | 0 | 0 | 0 | 1 | 1 | 0 | 0 | 0 | 0 | 0 | 0 | 0 | 1 | 0 | 0 | 0 | 0 | 0 | 0 | 0 | 0 | 0 | 0 | 0 | 0 | 0 | 0 | 0 | 0 | 0 | 0 | 0 | 0 | 0 | 0 |
44 | Daod, Nazzeha Abdulla | THE UNIVERSITY OF WISCONSIN - MADISON. | 1986 | None | 1 | 0 | 1986 | 2 | 0 | 1986 | 0 | 0 | 0 | 0 | 0 | 1 | 0 | 0 | 0 | 0 | 0 | 0 | 0 | 0 | 0 | 0 | 0 | 0 | 0 | 0 | 0 | 0 | 0 | 0 | 0 | 0 | 0 | 0 | 0 | 0 | 0 | 0 | 0 | 0 | 0 | 0 |  0 | 0 | 0 | 1 | 0 | 1 | 0 | 0 | 0 | 0 | 0 | 0 | 0 | 0 | 0 | 0 | 0 | 0 | 0 | 0 | 0 | 0 | 0 | 0 | 0 | 0 | 0 | 0 | 0 | 0 | 0 | 0 | 0 | 0 | 0 | 0 |
45 | Hough, David Hans | CALIFORNIA INSTITUTE OF TECHNOLOGY. | 1986 | male | 1 | 7 | 2002 | 3 | 13 | 2005 | 0 | 0 | 0 | 0 | 0 | 1 | 1 | 0 | 1 | 0 | 0 | 1 | 0 | 0 | 0 | 2 | 0 | 0 | 1 | 0 | 0 | 1 | 0 | 0 | 0 | 0 | 0 | 0 | 0 | 0 | 0 | 0 | 0 | 0 | 0 | 0 |  0 | 1 | 1 | 0 | 0 | 1 | 2 | 0 | 2 | 0 | 0 | 1 | 1 | 1 | 0 | 2 | 0 | 0 | 1 | 0 | 1 | 1 | 0 | 0 | 1 | 0 | 0 | 0 | 0 | 0 | 0 | 0 | 0 | 0 | 0 | 0 |
46 | Yajnik, Urjit Ajitlal | THE UNIVERSITY OF TEXAS AT AUSTIN. | 1986 | male | 2 | 6 | 2000 | 2 | 23 | 2013 | 0 | 0 | 0 | 0 | 0 | 2 | 1 | 0 | 0 | 1 | 1 | 0 | 0 | 0 | 0 | 0 | 0 | 1 | 1 | 1 | 0 | 0 | 0 | 0 | 0 | 0 | 0 | 0 | 0 | 0 | 0 | 0 | 0 | 0 | 0 | 0 |  0 | 0 | 0 | 0 | 0 | 2 | 1 | 0 | 0 | 1 | 1 | 0 | 0 | 1 | 1 | 0 | 0 | 2 | 1 | 1 | 0 | 2 | 1 | 1 | 1 | 2 | 1 | 1 | 1 | 1 | 0 | 1 | 2 | 0 | 0 | 0 |
47 | Ko, Chung-Ming | THE UNIVERSITY OF ARIZONA. | 1986 | male | 2 | 29 | 2016 | 2 | 76 | 2017 | 0 | 0 | 0 | 0 | 1 | 1 | 2 | 2 | 1 | 1 | 6 | 1 | 1 | 1 | 2 | 1 | 2 | 1 | 1 | 0 | 3 | 0 | 0 | 0 | 1 | 1 | 0 | 0 | 1 | 0 | 0 | 0 | 0 | 0 | 0 | 1 |  0 | 0 | 0 | 0 | 1 | 1 | 3 | 2 | 2 | 1 | 6 | 1 | 2 | 1 | 3 | 3 | 2 | 1 | 1 | 0 | 3 | 0 | 5 | 2 | 1 | 3 | 2 | 2 | 6 | 2 | 4 | 3 | 1 | 2 | 6 | 4 |
48 | Somers, Mark Douglas | UNIVERSITY OF MARYLAND COLLEGE PARK. | 1986 | male | 1 | 0 | 1986 | 1 | 4 | 2001 | 0 | 0 | 0 | 0 | 0 | 1 | 0 | 0 | 0 | 0 | 0 | 0 | 0 | 0 | 0 | 0 | 0 | 0 | 0 | 0 | 0 | 0 | 0 | 0 | 0 | 0 | 0 | 0 | 0 | 0 | 0 | 0 | 0 | 0 | 0 | 0 |  0 | 0 | 0 | 0 | 0 | 1 | 0 | 0 | 0 | 0 | 0 | 0 | 0 | 0 | 0 | 0 | 1 | 0 | 0 | 1 | 2 | 0 | 0 | 0 | 0 | 0 | 0 | 0 | 0 | 0 | 0 | 0 | 0 | 0 | 0 | 0 |
49 | Fristrom, Carl Chandler | MASSACHUSETTS INSTITUTE OF TECHNOLOGY. | 1986 | male | 1 | 1 | 1987 | 2 | 2 | 1990 | 0 | 0 | 0 | 0 | 0 | 1 | 1 | 0 | 0 | 0 | 0 | 0 | 0 | 0 | 0 | 0 | 0 | 0 | 0 | 0 | 0 | 0 | 0 | 0 | 0 | 0 | 0 | 0 | 0 | 0 | 0 | 0 | 0 | 0 | 0 | 0 |  0 | 0 | 0 | 0 | 0 | 2 | 1 | 0 | 0 | 1 | 0 | 0 | 0 | 0 | 0 | 0 | 0 | 0 | 0 | 0 | 0 | 0 | 0 | 0 | 0 | 0 | 0 | 0 | 0 | 0 | 0 | 0 | 0 | 0 | 0 | 0 |
50 | Spagna, George F., Jr. | RENSSELAER POLYTECHNIC INSTITUTE. | 1986 | male | 3 | 3 | 1991 | 3 | 4 | 1991 | 0 | 0 | 1 | 0 | 1 | 1 | 1 | 0 | 0 | 0 | 2 | 0 | 0 | 0 | 0 | 0 | 0 | 0 | 0 | 0 | 0 | 0 | 0 | 0 | 0 | 0 | 0 | 0 | 0 | 0 | 0 | 0 | 0 | 0 | 0 | 0 |  0 | 0 | 1 | 0 | 1 | 1 | 1 | 1 | 0 | 0 | 2 | 0 | 0 | 0 | 0 | 0 | 0 | 0 | 0 | 0 | 0 | 0 | 0 | 0 | 0 | 0 | 0 | 0 | 0 | 0 | 0 | 0 | 0 | 0 | 0 | 0 |
51 | Terndrup, Donald Michael | UNIVERSITY OF CALIFORNIA, SANTA CRUZ. | 1986 | male | 2 | 14 | 2004 | 3 | 98 | 2016 | 0 | 0 | 0 | 1 | 0 | 1 | 0 | 3 | 0 | 1 | 1 | 0 | 0 | 2 | 2 | 0 | 0 | 1 | 1 | 1 | 0 | 1 | 0 | 1 | 0 | 0 | 0 | 0 | 0 | 0 | 0 | 0 | 0 | 0 | 0 | 0 |  0 | 0 | 0 | 1 | 0 | 2 | 1 | 3 | 2 | 2 | 3 | 0 | 3 | 4 | 8 | 2 | 3 | 4 | 4 | 4 | 2 | 4 | 5 | 2 | 2 | 13 | 9 | 0 | 4 | 3 | 0 | 1 | 0 | 3 | 2 | 5 |
52 | Viscuso, Paul Joseph | CORNELL UNIVERSITY. | 1986 | male | 3 | 2 | 1988 | 5 | 7 | 1995 | 0 | 0 | 0 | 0 | 2 | 1 | 0 | 2 | 0 | 0 | 0 | 0 | 0 | 0 | 0 | 0 | 0 | 0 | 0 | 0 | 0 | 0 | 0 | 0 | 0 | 0 | 0 | 0 | 0 | 0 | 0 | 0 | 0 | 0 | 0 | 0 |  0 | 0 | 0 | 0 | 3 | 2 | 1 | 3 | 1 | 0 | 0 | 1 | 0 | 0 | 1 | 0 | 0 | 0 | 0 | 0 | 0 | 0 | 0 | 0 | 0 | 0 | 0 | 0 | 0 | 0 | 0 | 0 | 0 | 0 | 0 | 0 |
53 | Shepko, M. J. | Texas A&M Univ., College Station. | 1986 | None | 1 | 1 | 1987 | 1 | 1 | 1987 | 0 | 0 | 0 | 0 | 0 | 1 | 1 | 0 | 0 | 0 | 0 | 0 | 0 | 0 | 0 | 0 | 0 | 0 | 0 | 0 | 0 | 0 | 0 | 0 | 0 | 0 | 0 | 0 | 0 | 0 | 0 | 0 | 0 | 0 | 0 | 0 |  0 | 0 | 0 | 0 | 0 | 1 | 1 | 0 | 0 | 0 | 0 | 0 | 0 | 0 | 0 | 0 | 0 | 0 | 0 | 0 | 0 | 0 | 0 | 0 | 0 | 0 | 0 | 0 | 0 | 0 | 0 | 0 | 0 | 0 | 0 | 0 |
54 | Ma, Ti-Ze. | THE UNIVERSITY OF IOWA. | 1986 | male | 1 | 18 | 2013 | 3 | 28 | 2016 | 0 | 0 | 0 | 0 | 0 | 1 | 2 | 0 | 1 | 1 | 2 | 0 | 1 | 2 | 1 | 0 | 2 | 1 | 0 | 0 | 1 | 0 | 1 | 0 | 0 | 0 | 0 | 1 | 0 | 0 | 0 | 1 | 1 | 0 | 0 | 0 |  0 | 0 | 0 | 0 | 0 | 3 | 2 | 1 | 1 | 1 | 2 | 1 | 1 | 2 | 4 | 0 | 2 | 1 | 0 | 0 | 1 | 0 | 3 | 0 | 0 | 1 | 0 | 1 | 0 | 0 | 0 | 1 | 2 | 0 | 0 | 1 |
55 | Wang, Tzu-Fang | Yale University. | 1986 | female | 1 | 11 | 2016 | 3 | 59 | 2017 | 0 | 0 | 0 | 0 | 0 | 1 | 0 | 0 | 1 | 0 | 0 | 0 | 0 | 0 | 0 | 2 | 0 | 1 | 1 | 0 | 2 | 0 | 0 | 0 | 0 | 0 | 0 | 0 | 0 | 0 | 0 | 1 | 1 | 1 | 0 | 1 |  0 | 1 | 0 | 0 | 1 | 1 | 0 | 0 | 1 | 2 | 0 | 0 | 3 | 1 | 2 | 2 | 0 | 1 | 5 | 1 | 3 | 2 | 0 | 2 | 3 | 2 | 0 | 3 | 0 | 0 | 1 | 1 | 3 | 5 | 5 | 9 |
56 | Mahajan, Shobhit | UNIVERSITY OF CALIFORNIA, BERKELEY. | 1986 | male | 2 | 7 | 2010 | 2 | 73 | 2017 | 0 | 0 | 0 | 0 | 0 | 2 | 0 | 0 | 0 | 0 | 0 | 0 | 0 | 0 | 0 | 0 | 0 | 0 | 0 | 0 | 1 | 2 | 1 | 0 | 1 | 0 | 0 | 1 | 0 | 1 | 0 | 0 | 0 | 0 | 0 | 0 |  0 | 0 | 0 | 0 | 0 | 2 | 1 | 0 | 0 | 1 | 1 | 1 | 1 | 2 | 0 | 1 | 1 | 2 | 3 | 5 | 2 | 4 | 4 | 7 | 1 | 0 | 0 | 4 | 3 | 6 | 3 | 0 | 0 | 4 | 8 | 4 |
57 | Zhang, Er-Ho. | THE UNIVERSITY OF TEXAS AT AUSTIN. | 1986 | male | 3 | 6 | 2013 | 5 | 25 | 2014 | 0 | 0 | 1 | 0 | 0 | 2 | 3 | 1 | 0 | 0 | 0 | 0 | 0 | 0 | 1 | 0 | 0 | 0 | 0 | 0 | 0 | 0 | 0 | 0 | 0 | 0 | 0 | 0 | 0 | 0 | 0 | 0 | 1 | 0 | 0 | 0 |  0 | 0 | 1 | 1 | 0 | 3 | 3 | 3 | 0 | 1 | 0 | 0 | 3 | 1 | 5 | 1 | 0 | 0 | 1 | 0 | 0 | 0 | 0 | 0 | 0 | 0 | 0 | 0 | 0 | 0 | 0 | 5 | 1 | 1 | 0 | 0 |
58 | Ardanuy, Philip Edward | Florida State University, Tallahassee. | 1986 | male | 3 | 0 | 1986 | 4 | 0 | 1986 | 0 | 0 | 0 | 1 | 0 | 2 | 0 | 0 | 0 | 0 | 0 | 0 | 0 | 0 | 0 | 0 | 0 | 0 | 0 | 0 | 0 | 0 | 0 | 0 | 0 | 0 | 0 | 0 | 0 | 0 | 0 | 0 | 0 | 0 | 0 | 0 |  0 | 0 | 1 | 1 | 0 | 2 | 0 | 0 | 0 | 0 | 0 | 0 | 0 | 0 | 0 | 0 | 0 | 0 | 0 | 0 | 0 | 0 | 0 | 0 | 0 | 0 | 0 | 0 | 0 | 0 | 0 | 0 | 0 | 0 | 0 | 0 |
59 | Brown, Jeffery Allan | THE UNIVERSITY OF TEXAS AT AUSTIN. | 1986 | male | 5 | 13 | 1999 | 7 | 53 | 2017 | 0 | 0 | 2 | 1 | 1 | 1 | 2 | 0 | 3 | 2 | 2 | 1 | 1 | 0 | 0 | 1 | 0 | 0 | 1 | 0 | 0 | 0 | 0 | 0 | 0 | 0 | 0 | 0 | 0 | 0 | 0 | 0 | 0 | 0 | 0 | 0 |  1 | 0 | 2 | 2 | 1 | 1 | 2 | 1 | 4 | 2 | 4 | 2 | 3 | 2 | 4 | 2 | 1 | 3 | 1 | 2 | 2 | 0 | 0 | 1 | 1 | 4 | 2 | 3 | 0 | 0 | 0 | 0 | 0 | 4 | 1 | 0 |
60 | Chokshi, Arati | UNIVERSITY OF CALIFORNIA, LOS ANGELES. | 1986 | female | 1 | 14 | 1998 | 1 | 22 | 1999 | 0 | 0 | 0 | 0 | 0 | 1 | 2 | 3 | 1 | 0 | 1 | 2 | 1 | 1 | 0 | 0 | 2 | 1 | 0 | 0 | 0 | 0 | 0 | 0 | 0 | 0 | 0 | 0 | 0 | 0 | 0 | 0 | 0 | 0 | 0 | 0 |  0 | 0 | 0 | 0 | 0 | 1 | 3 | 3 | 1 | 1 | 2 | 3 | 2 | 1 | 0 | 0 | 3 | 2 | 1 | 0 | 0 | 0 | 0 | 0 | 0 | 0 | 0 | 0 | 0 | 0 | 0 | 0 | 0 | 0 | 0 | 0 |
61 | Devore, Carl Richard | PRINCETON UNIVERSITY. | 1986 | male | 3 | 2 | 1987 | 8 | 65 | 2017 | 0 | 0 | 0 | 0 | 2 | 1 | 2 | 0 | 0 | 0 | 0 | 0 | 0 | 0 | 0 | 0 | 0 | 0 | 0 | 0 | 0 | 0 | 0 | 0 | 0 | 0 | 0 | 0 | 0 | 0 | 0 | 0 | 0 | 0 | 0 | 0 |  0 | 0 | 0 | 0 | 3 | 5 | 4 | 0 | 2 | 1 | 1 | 0 | 0 | 0 | 1 | 3 | 0 | 1 | 3 | 2 | 0 | 2 | 0 | 1 | 4 | 2 | 1 | 2 | 3 | 4 | 0 | 4 | 3 | 2 | 5 | 6 |
62 | Etzel, Paul Bernard | UNIVERSITY OF CALIFORNIA, LOS ANGELES. | 1986 | male | 3 | 4 | 1995 | 4 | 29 | 2015 | 0 | 0 | 1 | 0 | 1 | 1 | 0 | 1 | 0 | 0 | 0 | 0 | 1 | 0 | 2 | 0 | 0 | 0 | 0 | 0 | 0 | 0 | 0 | 0 | 0 | 0 | 0 | 0 | 0 | 0 | 0 | 0 | 0 | 0 | 0 | 0 |  1 | 0 | 1 | 0 | 1 | 1 | 0 | 1 | 1 | 0 | 0 | 0 | 4 | 3 | 8 | 2 | 0 | 1 | 0 | 0 | 0 | 0 | 0 | 0 | 2 | 1 | 1 | 0 | 1 | 3 | 0 | 0 | 0 | 0 | 1 | 0 |
63 | Argon, Alice L. | UNIVERSITY OF MASSACHUSETTS. | 1986 | female | 1 | 7 | 2008 | 1 | 14 | 2013 | 0 | 0 | 0 | 0 | 0 | 1 | 0 | 0 | 0 | 0 | 0 | 0 | 1 | 1 | 0 | 0 | 0 | 0 | 0 | 1 | 0 | 0 | 1 | 1 | 0 | 0 | 1 | 1 | 0 | 0 | 0 | 0 | 0 | 0 | 0 | 0 |  0 | 0 | 0 | 0 | 0 | 1 | 0 | 0 | 0 | 0 | 0 | 0 | 1 | 1 | 1 | 0 | 0 | 0 | 0 | 2 | 0 | 0 | 2 | 1 | 2 | 0 | 1 | 2 | 0 | 0 | 0 | 0 | 1 | 0 | 0 | 0 |
64 | Blake, Geoffrey A. | CALIFORNIA INSTITUTE OF TECHNOLOGY. | 1986 | male | 7 | 12 | 2015 | 17 | 264 | 2017 | 0 | 0 | 1 | 2 | 1 | 3 | 2 | 1 | 0 | 0 | 0 | 1 | 0 | 1 | 1 | 1 | 0 | 0 | 1 | 0 | 0 | 0 | 1 | 1 | 0 | 0 | 0 | 0 | 1 | 0 | 0 | 0 | 0 | 0 | 1 | 0 |  0 | 0 | 2 | 4 | 5 | 6 | 3 | 1 | 1 | 0 | 1 | 3 | 2 | 4 | 8 | 3 | 4 | 5 | 5 | 9 | 5 | 8 | 6 | 11 | 13 | 8 | 18 | 13 | 12 | 55 | 15 | 6 | 11 | 11 | 10 | 11 |
65 | Hershkowitz, Stephen Jeffrey | STANFORD UNIVERSITY. | 1986 | male | 3 | 1 | 1987 | 3 | 1 | 1987 | 0 | 0 | 0 | 0 | 0 | 3 | 1 | 0 | 0 | 0 | 0 | 0 | 0 | 0 | 0 | 0 | 0 | 0 | 0 | 0 | 0 | 0 | 0 | 0 | 0 | 0 | 0 | 0 | 0 | 0 | 0 | 0 | 0 | 0 | 0 | 0 |  0 | 0 | 0 | 0 | 0 | 3 | 1 | 0 | 0 | 0 | 0 | 0 | 0 | 0 | 0 | 0 | 0 | 0 | 0 | 0 | 0 | 0 | 0 | 0 | 0 | 0 | 0 | 0 | 0 | 0 | 0 | 0 | 0 | 0 | 0 | 0 |
66 | Joy, Marshall Kenneth | THE UNIVERSITY OF TEXAS AT AUSTIN. | 1986 | male | 3 | 10 | 2001 | 19 | 111 | 2017 | 0 | 0 | 0 | 1 | 0 | 2 | 2 | 4 | 1 | 0 | 1 | 0 | 0 | 0 | 1 | 0 | 0 | 0 | 0 | 0 | 1 | 0 | 0 | 0 | 0 | 0 | 0 | 0 | 0 | 0 | 0 | 0 | 0 | 0 | 0 | 0 |  0 | 1 | 0 | 6 | 4 | 8 | 6 | 7 | 3 | 3 | 4 | 1 | 0 | 0 | 2 | 1 | 1 | 1 | 0 | 7 | 4 | 5 | 5 | 2 | 0 | 3 | 2 | 2 | 4 | 12 | 11 | 12 | 8 | 4 | 0 | 0 |
67 | Kirschbaum, Charles Louis | UNIVERSITY OF CALIFORNIA, BERKELEY. | 1986 | male | 5 | 1 | 1988 | 5 | 2 | 1988 | 0 | 0 | 0 | 0 | 1 | 4 | 0 | 1 | 0 | 0 | 0 | 0 | 0 | 0 | 0 | 0 | 0 | 0 | 0 | 0 | 0 | 0 | 0 | 0 | 0 | 0 | 0 | 0 | 0 | 0 | 0 | 0 | 0 | 0 | 0 | 0 |  0 | 0 | 0 | 0 | 1 | 4 | 0 | 2 | 0 | 0 | 0 | 0 | 0 | 0 | 0 | 0 | 0 | 0 | 0 | 0 | 0 | 0 | 0 | 0 | 0 | 0 | 0 | 0 | 0 | 0 | 0 | 0 | 0 | 0 | 0 | 0 |
68 | Li, Yan-Feng | THE UNIVERSITY OF NEBRASKA - LINCOLN. | 1986 | male | 3 | 86 | 2017 | 3 | 242 | 2017 | 0 | 0 | 1 | 0 | 1 | 1 | 3 | 1 | 2 | 1 | 1 | 2 | 4 | 2 | 0 | 0 | 2 | 8 | 1 | 1 | 4 | 1 | 2 | 3 | 3 | 2 | 4 | 4 | 2 | 3 | 6 | 4 | 2 | 6 | 8 | 1 |  0 | 0 | 1 | 0 | 1 | 1 | 3 | 3 | 4 | 3 | 1 | 2 | 7 | 5 | 3 | 6 | 4 | 11 | 3 | 5 | 7 | 3 | 4 | 11 | 5 | 3 | 6 | 6 | 16 | 6 | 19 | 18 | 13 | 23 | 22 | 9 |
69 | Matsui, Yutaka | THE JOHNS HOPKINS UNIVERSITY. | 1986 | male | 2 | 4 | 2012 | 3 | 9 | 2016 | 0 | 0 | 0 | 1 | 0 | 1 | 0 | 2 | 0 | 0 | 0 | 0 | 1 | 0 | 0 | 0 | 0 | 0 | 0 | 0 | 0 | 0 | 0 | 0 | 0 | 0 | 0 | 0 | 0 | 0 | 0 | 1 | 0 | 0 | 0 | 0 |  0 | 0 | 1 | 1 | 0 | 1 | 1 | 4 | 0 | 0 | 1 | 0 | 1 | 0 | 0 | 0 | 0 | 0 | 0 | 0 | 0 | 0 | 0 | 0 | 0 | 0 | 0 | 0 | 0 | 0 | 0 | 1 | 0 | 0 | 0 | 1 |
70 | Truax, Ryland James | THE PENNSYLVANIA STATE UNIVERSITY. | 1986 | male | 1 | 1 | 1987 | 2 | 4 | 1995 | 0 | 0 | 0 | 0 | 0 | 1 | 1 | 0 | 0 | 0 | 0 | 0 | 0 | 0 | 0 | 0 | 0 | 0 | 0 | 0 | 0 | 0 | 0 | 0 | 0 | 0 | 0 | 0 | 0 | 0 | 0 | 0 | 0 | 0 | 0 | 0 |  1 | 0 | 0 | 0 | 0 | 1 | 1 | 0 | 0 | 0 | 1 | 1 | 0 | 0 | 1 | 0 | 0 | 0 | 0 | 0 | 0 | 0 | 0 | 0 | 0 | 0 | 0 | 0 | 0 | 0 | 0 | 0 | 0 | 0 | 0 | 0 |
71 | Wagener, Richard | STATE UNIVERSITY OF NEW YORK AT STONY BROOK. | 1986 | male | 5 | 1 | 1988 | 8 | 10 | 1993 | 0 | 0 | 0 | 0 | 2 | 3 | 0 | 1 | 0 | 0 | 0 | 0 | 0 | 0 | 0 | 0 | 0 | 0 | 0 | 0 | 0 | 0 | 0 | 0 | 0 | 0 | 0 | 0 | 0 | 0 | 0 | 0 | 0 | 0 | 0 | 0 |  0 | 0 | 1 | 0 | 3 | 4 | 0 | 2 | 2 | 1 | 4 | 0 | 1 | 0 | 0 | 0 | 0 | 0 | 0 | 0 | 0 | 0 | 0 | 0 | 0 | 0 | 0 | 0 | 0 | 0 | 0 | 0 | 0 | 0 | 0 | 0 |
72 | Yusef-Zadeh, Farhad | COLUMBIA UNIVERSITY. | 1986 | male | 5 | 73 | 2017 | 7 | 149 | 2017 | 0 | 0 | 0 | 2 | 0 | 3 | 4 | 1 | 1 | 3 | 1 | 1 | 2 | 1 | 3 | 2 | 2 | 3 | 3 | 2 | 1 | 2 | 4 | 1 | 4 | 2 | 3 | 2 | 2 | 3 | 1 | 4 | 6 | 1 | 4 | 2 |  0 | 0 | 0 | 2 | 2 | 3 | 5 | 1 | 8 | 3 | 1 | 7 | 5 | 1 | 4 | 4 | 2 | 7 | 3 | 4 | 1 | 4 | 5 | 5 | 9 | 8 | 3 | 10 | 9 | 4 | 6 | 5 | 6 | 5 | 5 | 7 |
73 | Zdziarski, Andrzej Antoni | HARVARD UNIVERSITY. | 1986 | male | 11 | 63 | 2016 | 11 | 279 | 2017 | 0 | 1 | 0 | 3 | 1 | 6 | 0 | 3 | 4 | 2 | 4 | 0 | 4 | 2 | 2 | 4 | 0 | 2 | 1 | 1 | 2 | 2 | 1 | 1 | 2 | 0 | 2 | 0 | 2 | 2 | 2 | 4 | 2 | 4 | 2 | 6 |  0 | 1 | 0 | 3 | 1 | 6 | 2 | 4 | 4 | 4 | 6 | 2 | 6 | 6 | 6 | 7 | 5 | 4 | 6 | 2 | 7 | 4 | 15 | 3 | 9 | 7 | 10 | 19 | 21 | 11 | 16 | 20 | 17 | 18 | 16 | 17 |
74 | Kawaler, Steven Daniel | THE UNIVERSITY OF TEXAS AT AUSTIN. | 1986 | male | 6 | 31 | 2012 | 7 | 154 | 2017 | 1 | 0 | 0 | 0 | 2 | 3 | 3 | 2 | 2 | 1 | 1 | 0 | 1 | 2 | 5 | 1 | 0 | 1 | 1 | 1 | 0 | 0 | 1 | 2 | 1 | 1 | 1 | 0 | 0 | 3 | 0 | 1 | 0 | 0 | 0 | 0 |  1 | 0 | 0 | 0 | 3 | 3 | 4 | 4 | 6 | 3 | 4 | 0 | 3 | 4 | 6 | 3 | 1 | 7 | 2 | 6 | 0 | 2 | 13 | 6 | 6 | 3 | 2 | 4 | 0 | 8 | 24 | 10 | 7 | 4 | 7 | 2 |
75 | Larosa, Theodore Nicholas | UNIVERSITY OF MARYLAND COLLEGE PARK. | 1986 | male | 2 | 7 | 1996 | 3 | 26 | 2006 | 0 | 0 | 0 | 0 | 1 | 1 | 0 | 2 | 1 | 0 | 0 | 1 | 1 | 1 | 0 | 1 | 0 | 0 | 0 | 0 | 0 | 0 | 0 | 0 | 0 | 0 | 0 | 0 | 0 | 0 | 0 | 0 | 0 | 0 | 0 | 0 |  0 | 0 | 0 | 0 | 1 | 2 | 0 | 2 | 1 | 0 | 0 | 1 | 2 | 1 | 1 | 2 | 2 | 1 | 2 | 2 | 1 | 1 | 1 | 2 | 2 | 2 | 0 | 0 | 0 | 0 | 0 | 0 | 0 | 0 | 0 | 0 |
76 | Wahlgren, Glenn Michael | THE OHIO STATE UNIVERSITY. | 1986 | male | 1 | 18 | 2011 | 2 | 79 | 2017 | 0 | 0 | 0 | 0 | 0 | 1 | 0 | 0 | 0 | 0 | 1 | 1 | 0 | 2 | 1 | 0 | 1 | 3 | 0 | 2 | 1 | 2 | 0 | 1 | 0 | 0 | 0 | 2 | 0 | 0 | 1 | 0 | 0 | 0 | 0 | 0 |  0 | 0 | 1 | 0 | 0 | 1 | 0 | 0 | 0 | 0 | 3 | 1 | 3 | 5 | 4 | 4 | 1 | 5 | 8 | 5 | 1 | 6 | 2 | 4 | 4 | 3 | 2 | 3 | 0 | 4 | 3 | 4 | 0 | 2 | 0 | 1 |
77 | Tompkins, Walter Hal | STANFORD UNIVERSITY. | 1986 | male | 1 | 0 | 1986 | 1 | 1 | 1996 | 0 | 0 | 0 | 0 | 0 | 1 | 0 | 0 | 0 | 0 | 0 | 0 | 0 | 0 | 0 | 0 | 0 | 0 | 0 | 0 | 0 | 0 | 0 | 0 | 0 | 0 | 0 | 0 | 0 | 0 | 0 | 0 | 0 | 0 | 0 | 0 |  0 | 0 | 0 | 0 | 0 | 1 | 0 | 0 | 0 | 0 | 0 | 0 | 0 | 0 | 0 | 1 | 0 | 0 | 0 | 0 | 0 | 0 | 0 | 0 | 0 | 0 | 0 | 0 | 0 | 0 | 0 | 0 | 0 | 0 | 0 | 0 |
78 | Prakash, Maneesha | NORTHWESTERN UNIVERSITY. | 1986 | female | 2 | 14 | 2007 | 2 | 34 | 2008 | 0 | 0 | 0 | 0 | 1 | 1 | 1 | 1 | 0 | 0 | 0 | 0 | 0 | 1 | 2 | 1 | 1 | 1 | 1 | 0 | 1 | 1 | 2 | 0 | 0 | 0 | 1 | 0 | 0 | 0 | 0 | 0 | 0 | 0 | 0 | 0 |  0 | 0 | 0 | 0 | 1 | 1 | 2 | 1 | 0 | 0 | 0 | 0 | 0 | 1 | 4 | 1 | 1 | 1 | 2 | 4 | 6 | 3 | 2 | 3 | 1 | 0 | 1 | 1 | 0 | 0 | 0 | 0 | 0 | 0 | 0 | 0 |
79 | Sykes, Mark Vincent | THE UNIVERSITY OF ARIZONA. | 1986 | male | 5 | 27 | 2010 | 8 | 80 | 2016 | 0 | 0 | 0 | 0 | 0 | 5 | 1 | 2 | 1 | 2 | 1 | 1 | 5 | 0 | 0 | 0 | 2 | 0 | 1 | 2 | 1 | 0 | 0 | 1 | 2 | 4 | 0 | 0 | 0 | 1 | 0 | 0 | 0 | 0 | 0 | 0 |  0 | 0 | 0 | 1 | 1 | 6 | 2 | 2 | 2 | 3 | 1 | 1 | 6 | 0 | 2 | 4 | 5 | 0 | 2 | 3 | 2 | 1 | 0 | 2 | 3 | 11 | 6 | 2 | 2 | 4 | 3 | 1 | 2 | 2 | 2 | 4 |
80 | Romani, P. N. | Michigan Univ., Ann Arbor. | 1986 | None | 2 | 6 | 2008 | 3 | 53 | 2016 | 0 | 0 | 0 | 0 | 0 | 2 | 0 | 1 | 2 | 0 | 0 | 0 | 1 | 0 | 0 | 1 | 0 | 0 | 0 | 0 | 0 | 0 | 0 | 0 | 0 | 0 | 0 | 1 | 0 | 0 | 0 | 0 | 0 | 0 | 0 | 0 |  0 | 0 | 0 | 0 | 0 | 3 | 2 | 1 | 4 | 1 | 2 | 2 | 2 | 1 | 1 | 1 | 0 | 2 | 2 | 0 | 0 | 0 | 1 | 4 | 3 | 2 | 3 | 5 | 3 | 3 | 1 | 4 | 1 | 0 | 1 | 1 |
81 | Schneider, Stephen Ewing | CORNELL UNIVERSITY. | 1986 | male | 8 | 12 | 2000 | 9 | 62 | 2016 | 0 | 0 | 3 | 1 | 1 | 3 | 1 | 0 | 2 | 1 | 0 | 2 | 2 | 0 | 0 | 1 | 1 | 1 | 0 | 1 | 0 | 0 | 0 | 0 | 0 | 0 | 0 | 0 | 0 | 0 | 0 | 0 | 0 | 0 | 0 | 0 |  0 | 0 | 3 | 1 | 1 | 4 | 2 | 0 | 5 | 3 | 1 | 4 | 2 | 2 | 1 | 3 | 3 | 2 | 0 | 5 | 2 | 2 | 6 | 1 | 2 | 2 | 0 | 3 | 3 | 2 | 1 | 1 | 0 | 2 | 0 | 2 |
82 | Moody, Joseph Ward | THE UNIVERSITY OF MICHIGAN. | 1986 | male | 1 | 7 | 2017 | 3 | 41 | 2017 | 0 | 0 | 0 | 0 | 0 | 1 | 1 | 2 | 0 | 0 | 0 | 0 | 0 | 0 | 1 | 0 | 1 | 0 | 0 | 0 | 0 | 0 | 0 | 0 | 0 | 0 | 0 | 0 | 0 | 0 | 0 | 1 | 0 | 0 | 0 | 0 |  0 | 0 | 0 | 0 | 0 | 3 | 2 | 5 | 0 | 0 | 0 | 0 | 0 | 1 | 3 | 0 | 6 | 0 | 1 | 4 | 1 | 1 | 1 | 1 | 2 | 0 | 0 | 0 | 0 | 0 | 4 | 1 | 1 | 0 | 3 | 2 |
83 | Newport, Brian John | CALIFORNIA INSTITUTE OF TECHNOLOGY. | 1986 | male | 3 | 0 | 1986 | 12 | 55 | 2001 | 0 | 0 | 0 | 0 | 2 | 1 | 0 | 0 | 0 | 0 | 0 | 0 | 0 | 0 | 0 | 0 | 0 | 0 | 0 | 0 | 0 | 0 | 0 | 0 | 0 | 0 | 0 | 0 | 0 | 0 | 0 | 0 | 0 | 0 | 0 | 0 |  0 | 0 | 6 | 0 | 5 | 1 | 1 | 0 | 1 | 1 | 11 | 1 | 10 | 2 | 12 | 2 | 6 | 1 | 3 | 2 | 2 | 0 | 0 | 0 | 0 | 0 | 0 | 0 | 0 | 0 | 0 | 0 | 0 | 0 | 0 | 0 |
84 | Postman, J. Marc | HARVARD UNIVERSITY. | 1986 | male | 1 | 0 | 1986 | 1 | 0 | 1986 | 0 | 0 | 0 | 0 | 0 | 1 | 0 | 0 | 0 | 0 | 0 | 0 | 0 | 0 | 0 | 0 | 0 | 0 | 0 | 0 | 0 | 0 | 0 | 0 | 0 | 0 | 0 | 0 | 0 | 0 | 0 | 0 | 0 | 0 | 0 | 0 |  0 | 0 | 0 | 0 | 0 | 1 | 0 | 0 | 0 | 0 | 0 | 0 | 0 | 0 | 0 | 0 | 0 | 0 | 0 | 0 | 0 | 0 | 0 | 0 | 0 | 0 | 0 | 0 | 0 | 0 | 0 | 0 | 0 | 0 | 0 | 0 |
85 | Rusk, Edwin T. | UNIVERSITY OF FLORIDA. | 1986 | male | 1 | 3 | 1988 | 2 | 8 | 1990 | 0 | 0 | 0 | 0 | 0 | 1 | 1 | 2 | 0 | 0 | 0 | 0 | 0 | 0 | 0 | 0 | 0 | 0 | 0 | 0 | 0 | 0 | 0 | 0 | 0 | 0 | 0 | 0 | 0 | 0 | 0 | 0 | 0 | 0 | 0 | 0 |  0 | 0 | 0 | 0 | 1 | 1 | 4 | 2 | 0 | 2 | 0 | 0 | 0 | 0 | 0 | 0 | 0 | 0 | 0 | 0 | 0 | 0 | 0 | 0 | 0 | 0 | 0 | 0 | 0 | 0 | 0 | 0 | 0 | 0 | 0 | 0 |
86 | Teays, Terry John | THE UNIVERSITY OF NEBRASKA - LINCOLN. | 1986 | male | 2 | 2 | 1989 | 5 | 8 | 1996 | 0 | 0 | 0 | 0 | 1 | 1 | 1 | 0 | 1 | 0 | 0 | 0 | 0 | 0 | 0 | 0 | 0 | 0 | 0 | 0 | 0 | 0 | 0 | 0 | 0 | 0 | 0 | 0 | 0 | 0 | 0 | 0 | 0 | 0 | 0 | 0 |  1 | 1 | 1 | 0 | 1 | 1 | 1 | 0 | 1 | 1 | 1 | 0 | 0 | 1 | 1 | 2 | 0 | 0 | 0 | 0 | 0 | 0 | 0 | 0 | 0 | 0 | 0 | 0 | 0 | 0 | 0 | 0 | 0 | 0 | 0 | 0 |
87 | Swindle, Timothy Dale | WASHINGTON UNIVERSITY. | 1986 | male | 7 | 28 | 2009 | 17 | 80 | 2016 | 0 | 0 | 1 | 1 | 2 | 3 | 0 | 1 | 1 | 1 | 4 | 2 | 2 | 1 | 2 | 0 | 2 | 3 | 1 | 2 | 0 | 0 | 0 | 2 | 1 | 1 | 0 | 0 | 2 | 0 | 0 | 0 | 0 | 0 | 0 | 0 |  0 | 4 | 4 | 2 | 4 | 3 | 1 | 3 | 2 | 2 | 5 | 3 | 3 | 4 | 4 | 1 | 2 | 6 | 4 | 3 | 3 | 3 | 1 | 5 | 2 | 2 | 1 | 1 | 5 | 3 | 2 | 4 | 1 | 1 | 2 | 1 |
88 | Bushouse, Howard Alan | UNIVERSITY OF ILLINOIS AT URBANA-CHAMPAIGN. | 1986 | male | 4 | 6 | 2002 | 6 | 37 | 2016 | 0 | 0 | 0 | 1 | 1 | 2 | 1 | 1 | 0 | 1 | 0 | 1 | 0 | 0 | 0 | 0 | 0 | 1 | 0 | 0 | 0 | 1 | 0 | 0 | 0 | 0 | 0 | 0 | 0 | 0 | 0 | 0 | 0 | 0 | 0 | 0 |  0 | 0 | 1 | 2 | 1 | 2 | 1 | 3 | 2 | 1 | 1 | 1 | 0 | 0 | 1 | 0 | 0 | 1 | 4 | 1 | 2 | 1 | 0 | 2 | 0 | 1 | 0 | 0 | 1 | 2 | 1 | 4 | 2 | 1 | 2 | 2 |
89 | Colgan, Sean W. J. | CORNELL UNIVERSITY. | 1986 | male | 3 | 9 | 2007 | 3 | 44 | 2016 | 0 | 0 | 0 | 0 | 0 | 3 | 0 | 2 | 1 | 1 | 1 | 0 | 1 | 1 | 0 | 1 | 0 | 0 | 0 | 0 | 0 | 0 | 0 | 0 | 0 | 0 | 1 | 0 | 0 | 0 | 0 | 0 | 0 | 0 | 0 | 0 |  0 | 0 | 0 | 0 | 0 | 3 | 0 | 3 | 2 | 2 | 2 | 0 | 1 | 4 | 1 | 6 | 3 | 2 | 2 | 2 | 1 | 1 | 0 | 1 | 1 | 1 | 3 | 1 | 1 | 0 | 1 | 1 | 1 | 0 | 0 | 1 |
90 | Deluca, Edward Ernst | UNIVERSITY OF COLORADO AT BOULDER. | 1986 | male | 4 | 4 | 1993 | 6 | 106 | 2016 | 1 | 0 | 0 | 0 | 0 | 3 | 0 | 1 | 0 | 1 | 0 | 1 | 1 | 0 | 0 | 0 | 0 | 0 | 0 | 0 | 0 | 0 | 0 | 0 | 0 | 0 | 0 | 0 | 0 | 0 | 0 | 0 | 0 | 0 | 0 | 0 |  1 | 0 | 0 | 1 | 0 | 4 | 0 | 1 | 1 | 1 | 1 | 1 | 2 | 0 | 2 | 0 | 1 | 1 | 6 | 5 | 5 | 4 | 2 | 3 | 2 | 2 | 14 | 4 | 5 | 5 | 7 | 6 | 5 | 9 | 8 | 3 |
91 | England, Martin Nicholas | UNIVERSITY OF FLORIDA. | 1986 | male | 1 | 6 | 2000 | 1 | 13 | 2000 | 0 | 0 | 0 | 0 | 0 | 1 | 0 | 0 | 2 | 2 | 0 | 0 | 0 | 0 | 1 | 0 | 0 | 0 | 0 | 1 | 0 | 0 | 0 | 0 | 0 | 0 | 0 | 0 | 0 | 0 | 0 | 0 | 0 | 0 | 0 | 0 |  0 | 0 | 0 | 0 | 0 | 1 | 0 | 1 | 3 | 2 | 0 | 0 | 0 | 1 | 2 | 3 | 0 | 0 | 0 | 1 | 0 | 0 | 0 | 0 | 0 | 0 | 0 | 0 | 0 | 0 | 0 | 0 | 0 | 0 | 0 | 0 |
92 | Hairston, Marc Rotan | RICE UNIVERSITY. | 1986 | male | 3 | 9 | 2016 | 3 | 107 | 2017 | 0 | 0 | 0 | 0 | 1 | 2 | 0 | 0 | 0 | 1 | 0 | 0 | 0 | 0 | 1 | 0 | 0 | 1 | 1 | 0 | 0 | 0 | 1 | 0 | 1 | 0 | 0 | 0 | 0 | 1 | 0 | 0 | 1 | 0 | 0 | 1 |  0 | 0 | 0 | 0 | 1 | 2 | 0 | 0 | 1 | 1 | 0 | 2 | 2 | 3 | 2 | 0 | 2 | 4 | 6 | 6 | 1 | 5 | 7 | 5 | 7 | 4 | 2 | 5 | 5 | 9 | 3 | 2 | 6 | 4 | 5 | 7 |
93 | Jung, Gregory Victor | UNIVERSITY OF CALIFORNIA, SAN DIEGO. | 1986 | male | 1 | 2 | 1995 | 3 | 38 | 2013 | 0 | 0 | 0 | 0 | 0 | 1 | 0 | 0 | 1 | 0 | 0 | 0 | 0 | 0 | 1 | 0 | 0 | 0 | 0 | 0 | 0 | 0 | 0 | 0 | 0 | 0 | 0 | 0 | 0 | 0 | 0 | 0 | 0 | 0 | 0 | 0 |  0 | 0 | 0 | 0 | 2 | 1 | 0 | 0 | 1 | 0 | 1 | 1 | 4 | 5 | 11 | 9 | 3 | 1 | 1 | 0 | 0 | 0 | 0 | 0 | 0 | 0 | 0 | 0 | 0 | 0 | 0 | 0 | 1 | 0 | 0 | 0 |
94 | Kerr, Robert Bruce | Michigan Univ., Ann Arbor. | 1986 | male | 4 | 7 | 2001 | 8 | 29 | 2017 | 0 | 0 | 0 | 0 | 1 | 3 | 1 | 1 | 1 | 0 | 0 | 0 | 0 | 0 | 0 | 2 | 0 | 0 | 0 | 0 | 2 | 0 | 0 | 0 | 0 | 0 | 0 | 0 | 0 | 0 | 0 | 0 | 0 | 0 | 0 | 0 |  0 | 1 | 0 | 1 | 3 | 3 | 2 | 1 | 2 | 0 | 0 | 0 | 1 | 2 | 0 | 2 | 1 | 1 | 0 | 1 | 2 | 0 | 0 | 1 | 1 | 0 | 0 | 1 | 0 | 0 | 1 | 0 | 0 | 3 | 5 | 1 |
95 | Lee, Hyung Mok | PRINCETON UNIVERSITY. | 1986 | male | 9 | 43 | 2015 | 12 | 245 | 2017 | 2 | 1 | 0 | 0 | 3 | 3 | 3 | 1 | 0 | 2 | 3 | 3 | 1 | 1 | 2 | 7 | 1 | 2 | 1 | 0 | 1 | 0 | 2 | 2 | 2 | 1 | 3 | 0 | 1 | 0 | 1 | 1 | 0 | 1 | 1 | 0 |  2 | 1 | 1 | 1 | 3 | 4 | 4 | 1 | 2 | 4 | 4 | 4 | 2 | 1 | 3 | 11 | 4 | 3 | 6 | 4 | 5 | 3 | 7 | 8 | 5 | 3 | 15 | 8 | 4 | 15 | 7 | 23 | 10 | 21 | 15 | 28 |
96 | Noriega-Crespo, Alberto | UNIVERSITY OF CALIFORNIA, SANTA CRUZ. | 1986 | male | 1 | 21 | 2014 | 2 | 193 | 2017 | 0 | 0 | 0 | 0 | 0 | 1 | 0 | 0 | 2 | 1 | 1 | 0 | 1 | 2 | 1 | 1 | 3 | 1 | 0 | 0 | 1 | 1 | 1 | 2 | 0 | 0 | 0 | 0 | 0 | 0 | 1 | 1 | 0 | 1 | 0 | 0 |  0 | 0 | 0 | 0 | 0 | 2 | 0 | 0 | 2 | 1 | 2 | 4 | 4 | 6 | 4 | 6 | 7 | 6 | 1 | 6 | 4 | 8 | 2 | 19 | 4 | 6 | 8 | 5 | 6 | 19 | 18 | 11 | 8 | 11 | 6 | 5 |
97 | Rawley, Lloyd Alexander | PRINCETON UNIVERSITY. | 1986 | male | 2 | 2 | 1988 | 6 | 7 | 1996 | 0 | 0 | 0 | 0 | 0 | 2 | 1 | 1 | 0 | 0 | 0 | 0 | 0 | 0 | 0 | 0 | 0 | 0 | 0 | 0 | 0 | 0 | 0 | 0 | 0 | 0 | 0 | 0 | 0 | 0 | 0 | 0 | 0 | 0 | 0 | 0 |  0 | 0 | 0 | 0 | 0 | 6 | 2 | 1 | 0 | 0 | 0 | 0 | 0 | 0 | 1 | 3 | 0 | 0 | 0 | 0 | 0 | 0 | 0 | 0 | 0 | 0 | 0 | 0 | 0 | 0 | 0 | 0 | 0 | 0 | 0 | 0 |
98 | Smith, Paul Sidney | THE UNIVERSITY OF NEW MEXICO. | 1986 | male | 3 | 20 | 2016 | 8 | 188 | 2017 | 0 | 0 | 0 | 0 | 1 | 2 | 1 | 3 | 0 | 0 | 2 | 1 | 2 | 1 | 1 | 0 | 1 | 1 | 0 | 1 | 0 | 1 | 1 | 0 | 1 | 1 | 1 | 0 | 0 | 0 | 0 | 0 | 0 | 0 | 0 | 1 |  0 | 1 | 0 | 3 | 1 | 3 | 1 | 5 | 2 | 0 | 5 | 2 | 7 | 6 | 11 | 8 | 5 | 4 | 4 | 5 | 4 | 5 | 5 | 7 | 14 | 12 | 8 | 14 | 7 | 5 | 5 | 4 | 7 | 2 | 10 | 10 |
99 | Wolff, Michael Thomas | INDIANA UNIVERSITY. | 1986 | male | 2 | 11 | 2016 | 3 | 98 | 2017 | 1 | 0 | 0 | 0 | 0 | 1 | 1 | 0 | 1 | 0 | 1 | 0 | 0 | 0 | 0 | 0 | 0 | 0 | 1 | 1 | 0 | 1 | 0 | 0 | 1 | 0 | 1 | 0 | 1 | 0 | 0 | 0 | 0 | 0 | 1 | 1 |  1 | 0 | 0 | 1 | 0 | 1 | 1 | 0 | 1 | 1 | 3 | 1 | 2 | 1 | 0 | 1 | 1 | 0 | 1 | 4 | 4 | 2 | 2 | 2 | 5 | 4 | 5 | 3 | 5 | 5 | 6 | 4 | 11 | 9 | 8 | 4 |
100 | Zuber, Maria Theresa | Brown Univ., Providence, RI. | 1986 | female | 6 | 35 | 2016 | 9 | 257 | 2017 | 0 | 0 | 0 | 3 | 0 | 3 | 2 | 0 | 0 | 3 | 0 | 2 | 0 | 1 | 2 | 0 | 3 | 2 | 1 | 2 | 1 | 0 | 1 | 0 | 0 | 0 | 4 | 1 | 0 | 2 | 2 | 2 | 3 | 0 | 0 | 1 |  1 | 0 | 0 | 4 | 1 | 3 | 2 | 0 | 0 | 3 | 1 | 2 | 1 | 6 | 6 | 2 | 6 | 8 | 3 | 8 | 16 | 9 | 7 | 7 | 4 | 7 | 16 | 11 | 7 | 10 | 15 | 19 | 21 | 21 | 13 | 15 |
101 | Bennett, David Paul | STANFORD UNIVERSITY. | 1986 | male | 5 | 28 | 2016 | 5 | 211 | 2017 | 0 | 0 | 0 | 0 | 1 | 4 | 0 | 3 | 2 | 2 | 1 | 1 | 1 | 0 | 0 | 2 | 0 | 2 | 1 | 0 | 0 | 2 | 0 | 0 | 2 | 1 | 1 | 1 | 0 | 2 | 0 | 1 | 0 | 1 | 1 | 1 |  0 | 0 | 0 | 0 | 1 | 4 | 0 | 4 | 2 | 5 | 3 | 2 | 2 | 1 | 7 | 11 | 11 | 7 | 8 | 9 | 10 | 5 | 3 | 6 | 7 | 5 | 2 | 4 | 8 | 10 | 12 | 14 | 12 | 11 | 12 | 14 |
102 | Moses, Stewart Lee | UNIVERSITY OF CALIFORNIA, LOS ANGELES. | 1986 | male | 4 | 11 | 1992 | 4 | 28 | 2004 | 0 | 0 | 0 | 1 | 2 | 1 | 1 | 3 | 1 | 1 | 4 | 1 | 0 | 0 | 0 | 0 | 0 | 0 | 0 | 0 | 0 | 0 | 0 | 0 | 0 | 0 | 0 | 0 | 0 | 0 | 0 | 0 | 0 | 0 | 0 | 0 |  0 | 0 | 0 | 1 | 2 | 1 | 2 | 3 | 3 | 2 | 6 | 3 | 2 | 3 | 1 | 0 | 0 | 0 | 1 | 0 | 0 | 0 | 1 | 1 | 0 | 0 | 0 | 0 | 0 | 0 | 0 | 0 | 0 | 0 | 0 | 0 |
103 | Harada, Hisashi | COLUMBIA UNIVERSITY. | 1986 | male | 1 | 0 | 1986 | 1 | 4 | 2009 | 0 | 0 | 0 | 0 | 0 | 1 | 0 | 0 | 0 | 0 | 0 | 0 | 0 | 0 | 0 | 0 | 0 | 0 | 0 | 0 | 0 | 0 | 0 | 0 | 0 | 0 | 0 | 0 | 0 | 0 | 0 | 0 | 0 | 0 | 0 | 0 |  0 | 0 | 0 | 0 | 0 | 1 | 0 | 0 | 0 | 0 | 0 | 0 | 0 | 1 | 0 | 0 | 0 | 0 | 0 | 1 | 0 | 0 | 0 | 0 | 0 | 0 | 0 | 0 | 2 | 0 | 0 | 0 | 0 | 0 | 0 | 0 |
104 | Bowman, Steven Randy | UNIVERSITY OF MARYLAND COLLEGE PARK. | 1986 | male | 1 | 0 | 1986 | 1 | 0 | 1986 | 0 | 0 | 0 | 0 | 0 | 1 | 0 | 0 | 0 | 0 | 0 | 0 | 0 | 0 | 0 | 0 | 0 | 0 | 0 | 0 | 0 | 0 | 0 | 0 | 0 | 0 | 0 | 0 | 0 | 0 | 0 | 0 | 0 | 0 | 0 | 0 |  0 | 0 | 0 | 0 | 0 | 1 | 0 | 0 | 0 | 0 | 0 | 0 | 0 | 0 | 0 | 0 | 0 | 0 | 0 | 0 | 0 | 0 | 0 | 0 | 0 | 0 | 0 | 0 | 0 | 0 | 0 | 0 | 0 | 0 | 0 | 0 |
105 | Davis, Richard Lynn | STANFORD UNIVERSITY. | 1986 | male | 5 | 16 | 2010 | 7 | 52 | 2015 | 0 | 0 | 2 | 0 | 2 | 1 | 5 | 2 | 3 | 2 | 1 | 1 | 1 | 0 | 0 | 0 | 0 | 0 | 0 | 0 | 0 | 0 | 0 | 0 | 0 | 0 | 0 | 0 | 0 | 1 | 0 | 0 | 0 | 0 | 0 | 0 |  1 | 0 | 2 | 0 | 3 | 1 | 5 | 2 | 3 | 3 | 4 | 3 | 5 | 3 | 3 | 0 | 1 | 0 | 3 | 0 | 0 | 1 | 0 | 0 | 0 | 0 | 1 | 0 | 6 | 2 | 1 | 2 | 2 | 1 | 1 | 0 |
106 | Freischlad, Klaus Reinhard | THE UNIVERSITY OF ARIZONA. | 1986 | male | 1 | 0 | 1986 | 3 | 0 | 1986 | 0 | 0 | 0 | 0 | 0 | 1 | 0 | 0 | 0 | 0 | 0 | 0 | 0 | 0 | 0 | 0 | 0 | 0 | 0 | 0 | 0 | 0 | 0 | 0 | 0 | 0 | 0 | 0 | 0 | 0 | 0 | 0 | 0 | 0 | 0 | 0 |  2 | 0 | 0 | 0 | 0 | 1 | 0 | 0 | 0 | 0 | 0 | 0 | 0 | 0 | 0 | 0 | 0 | 0 | 0 | 0 | 0 | 0 | 0 | 0 | 0 | 0 | 0 | 0 | 0 | 0 | 0 | 0 | 0 | 0 | 0 | 0 |
107 | Stepinski, Tomasz Franciszek | THE UNIVERSITY OF ARIZONA. | 1986 | male | 1 | 22 | 2009 | 1 | 46 | 2017 | 0 | 0 | 0 | 0 | 0 | 1 | 0 | 1 | 0 | 2 | 3 | 1 | 1 | 0 | 1 | 1 | 1 | 2 | 0 | 2 | 1 | 1 | 0 | 3 | 1 | 0 | 0 | 0 | 1 | 0 | 0 | 0 | 0 | 0 | 0 | 0 |  0 | 0 | 0 | 0 | 0 | 1 | 0 | 2 | 1 | 2 | 3 | 2 | 1 | 1 | 3 | 2 | 2 | 2 | 1 | 2 | 2 | 2 | 0 | 4 | 2 | 2 | 1 | 0 | 3 | 2 | 0 | 2 | 0 | 0 | 0 | 1 |
108 | Wang, Jia-Zhu | NEW YORK UNIVERSITY. | 1986 | female | 4 | 79 | 2017 | 7 | 304 | 2017 | 0 | 0 | 2 | 0 | 0 | 2 | 1 | 1 | 0 | 0 | 1 | 3 | 2 | 0 | 0 | 4 | 2 | 4 | 0 | 2 | 2 | 1 | 1 | 2 | 2 | 2 | 1 | 3 | 5 | 4 | 10 | 7 | 4 | 5 | 4 | 4 |  0 | 0 | 2 | 1 | 2 | 2 | 4 | 1 | 1 | 2 | 2 | 4 | 3 | 2 | 3 | 4 | 5 | 7 | 3 | 12 | 19 | 10 | 18 | 6 | 16 | 10 | 12 | 8 | 16 | 15 | 24 | 19 | 13 | 20 | 20 | 14 |
109 | Worstell, William Alan | HARVARD UNIVERSITY. | 1986 | male | 1 | 0 | 1986 | 1 | 23 | 2016 | 0 | 0 | 0 | 0 | 0 | 1 | 0 | 0 | 0 | 0 | 0 | 0 | 0 | 0 | 0 | 0 | 0 | 0 | 0 | 0 | 0 | 0 | 0 | 0 | 0 | 0 | 0 | 0 | 0 | 0 | 0 | 0 | 0 | 0 | 0 | 0 |  0 | 0 | 0 | 0 | 0 | 1 | 0 | 2 | 0 | 10 | 0 | 6 | 1 | 3 | 0 | 0 | 0 | 0 | 0 | 0 | 0 | 0 | 0 | 0 | 0 | 0 | 0 | 0 | 0 | 0 | 0 | 0 | 0 | 0 | 0 | 1 |
110 | Feldstein, Steven Brian | THE PENNSYLVANIA STATE UNIVERSITY. | 1986 | male | 1 | 2 | 2006 | 1 | 5 | 2016 | 0 | 0 | 0 | 0 | 0 | 1 | 0 | 1 | 0 | 0 | 0 | 0 | 0 | 0 | 0 | 0 | 0 | 0 | 0 | 0 | 0 | 0 | 0 | 0 | 0 | 1 | 0 | 0 | 0 | 0 | 0 | 0 | 0 | 0 | 0 | 0 |  0 | 0 | 0 | 0 | 0 | 1 | 0 | 1 | 0 | 0 | 0 | 0 | 0 | 0 | 0 | 0 | 0 | 0 | 0 | 0 | 0 | 0 | 0 | 0 | 0 | 1 | 0 | 0 | 0 | 0 | 1 | 1 | 0 | 0 | 0 | 1 |
111 | Nikolic, Miroslav | UNIVERSITY OF MINNESOTA. | 1986 | male | 1 | 0 | 1986 | 2 | 1 | 2008 | 0 | 0 | 0 | 0 | 0 | 1 | 0 | 0 | 0 | 0 | 0 | 0 | 0 | 0 | 0 | 0 | 0 | 0 | 0 | 0 | 0 | 0 | 0 | 0 | 0 | 0 | 0 | 0 | 0 | 0 | 0 | 0 | 0 | 0 | 0 | 0 |  0 | 0 | 0 | 0 | 0 | 2 | 0 | 0 | 0 | 0 | 0 | 0 | 0 | 0 | 0 | 0 | 0 | 0 | 0 | 0 | 0 | 0 | 0 | 0 | 0 | 0 | 0 | 1 | 0 | 0 | 0 | 0 | 0 | 0 | 0 | 0 |
112 | Jordan, Richard David | THE UNIVERSITY OF TEXAS AT AUSTIN. | 1986 | male | 2 | 3 | 2009 | 3 | 5 | 2009 | 0 | 0 | 0 | 0 | 0 | 2 | 2 | 0 | 0 | 0 | 0 | 0 | 0 | 0 | 0 | 0 | 0 | 0 | 0 | 0 | 0 | 0 | 0 | 0 | 0 | 0 | 0 | 0 | 1 | 0 | 0 | 0 | 0 | 0 | 0 | 0 |  0 | 0 | 0 | 1 | 0 | 2 | 2 | 0 | 0 | 0 | 0 | 0 | 0 | 0 | 0 | 0 | 0 | 0 | 0 | 0 | 0 | 0 | 0 | 0 | 0 | 0 | 0 | 0 | 3 | 0 | 0 | 0 | 0 | 0 | 0 | 0 |
113 | Bronfman Aguilo, Leonardo | COLUMBIA UNIVERSITY. | 1986 | male | 1 | 0 | 1986 | 1 | 0 | 1986 | 0 | 0 | 0 | 0 | 0 | 1 | 0 | 0 | 0 | 0 | 0 | 0 | 0 | 0 | 0 | 0 | 0 | 0 | 0 | 0 | 0 | 0 | 0 | 0 | 0 | 0 | 0 | 0 | 0 | 0 | 0 | 0 | 0 | 0 | 0 | 0 |  0 | 0 | 0 | 0 | 0 | 1 | 0 | 0 | 0 | 0 | 0 | 0 | 0 | 0 | 0 | 0 | 0 | 0 | 0 | 0 | 0 | 0 | 0 | 0 | 0 | 0 | 0 | 0 | 0 | 0 | 0 | 0 | 0 | 0 | 0 | 0 |
114 | Harris, Andrew Irwin | UNIVERSITY OF CALIFORNIA, BERKELEY. | 1986 | male | 3 | 18 | 2012 | 7 | 102 | 2017 | 0 | 0 | 1 | 0 | 1 | 1 | 2 | 2 | 1 | 0 | 2 | 0 | 0 | 1 | 1 | 0 | 1 | 0 | 0 | 0 | 1 | 0 | 0 | 0 | 1 | 0 | 2 | 0 | 0 | 2 | 0 | 2 | 0 | 0 | 0 | 0 |  1 | 1 | 1 | 0 | 3 | 1 | 4 | 6 | 3 | 4 | 4 | 2 | 7 | 6 | 6 | 0 | 2 | 0 | 0 | 0 | 2 | 1 | 3 | 0 | 1 | 2 | 3 | 0 | 1 | 14 | 7 | 8 | 9 | 3 | 2 | 1 |
115 | Johnson, David Geoffrey | PRINCETON UNIVERSITY. | 1986 | male | 1 | 7 | 1999 | 3 | 29 | 2014 | 0 | 0 | 0 | 0 | 0 | 1 | 1 | 0 | 0 | 0 | 0 | 0 | 0 | 0 | 4 | 1 | 0 | 0 | 1 | 0 | 0 | 0 | 0 | 0 | 0 | 0 | 0 | 0 | 0 | 0 | 0 | 0 | 0 | 0 | 0 | 0 |  2 | 0 | 0 | 0 | 0 | 1 | 1 | 0 | 1 | 0 | 4 | 1 | 0 | 3 | 5 | 2 | 0 | 1 | 2 | 0 | 2 | 0 | 1 | 1 | 0 | 3 | 1 | 0 | 0 | 0 | 0 | 0 | 0 | 1 | 0 | 0 |
116 | Sekiguchi, Kazuhiro | NEW MEXICO STATE UNIVERSITY. | 1986 | male | 1 | 20 | 1995 | 3 | 144 | 2017 | 0 | 0 | 0 | 0 | 0 | 1 | 4 | 3 | 4 | 3 | 1 | 2 | 1 | 1 | 1 | 0 | 0 | 0 | 0 | 0 | 0 | 0 | 0 | 0 | 0 | 0 | 0 | 0 | 0 | 0 | 0 | 0 | 0 | 0 | 0 | 0 |  0 | 0 | 0 | 0 | 0 | 3 | 6 | 6 | 7 | 4 | 2 | 4 | 3 | 5 | 8 | 0 | 3 | 1 | 2 | 7 | 5 | 8 | 16 | 5 | 6 | 9 | 8 | 10 | 2 | 2 | 2 | 1 | 1 | 1 | 6 | 3 |
117 | Snowden, Steven Lee | THE UNIVERSITY OF WISCONSIN - MADISON. | 1986 | male | 1 | 29 | 2015 | 2 | 109 | 2017 | 0 | 0 | 0 | 0 | 0 | 1 | 0 | 0 | 1 | 3 | 1 | 1 | 3 | 3 | 3 | 0 | 1 | 3 | 0 | 1 | 2 | 0 | 0 | 1 | 0 | 0 | 0 | 1 | 2 | 0 | 0 | 0 | 0 | 1 | 2 | 0 |  0 | 0 | 0 | 0 | 0 | 2 | 0 | 0 | 1 | 5 | 5 | 3 | 4 | 3 | 5 | 7 | 7 | 10 | 5 | 4 | 8 | 1 | 3 | 3 | 1 | 1 | 1 | 4 | 5 | 3 | 1 | 5 | 1 | 4 | 3 | 4 |
118 | Simkins, Richard David | THE PENNSYLVANIA STATE UNIVERSITY. | 1986 | male | 1 | 0 | 1986 | 1 | 0 | 1986 | 0 | 0 | 0 | 0 | 0 | 1 | 0 | 0 | 0 | 0 | 0 | 0 | 0 | 0 | 0 | 0 | 0 | 0 | 0 | 0 | 0 | 0 | 0 | 0 | 0 | 0 | 0 | 0 | 0 | 0 | 0 | 0 | 0 | 0 | 0 | 0 |  0 | 0 | 0 | 0 | 0 | 1 | 0 | 0 | 0 | 0 | 0 | 0 | 0 | 0 | 0 | 0 | 0 | 0 | 0 | 0 | 0 | 0 | 0 | 0 | 0 | 0 | 0 | 0 | 0 | 0 | 0 | 0 | 0 | 0 | 0 | 0 |
119 | Ruden, Steven Phillips | UNIVERSITY OF CALIFORNIA, SANTA CRUZ. | 1986 | male | 2 | 5 | 2004 | 3 | 13 | 2004 | 0 | 0 | 0 | 0 | 0 | 2 | 0 | 1 | 0 | 1 | 1 | 0 | 0 | 0 | 1 | 0 | 0 | 0 | 0 | 0 | 0 | 0 | 0 | 1 | 0 | 0 | 0 | 0 | 0 | 0 | 0 | 0 | 0 | 0 | 0 | 0 |  0 | 0 | 1 | 0 | 0 | 2 | 1 | 2 | 1 | 2 | 3 | 0 | 0 | 2 | 1 | 0 | 0 | 0 | 0 | 0 | 0 | 0 | 0 | 1 | 0 | 0 | 0 | 0 | 0 | 0 | 0 | 0 | 0 | 0 | 0 | 0 |
120 | Davidson, Jacqueline Anne | THE UNIVERSITY OF CHICAGO. | 1986 | female | 2 | 8 | 2014 | 5 | 39 | 2014 | 0 | 0 | 0 | 1 | 0 | 1 | 1 | 1 | 0 | 2 | 0 | 1 | 0 | 0 | 0 | 0 | 0 | 0 | 1 | 0 | 0 | 0 | 0 | 0 | 0 | 0 | 0 | 0 | 0 | 0 | 1 | 0 | 0 | 1 | 0 | 0 |  0 | 0 | 1 | 3 | 0 | 1 | 1 | 2 | 2 | 4 | 3 | 2 | 2 | 0 | 0 | 1 | 0 | 0 | 1 | 4 | 0 | 1 | 2 | 0 | 2 | 0 | 1 | 2 | 1 | 2 | 1 | 2 | 2 | 1 | 0 | 0 |
121 | Dewey, Daniel | MASSACHUSETTS INSTITUTE OF TECHNOLOGY. | 1986 | male | 1 | 4 | 2012 | 1 | 25 | 2015 | 0 | 0 | 0 | 0 | 0 | 1 | 1 | 0 | 0 | 0 | 0 | 0 | 0 | 0 | 0 | 0 | 0 | 0 | 0 | 0 | 0 | 0 | 0 | 0 | 0 | 0 | 0 | 1 | 0 | 1 | 0 | 1 | 0 | 0 | 0 | 0 |  0 | 0 | 0 | 0 | 0 | 1 | 1 | 0 | 0 | 0 | 1 | 0 | 0 | 1 | 0 | 0 | 0 | 0 | 0 | 1 | 0 | 0 | 1 | 2 | 1 | 2 | 0 | 1 | 1 | 4 | 2 | 3 | 3 | 0 | 1 | 0 |
122 | Lin, Jen-Hong (Jeff). | SAINT LOUIS UNIVERSITY. | 1986 | female | 2 | 26 | 2014 | 2 | 71 | 2017 | 0 | 0 | 0 | 0 | 1 | 1 | 0 | 0 | 1 | 1 | 0 | 2 | 0 | 1 | 2 | 1 | 0 | 2 | 1 | 2 | 1 | 3 | 1 | 2 | 2 | 0 | 1 | 1 | 1 | 0 | 0 | 0 | 0 | 1 | 0 | 0 |  0 | 0 | 0 | 0 | 1 | 1 | 1 | 0 | 2 | 2 | 0 | 5 | 3 | 4 | 3 | 2 | 0 | 3 | 1 | 3 | 1 | 3 | 1 | 2 | 2 | 0 | 2 | 3 | 4 | 1 | 0 | 5 | 0 | 5 | 7 | 3 |
123 | Kerr, Robert Bruce | THE UNIVERSITY OF MICHIGAN. | 1986 | male | 4 | 7 | 2001 | 8 | 29 | 2017 | 0 | 0 | 0 | 0 | 1 | 3 | 1 | 1 | 1 | 0 | 0 | 0 | 0 | 0 | 0 | 2 | 0 | 0 | 0 | 0 | 2 | 0 | 0 | 0 | 0 | 0 | 0 | 0 | 0 | 0 | 0 | 0 | 0 | 0 | 0 | 0 |  0 | 1 | 0 | 1 | 3 | 3 | 2 | 1 | 2 | 0 | 0 | 0 | 1 | 2 | 0 | 2 | 1 | 1 | 0 | 1 | 2 | 0 | 0 | 1 | 1 | 0 | 0 | 1 | 0 | 0 | 1 | 0 | 0 | 3 | 5 | 1 |
124 | Bigelow, Roberta Anne | THE UNIVERSITY OF WISCONSIN - MADISON. | 1986 | female | 1 | 0 | 1986 | 1 | 0 | 1986 | 0 | 0 | 0 | 0 | 0 | 1 | 0 | 0 | 0 | 0 | 0 | 0 | 0 | 0 | 0 | 0 | 0 | 0 | 0 | 0 | 0 | 0 | 0 | 0 | 0 | 0 | 0 | 0 | 0 | 0 | 0 | 0 | 0 | 0 | 0 | 0 |  0 | 0 | 0 | 0 | 0 | 1 | 0 | 0 | 0 | 0 | 0 | 0 | 0 | 0 | 0 | 0 | 0 | 0 | 0 | 0 | 0 | 0 | 0 | 0 | 0 | 0 | 0 | 0 | 0 | 0 | 0 | 0 | 0 | 0 | 0 | 0 |
125 | Malcolm, Perry Robert | UNIVERSITY OF MINNESOTA. | 1986 | male | 1 | 0 | 1986 | 3 | 2 | 1992 | 0 | 0 | 0 | 0 | 0 | 1 | 0 | 0 | 0 | 0 | 0 | 0 | 0 | 0 | 0 | 0 | 0 | 0 | 0 | 0 | 0 | 0 | 0 | 0 | 0 | 0 | 0 | 0 | 0 | 0 | 0 | 0 | 0 | 0 | 0 | 0 |  0 | 0 | 0 | 1 | 1 | 1 | 0 | 0 | 0 | 1 | 0 | 1 | 0 | 0 | 0 | 0 | 0 | 0 | 0 | 0 | 0 | 0 | 0 | 0 | 0 | 0 | 0 | 0 | 0 | 0 | 0 | 0 | 0 | 0 | 0 | 0 |
126 | Knapp, David Andrew | PRINCETON UNIVERSITY. | 1986 | male | 1 | 0 | 1986 | 1 | 4 | 2010 | 0 | 0 | 0 | 0 | 0 | 1 | 0 | 0 | 0 | 0 | 0 | 0 | 0 | 0 | 0 | 0 | 0 | 0 | 0 | 0 | 0 | 0 | 0 | 0 | 0 | 0 | 0 | 0 | 0 | 0 | 0 | 0 | 0 | 0 | 0 | 0 |  0 | 0 | 0 | 0 | 0 | 1 | 1 | 1 | 0 | 0 | 1 | 0 | 0 | 0 | 0 | 0 | 0 | 0 | 0 | 0 | 0 | 0 | 0 | 0 | 0 | 0 | 0 | 0 | 0 | 1 | 0 | 0 | 0 | 0 | 0 | 0 |
127 | Easton, Roger Lee, Jr. | THE UNIVERSITY OF ARIZONA. | 1986 | male | 1 | 0 | 1986 | 1 | 0 | 1986 | 0 | 0 | 0 | 0 | 0 | 1 | 0 | 0 | 0 | 0 | 0 | 0 | 0 | 0 | 0 | 0 | 0 | 0 | 0 | 0 | 0 | 0 | 0 | 0 | 0 | 0 | 0 | 0 | 0 | 0 | 0 | 0 | 0 | 0 | 0 | 0 |  0 | 0 | 0 | 0 | 0 | 1 | 0 | 0 | 0 | 0 | 0 | 0 | 0 | 0 | 0 | 0 | 0 | 0 | 0 | 0 | 0 | 0 | 0 | 0 | 0 | 0 | 0 | 0 | 0 | 0 | 0 | 0 | 0 | 0 | 0 | 0 |
128 | Durham, Richard | RICE UNIVERSITY. | 1986 | male | 3 | 2 | 1989 | 3 | 2 | 1989 | 1 | 0 | 0 | 0 | 0 | 2 | 0 | 0 | 2 | 0 | 0 | 0 | 0 | 0 | 0 | 0 | 0 | 0 | 0 | 0 | 0 | 0 | 0 | 0 | 0 | 0 | 0 | 0 | 0 | 0 | 0 | 0 | 0 | 0 | 0 | 0 |  1 | 0 | 0 | 0 | 0 | 2 | 0 | 0 | 2 | 0 | 0 | 0 | 0 | 0 | 0 | 0 | 0 | 0 | 0 | 0 | 0 | 0 | 0 | 0 | 0 | 0 | 0 | 0 | 0 | 0 | 0 | 0 | 0 | 0 | 0 | 0 |
129 | Bates, Bernard Albert | UNIVERSITY OF WASHINGTON. | 1986 | male | 11 | 14 | 1995 | 14 | 45 | 2002 | 1 | 1 | 2 | 1 | 2 | 4 | 0 | 1 | 1 | 3 | 3 | 3 | 1 | 0 | 2 | 0 | 0 | 0 | 0 | 0 | 0 | 0 | 0 | 0 | 0 | 0 | 0 | 0 | 0 | 0 | 0 | 0 | 0 | 0 | 0 | 0 |  2 | 1 | 2 | 3 | 2 | 4 | 1 | 3 | 1 | 5 | 3 | 3 | 4 | 3 | 9 | 4 | 2 | 3 | 1 | 0 | 2 | 1 | 0 | 0 | 0 | 0 | 0 | 0 | 0 | 0 | 0 | 0 | 0 | 0 | 0 | 0 |
130 | Khan, Sohail Aziz | WAYNE STATE UNIVERSITY. | 1986 | male | 1 | 14 | 2014 | 1 | 73 | 2017 | 0 | 0 | 0 | 0 | 0 | 1 | 0 | 0 | 0 | 0 | 0 | 0 | 0 | 0 | 0 | 0 | 0 | 0 | 0 | 0 | 0 | 3 | 1 | 0 | 0 | 2 | 2 | 3 | 0 | 0 | 0 | 1 | 1 | 1 | 0 | 0 |  0 | 0 | 0 | 0 | 0 | 1 | 0 | 0 | 0 | 0 | 0 | 0 | 0 | 0 | 0 | 0 | 0 | 0 | 0 | 0 | 0 | 5 | 2 | 0 | 2 | 3 | 3 | 8 | 0 | 1 | 3 | 4 | 3 | 1 | 2 | 25 |
131 | Selkirk, Henry Box | MASSACHUSETTS INSTITUTE OF TECHNOLOGY. | 1986 | male | 1 | 0 | 1986 | 1 | 3 | 2013 | 0 | 0 | 0 | 0 | 0 | 1 | 0 | 0 | 0 | 0 | 0 | 0 | 0 | 0 | 0 | 0 | 0 | 0 | 0 | 0 | 0 | 0 | 0 | 0 | 0 | 0 | 0 | 0 | 0 | 0 | 0 | 0 | 0 | 0 | 0 | 0 |  0 | 0 | 0 | 0 | 0 | 1 | 0 | 0 | 0 | 0 | 0 | 0 | 1 | 0 | 0 | 1 | 0 | 0 | 0 | 0 | 0 | 0 | 0 | 0 | 0 | 0 | 0 | 0 | 0 | 0 | 0 | 0 | 1 | 0 | 0 | 0 |
132 | Romani, Paul Nichols | THE UNIVERSITY OF MICHIGAN. | 1986 | male | 2 | 6 | 2008 | 3 | 60 | 2016 | 0 | 0 | 0 | 0 | 0 | 2 | 0 | 1 | 2 | 0 | 0 | 0 | 1 | 0 | 0 | 1 | 0 | 0 | 0 | 0 | 0 | 0 | 0 | 0 | 0 | 0 | 0 | 1 | 0 | 0 | 0 | 0 | 0 | 0 | 0 | 0 |  0 | 0 | 0 | 0 | 0 | 3 | 2 | 1 | 4 | 3 | 2 | 3 | 3 | 1 | 1 | 2 | 0 | 2 | 2 | 0 | 1 | 1 | 1 | 4 | 3 | 2 | 3 | 5 | 3 | 3 | 1 | 4 | 1 | 0 | 1 | 1 |
133 | Ratra, Bharat Vishnu | STANFORD UNIVERSITY. | 1986 | male | 2 | 18 | 2008 | 4 | 98 | 2017 | 0 | 0 | 0 | 0 | 1 | 1 | 0 | 2 | 1 | 0 | 4 | 3 | 0 | 2 | 1 | 0 | 1 | 1 | 2 | 0 | 0 | 0 | 0 | 0 | 0 | 0 | 0 | 1 | 0 | 0 | 0 | 0 | 0 | 0 | 0 | 0 |  0 | 0 | 0 | 0 | 2 | 2 | 0 | 3 | 1 | 0 | 4 | 3 | 0 | 3 | 2 | 1 | 4 | 4 | 3 | 2 | 6 | 2 | 10 | 3 | 4 | 4 | 1 | 5 | 3 | 4 | 4 | 7 | 6 | 3 | 3 | 1 |
134 | Kurki-Suonio, Hannu Antero | THE UNIVERSITY OF TEXAS AT AUSTIN. | 1986 | male | 3 | 24 | 2009 | 5 | 187 | 2017 | 0 | 0 | 0 | 0 | 2 | 1 | 1 | 2 | 1 | 3 | 3 | 2 | 1 | 1 | 1 | 2 | 1 | 0 | 0 | 2 | 1 | 1 | 0 | 0 | 1 | 0 | 0 | 0 | 1 | 0 | 0 | 0 | 0 | 0 | 0 | 0 |  0 | 0 | 0 | 1 | 2 | 2 | 1 | 2 | 1 | 3 | 4 | 2 | 1 | 3 | 1 | 2 | 1 | 0 | 1 | 4 | 1 | 3 | 0 | 2 | 3 | 2 | 3 | 0 | 3 | 5 | 24 | 2 | 13 | 36 | 13 | 49 |
135 | Chapman, Bruce Douglas | MASSACHUSETTS INSTITUTE OF TECHNOLOGY. | 1986 | male | 1 | 0 | 1986 | 2 | 3 | 2011 | 0 | 0 | 0 | 0 | 0 | 1 | 0 | 0 | 0 | 0 | 0 | 0 | 0 | 0 | 0 | 0 | 0 | 0 | 0 | 0 | 0 | 0 | 0 | 0 | 0 | 0 | 0 | 0 | 0 | 0 | 0 | 0 | 0 | 0 | 0 | 0 |  0 | 0 | 0 | 1 | 0 | 1 | 0 | 1 | 0 | 0 | 0 | 0 | 0 | 0 | 0 | 0 | 0 | 0 | 0 | 0 | 0 | 0 | 0 | 0 | 0 | 0 | 0 | 0 | 0 | 1 | 1 | 0 | 0 | 0 | 0 | 0 |
136 | Ardanuy, Philip Edward | THE FLORIDA STATE UNIVERSITY. | 1986 | male | 3 | 0 | 1986 | 4 | 0 | 1986 | 0 | 0 | 0 | 1 | 0 | 2 | 0 | 0 | 0 | 0 | 0 | 0 | 0 | 0 | 0 | 0 | 0 | 0 | 0 | 0 | 0 | 0 | 0 | 0 | 0 | 0 | 0 | 0 | 0 | 0 | 0 | 0 | 0 | 0 | 0 | 0 |  0 | 0 | 1 | 1 | 0 | 2 | 0 | 0 | 0 | 0 | 0 | 0 | 0 | 0 | 0 | 0 | 0 | 0 | 0 | 0 | 0 | 0 | 0 | 0 | 0 | 0 | 0 | 0 | 0 | 0 | 0 | 0 | 0 | 0 | 0 | 0 |
137 | Heisler, Julia | MASSACHUSETTS INSTITUTE OF TECHNOLOGY. | 1986 | female | 6 | 7 | 1990 | 7 | 7 | 1990 | 0 | 1 | 0 | 0 | 1 | 4 | 1 | 2 | 2 | 2 | 0 | 0 | 0 | 0 | 0 | 0 | 0 | 0 | 0 | 0 | 0 | 0 | 0 | 0 | 0 | 0 | 0 | 0 | 0 | 0 | 0 | 0 | 0 | 0 | 0 | 0 |  0 | 1 | 0 | 1 | 1 | 4 | 1 | 2 | 2 | 2 | 0 | 0 | 0 | 0 | 0 | 0 | 0 | 0 | 0 | 0 | 0 | 0 | 0 | 0 | 0 | 0 | 0 | 0 | 0 | 0 | 0 | 0 | 0 | 0 | 0 | 0 |
138 | Silber, Andrew D. | California Univ., Berkeley. | 1986 | male | 1 | 8 | 1997 | 1 | 27 | 2009 | 0 | 0 | 0 | 0 | 0 | 1 | 0 | 0 | 0 | 0 | 0 | 2 | 0 | 2 | 0 | 3 | 1 | 0 | 0 | 0 | 0 | 0 | 0 | 0 | 0 | 0 | 0 | 0 | 0 | 0 | 0 | 0 | 0 | 0 | 0 | 0 |  0 | 0 | 0 | 0 | 0 | 1 | 0 | 0 | 0 | 0 | 2 | 2 | 1 | 5 | 3 | 8 | 2 | 0 | 1 | 0 | 0 | 0 | 0 | 0 | 0 | 1 | 1 | 0 | 1 | 0 | 0 | 0 | 0 | 0 | 0 | 0 |
139 | Perlmutter, Saul | UNIVERSITY OF CALIFORNIA, BERKELEY. | 1986 | male | 1 | 15 | 2012 | 1 | 150 | 2017 | 0 | 0 | 0 | 0 | 0 | 1 | 0 | 1 | 0 | 0 | 0 | 0 | 0 | 0 | 1 | 0 | 1 | 2 | 2 | 2 | 0 | 0 | 4 | 0 | 1 | 0 | 0 | 0 | 0 | 0 | 0 | 1 | 0 | 0 | 0 | 0 |  0 | 0 | 0 | 0 | 0 | 1 | 0 | 2 | 3 | 0 | 2 | 3 | 1 | 1 | 9 | 3 | 3 | 5 | 4 | 4 | 2 | 3 | 8 | 5 | 7 | 11 | 4 | 6 | 10 | 7 | 10 | 11 | 8 | 5 | 11 | 0 |
140 | Radford, Simon John Elliott | UNIVERSITY OF WASHINGTON. | 1986 | male | 2 | 9 | 2016 | 5 | 42 | 2016 | 0 | 0 | 0 | 0 | 0 | 2 | 0 | 0 | 0 | 1 | 1 | 1 | 2 | 0 | 1 | 2 | 0 | 0 | 0 | 0 | 0 | 0 | 0 | 0 | 0 | 0 | 0 | 0 | 0 | 0 | 0 | 0 | 0 | 0 | 0 | 1 |  0 | 1 | 0 | 1 | 0 | 3 | 0 | 0 | 0 | 2 | 1 | 9 | 3 | 0 | 4 | 4 | 3 | 1 | 1 | 2 | 0 | 0 | 1 | 2 | 0 | 0 | 0 | 0 | 1 | 0 | 1 | 1 | 1 | 0 | 3 | 2 |
141 | Tsou, Jung-Jung | THE PENNSYLVANIA STATE UNIVERSITY. | 1986 | female | 1 | 0 | 1986 | 2 | 2 | 1996 | 0 | 0 | 0 | 0 | 0 | 1 | 0 | 0 | 0 | 0 | 0 | 0 | 0 | 0 | 0 | 0 | 0 | 0 | 0 | 0 | 0 | 0 | 0 | 0 | 0 | 0 | 0 | 0 | 0 | 0 | 0 | 0 | 0 | 0 | 0 | 0 |  0 | 0 | 0 | 0 | 0 | 2 | 0 | 0 | 0 | 0 | 0 | 0 | 0 | 0 | 1 | 1 | 0 | 0 | 0 | 0 | 0 | 0 | 0 | 0 | 0 | 0 | 0 | 0 | 0 | 0 | 0 | 0 | 0 | 0 | 0 | 0 |
142 | Sumi, Dean Matthew | UNIVERSITY OF ILLINOIS AT URBANA-CHAMPAIGN. | 1986 | male | 1 | 0 | 1986 | 1 | 1 | 1993 | 0 | 0 | 0 | 0 | 0 | 1 | 0 | 0 | 0 | 0 | 0 | 0 | 0 | 0 | 0 | 0 | 0 | 0 | 0 | 0 | 0 | 0 | 0 | 0 | 0 | 0 | 0 | 0 | 0 | 0 | 0 | 0 | 0 | 0 | 0 | 0 |  0 | 0 | 0 | 0 | 0 | 1 | 0 | 0 | 0 | 0 | 0 | 0 | 1 | 0 | 0 | 0 | 0 | 0 | 0 | 0 | 0 | 0 | 0 | 0 | 0 | 0 | 0 | 0 | 0 | 0 | 0 | 0 | 0 | 0 | 0 | 0 |
143 | Zhang, Ke. | UNIVERSITY OF WASHINGTON. | 1986 | male | 3 | 44 | 2017 | 3 | 123 | 2017 | 0 | 0 | 0 | 0 | 2 | 1 | 1 | 1 | 1 | 1 | 0 | 1 | 1 | 2 | 2 | 3 | 2 | 0 | 0 | 1 | 0 | 0 | 2 | 3 | 0 | 0 | 3 | 4 | 4 | 0 | 1 | 1 | 3 | 1 | 4 | 1 |  0 | 0 | 0 | 0 | 2 | 1 | 1 | 1 | 1 | 2 | 0 | 1 | 1 | 2 | 3 | 6 | 4 | 0 | 2 | 2 | 1 | 2 | 3 | 4 | 3 | 3 | 8 | 6 | 8 | 4 | 3 | 8 | 13 | 8 | 10 | 9 |
144 | Fushiki, Ikko | HARVARD UNIVERSITY. | 1986 | male | 2 | 4 | 1992 | 2 | 8 | 1994 | 0 | 0 | 0 | 0 | 1 | 1 | 2 | 0 | 1 | 0 | 0 | 1 | 0 | 0 | 0 | 0 | 0 | 0 | 0 | 0 | 0 | 0 | 0 | 0 | 0 | 0 | 0 | 0 | 0 | 0 | 0 | 0 | 0 | 0 | 0 | 0 |  0 | 0 | 0 | 0 | 1 | 1 | 2 | 0 | 2 | 0 | 0 | 1 | 1 | 2 | 0 | 0 | 0 | 0 | 0 | 0 | 0 | 0 | 0 | 0 | 0 | 0 | 0 | 0 | 0 | 0 | 0 | 0 | 0 | 0 | 0 | 0 |
145 | Huang, Tian-Sen | UNIVERSITY OF CALIFORNIA, LOS ANGELES. | 1986 | male | 2 | 14 | 2010 | 5 | 25 | 2016 | 0 | 0 | 0 | 0 | 0 | 2 | 3 | 1 | 1 | 1 | 1 | 1 | 1 | 1 | 0 | 0 | 0 | 1 | 0 | 1 | 0 | 0 | 0 | 0 | 0 | 0 | 1 | 0 | 0 | 1 | 0 | 0 | 0 | 0 | 0 | 0 |  0 | 0 | 1 | 1 | 1 | 2 | 3 | 1 | 1 | 1 | 1 | 1 | 1 | 1 | 0 | 0 | 2 | 2 | 0 | 1 | 0 | 2 | 1 | 0 | 0 | 1 | 1 | 0 | 1 | 1 | 0 | 0 | 1 | 1 | 0 | 1 |
146 | Inman, Richard Tobias | THE UNIVERSITY OF NORTH CAROLINA AT CHAPEL HILL. | 1986 | male | 1 | 1 | 1987 | 1 | 1 | 1987 | 0 | 0 | 0 | 0 | 0 | 1 | 1 | 0 | 0 | 0 | 0 | 0 | 0 | 0 | 0 | 0 | 0 | 0 | 0 | 0 | 0 | 0 | 0 | 0 | 0 | 0 | 0 | 0 | 0 | 0 | 0 | 0 | 0 | 0 | 0 | 0 |  0 | 0 | 0 | 0 | 0 | 1 | 1 | 0 | 0 | 0 | 0 | 0 | 0 | 0 | 0 | 0 | 0 | 0 | 0 | 0 | 0 | 0 | 0 | 0 | 0 | 0 | 0 | 0 | 0 | 0 | 0 | 0 | 0 | 0 | 0 | 0 |
147 | Jeske, Norbert Alan | UNIVERSITY OF CALIFORNIA, BERKELEY. | 1986 | male | 1 | 0 | 1986 | 4 | 0 | 1986 | 0 | 0 | 0 | 0 | 0 | 1 | 0 | 0 | 0 | 0 | 0 | 0 | 0 | 0 | 0 | 0 | 0 | 0 | 0 | 0 | 0 | 0 | 0 | 0 | 0 | 0 | 0 | 0 | 0 | 0 | 0 | 0 | 0 | 0 | 0 | 0 |  1 | 0 | 2 | 0 | 0 | 1 | 0 | 0 | 0 | 0 | 0 | 0 | 0 | 0 | 0 | 0 | 0 | 0 | 0 | 0 | 0 | 0 | 0 | 0 | 0 | 0 | 0 | 0 | 0 | 0 | 0 | 0 | 0 | 0 | 0 | 0 |
148 | Klimchuk, A. J. | National Center for Atmospheric Research, Boulder, CO. | 1986 | None | 1 | 0 | 1986 | 1 | 0 | 1986 | 0 | 0 | 0 | 0 | 0 | 1 | 0 | 0 | 0 | 0 | 0 | 0 | 0 | 0 | 0 | 0 | 0 | 0 | 0 | 0 | 0 | 0 | 0 | 0 | 0 | 0 | 0 | 0 | 0 | 0 | 0 | 0 | 0 | 0 | 0 | 0 |  0 | 0 | 0 | 0 | 0 | 1 | 0 | 0 | 0 | 0 | 0 | 0 | 0 | 0 | 0 | 0 | 0 | 0 | 0 | 0 | 0 | 0 | 0 | 0 | 0 | 0 | 0 | 0 | 0 | 0 | 0 | 0 | 0 | 0 | 0 | 0 |
149 | Levison, Harold F. | THE UNIVERSITY OF MICHIGAN. | 1986 | male | 4 | 36 | 2015 | 5 | 131 | 2016 | 0 | 0 | 0 | 0 | 2 | 2 | 2 | 0 | 0 | 2 | 1 | 0 | 1 | 2 | 1 | 0 | 2 | 1 | 0 | 2 | 4 | 1 | 2 | 1 | 0 | 2 | 2 | 2 | 1 | 2 | 2 | 1 | 0 | 0 | 2 | 0 |  0 | 0 | 0 | 0 | 3 | 2 | 2 | 0 | 3 | 2 | 2 | 1 | 1 | 3 | 4 | 1 | 7 | 4 | 4 | 4 | 6 | 5 | 10 | 6 | 6 | 8 | 7 | 9 | 10 | 5 | 5 | 6 | 0 | 2 | 7 | 1 |
150 | Maddalena, Ronald Joseph | COLUMBIA UNIVERSITY. | 1986 | male | 3 | 1 | 1987 | 4 | 24 | 2015 | 0 | 0 | 0 | 0 | 1 | 2 | 1 | 0 | 0 | 0 | 0 | 0 | 0 | 0 | 0 | 0 | 0 | 0 | 0 | 0 | 0 | 0 | 0 | 0 | 0 | 0 | 0 | 0 | 0 | 0 | 0 | 0 | 0 | 0 | 0 | 0 |  0 | 0 | 0 | 1 | 1 | 2 | 1 | 0 | 1 | 0 | 0 | 1 | 0 | 0 | 1 | 2 | 1 | 1 | 0 | 0 | 0 | 0 | 1 | 2 | 0 | 0 | 1 | 1 | 3 | 1 | 3 | 0 | 0 | 0 | 4 | 0 |
151 | Nash, Ana Gomes | THE UNIVERSITY OF WISCONSIN - MADISON. | 1986 | female | 1 | 4 | 1991 | 5 | 14 | 2011 | 0 | 0 | 0 | 0 | 0 | 1 | 0 | 1 | 0 | 1 | 2 | 0 | 0 | 0 | 0 | 0 | 0 | 0 | 0 | 0 | 0 | 0 | 0 | 0 | 0 | 0 | 0 | 0 | 0 | 0 | 0 | 0 | 0 | 0 | 0 | 0 |  0 | 3 | 0 | 1 | 0 | 1 | 1 | 2 | 2 | 2 | 3 | 1 | 0 | 0 | 0 | 0 | 0 | 0 | 0 | 0 | 0 | 0 | 0 | 0 | 0 | 0 | 0 | 0 | 0 | 2 | 1 | 0 | 0 | 0 | 0 | 0 |
152 | Sternberg, Amiel | COLUMBIA UNIVERSITY. | 1986 | male | 3 | 18 | 2014 | 6 | 177 | 2017 | 0 | 1 | 0 | 0 | 0 | 2 | 1 | 2 | 2 | 1 | 0 | 0 | 0 | 1 | 2 | 0 | 0 | 1 | 1 | 0 | 0 | 1 | 2 | 0 | 0 | 0 | 0 | 1 | 0 | 0 | 1 | 0 | 0 | 2 | 0 | 0 |  0 | 3 | 1 | 0 | 0 | 2 | 2 | 2 | 2 | 1 | 4 | 1 | 0 | 3 | 9 | 12 | 5 | 3 | 5 | 7 | 3 | 5 | 7 | 1 | 4 | 9 | 5 | 4 | 9 | 9 | 9 | 11 | 11 | 9 | 12 | 9 |
153 | Duncan, Robert Clifton, Jr. | CORNELL UNIVERSITY. | 1986 | male | 4 | 8 | 2013 | 4 | 33 | 2013 | 0 | 0 | 1 | 1 | 0 | 2 | 0 | 0 | 2 | 0 | 2 | 1 | 0 | 0 | 0 | 0 | 1 | 1 | 0 | 0 | 0 | 0 | 0 | 0 | 0 | 0 | 0 | 0 | 0 | 0 | 0 | 0 | 1 | 0 | 0 | 0 |  0 | 0 | 1 | 1 | 0 | 2 | 0 | 2 | 2 | 0 | 2 | 1 | 1 | 2 | 1 | 2 | 1 | 1 | 4 | 3 | 4 | 0 | 0 | 1 | 3 | 0 | 0 | 0 | 1 | 1 | 0 | 0 | 1 | 0 | 0 | 0 |
154 | Eggum, Gordon Eric | UNIVERSITY OF CALIFORNIA, LOS ANGELES. | 1986 | male | 2 | 2 | 1988 | 2 | 3 | 1996 | 0 | 0 | 0 | 0 | 1 | 1 | 1 | 1 | 0 | 0 | 0 | 0 | 0 | 0 | 0 | 0 | 0 | 0 | 0 | 0 | 0 | 0 | 0 | 0 | 0 | 0 | 0 | 0 | 0 | 0 | 0 | 0 | 0 | 0 | 0 | 0 |  0 | 0 | 0 | 0 | 1 | 1 | 1 | 1 | 0 | 0 | 0 | 0 | 0 | 0 | 0 | 1 | 0 | 0 | 0 | 0 | 0 | 0 | 0 | 0 | 0 | 0 | 0 | 0 | 0 | 0 | 0 | 0 | 0 | 0 | 0 | 0 |
155 | Amsterdamski, Piotr | UNIVERSITY OF CALIFORNIA, SANTA BARBARA. | 1986 | male | 2 | 8 | 2002 | 3 | 14 | 2002 | 0 | 0 | 0 | 0 | 1 | 1 | 2 | 2 | 2 | 1 | 0 | 0 | 0 | 0 | 0 | 0 | 0 | 0 | 0 | 0 | 0 | 1 | 0 | 0 | 0 | 0 | 0 | 0 | 0 | 0 | 0 | 0 | 0 | 0 | 0 | 0 |  0 | 0 | 0 | 0 | 1 | 2 | 2 | 2 | 2 | 1 | 2 | 2 | 0 | 1 | 1 | 0 | 0 | 0 | 0 | 0 | 0 | 1 | 0 | 0 | 0 | 0 | 0 | 0 | 0 | 0 | 0 | 0 | 0 | 0 | 0 | 0 |
156 | Biretta, John Anthony | CALIFORNIA INSTITUTE OF TECHNOLOGY. | 1986 | male | 8 | 12 | 2002 | 9 | 63 | 2017 | 0 | 1 | 3 | 0 | 2 | 2 | 0 | 1 | 1 | 0 | 1 | 0 | 1 | 0 | 2 | 0 | 0 | 0 | 3 | 0 | 0 | 3 | 0 | 0 | 0 | 0 | 0 | 0 | 0 | 0 | 0 | 0 | 0 | 0 | 0 | 0 |  0 | 1 | 3 | 0 | 3 | 2 | 1 | 1 | 3 | 1 | 1 | 1 | 2 | 2 | 5 | 2 | 4 | 5 | 12 | 1 | 2 | 6 | 2 | 0 | 2 | 2 | 1 | 0 | 1 | 1 | 1 | 0 | 1 | 0 | 1 | 1 |
157 | Ciardullo, Robin Bruce | UNIVERSITY OF CALIFORNIA, LOS ANGELES. | 1986 | male | 4 | 29 | 2014 | 10 | 131 | 2016 | 0 | 0 | 2 | 0 | 1 | 1 | 2 | 2 | 3 | 3 | 1 | 1 | 2 | 0 | 0 | 1 | 0 | 1 | 2 | 0 | 0 | 2 | 1 | 1 | 1 | 0 | 0 | 1 | 0 | 1 | 0 | 2 | 1 | 1 | 0 | 0 |  2 | 0 | 3 | 1 | 2 | 2 | 2 | 2 | 6 | 6 | 2 | 3 | 7 | 2 | 2 | 9 | 3 | 4 | 4 | 3 | 1 | 3 | 3 | 3 | 1 | 2 | 5 | 5 | 6 | 4 | 6 | 9 | 6 | 9 | 6 | 7 |
158 | Jackson, James Michael | MASSACHUSETTS INSTITUTE OF TECHNOLOGY. | 1986 | male | 4 | 25 | 2013 | 9 | 191 | 2017 | 1 | 0 | 0 | 2 | 0 | 1 | 1 | 4 | 1 | 0 | 1 | 0 | 3 | 3 | 1 | 1 | 0 | 0 | 1 | 0 | 0 | 3 | 0 | 0 | 0 | 3 | 0 | 1 | 0 | 1 | 0 | 0 | 1 | 0 | 0 | 0 |  1 | 0 | 1 | 4 | 2 | 1 | 6 | 5 | 3 | 3 | 9 | 3 | 6 | 6 | 4 | 4 | 4 | 4 | 5 | 6 | 4 | 9 | 6 | 8 | 12 | 15 | 8 | 2 | 9 | 10 | 3 | 7 | 9 | 8 | 8 | 3 |
159 | Penning, William Roy | THE UNIVERSITY OF ARIZONA. | 1986 | male | 4 | 0 | 1986 | 6 | 0 | 1986 | 0 | 0 | 0 | 1 | 1 | 2 | 0 | 0 | 0 | 0 | 0 | 0 | 0 | 0 | 0 | 0 | 0 | 0 | 0 | 0 | 0 | 0 | 0 | 0 | 0 | 0 | 0 | 0 | 0 | 0 | 0 | 0 | 0 | 0 | 0 | 0 |  0 | 0 | 1 | 1 | 2 | 2 | 0 | 0 | 0 | 0 | 0 | 0 | 0 | 0 | 0 | 0 | 0 | 0 | 0 | 0 | 0 | 0 | 0 | 0 | 0 | 0 | 0 | 0 | 0 | 0 | 0 | 0 | 0 | 0 | 0 | 0 |
160 | Quinn, Thomas Reynolds | PRINCETON UNIVERSITY. | 1986 | male | 2 | 7 | 2010 | 2 | 206 | 2017 | 0 | 0 | 0 | 0 | 1 | 1 | 0 | 0 | 0 | 2 | 1 | 1 | 0 | 0 | 0 | 1 | 0 | 0 | 0 | 0 | 0 | 0 | 0 | 0 | 1 | 0 | 0 | 0 | 0 | 1 | 0 | 0 | 0 | 0 | 0 | 0 |  0 | 0 | 0 | 0 | 1 | 1 | 1 | 1 | 1 | 3 | 2 | 2 | 2 | 1 | 0 | 1 | 2 | 3 | 6 | 5 | 10 | 7 | 6 | 25 | 16 | 4 | 12 | 8 | 11 | 11 | 11 | 13 | 9 | 9 | 12 | 8 |
161 | Caffee, Marc William | WASHINGTON UNIVERSITY. | 1986 | male | 11 | 6 | 2003 | 18 | 85 | 2017 | 0 | 5 | 2 | 1 | 2 | 1 | 2 | 1 | 0 | 0 | 0 | 0 | 0 | 0 | 0 | 0 | 0 | 1 | 0 | 0 | 1 | 0 | 1 | 0 | 0 | 0 | 0 | 0 | 0 | 0 | 0 | 0 | 0 | 0 | 0 | 0 |  0 | 5 | 4 | 2 | 4 | 3 | 3 | 2 | 0 | 0 | 3 | 1 | 1 | 1 | 7 | 3 | 3 | 3 | 2 | 1 | 7 | 2 | 3 | 1 | 2 | 1 | 0 | 5 | 5 | 2 | 4 | 4 | 4 | 3 | 6 | 3 |
162 | Duffy, Philip Bliss | STANFORD UNIVERSITY. | 1986 | male | 1 | 15 | 2001 | 2 | 54 | 2016 | 0 | 0 | 0 | 0 | 0 | 1 | 1 | 0 | 1 | 1 | 1 | 1 | 2 | 1 | 3 | 0 | 1 | 0 | 1 | 1 | 1 | 0 | 0 | 0 | 0 | 0 | 0 | 0 | 0 | 0 | 0 | 0 | 0 | 0 | 0 | 0 |  0 | 0 | 0 | 0 | 1 | 1 | 1 | 0 | 1 | 1 | 3 | 1 | 2 | 2 | 7 | 3 | 3 | 2 | 4 | 4 | 3 | 4 | 0 | 0 | 1 | 4 | 2 | 3 | 1 | 0 | 0 | 1 | 0 | 0 | 0 | 1 |
163 | Evrard, August E. | STATE UNIVERSITY OF NEW YORK AT STONY BROOK. | 1986 | male | 4 | 23 | 2015 | 4 | 166 | 2017 | 0 | 0 | 0 | 0 | 2 | 2 | 1 | 2 | 2 | 2 | 2 | 1 | 1 | 3 | 0 | 1 | 1 | 1 | 1 | 0 | 0 | 1 | 0 | 1 | 0 | 0 | 0 | 1 | 0 | 0 | 0 | 0 | 0 | 1 | 1 | 0 |  0 | 0 | 0 | 0 | 2 | 2 | 1 | 3 | 2 | 2 | 2 | 2 | 4 | 6 | 3 | 4 | 2 | 3 | 6 | 6 | 8 | 2 | 3 | 1 | 5 | 2 | 7 | 4 | 6 | 6 | 5 | 1 | 1 | 6 | 16 | 31 |
164 | Friel, Eileen Dolores | UNIVERSITY OF CALIFORNIA, SANTA CRUZ. | 1986 | female | 4 | 21 | 2014 | 14 | 75 | 2017 | 0 | 2 | 0 | 0 | 0 | 2 | 2 | 2 | 2 | 1 | 1 | 2 | 2 | 0 | 1 | 0 | 0 | 0 | 1 | 0 | 0 | 2 | 1 | 1 | 1 | 0 | 0 | 0 | 0 | 1 | 0 | 0 | 0 | 1 | 0 | 0 |  0 | 4 | 0 | 3 | 3 | 4 | 4 | 3 | 3 | 2 | 1 | 6 | 3 | 3 | 4 | 1 | 4 | 0 | 3 | 0 | 0 | 2 | 1 | 1 | 1 | 1 | 1 | 1 | 1 | 1 | 3 | 1 | 2 | 7 | 6 | 5 |
165 | Hawkins, Isabel | UNIVERSITY OF CALIFORNIA, LOS ANGELES. | 1986 | female | 2 | 5 | 1993 | 2 | 15 | 2002 | 0 | 0 | 0 | 0 | 1 | 1 | 1 | 1 | 1 | 0 | 1 | 0 | 1 | 0 | 0 | 0 | 0 | 0 | 0 | 0 | 0 | 0 | 0 | 0 | 0 | 0 | 0 | 0 | 0 | 0 | 0 | 0 | 0 | 0 | 0 | 0 |  0 | 0 | 0 | 0 | 1 | 1 | 1 | 1 | 2 | 0 | 2 | 0 | 4 | 3 | 0 | 1 | 0 | 0 | 0 | 0 | 0 | 1 | 0 | 0 | 0 | 0 | 0 | 0 | 0 | 0 | 0 | 0 | 0 | 0 | 0 | 0 |
166 | Jahoda, Keith | THE UNIVERSITY OF WISCONSIN - MADISON. | 1986 | male | 3 | 9 | 2006 | 5 | 66 | 2016 | 0 | 0 | 0 | 0 | 1 | 2 | 0 | 0 | 1 | 1 | 1 | 1 | 1 | 0 | 0 | 0 | 0 | 1 | 1 | 0 | 0 | 0 | 1 | 0 | 0 | 1 | 0 | 0 | 0 | 0 | 0 | 0 | 0 | 0 | 0 | 0 |  0 | 0 | 0 | 0 | 1 | 4 | 0 | 0 | 1 | 2 | 1 | 2 | 13 | 4 | 4 | 4 | 5 | 7 | 5 | 1 | 0 | 2 | 4 | 2 | 1 | 1 | 1 | 0 | 0 | 1 | 3 | 1 | 0 | 0 | 0 | 1 |
