n | name | university | phd_year | gender | fa_n_pubs_pre_phd | fa_n_pubs_prost_phd | fa_year_last | all_n_pubs_pre_phd | all_n_pubs_prost_phd | all_year_last |  fa_1974 | fa_1975 | fa_1976 | fa_1977 | fa_1978 | fa_1979 | fa_1980 | fa_1981 | fa_1982 | fa_1983 | fa_1984 | fa_1985 | fa_1986 | fa_1987 | fa_1988 | fa_1989 | fa_1990 | fa_1991 | fa_1992 | fa_1993 | fa_1994 | fa_1995 | fa_1996 | fa_1997 | fa_1998 | fa_1999 | fa_2000 | fa_2001 | fa_2002 | fa_2003 | fa_2004 | fa_2005 | fa_2006 | fa_2007 | fa_2008 | fa_2009 | fa_2010 | fa_2011 | fa_2012 | fa_2013 | fa_2014 | fa_2015 | fa_2016 |  all_1974 | all_1975 | all_1976 | all_1977 | all_1978 | all_1979 | all_1980 | all_1981 | all_1982 | all_1983 | all_1984 | all_1985 | all_1986 | all_1987 | all_1988 | all_1989 | all_1990 | all_1991 | all_1992 | all_1993 | all_1994 | all_1995 | all_1996 | all_1997 | all_1998 | all_1999 | all_2000 | all_2001 | all_2002 | all_2003 | all_2004 | all_2005 | all_2006 | all_2007 | all_2008 | all_2009 | all_2010 | all_2011 | all_2012 | all_2013 | all_2014 | all_2015 | all_2016 | foo
1 | Tiruvoimoli, Shadagopan Vengipuram | UNIVERSITY OF ILLINOIS AT CHICAGO. | 1979 | male | 1 | 0 | 1979 | 1 | 0 | 1979 | 0 | 0 | 0 | 0 | 0 | 1 | 0 | 0 | 0 | 0 | 0 | 0 | 0 | 0 | 0 | 0 | 0 | 0 | 0 | 0 | 0 | 0 | 0 | 0 | 0 | 0 | 0 | 0 | 0 | 0 | 0 | 0 | 0 | 0 | 0 | 0 | 0 | 0 | 0 | 0 | 0 | 0 | 0 |  0 | 0 | 0 | 0 | 0 | 1 | 0 | 0 | 0 | 0 | 0 | 0 | 0 | 0 | 0 | 0 | 0 | 0 | 0 | 0 | 0 | 0 | 0 | 0 | 0 | 0 | 0 | 0 | 0 | 0 | 0 | 0 | 0 | 0 | 0 | 0 | 0 | 0 | 0 | 0 | 0 | 0 | 0 |
2 | Fitch, Bruce Wesley | UNIVERSITY OF CALIFORNIA, DAVIS. | 1979 | male | 1 | 0 | 1979 | 1 | 0 | 1979 | 0 | 0 | 0 | 0 | 0 | 1 | 0 | 0 | 0 | 0 | 0 | 0 | 0 | 0 | 0 | 0 | 0 | 0 | 0 | 0 | 0 | 0 | 0 | 0 | 0 | 0 | 0 | 0 | 0 | 0 | 0 | 0 | 0 | 0 | 0 | 0 | 0 | 0 | 0 | 0 | 0 | 0 | 0 |  0 | 0 | 0 | 0 | 0 | 1 | 0 | 0 | 0 | 0 | 0 | 0 | 0 | 0 | 0 | 0 | 0 | 0 | 0 | 0 | 0 | 0 | 0 | 0 | 0 | 0 | 0 | 0 | 0 | 0 | 0 | 0 | 0 | 0 | 0 | 0 | 0 | 0 | 0 | 0 | 0 | 0 | 0 |
3 | Weller, Martha Carroll Riherd | CALIFORNIA INSTITUTE OF TECHNOLOGY. | 1979 | female | 2 | 1 | 1996 | 2 | 2 | 2016 | 0 | 0 | 0 | 0 | 0 | 2 | 0 | 0 | 0 | 0 | 0 | 0 | 0 | 0 | 0 | 0 | 0 | 0 | 0 | 0 | 0 | 0 | 1 | 0 | 0 | 0 | 0 | 0 | 0 | 0 | 0 | 0 | 0 | 0 | 0 | 0 | 0 | 0 | 0 | 0 | 0 | 0 | 0 |  0 | 0 | 0 | 0 | 0 | 2 | 0 | 0 | 0 | 0 | 0 | 0 | 0 | 0 | 0 | 0 | 0 | 0 | 0 | 0 | 0 | 0 | 1 | 0 | 0 | 0 | 0 | 0 | 0 | 0 | 0 | 0 | 0 | 0 | 0 | 0 | 0 | 0 | 0 | 0 | 0 | 0 | 1 |
4 | Muntean, R. A. | Tennessee Univ., Knoxville. | 1979 | None | 1 | 0 | 1979 | 2 | 0 | 1979 | 0 | 0 | 0 | 0 | 0 | 1 | 0 | 0 | 0 | 0 | 0 | 0 | 0 | 0 | 0 | 0 | 0 | 0 | 0 | 0 | 0 | 0 | 0 | 0 | 0 | 0 | 0 | 0 | 0 | 0 | 0 | 0 | 0 | 0 | 0 | 0 | 0 | 0 | 0 | 0 | 0 | 0 | 0 |  0 | 0 | 0 | 0 | 0 | 2 | 0 | 0 | 0 | 0 | 0 | 0 | 0 | 0 | 0 | 0 | 0 | 0 | 0 | 0 | 0 | 0 | 0 | 0 | 0 | 0 | 0 | 0 | 0 | 0 | 0 | 0 | 0 | 0 | 0 | 0 | 0 | 0 | 0 | 0 | 0 | 0 | 0 |
5 | Shuder, James Martin | THE UNIVERSITY OF MICHIGAN. | 1979 | male | 3 | 8 | 1984 | 3 | 9 | 1984 | 0 | 0 | 0 | 0 | 0 | 3 | 2 | 3 | 2 | 0 | 1 | 0 | 0 | 0 | 0 | 0 | 0 | 0 | 0 | 0 | 0 | 0 | 0 | 0 | 0 | 0 | 0 | 0 | 0 | 0 | 0 | 0 | 0 | 0 | 0 | 0 | 0 | 0 | 0 | 0 | 0 | 0 | 0 |  0 | 0 | 0 | 0 | 0 | 3 | 2 | 3 | 3 | 0 | 1 | 0 | 0 | 0 | 0 | 0 | 0 | 0 | 0 | 0 | 0 | 0 | 0 | 0 | 0 | 0 | 0 | 0 | 0 | 0 | 0 | 0 | 0 | 0 | 0 | 0 | 0 | 0 | 0 | 0 | 0 | 0 | 0 |
6 | Tueller, Jack | WASHINGTON UNIVERSITY. | 1979 | male | 3 | 8 | 2010 | 9 | 114 | 2014 | 0 | 0 | 0 | 1 | 0 | 2 | 0 | 1 | 0 | 0 | 1 | 1 | 0 | 0 | 0 | 0 | 1 | 0 | 0 | 0 | 0 | 0 | 1 | 0 | 0 | 0 | 0 | 0 | 0 | 0 | 0 | 1 | 0 | 0 | 1 | 0 | 1 | 0 | 0 | 0 | 0 | 0 | 0 |  0 | 0 | 0 | 3 | 0 | 6 | 2 | 2 | 1 | 5 | 3 | 3 | 0 | 1 | 0 | 2 | 1 | 2 | 0 | 2 | 1 | 2 | 6 | 4 | 3 | 3 | 1 | 0 | 2 | 1 | 2 | 10 | 5 | 7 | 15 | 11 | 5 | 6 | 2 | 3 | 1 | 0 | 0 |
7 | Caldwell, John Alden Reimer | PRINCETON UNIVERSITY. | 1979 | male | 9 | 36 | 2008 | 19 | 211 | 2016 | 0 | 3 | 0 | 2 | 1 | 3 | 1 | 5 | 2 | 3 | 2 | 3 | 2 | 2 | 3 | 1 | 0 | 1 | 2 | 2 | 0 | 0 | 2 | 1 | 0 | 2 | 0 | 1 | 0 | 0 | 0 | 0 | 0 | 0 | 1 | 0 | 0 | 0 | 0 | 0 | 0 | 0 | 0 |  0 | 3 | 1 | 2 | 6 | 7 | 7 | 9 | 5 | 9 | 3 | 9 | 6 | 4 | 5 | 3 | 7 | 11 | 10 | 4 | 2 | 3 | 3 | 2 | 6 | 6 | 7 | 8 | 4 | 1 | 11 | 7 | 7 | 3 | 5 | 12 | 7 | 3 | 7 | 8 | 2 | 4 | 1 |
8 | Dvorak, J. J. | California Institute of Technology, Pasadena. | 1979 | None | 4 | 0 | 1979 | 4 | 0 | 1979 | 0 | 0 | 0 | 1 | 1 | 2 | 0 | 0 | 0 | 0 | 0 | 0 | 0 | 0 | 0 | 0 | 0 | 0 | 0 | 0 | 0 | 0 | 0 | 0 | 0 | 0 | 0 | 0 | 0 | 0 | 0 | 0 | 0 | 0 | 0 | 0 | 0 | 0 | 0 | 0 | 0 | 0 | 0 |  0 | 0 | 0 | 1 | 1 | 2 | 0 | 0 | 0 | 0 | 0 | 0 | 0 | 0 | 0 | 0 | 0 | 0 | 0 | 0 | 0 | 0 | 0 | 0 | 0 | 0 | 0 | 0 | 0 | 0 | 0 | 0 | 0 | 0 | 0 | 0 | 0 | 0 | 0 | 0 | 0 | 0 | 0 |
9 | Federman, Steven Robert | NEW YORK UNIVERSITY. | 1979 | male | 2 | 42 | 2007 | 2 | 115 | 2017 | 0 | 0 | 0 | 0 | 0 | 2 | 3 | 2 | 3 | 2 | 3 | 1 | 1 | 1 | 1 | 1 | 1 | 2 | 2 | 1 | 2 | 2 | 4 | 3 | 0 | 0 | 0 | 2 | 0 | 1 | 2 | 1 | 0 | 1 | 0 | 0 | 0 | 0 | 0 | 0 | 0 | 0 | 0 |  0 | 0 | 0 | 0 | 0 | 2 | 3 | 2 | 4 | 2 | 5 | 3 | 1 | 3 | 1 | 1 | 1 | 3 | 4 | 4 | 5 | 3 | 4 | 5 | 4 | 3 | 2 | 4 | 4 | 6 | 5 | 3 | 3 | 3 | 2 | 4 | 0 | 4 | 5 | 2 | 3 | 2 | 1 |
10 | Gordon, David | UNIVERSITY OF FLORIDA. | 1979 | male | 1 | 8 | 2016 | 2 | 35 | 2017 | 0 | 0 | 0 | 0 | 0 | 1 | 0 | 1 | 1 | 0 | 1 | 1 | 1 | 0 | 0 | 0 | 0 | 0 | 0 | 0 | 0 | 0 | 0 | 0 | 0 | 1 | 0 | 1 | 0 | 0 | 0 | 0 | 0 | 0 | 0 | 0 | 0 | 0 | 0 | 0 | 0 | 0 | 1 |  0 | 0 | 0 | 0 | 1 | 1 | 0 | 1 | 1 | 0 | 1 | 1 | 1 | 0 | 0 | 0 | 1 | 0 | 0 | 0 | 1 | 1 | 0 | 0 | 0 | 1 | 0 | 1 | 2 | 1 | 0 | 2 | 1 | 1 | 2 | 2 | 3 | 1 | 2 | 1 | 0 | 2 | 4 |
11 | Hood, L. L. | California Univ., Los Angeles. | 1979 | None | 8 | 62 | 2016 | 9 | 94 | 2016 | 0 | 0 | 0 | 0 | 3 | 5 | 3 | 2 | 4 | 2 | 3 | 1 | 0 | 5 | 1 | 3 | 1 | 3 | 2 | 5 | 1 | 1 | 0 | 1 | 2 | 2 | 1 | 4 | 0 | 2 | 0 | 2 | 1 | 1 | 1 | 1 | 1 | 1 | 1 | 1 | 0 | 1 | 2 |  0 | 0 | 0 | 1 | 3 | 5 | 3 | 2 | 5 | 4 | 4 | 1 | 0 | 5 | 2 | 3 | 1 | 4 | 2 | 5 | 2 | 1 | 0 | 3 | 5 | 2 | 1 | 5 | 4 | 6 | 2 | 4 | 1 | 1 | 3 | 1 | 3 | 1 | 3 | 1 | 0 | 2 | 2 |
12 | Kalinowski, J. Keith | INDIANA UNIVERSITY. | 1979 | male | 3 | 0 | 1979 | 4 | 0 | 1979 | 1 | 1 | 0 | 0 | 0 | 1 | 0 | 0 | 0 | 0 | 0 | 0 | 0 | 0 | 0 | 0 | 0 | 0 | 0 | 0 | 0 | 0 | 0 | 0 | 0 | 0 | 0 | 0 | 0 | 0 | 0 | 0 | 0 | 0 | 0 | 0 | 0 | 0 | 0 | 0 | 0 | 0 | 0 |  2 | 1 | 0 | 0 | 0 | 1 | 0 | 0 | 0 | 0 | 0 | 0 | 0 | 0 | 0 | 0 | 0 | 0 | 0 | 0 | 0 | 0 | 0 | 0 | 0 | 0 | 0 | 0 | 0 | 0 | 0 | 0 | 0 | 0 | 0 | 0 | 0 | 0 | 0 | 0 | 0 | 0 | 0 |
13 | Lee, K. M. | State University of New York, Stony Brook. | 1979 | None | 1 | 16 | 2009 | 2 | 111 | 2017 | 0 | 0 | 0 | 0 | 0 | 1 | 0 | 0 | 0 | 0 | 0 | 0 | 0 | 0 | 0 | 0 | 0 | 0 | 0 | 0 | 0 | 0 | 0 | 1 | 0 | 1 | 0 | 2 | 2 | 2 | 3 | 0 | 1 | 1 | 1 | 2 | 0 | 0 | 0 | 0 | 0 | 0 | 0 |  0 | 0 | 0 | 1 | 0 | 1 | 0 | 0 | 0 | 1 | 1 | 0 | 0 | 0 | 1 | 1 | 0 | 0 | 1 | 1 | 1 | 0 | 0 | 1 | 1 | 1 | 2 | 2 | 2 | 4 | 8 | 5 | 2 | 1 | 7 | 8 | 0 | 3 | 9 | 2 | 3 | 3 | 29 |
14 | Newman, William Isaac | CORNELL UNIVERSITY. | 1979 | male | 9 | 17 | 2013 | 9 | 35 | 2016 | 0 | 1 | 0 | 3 | 2 | 3 | 1 | 1 | 1 | 1 | 0 | 0 | 0 | 0 | 1 | 1 | 2 | 0 | 1 | 0 | 1 | 1 | 1 | 0 | 0 | 2 | 0 | 0 | 1 | 0 | 0 | 0 | 0 | 0 | 0 | 0 | 0 | 0 | 0 | 2 | 0 | 0 | 0 |  0 | 1 | 0 | 3 | 2 | 3 | 1 | 1 | 1 | 2 | 0 | 1 | 0 | 0 | 1 | 1 | 3 | 0 | 3 | 2 | 3 | 1 | 1 | 1 | 0 | 4 | 1 | 0 | 1 | 1 | 0 | 1 | 0 | 0 | 0 | 0 | 1 | 0 | 0 | 3 | 0 | 0 | 1 |
15 | Patton, Gail Yanchak | STATE UNIVERSITY OF NEW YORK AT STONY BROOK. | 1979 | female | 1 | 0 | 1979 | 1 | 0 | 1979 | 0 | 0 | 0 | 0 | 0 | 1 | 0 | 0 | 0 | 0 | 0 | 0 | 0 | 0 | 0 | 0 | 0 | 0 | 0 | 0 | 0 | 0 | 0 | 0 | 0 | 0 | 0 | 0 | 0 | 0 | 0 | 0 | 0 | 0 | 0 | 0 | 0 | 0 | 0 | 0 | 0 | 0 | 0 |  0 | 0 | 0 | 0 | 0 | 1 | 0 | 0 | 0 | 0 | 0 | 0 | 0 | 0 | 0 | 0 | 0 | 0 | 0 | 0 | 0 | 0 | 0 | 0 | 0 | 0 | 0 | 0 | 0 | 0 | 0 | 0 | 0 | 0 | 0 | 0 | 0 | 0 | 0 | 0 | 0 | 0 | 0 |
16 | Smith, S. P. | California Institute of Technology, Pasadena. | 1979 | None | 6 | 6 | 1994 | 11 | 24 | 2016 | 0 | 2 | 0 | 1 | 1 | 2 | 0 | 1 | 0 | 1 | 1 | 1 | 0 | 0 | 0 | 0 | 0 | 1 | 0 | 0 | 1 | 0 | 0 | 0 | 0 | 0 | 0 | 0 | 0 | 0 | 0 | 0 | 0 | 0 | 0 | 0 | 0 | 0 | 0 | 0 | 0 | 0 | 0 |  1 | 4 | 1 | 1 | 1 | 3 | 0 | 1 | 0 | 1 | 1 | 2 | 0 | 0 | 1 | 1 | 0 | 1 | 0 | 0 | 1 | 0 | 0 | 0 | 0 | 0 | 0 | 0 | 0 | 0 | 1 | 0 | 1 | 0 | 0 | 2 | 0 | 4 | 3 | 0 | 0 | 0 | 4 |
17 | Twigg, Laurence William | UNIVERSITY OF FLORIDA. | 1979 | female | 2 | 1 | 1980 | 2 | 9 | 2013 | 0 | 0 | 0 | 0 | 0 | 2 | 1 | 0 | 0 | 0 | 0 | 0 | 0 | 0 | 0 | 0 | 0 | 0 | 0 | 0 | 0 | 0 | 0 | 0 | 0 | 0 | 0 | 0 | 0 | 0 | 0 | 0 | 0 | 0 | 0 | 0 | 0 | 0 | 0 | 0 | 0 | 0 | 0 |  0 | 0 | 0 | 0 | 0 | 2 | 2 | 0 | 1 | 0 | 0 | 1 | 0 | 0 | 0 | 0 | 0 | 1 | 1 | 0 | 1 | 0 | 0 | 0 | 0 | 0 | 0 | 0 | 0 | 0 | 0 | 0 | 1 | 0 | 0 | 0 | 0 | 0 | 0 | 1 | 0 | 0 | 0 |
18 | West, Jon Kenneth | UNIVERSITY OF FLORIDA. | 1979 | male | 1 | 1 | 1998 | 1 | 4 | 2013 | 0 | 0 | 0 | 0 | 0 | 1 | 0 | 0 | 0 | 0 | 0 | 0 | 0 | 0 | 0 | 0 | 0 | 0 | 0 | 0 | 0 | 0 | 0 | 0 | 1 | 0 | 0 | 0 | 0 | 0 | 0 | 0 | 0 | 0 | 0 | 0 | 0 | 0 | 0 | 0 | 0 | 0 | 0 |  0 | 0 | 0 | 0 | 0 | 1 | 0 | 0 | 0 | 0 | 0 | 0 | 0 | 0 | 0 | 0 | 0 | 0 | 0 | 0 | 0 | 0 | 0 | 0 | 1 | 0 | 0 | 2 | 0 | 0 | 0 | 0 | 0 | 0 | 0 | 0 | 0 | 0 | 0 | 1 | 0 | 0 | 0 |
19 | Weiss, Howard | UNIVERSITY OF CALIFORNIA, LOS ANGELES. | 1979 | male | 4 | 0 | 1979 | 5 | 5 | 2009 | 0 | 0 | 0 | 2 | 1 | 1 | 0 | 0 | 0 | 0 | 0 | 0 | 0 | 0 | 0 | 0 | 0 | 0 | 0 | 0 | 0 | 0 | 0 | 0 | 0 | 0 | 0 | 0 | 0 | 0 | 0 | 0 | 0 | 0 | 0 | 0 | 0 | 0 | 0 | 0 | 0 | 0 | 0 |  0 | 0 | 0 | 3 | 1 | 1 | 0 | 2 | 0 | 0 | 0 | 0 | 0 | 1 | 0 | 0 | 0 | 0 | 0 | 0 | 0 | 0 | 0 | 0 | 0 | 0 | 0 | 0 | 0 | 1 | 0 | 0 | 0 | 0 | 0 | 1 | 0 | 0 | 0 | 0 | 0 | 0 | 0 |
20 | Blitz, Leo | COLUMBIA UNIVERSITY. | 1979 | male | 3 | 36 | 2011 | 4 | 192 | 2017 | 0 | 0 | 0 | 0 | 0 | 3 | 2 | 2 | 4 | 1 | 1 | 3 | 2 | 1 | 3 | 0 | 1 | 3 | 2 | 3 | 0 | 1 | 0 | 1 | 0 | 1 | 1 | 0 | 0 | 0 | 1 | 0 | 1 | 1 | 0 | 0 | 0 | 1 | 0 | 0 | 0 | 0 | 0 |  0 | 0 | 0 | 0 | 1 | 3 | 2 | 4 | 6 | 2 | 6 | 6 | 9 | 3 | 7 | 4 | 4 | 3 | 3 | 7 | 2 | 6 | 3 | 3 | 1 | 3 | 3 | 3 | 4 | 4 | 5 | 4 | 8 | 4 | 6 | 3 | 8 | 18 | 7 | 16 | 7 | 5 | 1 |
21 | Biswas, S. | Purdue Univ., West Lafayette, IN. | 1979 | None | 21 | 60 | 2017 | 40 | 119 | 2017 | 0 | 10 | 1 | 2 | 0 | 8 | 4 | 2 | 1 | 3 | 0 | 2 | 1 | 5 | 1 | 4 | 3 | 1 | 2 | 3 | 2 | 4 | 1 | 1 | 0 | 3 | 4 | 2 | 0 | 2 | 2 | 1 | 1 | 0 | 0 | 0 | 0 | 0 | 1 | 0 | 0 | 3 | 0 |  2 | 14 | 2 | 4 | 2 | 16 | 5 | 8 | 3 | 9 | 3 | 7 | 1 | 5 | 3 | 5 | 8 | 9 | 2 | 5 | 2 | 9 | 1 | 2 | 1 | 4 | 5 | 2 | 0 | 2 | 3 | 2 | 1 | 0 | 0 | 3 | 1 | 1 | 1 | 0 | 1 | 4 | 0 |
22 | Hurwitz, Harlan Arthur | WESLEYAN UNIVERSITY. | 1979 | male | 2 | 0 | 1979 | 2 | 0 | 1979 | 0 | 0 | 1 | 0 | 0 | 1 | 0 | 0 | 0 | 0 | 0 | 0 | 0 | 0 | 0 | 0 | 0 | 0 | 0 | 0 | 0 | 0 | 0 | 0 | 0 | 0 | 0 | 0 | 0 | 0 | 0 | 0 | 0 | 0 | 0 | 0 | 0 | 0 | 0 | 0 | 0 | 0 | 0 |  0 | 0 | 1 | 0 | 0 | 1 | 0 | 0 | 0 | 0 | 0 | 0 | 0 | 0 | 0 | 0 | 0 | 0 | 0 | 0 | 0 | 0 | 0 | 0 | 0 | 0 | 0 | 0 | 0 | 0 | 0 | 0 | 0 | 0 | 0 | 0 | 0 | 0 | 0 | 0 | 0 | 0 | 0 |
23 | Johnson, Paul Elvin | UNIVERSITY OF WASHINGTON. | 1979 | male | 3 | 14 | 1997 | 8 | 52 | 2014 | 0 | 0 | 0 | 0 | 1 | 2 | 1 | 2 | 1 | 1 | 0 | 2 | 0 | 0 | 0 | 1 | 2 | 0 | 1 | 1 | 1 | 0 | 0 | 1 | 0 | 0 | 0 | 0 | 0 | 0 | 0 | 0 | 0 | 0 | 0 | 0 | 0 | 0 | 0 | 0 | 0 | 0 | 0 |  0 | 0 | 0 | 1 | 3 | 4 | 1 | 5 | 2 | 4 | 1 | 5 | 7 | 0 | 1 | 5 | 3 | 2 | 4 | 1 | 2 | 0 | 0 | 3 | 0 | 2 | 0 | 0 | 0 | 0 | 0 | 0 | 0 | 1 | 1 | 0 | 0 | 0 | 0 | 1 | 1 | 0 | 0 |
24 | Kuseski, Richard Arlan | THE PENNSYLVANIA STATE UNIVERSITY. | 1979 | male | 2 | 0 | 1979 | 3 | 0 | 1979 | 0 | 0 | 1 | 0 | 0 | 1 | 0 | 0 | 0 | 0 | 0 | 0 | 0 | 0 | 0 | 0 | 0 | 0 | 0 | 0 | 0 | 0 | 0 | 0 | 0 | 0 | 0 | 0 | 0 | 0 | 0 | 0 | 0 | 0 | 0 | 0 | 0 | 0 | 0 | 0 | 0 | 0 | 0 |  0 | 1 | 1 | 0 | 0 | 1 | 0 | 0 | 0 | 0 | 0 | 0 | 0 | 0 | 0 | 0 | 0 | 0 | 0 | 0 | 0 | 0 | 0 | 0 | 0 | 0 | 0 | 0 | 0 | 0 | 0 | 0 | 0 | 0 | 0 | 0 | 0 | 0 | 0 | 0 | 0 | 0 | 0 |
25 | Freeman, Jay Reynolds | UNIVERSITY OF CALIFORNIA, BERKELEY. | 1979 | male | 7 | 4 | 2006 | 9 | 14 | 2016 | 0 | 1 | 2 | 1 | 1 | 2 | 1 | 0 | 0 | 0 | 0 | 0 | 0 | 0 | 0 | 0 | 0 | 0 | 0 | 0 | 0 | 0 | 0 | 0 | 0 | 0 | 0 | 0 | 0 | 0 | 1 | 0 | 2 | 0 | 0 | 0 | 0 | 0 | 0 | 0 | 0 | 0 | 0 |  0 | 1 | 2 | 2 | 2 | 2 | 1 | 0 | 0 | 0 | 0 | 0 | 0 | 0 | 0 | 0 | 0 | 0 | 0 | 1 | 0 | 0 | 0 | 0 | 0 | 0 | 0 | 0 | 0 | 0 | 2 | 1 | 4 | 1 | 1 | 1 | 0 | 0 | 0 | 1 | 0 | 0 | 1 |
26 | Moniot, Robert Keith | UNIVERSITY OF CALIFORNIA, BERKELEY. | 1979 | male | 1 | 5 | 1988 | 3 | 16 | 1988 | 0 | 0 | 0 | 0 | 0 | 1 | 1 | 1 | 1 | 1 | 0 | 0 | 0 | 0 | 1 | 0 | 0 | 0 | 0 | 0 | 0 | 0 | 0 | 0 | 0 | 0 | 0 | 0 | 0 | 0 | 0 | 0 | 0 | 0 | 0 | 0 | 0 | 0 | 0 | 0 | 0 | 0 | 0 |  0 | 0 | 1 | 1 | 0 | 1 | 1 | 1 | 2 | 3 | 4 | 2 | 2 | 0 | 1 | 0 | 0 | 0 | 0 | 0 | 0 | 0 | 0 | 0 | 0 | 0 | 0 | 0 | 0 | 0 | 0 | 0 | 0 | 0 | 0 | 0 | 0 | 0 | 0 | 0 | 0 | 0 | 0 |
27 | Phillips, R. B. | Iowa Univ., Iowa City. | 1979 | None | 2 | 13 | 2003 | 3 | 43 | 2003 | 0 | 1 | 0 | 0 | 0 | 1 | 1 | 1 | 2 | 1 | 0 | 0 | 0 | 0 | 1 | 0 | 1 | 1 | 0 | 1 | 0 | 0 | 1 | 0 | 0 | 0 | 1 | 1 | 0 | 1 | 0 | 0 | 0 | 0 | 0 | 0 | 0 | 0 | 0 | 0 | 0 | 0 | 0 |  0 | 2 | 0 | 0 | 0 | 1 | 2 | 3 | 3 | 1 | 4 | 2 | 1 | 0 | 3 | 0 | 4 | 3 | 2 | 2 | 2 | 2 | 3 | 1 | 1 | 1 | 1 | 1 | 0 | 1 | 0 | 0 | 0 | 0 | 0 | 0 | 0 | 0 | 0 | 0 | 0 | 0 | 0 |
28 | Ray, Alak | COLUMBIA UNIVERSITY. | 1979 | male | 3 | 27 | 2017 | 3 | 89 | 2017 | 0 | 2 | 0 | 0 | 0 | 1 | 1 | 2 | 2 | 2 | 2 | 1 | 0 | 2 | 1 | 1 | 2 | 1 | 1 | 1 | 0 | 1 | 0 | 0 | 0 | 1 | 0 | 1 | 0 | 1 | 0 | 1 | 0 | 0 | 0 | 0 | 1 | 0 | 0 | 0 | 0 | 0 | 0 |  0 | 2 | 0 | 0 | 0 | 1 | 1 | 2 | 2 | 5 | 4 | 1 | 0 | 2 | 2 | 1 | 3 | 3 | 2 | 1 | 2 | 2 | 1 | 2 | 1 | 4 | 1 | 1 | 1 | 4 | 4 | 6 | 1 | 1 | 1 | 5 | 3 | 3 | 3 | 2 | 2 | 2 | 5 |
29 | Christian, Carol Ann | BOSTON UNIVERSITY GRADUATE SCHOOL. | 1979 | female | 3 | 26 | 2006 | 3 | 62 | 2017 | 0 | 0 | 0 | 1 | 0 | 2 | 1 | 1 | 3 | 4 | 2 | 3 | 3 | 2 | 3 | 0 | 0 | 1 | 1 | 0 | 0 | 0 | 0 | 0 | 0 | 0 | 0 | 0 | 0 | 0 | 1 | 0 | 1 | 0 | 0 | 0 | 0 | 0 | 0 | 0 | 0 | 0 | 0 |  0 | 0 | 0 | 1 | 0 | 2 | 1 | 1 | 3 | 4 | 3 | 4 | 6 | 5 | 6 | 3 | 1 | 3 | 1 | 2 | 1 | 2 | 3 | 1 | 0 | 0 | 3 | 0 | 0 | 0 | 1 | 0 | 1 | 1 | 0 | 0 | 0 | 0 | 0 | 0 | 0 | 4 | 1 |
30 | Dobrovolskis, Anthony Robert | CALIFORNIA INSTITUTE OF TECHNOLOGY. | 1979 | male | 4 | 32 | 2015 | 6 | 54 | 2017 | 0 | 1 | 0 | 0 | 0 | 3 | 4 | 1 | 1 | 3 | 1 | 0 | 0 | 0 | 0 | 3 | 2 | 0 | 0 | 2 | 0 | 1 | 1 | 1 | 0 | 1 | 0 | 0 | 0 | 0 | 1 | 0 | 0 | 2 | 0 | 1 | 1 | 0 | 0 | 3 | 1 | 2 | 0 |  0 | 1 | 0 | 0 | 1 | 4 | 6 | 1 | 1 | 4 | 1 | 0 | 0 | 0 | 1 | 4 | 3 | 2 | 0 | 4 | 0 | 3 | 1 | 2 | 0 | 1 | 0 | 1 | 1 | 1 | 1 | 1 | 0 | 2 | 2 | 1 | 1 | 0 | 0 | 3 | 2 | 3 | 0 |
31 | Elcan, Michael John | UNIVERSITY OF CALIFORNIA, SAN DIEGO. | 1979 | male | 2 | 0 | 1979 | 4 | 0 | 1979 | 0 | 0 | 0 | 0 | 1 | 1 | 0 | 0 | 0 | 0 | 0 | 0 | 0 | 0 | 0 | 0 | 0 | 0 | 0 | 0 | 0 | 0 | 0 | 0 | 0 | 0 | 0 | 0 | 0 | 0 | 0 | 0 | 0 | 0 | 0 | 0 | 0 | 0 | 0 | 0 | 0 | 0 | 0 |  1 | 0 | 0 | 1 | 1 | 1 | 0 | 0 | 0 | 0 | 0 | 0 | 0 | 0 | 0 | 0 | 0 | 0 | 0 | 0 | 0 | 0 | 0 | 0 | 0 | 0 | 0 | 0 | 0 | 0 | 0 | 0 | 0 | 0 | 0 | 0 | 0 | 0 | 0 | 0 | 0 | 0 | 0 |
32 | Fickle, Robert Keith | IOWA STATE UNIVERSITY. | 1979 | male | 2 | 0 | 1979 | 4 | 23 | 1983 | 0 | 0 | 0 | 0 | 0 | 2 | 0 | 0 | 0 | 0 | 0 | 0 | 0 | 0 | 0 | 0 | 0 | 0 | 0 | 0 | 0 | 0 | 0 | 0 | 0 | 0 | 0 | 0 | 0 | 0 | 0 | 0 | 0 | 0 | 0 | 0 | 0 | 0 | 0 | 0 | 0 | 0 | 0 |  0 | 0 | 1 | 0 | 0 | 3 | 1 | 5 | 1 | 16 | 0 | 0 | 0 | 0 | 0 | 0 | 0 | 0 | 0 | 0 | 0 | 0 | 0 | 0 | 0 | 0 | 0 | 0 | 0 | 0 | 0 | 0 | 0 | 0 | 0 | 0 | 0 | 0 | 0 | 0 | 0 | 0 | 0 |
33 | Gurman, Joseph Bearak | UNIVERSITY OF COLORADO AT BOULDER. | 1979 | male | 2 | 9 | 1993 | 2 | 50 | 2014 | 1 | 0 | 0 | 0 | 0 | 1 | 0 | 1 | 1 | 1 | 3 | 0 | 0 | 1 | 0 | 0 | 0 | 0 | 1 | 1 | 0 | 0 | 0 | 0 | 0 | 0 | 0 | 0 | 0 | 0 | 0 | 0 | 0 | 0 | 0 | 0 | 0 | 0 | 0 | 0 | 0 | 0 | 0 |  1 | 0 | 0 | 0 | 0 | 1 | 0 | 5 | 4 | 3 | 3 | 0 | 1 | 2 | 0 | 0 | 0 | 0 | 1 | 1 | 0 | 2 | 0 | 5 | 6 | 3 | 3 | 1 | 2 | 1 | 0 | 1 | 1 | 0 | 1 | 1 | 0 | 0 | 0 | 1 | 2 | 0 | 0 |
34 | Decker, R. B. | Kansas Univ., Lawrence. | 1979 | None | 3 | 31 | 2012 | 3 | 126 | 2017 | 0 | 0 | 0 | 0 | 0 | 3 | 0 | 3 | 0 | 2 | 2 | 3 | 2 | 2 | 2 | 0 | 1 | 1 | 0 | 3 | 1 | 3 | 0 | 0 | 0 | 0 | 0 | 0 | 0 | 3 | 0 | 1 | 0 | 0 | 1 | 0 | 0 | 0 | 1 | 0 | 0 | 0 | 0 |  0 | 0 | 0 | 0 | 0 | 3 | 0 | 4 | 1 | 4 | 3 | 7 | 4 | 5 | 5 | 3 | 1 | 3 | 1 | 5 | 1 | 7 | 3 | 7 | 2 | 3 | 1 | 6 | 1 | 12 | 3 | 2 | 2 | 0 | 4 | 4 | 3 | 2 | 2 | 5 | 3 | 4 | 2 |
35 | Lockman, Felix James | UNIVERSITY OF MASSACHUSETTS. | 1979 | male | 7 | 23 | 2016 | 12 | 94 | 2017 | 0 | 1 | 2 | 1 | 1 | 2 | 1 | 1 | 2 | 1 | 1 | 0 | 2 | 0 | 1 | 1 | 0 | 1 | 0 | 0 | 0 | 1 | 1 | 0 | 0 | 1 | 0 | 0 | 2 | 1 | 0 | 1 | 0 | 1 | 2 | 0 | 0 | 0 | 1 | 0 | 0 | 0 | 1 |  1 | 3 | 2 | 1 | 2 | 3 | 1 | 1 | 3 | 1 | 2 | 2 | 3 | 0 | 2 | 4 | 2 | 1 | 2 | 2 | 2 | 3 | 6 | 0 | 1 | 3 | 0 | 1 | 2 | 1 | 2 | 1 | 4 | 4 | 5 | 3 | 4 | 5 | 2 | 5 | 1 | 5 | 4 |
36 | Niedner, Malcolm Bowen, Jr. | INDIANA UNIVERSITY. | 1979 | male | 2 | 3 | 1986 | 2 | 13 | 1999 | 0 | 0 | 0 | 0 | 1 | 1 | 1 | 0 | 0 | 0 | 0 | 1 | 1 | 0 | 0 | 0 | 0 | 0 | 0 | 0 | 0 | 0 | 0 | 0 | 0 | 0 | 0 | 0 | 0 | 0 | 0 | 0 | 0 | 0 | 0 | 0 | 0 | 0 | 0 | 0 | 0 | 0 | 0 |  0 | 0 | 0 | 0 | 1 | 1 | 1 | 0 | 0 | 0 | 1 | 4 | 1 | 2 | 0 | 1 | 0 | 1 | 0 | 0 | 0 | 1 | 0 | 0 | 0 | 1 | 0 | 0 | 0 | 0 | 0 | 0 | 0 | 0 | 0 | 0 | 0 | 0 | 0 | 0 | 0 | 0 | 0 |
37 | Tubbs, Allan Douglas | UNIVERSITY OF PITTSBURGH. | 1979 | male | 2 | 4 | 1982 | 2 | 7 | 1990 | 0 | 0 | 0 | 0 | 0 | 2 | 3 | 0 | 1 | 0 | 0 | 0 | 0 | 0 | 0 | 0 | 0 | 0 | 0 | 0 | 0 | 0 | 0 | 0 | 0 | 0 | 0 | 0 | 0 | 0 | 0 | 0 | 0 | 0 | 0 | 0 | 0 | 0 | 0 | 0 | 0 | 0 | 0 |  0 | 0 | 0 | 0 | 0 | 2 | 4 | 0 | 2 | 0 | 0 | 0 | 0 | 0 | 0 | 0 | 1 | 0 | 0 | 0 | 0 | 0 | 0 | 0 | 0 | 0 | 0 | 0 | 0 | 0 | 0 | 0 | 0 | 0 | 0 | 0 | 0 | 0 | 0 | 0 | 0 | 0 | 0 |
38 | Sutton, Edmund Charles | UNIVERSITY OF CALIFORNIA, BERKELEY. | 1979 | male | 5 | 15 | 2006 | 8 | 40 | 2014 | 1 | 0 | 0 | 1 | 1 | 2 | 0 | 0 | 1 | 1 | 1 | 1 | 1 | 0 | 1 | 0 | 1 | 1 | 0 | 0 | 0 | 2 | 1 | 1 | 0 | 0 | 0 | 1 | 0 | 0 | 1 | 0 | 1 | 0 | 0 | 0 | 0 | 0 | 0 | 0 | 0 | 0 | 0 |  1 | 0 | 2 | 2 | 1 | 2 | 0 | 0 | 1 | 1 | 3 | 2 | 2 | 1 | 1 | 1 | 1 | 4 | 1 | 0 | 0 | 2 | 2 | 1 | 1 | 0 | 1 | 3 | 0 | 1 | 2 | 1 | 3 | 0 | 0 | 0 | 1 | 0 | 1 | 1 | 2 | 0 | 0 |
39 | Wilkerson, Mary Susan | THE UNIVERSITY OF ARIZONA. | 1979 | female | 4 | 3 | 1981 | 5 | 5 | 1983 | 0 | 0 | 0 | 1 | 2 | 1 | 2 | 1 | 0 | 0 | 0 | 0 | 0 | 0 | 0 | 0 | 0 | 0 | 0 | 0 | 0 | 0 | 0 | 0 | 0 | 0 | 0 | 0 | 0 | 0 | 0 | 0 | 0 | 0 | 0 | 0 | 0 | 0 | 0 | 0 | 0 | 0 | 0 |  0 | 0 | 0 | 1 | 2 | 2 | 2 | 1 | 1 | 1 | 0 | 0 | 0 | 0 | 0 | 0 | 0 | 0 | 0 | 0 | 0 | 0 | 0 | 0 | 0 | 0 | 0 | 0 | 0 | 0 | 0 | 0 | 0 | 0 | 0 | 0 | 0 | 0 | 0 | 0 | 0 | 0 | 0 |
40 | Zamorano Hole, Nelson Arturo | THE UNIVERSITY OF TEXAS AT AUSTIN. | 1979 | male | 1 | 0 | 1979 | 1 | 0 | 1979 | 0 | 0 | 0 | 0 | 0 | 1 | 0 | 0 | 0 | 0 | 0 | 0 | 0 | 0 | 0 | 0 | 0 | 0 | 0 | 0 | 0 | 0 | 0 | 0 | 0 | 0 | 0 | 0 | 0 | 0 | 0 | 0 | 0 | 0 | 0 | 0 | 0 | 0 | 0 | 0 | 0 | 0 | 0 |  0 | 0 | 0 | 0 | 0 | 1 | 0 | 0 | 0 | 0 | 0 | 0 | 0 | 0 | 0 | 0 | 0 | 0 | 0 | 0 | 0 | 0 | 0 | 0 | 0 | 0 | 0 | 0 | 0 | 0 | 0 | 0 | 0 | 0 | 0 | 0 | 0 | 0 | 0 | 0 | 0 | 0 | 0 |
41 | Bender, Frederick | IOWA STATE UNIVERSITY. | 1979 | male | 1 | 1 | 2006 | 1 | 2 | 2015 | 0 | 0 | 0 | 0 | 0 | 1 | 0 | 0 | 0 | 0 | 0 | 0 | 0 | 0 | 0 | 0 | 0 | 0 | 0 | 0 | 0 | 0 | 0 | 0 | 0 | 0 | 0 | 0 | 0 | 0 | 0 | 0 | 1 | 0 | 0 | 0 | 0 | 0 | 0 | 0 | 0 | 0 | 0 |  0 | 0 | 0 | 0 | 0 | 1 | 0 | 0 | 0 | 0 | 0 | 0 | 0 | 0 | 0 | 0 | 0 | 0 | 0 | 0 | 0 | 0 | 0 | 0 | 0 | 0 | 0 | 0 | 0 | 0 | 0 | 0 | 1 | 0 | 0 | 0 | 0 | 0 | 0 | 0 | 0 | 1 | 0 |
42 | Coomer, G. C. | Cincinnati Univ., OH. | 1979 | None | 1 | 0 | 1979 | 1 | 0 | 1979 | 0 | 0 | 0 | 0 | 0 | 1 | 0 | 0 | 0 | 0 | 0 | 0 | 0 | 0 | 0 | 0 | 0 | 0 | 0 | 0 | 0 | 0 | 0 | 0 | 0 | 0 | 0 | 0 | 0 | 0 | 0 | 0 | 0 | 0 | 0 | 0 | 0 | 0 | 0 | 0 | 0 | 0 | 0 |  0 | 0 | 0 | 0 | 0 | 1 | 0 | 0 | 0 | 0 | 0 | 0 | 0 | 0 | 0 | 0 | 0 | 0 | 0 | 0 | 0 | 0 | 0 | 0 | 0 | 0 | 0 | 0 | 0 | 0 | 0 | 0 | 0 | 0 | 0 | 0 | 0 | 0 | 0 | 0 | 0 | 0 | 0 |
43 | Frost, R. L. | Utah Univ., Salt Lake City. | 1979 | None | 1 | 1 | 2011 | 1 | 6 | 2012 | 0 | 0 | 0 | 0 | 0 | 1 | 0 | 0 | 0 | 0 | 0 | 0 | 0 | 0 | 0 | 0 | 0 | 0 | 0 | 0 | 0 | 0 | 0 | 0 | 0 | 0 | 0 | 0 | 0 | 0 | 0 | 0 | 0 | 0 | 0 | 0 | 0 | 1 | 0 | 0 | 0 | 0 | 0 |  0 | 0 | 0 | 0 | 0 | 1 | 0 | 0 | 1 | 0 | 0 | 0 | 0 | 0 | 0 | 0 | 0 | 0 | 0 | 0 | 0 | 0 | 0 | 0 | 0 | 0 | 0 | 0 | 2 | 0 | 0 | 1 | 0 | 0 | 0 | 0 | 0 | 1 | 1 | 0 | 0 | 0 | 0 |
44 | Burns, Jack O'neal, Jr. | INDIANA UNIVERSITY. | 1979 | male | 0 | 0 | 1979 | 0 | 0 | 1979 | 0 | 0 | 0 | 0 | 0 | 0 | 0 | 0 | 0 | 0 | 0 | 0 | 0 | 0 | 0 | 0 | 0 | 0 | 0 | 0 | 0 | 0 | 0 | 0 | 0 | 0 | 0 | 0 | 0 | 0 | 0 | 0 | 0 | 0 | 0 | 0 | 0 | 0 | 0 | 0 | 0 | 0 | 0 |  0 | 0 | 0 | 0 | 0 | 0 | 0 | 0 | 0 | 0 | 0 | 0 | 0 | 0 | 0 | 0 | 0 | 0 | 0 | 0 | 0 | 0 | 0 | 0 | 0 | 0 | 0 | 0 | 0 | 0 | 0 | 0 | 0 | 0 | 0 | 0 | 0 | 0 | 0 | 0 | 0 | 0 | 0 |
45 | Combi, Michael Raymond | THE UNIVERSITY OF TOLEDO. | 1979 | male | 2 | 40 | 2014 | 5 | 174 | 2017 | 0 | 0 | 0 | 0 | 1 | 1 | 4 | 0 | 0 | 0 | 0 | 0 | 2 | 1 | 2 | 1 | 0 | 2 | 1 | 3 | 2 | 0 | 1 | 3 | 2 | 1 | 1 | 0 | 2 | 0 | 1 | 1 | 0 | 0 | 1 | 1 | 0 | 3 | 2 | 1 | 2 | 0 | 0 |  0 | 0 | 2 | 0 | 1 | 2 | 4 | 0 | 0 | 1 | 1 | 0 | 2 | 2 | 4 | 1 | 0 | 5 | 1 | 3 | 3 | 4 | 1 | 8 | 3 | 3 | 4 | 5 | 4 | 0 | 4 | 3 | 2 | 13 | 6 | 5 | 5 | 8 | 5 | 6 | 10 | 23 | 20 |
46 | Dressel, Linda Lou | UNIVERSITY OF VIRGINIA. | 1979 | female | 3 | 7 | 2004 | 6 | 20 | 2015 | 0 | 0 | 1 | 0 | 1 | 1 | 0 | 1 | 1 | 1 | 0 | 1 | 0 | 0 | 1 | 0 | 0 | 0 | 0 | 0 | 0 | 0 | 0 | 1 | 0 | 0 | 0 | 0 | 0 | 0 | 1 | 0 | 0 | 0 | 0 | 0 | 0 | 0 | 0 | 0 | 0 | 0 | 0 |  0 | 0 | 1 | 0 | 4 | 1 | 0 | 1 | 1 | 1 | 0 | 1 | 0 | 0 | 1 | 0 | 0 | 1 | 0 | 1 | 2 | 0 | 0 | 1 | 1 | 1 | 0 | 0 | 0 | 2 | 2 | 2 | 0 | 1 | 0 | 0 | 0 | 0 | 0 | 0 | 0 | 1 | 0 |
47 | Lin, John | COLUMBIA UNIVERSITY. | 1979 | male | 1 | 42 | 2014 | 2 | 106 | 2017 | 0 | 0 | 0 | 0 | 0 | 1 | 0 | 0 | 0 | 0 | 0 | 1 | 1 | 1 | 1 | 2 | 2 | 0 | 2 | 0 | 1 | 2 | 2 | 0 | 2 | 1 | 2 | 1 | 3 | 1 | 5 | 4 | 0 | 2 | 1 | 1 | 0 | 0 | 2 | 1 | 1 | 0 | 0 |  0 | 0 | 0 | 0 | 0 | 2 | 0 | 0 | 0 | 1 | 0 | 2 | 1 | 2 | 1 | 3 | 3 | 0 | 5 | 4 | 4 | 3 | 3 | 0 | 4 | 1 | 3 | 1 | 3 | 2 | 6 | 4 | 1 | 3 | 4 | 4 | 4 | 1 | 7 | 2 | 7 | 7 | 5 |
48 | Welter, Gary Lee | THE UNIVERSITY OF WISCONSIN - MADISON. | 1979 | male | 3 | 6 | 1984 | 3 | 8 | 1984 | 0 | 0 | 0 | 1 | 1 | 1 | 2 | 1 | 2 | 0 | 1 | 0 | 0 | 0 | 0 | 0 | 0 | 0 | 0 | 0 | 0 | 0 | 0 | 0 | 0 | 0 | 0 | 0 | 0 | 0 | 0 | 0 | 0 | 0 | 0 | 0 | 0 | 0 | 0 | 0 | 0 | 0 | 0 |  0 | 0 | 0 | 1 | 1 | 1 | 2 | 2 | 3 | 0 | 1 | 0 | 0 | 0 | 0 | 0 | 0 | 0 | 0 | 0 | 0 | 0 | 0 | 0 | 0 | 0 | 0 | 0 | 0 | 0 | 0 | 0 | 0 | 0 | 0 | 0 | 0 | 0 | 0 | 0 | 0 | 0 | 0 |
49 | Patterson, Joseph Otis | THE UNIVERSITY OF TEXAS AT AUSTIN. | 1979 | male | 11 | 67 | 2017 | 13 | 153 | 2017 | 0 | 0 | 0 | 1 | 3 | 7 | 3 | 7 | 0 | 1 | 2 | 2 | 0 | 0 | 0 | 0 | 1 | 3 | 2 | 7 | 2 | 3 | 2 | 2 | 6 | 0 | 3 | 2 | 3 | 1 | 1 | 3 | 1 | 0 | 1 | 0 | 0 | 2 | 1 | 1 | 2 | 1 | 1 |  0 | 0 | 0 | 1 | 5 | 7 | 4 | 8 | 0 | 4 | 3 | 4 | 2 | 3 | 2 | 0 | 2 | 7 | 4 | 10 | 4 | 6 | 3 | 4 | 10 | 4 | 6 | 4 | 8 | 5 | 3 | 4 | 1 | 3 | 3 | 1 | 2 | 10 | 3 | 2 | 4 | 1 | 5 |
50 | Rohrbaugh, R. P. | Pennsylvania State University, University Park. | 1979 | None | 2 | 1 | 1983 | 2 | 12 | 1997 | 0 | 0 | 0 | 0 | 0 | 2 | 0 | 0 | 0 | 1 | 0 | 0 | 0 | 0 | 0 | 0 | 0 | 0 | 0 | 0 | 0 | 0 | 0 | 0 | 0 | 0 | 0 | 0 | 0 | 0 | 0 | 0 | 0 | 0 | 0 | 0 | 0 | 0 | 0 | 0 | 0 | 0 | 0 |  0 | 0 | 0 | 0 | 0 | 2 | 0 | 1 | 1 | 1 | 1 | 0 | 2 | 0 | 1 | 0 | 1 | 0 | 1 | 1 | 1 | 0 | 0 | 1 | 0 | 0 | 0 | 0 | 0 | 0 | 0 | 0 | 0 | 0 | 0 | 0 | 0 | 0 | 0 | 0 | 0 | 0 | 0 |
51 | Stanley, J. E. | Virginia Univ., Charlottesville. | 1979 | None | 2 | 0 | 1979 | 3 | 3 | 1993 | 0 | 0 | 0 | 0 | 0 | 2 | 0 | 0 | 0 | 0 | 0 | 0 | 0 | 0 | 0 | 0 | 0 | 0 | 0 | 0 | 0 | 0 | 0 | 0 | 0 | 0 | 0 | 0 | 0 | 0 | 0 | 0 | 0 | 0 | 0 | 0 | 0 | 0 | 0 | 0 | 0 | 0 | 0 |  0 | 0 | 1 | 0 | 0 | 2 | 0 | 0 | 0 | 0 | 0 | 0 | 0 | 0 | 0 | 0 | 0 | 2 | 0 | 1 | 0 | 0 | 0 | 0 | 0 | 0 | 0 | 0 | 0 | 0 | 0 | 0 | 0 | 0 | 0 | 0 | 0 | 0 | 0 | 0 | 0 | 0 | 0 |
52 | Horvath, P. | Texas Univ., Austin. | 1979 | None | 1 | 2 | 1982 | 4 | 41 | 2017 | 0 | 0 | 0 | 0 | 0 | 1 | 1 | 0 | 1 | 0 | 0 | 0 | 0 | 0 | 0 | 0 | 0 | 0 | 0 | 0 | 0 | 0 | 0 | 0 | 0 | 0 | 0 | 0 | 0 | 0 | 0 | 0 | 0 | 0 | 0 | 0 | 0 | 0 | 0 | 0 | 0 | 0 | 0 |  0 | 0 | 0 | 1 | 1 | 2 | 1 | 0 | 1 | 0 | 0 | 0 | 0 | 0 | 0 | 0 | 0 | 0 | 0 | 0 | 0 | 0 | 0 | 0 | 0 | 0 | 0 | 0 | 0 | 0 | 0 | 0 | 0 | 0 | 0 | 0 | 0 | 2 | 9 | 2 | 9 | 6 | 8 |
53 | Vlahos, L. | Maryland Univ., College Park. | 1979 | None | 4 | 25 | 2016 | 5 | 98 | 2017 | 0 | 0 | 0 | 0 | 0 | 4 | 0 | 0 | 2 | 1 | 1 | 1 | 0 | 2 | 0 | 1 | 0 | 0 | 0 | 2 | 1 | 3 | 0 | 0 | 0 | 0 | 0 | 0 | 1 | 0 | 4 | 1 | 0 | 1 | 0 | 2 | 0 | 0 | 0 | 0 | 0 | 0 | 2 |  0 | 0 | 0 | 0 | 0 | 5 | 1 | 0 | 5 | 2 | 3 | 5 | 3 | 3 | 2 | 1 | 1 | 1 | 1 | 3 | 4 | 3 | 2 | 3 | 4 | 1 | 1 | 3 | 2 | 0 | 7 | 4 | 7 | 4 | 4 | 5 | 0 | 3 | 2 | 2 | 0 | 0 | 5 |
54 | Willson, Robert Frederick | TUFTS UNIVERSITY. | 1979 | male | 1 | 27 | 2008 | 6 | 66 | 2008 | 0 | 0 | 0 | 0 | 0 | 1 | 0 | 2 | 0 | 3 | 2 | 2 | 1 | 2 | 2 | 0 | 2 | 1 | 0 | 2 | 0 | 0 | 1 | 1 | 1 | 0 | 1 | 0 | 1 | 0 | 0 | 2 | 0 | 0 | 1 | 0 | 0 | 0 | 0 | 0 | 0 | 0 | 0 |  0 | 1 | 0 | 0 | 2 | 3 | 1 | 6 | 5 | 5 | 4 | 3 | 5 | 6 | 6 | 2 | 2 | 3 | 2 | 3 | 1 | 1 | 1 | 1 | 2 | 0 | 1 | 0 | 2 | 1 | 0 | 2 | 0 | 0 | 1 | 0 | 0 | 0 | 0 | 0 | 0 | 0 | 0 |
55 | Young, Judith Sharn | UNIVERSITY OF MINNESOTA. | 1979 | female | 2 | 29 | 2000 | 5 | 105 | 2017 | 0 | 0 | 0 | 0 | 0 | 2 | 1 | 2 | 4 | 1 | 3 | 1 | 3 | 0 | 4 | 3 | 0 | 2 | 0 | 0 | 0 | 1 | 1 | 0 | 0 | 1 | 2 | 0 | 0 | 0 | 0 | 0 | 0 | 0 | 0 | 0 | 0 | 0 | 0 | 0 | 0 | 0 | 0 |  0 | 0 | 1 | 0 | 0 | 4 | 4 | 5 | 4 | 6 | 5 | 3 | 8 | 2 | 9 | 8 | 5 | 3 | 3 | 4 | 2 | 2 | 3 | 2 | 1 | 2 | 2 | 2 | 0 | 3 | 1 | 2 | 0 | 0 | 2 | 3 | 2 | 0 | 2 | 3 | 0 | 1 | 0 |
56 | Anderson, Rodney Charles | THE JOHNS HOPKINS UNIVERSITY. | 1979 | male | 8 | 7 | 2015 | 15 | 71 | 2017 | 0 | 1 | 0 | 1 | 2 | 4 | 0 | 0 | 1 | 0 | 0 | 0 | 0 | 0 | 0 | 0 | 0 | 0 | 0 | 0 | 1 | 0 | 0 | 0 | 0 | 0 | 0 | 0 | 0 | 0 | 1 | 1 | 0 | 0 | 1 | 0 | 0 | 0 | 1 | 0 | 0 | 1 | 0 |  1 | 2 | 0 | 4 | 4 | 4 | 1 | 1 | 2 | 3 | 0 | 0 | 1 | 1 | 0 | 1 | 0 | 0 | 0 | 1 | 1 | 1 | 0 | 1 | 0 | 2 | 3 | 2 | 1 | 3 | 8 | 3 | 2 | 0 | 2 | 0 | 0 | 1 | 5 | 6 | 10 | 6 | 1 |
57 | Baker, Kile Barton | STANFORD UNIVERSITY. | 1979 | male | 1 | 10 | 2009 | 4 | 55 | 2010 | 0 | 0 | 0 | 0 | 0 | 1 | 0 | 0 | 1 | 1 | 0 | 1 | 1 | 0 | 0 | 1 | 1 | 0 | 0 | 0 | 0 | 1 | 0 | 1 | 1 | 0 | 0 | 0 | 0 | 0 | 0 | 0 | 0 | 0 | 0 | 1 | 0 | 0 | 0 | 0 | 0 | 0 | 0 |  0 | 0 | 1 | 1 | 0 | 2 | 0 | 0 | 2 | 1 | 0 | 2 | 2 | 2 | 1 | 3 | 4 | 5 | 2 | 5 | 3 | 6 | 0 | 1 | 4 | 5 | 1 | 1 | 1 | 1 | 0 | 1 | 0 | 0 | 0 | 1 | 1 | 0 | 0 | 0 | 0 | 0 | 0 |
58 | Fry, James Nathan | PRINCETON UNIVERSITY. | 1979 | male | 2 | 43 | 2013 | 2 | 66 | 2013 | 0 | 0 | 0 | 0 | 1 | 1 | 6 | 2 | 3 | 3 | 3 | 3 | 3 | 1 | 1 | 1 | 0 | 1 | 2 | 2 | 4 | 1 | 1 | 0 | 2 | 1 | 1 | 0 | 0 | 0 | 0 | 0 | 0 | 0 | 0 | 0 | 0 | 1 | 0 | 1 | 0 | 0 | 0 |  0 | 0 | 0 | 0 | 1 | 1 | 6 | 2 | 3 | 3 | 3 | 4 | 4 | 1 | 1 | 1 | 0 | 2 | 3 | 2 | 5 | 1 | 1 | 0 | 4 | 1 | 4 | 2 | 1 | 1 | 0 | 2 | 2 | 1 | 0 | 0 | 1 | 2 | 1 | 2 | 0 | 0 | 0 |
59 | Gillman, Arthur Wayne | RUTGERS THE STATE UNIVERSITY OF NEW JERSEY - NEW BRUNSWICK. | 1979 | male | 2 | 1 | 1980 | 2 | 2 | 1984 | 0 | 0 | 0 | 0 | 0 | 2 | 1 | 0 | 0 | 0 | 0 | 0 | 0 | 0 | 0 | 0 | 0 | 0 | 0 | 0 | 0 | 0 | 0 | 0 | 0 | 0 | 0 | 0 | 0 | 0 | 0 | 0 | 0 | 0 | 0 | 0 | 0 | 0 | 0 | 0 | 0 | 0 | 0 |  0 | 0 | 0 | 0 | 0 | 2 | 1 | 0 | 0 | 0 | 1 | 0 | 0 | 0 | 0 | 0 | 0 | 0 | 0 | 0 | 0 | 0 | 0 | 0 | 0 | 0 | 0 | 0 | 0 | 0 | 0 | 0 | 0 | 0 | 0 | 0 | 0 | 0 | 0 | 0 | 0 | 0 | 0 |
60 | Hartman, S. R. | California Institute of Technology, Pasadena. | 1979 | None | 2 | 0 | 1979 | 2 | 2 | 2005 | 0 | 0 | 0 | 0 | 0 | 2 | 0 | 0 | 0 | 0 | 0 | 0 | 0 | 0 | 0 | 0 | 0 | 0 | 0 | 0 | 0 | 0 | 0 | 0 | 0 | 0 | 0 | 0 | 0 | 0 | 0 | 0 | 0 | 0 | 0 | 0 | 0 | 0 | 0 | 0 | 0 | 0 | 0 |  0 | 0 | 0 | 0 | 0 | 2 | 0 | 0 | 0 | 0 | 0 | 0 | 0 | 0 | 0 | 0 | 0 | 0 | 0 | 0 | 0 | 0 | 0 | 0 | 0 | 0 | 0 | 0 | 0 | 0 | 0 | 2 | 0 | 0 | 0 | 0 | 0 | 0 | 0 | 0 | 0 | 0 | 0 |
61 | Erickson, Neal Rider | UNIVERSITY OF CALIFORNIA, BERKELEY. | 1979 | male | 1 | 7 | 1992 | 1 | 58 | 2016 | 0 | 0 | 0 | 0 | 0 | 1 | 0 | 2 | 1 | 1 | 0 | 1 | 0 | 0 | 1 | 0 | 0 | 0 | 1 | 0 | 0 | 0 | 0 | 0 | 0 | 0 | 0 | 0 | 0 | 0 | 0 | 0 | 0 | 0 | 0 | 0 | 0 | 0 | 0 | 0 | 0 | 0 | 0 |  0 | 0 | 0 | 0 | 0 | 1 | 0 | 6 | 3 | 1 | 3 | 4 | 1 | 0 | 1 | 2 | 0 | 1 | 2 | 0 | 0 | 1 | 1 | 0 | 1 | 1 | 16 | 0 | 0 | 0 | 1 | 0 | 0 | 0 | 0 | 1 | 6 | 2 | 0 | 0 | 1 | 1 | 2 |
62 | Johnson, James Robert | TEXAS A&M UNIVERSITY. | 1979 | male | 2 | 7 | 2016 | 4 | 120 | 2016 | 0 | 0 | 0 | 0 | 1 | 1 | 0 | 1 | 0 | 1 | 1 | 0 | 0 | 0 | 0 | 0 | 0 | 0 | 0 | 0 | 0 | 0 | 0 | 0 | 0 | 0 | 0 | 0 | 0 | 0 | 0 | 0 | 0 | 1 | 0 | 0 | 0 | 0 | 0 | 0 | 1 | 1 | 1 |  0 | 0 | 1 | 0 | 2 | 1 | 1 | 2 | 0 | 2 | 3 | 1 | 0 | 0 | 0 | 0 | 1 | 0 | 0 | 3 | 0 | 2 | 0 | 1 | 2 | 5 | 4 | 1 | 1 | 3 | 13 | 4 | 11 | 6 | 11 | 3 | 9 | 3 | 4 | 2 | 7 | 8 | 7 |
63 | Owen, Jane Rix | CITY UNIVERSITY OF NEW YORK. | 1979 | female | 1 | 0 | 1979 | 5 | 7 | 2011 | 0 | 0 | 0 | 0 | 0 | 1 | 0 | 0 | 0 | 0 | 0 | 0 | 0 | 0 | 0 | 0 | 0 | 0 | 0 | 0 | 0 | 0 | 0 | 0 | 0 | 0 | 0 | 0 | 0 | 0 | 0 | 0 | 0 | 0 | 0 | 0 | 0 | 0 | 0 | 0 | 0 | 0 | 0 |  0 | 0 | 0 | 0 | 1 | 4 | 4 | 0 | 1 | 0 | 0 | 0 | 0 | 0 | 0 | 0 | 0 | 0 | 0 | 0 | 0 | 0 | 0 | 0 | 0 | 0 | 0 | 0 | 0 | 0 | 0 | 0 | 1 | 0 | 0 | 0 | 0 | 1 | 0 | 0 | 0 | 0 | 0 |
64 | Pieri, D. C. | Cornell Univ., Ithaca, NY. | 1979 | None | 1 | 6 | 2002 | 4 | 13 | 2002 | 0 | 0 | 0 | 0 | 0 | 1 | 1 | 2 | 0 | 0 | 2 | 0 | 0 | 0 | 0 | 0 | 0 | 0 | 0 | 0 | 0 | 0 | 0 | 0 | 0 | 0 | 0 | 0 | 1 | 0 | 0 | 0 | 0 | 0 | 0 | 0 | 0 | 0 | 0 | 0 | 0 | 0 | 0 |  0 | 0 | 1 | 1 | 0 | 2 | 2 | 4 | 0 | 1 | 2 | 0 | 0 | 0 | 0 | 0 | 0 | 1 | 0 | 1 | 0 | 0 | 0 | 0 | 0 | 1 | 0 | 0 | 1 | 0 | 0 | 0 | 0 | 0 | 0 | 0 | 0 | 0 | 0 | 0 | 0 | 0 | 0 |
65 | Romney, Jonathan Daniel | CALIFORNIA INSTITUTE OF TECHNOLOGY. | 1979 | male | 1 | 5 | 2000 | 11 | 52 | 2016 | 0 | 0 | 0 | 0 | 0 | 1 | 0 | 0 | 0 | 0 | 1 | 0 | 0 | 1 | 0 | 0 | 0 | 0 | 0 | 0 | 0 | 1 | 0 | 0 | 0 | 1 | 1 | 0 | 0 | 0 | 0 | 0 | 0 | 0 | 0 | 0 | 0 | 0 | 0 | 0 | 0 | 0 | 0 |  0 | 3 | 3 | 3 | 0 | 2 | 0 | 3 | 3 | 1 | 2 | 5 | 2 | 3 | 0 | 1 | 0 | 0 | 0 | 1 | 6 | 1 | 2 | 0 | 2 | 1 | 4 | 1 | 1 | 2 | 0 | 1 | 2 | 0 | 1 | 0 | 2 | 1 | 0 | 1 | 0 | 2 | 1 |
66 | Smythe, W. D. | California Univ., Los Angeles. | 1979 | None | 4 | 1 | 1995 | 5 | 44 | 2009 | 0 | 1 | 0 | 1 | 0 | 2 | 0 | 0 | 0 | 0 | 0 | 0 | 0 | 0 | 0 | 0 | 0 | 0 | 0 | 0 | 0 | 1 | 0 | 0 | 0 | 0 | 0 | 0 | 0 | 0 | 0 | 0 | 0 | 0 | 0 | 0 | 0 | 0 | 0 | 0 | 0 | 0 | 0 |  1 | 1 | 0 | 1 | 0 | 2 | 0 | 0 | 0 | 0 | 0 | 0 | 1 | 0 | 1 | 1 | 3 | 2 | 1 | 3 | 1 | 4 | 3 | 5 | 3 | 2 | 4 | 2 | 2 | 0 | 2 | 0 | 1 | 0 | 0 | 3 | 0 | 0 | 0 | 0 | 0 | 0 | 0 |
67 | London, Richard A. | UNIVERSITY OF COLORADO AT BOULDER. | 1979 | male | 4 | 6 | 1988 | 4 | 17 | 2015 | 0 | 0 | 0 | 1 | 1 | 2 | 0 | 1 | 1 | 1 | 1 | 0 | 1 | 0 | 1 | 0 | 0 | 0 | 0 | 0 | 0 | 0 | 0 | 0 | 0 | 0 | 0 | 0 | 0 | 0 | 0 | 0 | 0 | 0 | 0 | 0 | 0 | 0 | 0 | 0 | 0 | 0 | 0 |  0 | 0 | 0 | 1 | 1 | 2 | 0 | 1 | 2 | 2 | 1 | 0 | 1 | 1 | 2 | 0 | 1 | 0 | 0 | 1 | 1 | 0 | 1 | 1 | 0 | 0 | 1 | 0 | 0 | 0 | 0 | 0 | 0 | 0 | 0 | 0 | 0 | 0 | 0 | 0 | 0 | 1 | 0 |
68 | Maurer, Gregory Scott | THE CATHOLIC UNIVERSITY OF AMERICA. | 1979 | male | 3 | 1 | 1982 | 5 | 4 | 1982 | 0 | 0 | 0 | 0 | 1 | 2 | 0 | 0 | 1 | 0 | 0 | 0 | 0 | 0 | 0 | 0 | 0 | 0 | 0 | 0 | 0 | 0 | 0 | 0 | 0 | 0 | 0 | 0 | 0 | 0 | 0 | 0 | 0 | 0 | 0 | 0 | 0 | 0 | 0 | 0 | 0 | 0 | 0 |  0 | 0 | 0 | 1 | 2 | 2 | 3 | 0 | 1 | 0 | 0 | 0 | 0 | 0 | 0 | 0 | 0 | 0 | 0 | 0 | 0 | 0 | 0 | 0 | 0 | 0 | 0 | 0 | 0 | 0 | 0 | 0 | 0 | 0 | 0 | 0 | 0 | 0 | 0 | 0 | 0 | 0 | 0 |
69 | Henke, Richard Paul | UNIVERSITY OF CALIFORNIA, BERKELEY. | 1979 | male | 4 | 0 | 1979 | 5 | 3 | 1994 | 0 | 2 | 0 | 1 | 0 | 1 | 0 | 0 | 0 | 0 | 0 | 0 | 0 | 0 | 0 | 0 | 0 | 0 | 0 | 0 | 0 | 0 | 0 | 0 | 0 | 0 | 0 | 0 | 0 | 0 | 0 | 0 | 0 | 0 | 0 | 0 | 0 | 0 | 0 | 0 | 0 | 0 | 0 |  0 | 3 | 0 | 1 | 0 | 1 | 0 | 0 | 0 | 1 | 1 | 0 | 0 | 0 | 0 | 0 | 0 | 0 | 0 | 0 | 1 | 0 | 0 | 0 | 0 | 0 | 0 | 0 | 0 | 0 | 0 | 0 | 0 | 0 | 0 | 0 | 0 | 0 | 0 | 0 | 0 | 0 | 0 |
70 | Chang, Sheng-Huei | CITY UNIVERSITY OF NEW YORK. | 1979 | male | 4 | 4 | 2010 | 17 | 46 | 2013 | 2 | 1 | 0 | 0 | 0 | 1 | 0 | 0 | 0 | 0 | 0 | 0 | 0 | 0 | 1 | 0 | 0 | 0 | 0 | 0 | 0 | 0 | 0 | 0 | 0 | 2 | 0 | 0 | 0 | 0 | 0 | 0 | 0 | 0 | 0 | 0 | 1 | 0 | 0 | 0 | 0 | 0 | 0 |  2 | 4 | 1 | 3 | 3 | 4 | 5 | 0 | 2 | 2 | 1 | 2 | 2 | 1 | 5 | 0 | 1 | 4 | 0 | 2 | 6 | 1 | 1 | 1 | 0 | 4 | 0 | 1 | 0 | 0 | 0 | 0 | 1 | 0 | 0 | 0 | 2 | 0 | 0 | 2 | 0 | 0 | 0 |
71 | Davis, Joseph Coney, Jr. | RICE UNIVERSITY. | 1979 | male | 11 | 19 | 2011 | 33 | 131 | 2017 | 2 | 1 | 2 | 4 | 0 | 2 | 2 | 0 | 3 | 0 | 0 | 2 | 0 | 0 | 0 | 0 | 0 | 0 | 0 | 0 | 0 | 1 | 2 | 0 | 0 | 2 | 1 | 0 | 0 | 0 | 0 | 2 | 0 | 2 | 0 | 1 | 0 | 1 | 0 | 0 | 0 | 0 | 0 |  6 | 7 | 5 | 8 | 3 | 4 | 6 | 1 | 5 | 0 | 1 | 3 | 0 | 0 | 0 | 0 | 0 | 0 | 0 | 1 | 0 | 2 | 3 | 1 | 0 | 2 | 1 | 2 | 1 | 0 | 1 | 4 | 3 | 5 | 1 | 4 | 5 | 13 | 10 | 18 | 11 | 13 | 12 |
72 | Parise, Ronald Anthony | UNIVERSITY OF FLORIDA. | 1979 | male | 1 | 2 | 1998 | 1 | 10 | 2001 | 0 | 0 | 0 | 0 | 0 | 1 | 0 | 0 | 0 | 0 | 0 | 0 | 0 | 0 | 0 | 0 | 0 | 0 | 0 | 0 | 1 | 0 | 0 | 0 | 1 | 0 | 0 | 0 | 0 | 0 | 0 | 0 | 0 | 0 | 0 | 0 | 0 | 0 | 0 | 0 | 0 | 0 | 0 |  0 | 0 | 0 | 0 | 0 | 1 | 0 | 0 | 1 | 0 | 0 | 0 | 0 | 0 | 0 | 0 | 0 | 0 | 3 | 0 | 1 | 0 | 0 | 1 | 2 | 0 | 0 | 2 | 0 | 0 | 0 | 0 | 0 | 0 | 0 | 0 | 0 | 0 | 0 | 0 | 0 | 0 | 0 |
73 | Russell, W. A. | California Institute of Technology, Pasadena. | 1979 | None | 3 | 0 | 1979 | 4 | 0 | 1979 | 0 | 0 | 0 | 1 | 1 | 1 | 0 | 0 | 0 | 0 | 0 | 0 | 0 | 0 | 0 | 0 | 0 | 0 | 0 | 0 | 0 | 0 | 0 | 0 | 0 | 0 | 0 | 0 | 0 | 0 | 0 | 0 | 0 | 0 | 0 | 0 | 0 | 0 | 0 | 0 | 0 | 0 | 0 |  0 | 0 | 0 | 1 | 1 | 2 | 0 | 0 | 0 | 0 | 0 | 0 | 0 | 0 | 0 | 0 | 0 | 0 | 0 | 0 | 0 | 0 | 0 | 0 | 0 | 0 | 0 | 0 | 0 | 0 | 0 | 0 | 0 | 0 | 0 | 0 | 0 | 0 | 0 | 0 | 0 | 0 | 0 |
74 | Kwitter, Karen Beth | UNIVERSITY OF CALIFORNIA, LOS ANGELES. | 1979 | female | 1 | 15 | 2014 | 3 | 53 | 2016 | 0 | 0 | 0 | 0 | 0 | 1 | 0 | 2 | 0 | 1 | 1 | 0 | 0 | 0 | 1 | 3 | 0 | 0 | 0 | 0 | 0 | 0 | 1 | 0 | 1 | 0 | 0 | 1 | 0 | 1 | 0 | 0 | 0 | 0 | 0 | 0 | 0 | 0 | 1 | 1 | 1 | 0 | 0 |  0 | 0 | 0 | 0 | 1 | 2 | 0 | 2 | 3 | 2 | 2 | 1 | 1 | 2 | 2 | 3 | 1 | 1 | 1 | 1 | 2 | 0 | 4 | 2 | 2 | 1 | 1 | 1 | 2 | 2 | 1 | 0 | 1 | 0 | 1 | 0 | 2 | 0 | 1 | 2 | 2 | 3 | 1 |
75 | Longuski, J. M. | Michigan Univ., Ann Arbor. | 1979 | None | 1 | 2 | 1995 | 2 | 15 | 2012 | 0 | 0 | 0 | 0 | 0 | 1 | 0 | 0 | 0 | 0 | 0 | 0 | 0 | 0 | 0 | 0 | 0 | 1 | 0 | 0 | 0 | 1 | 0 | 0 | 0 | 0 | 0 | 0 | 0 | 0 | 0 | 0 | 0 | 0 | 0 | 0 | 0 | 0 | 0 | 0 | 0 | 0 | 0 |  0 | 0 | 0 | 0 | 0 | 2 | 0 | 0 | 0 | 0 | 2 | 0 | 0 | 0 | 0 | 0 | 0 | 3 | 0 | 0 | 0 | 6 | 0 | 0 | 0 | 0 | 0 | 0 | 0 | 0 | 0 | 0 | 0 | 1 | 0 | 0 | 1 | 0 | 2 | 0 | 0 | 0 | 0 |
76 | Morgan, John Adrian | RICE UNIVERSITY. | 1979 | male | 1 | 12 | 2008 | 2 | 48 | 2017 | 0 | 0 | 0 | 0 | 0 | 1 | 2 | 3 | 1 | 1 | 0 | 0 | 0 | 0 | 1 | 1 | 0 | 0 | 0 | 0 | 0 | 0 | 0 | 0 | 0 | 1 | 0 | 1 | 0 | 0 | 0 | 0 | 0 | 0 | 1 | 0 | 0 | 0 | 0 | 0 | 0 | 0 | 0 |  0 | 0 | 0 | 0 | 1 | 1 | 2 | 3 | 1 | 2 | 1 | 1 | 0 | 1 | 1 | 1 | 0 | 0 | 1 | 0 | 0 | 0 | 1 | 1 | 0 | 1 | 0 | 1 | 0 | 0 | 1 | 0 | 0 | 0 | 1 | 0 | 0 | 2 | 0 | 1 | 2 | 8 | 8 |
77 | Niva, Gordon David | THE UNIVERSITY OF NEBRASKA - LINCOLN. | 1979 | male | 3 | 1 | 1981 | 3 | 1 | 1981 | 0 | 0 | 0 | 0 | 0 | 3 | 0 | 1 | 0 | 0 | 0 | 0 | 0 | 0 | 0 | 0 | 0 | 0 | 0 | 0 | 0 | 0 | 0 | 0 | 0 | 0 | 0 | 0 | 0 | 0 | 0 | 0 | 0 | 0 | 0 | 0 | 0 | 0 | 0 | 0 | 0 | 0 | 0 |  0 | 0 | 0 | 0 | 0 | 3 | 0 | 1 | 0 | 0 | 0 | 0 | 0 | 0 | 0 | 0 | 0 | 0 | 0 | 0 | 0 | 0 | 0 | 0 | 0 | 0 | 0 | 0 | 0 | 0 | 0 | 0 | 0 | 0 | 0 | 0 | 0 | 0 | 0 | 0 | 0 | 0 | 0 |
78 | Benner, Drayton Chris | THE UNIVERSITY OF ARIZONA. | 1979 | male | 2 | 4 | 1993 | 3 | 27 | 2010 | 0 | 0 | 0 | 0 | 1 | 1 | 1 | 0 | 0 | 0 | 0 | 1 | 0 | 0 | 1 | 0 | 0 | 0 | 0 | 1 | 0 | 0 | 0 | 0 | 0 | 0 | 0 | 0 | 0 | 0 | 0 | 0 | 0 | 0 | 0 | 0 | 0 | 0 | 0 | 0 | 0 | 0 | 0 |  0 | 0 | 0 | 1 | 1 | 1 | 1 | 0 | 0 | 1 | 4 | 3 | 2 | 0 | 4 | 1 | 0 | 3 | 1 | 1 | 0 | 0 | 1 | 0 | 4 | 0 | 0 | 0 | 0 | 0 | 0 | 0 | 0 | 0 | 0 | 0 | 1 | 0 | 0 | 0 | 0 | 0 | 0 |
79 | Cohn, Haldan Neal | PRINCETON UNIVERSITY. | 1979 | male | 5 | 7 | 2010 | 7 | 76 | 2017 | 0 | 0 | 0 | 2 | 1 | 2 | 1 | 0 | 0 | 1 | 1 | 0 | 1 | 0 | 0 | 1 | 0 | 0 | 0 | 0 | 0 | 0 | 0 | 0 | 0 | 0 | 0 | 0 | 1 | 0 | 0 | 0 | 0 | 0 | 0 | 0 | 1 | 0 | 0 | 0 | 0 | 0 | 0 |  0 | 0 | 0 | 3 | 2 | 2 | 1 | 1 | 1 | 1 | 1 | 1 | 1 | 5 | 4 | 2 | 2 | 3 | 3 | 1 | 2 | 4 | 1 | 1 | 2 | 2 | 0 | 1 | 3 | 7 | 0 | 2 | 3 | 2 | 2 | 2 | 5 | 2 | 2 | 1 | 2 | 2 | 0 |
80 | Decordova, France Anne-Dominic | CALIFORNIA INSTITUTE OF TECHNOLOGY. | 1979 | female | 1 | 0 | 1979 | 1 | 0 | 1979 | 0 | 0 | 0 | 0 | 0 | 1 | 0 | 0 | 0 | 0 | 0 | 0 | 0 | 0 | 0 | 0 | 0 | 0 | 0 | 0 | 0 | 0 | 0 | 0 | 0 | 0 | 0 | 0 | 0 | 0 | 0 | 0 | 0 | 0 | 0 | 0 | 0 | 0 | 0 | 0 | 0 | 0 | 0 |  0 | 0 | 0 | 0 | 0 | 1 | 0 | 0 | 0 | 0 | 0 | 0 | 0 | 0 | 0 | 0 | 0 | 0 | 0 | 0 | 0 | 0 | 0 | 0 | 0 | 0 | 0 | 0 | 0 | 0 | 0 | 0 | 0 | 0 | 0 | 0 | 0 | 0 | 0 | 0 | 0 | 0 | 0 |
81 | Feldman, Fred Ross | THE UNIVERSITY OF MICHIGAN. | 1979 | male | 2 | 1 | 1982 | 3 | 3 | 1982 | 0 | 0 | 0 | 0 | 1 | 1 | 0 | 0 | 1 | 0 | 0 | 0 | 0 | 0 | 0 | 0 | 0 | 0 | 0 | 0 | 0 | 0 | 0 | 0 | 0 | 0 | 0 | 0 | 0 | 0 | 0 | 0 | 0 | 0 | 0 | 0 | 0 | 0 | 0 | 0 | 0 | 0 | 0 |  0 | 0 | 0 | 0 | 1 | 2 | 0 | 1 | 2 | 0 | 0 | 0 | 0 | 0 | 0 | 0 | 0 | 0 | 0 | 0 | 0 | 0 | 0 | 0 | 0 | 0 | 0 | 0 | 0 | 0 | 0 | 0 | 0 | 0 | 0 | 0 | 0 | 0 | 0 | 0 | 0 | 0 | 0 |
82 | Hiscock, William Allen | UNIVERSITY OF MARYLAND COLLEGE PARK. | 1979 | male | 7 | 37 | 2000 | 7 | 70 | 2008 | 0 | 0 | 0 | 3 | 1 | 3 | 1 | 5 | 3 | 3 | 1 | 2 | 2 | 3 | 2 | 2 | 5 | 2 | 0 | 1 | 0 | 0 | 1 | 2 | 1 | 0 | 1 | 0 | 0 | 0 | 0 | 0 | 0 | 0 | 0 | 0 | 0 | 0 | 0 | 0 | 0 | 0 | 0 |  0 | 0 | 0 | 3 | 1 | 3 | 1 | 5 | 3 | 4 | 1 | 2 | 2 | 3 | 2 | 4 | 7 | 3 | 2 | 2 | 3 | 4 | 2 | 6 | 2 | 1 | 5 | 1 | 1 | 1 | 0 | 2 | 0 | 0 | 1 | 0 | 0 | 0 | 0 | 0 | 0 | 0 | 0 |
83 | Kent, Stephen Matthew | CALIFORNIA INSTITUTE OF TECHNOLOGY. | 1979 | male | 3 | 25 | 1993 | 4 | 124 | 2017 | 0 | 0 | 0 | 0 | 0 | 3 | 1 | 2 | 1 | 2 | 1 | 2 | 1 | 2 | 2 | 4 | 2 | 2 | 2 | 1 | 0 | 0 | 0 | 0 | 0 | 0 | 0 | 0 | 0 | 0 | 0 | 0 | 0 | 0 | 0 | 0 | 0 | 0 | 0 | 0 | 0 | 0 | 0 |  1 | 0 | 0 | 0 | 0 | 3 | 1 | 2 | 1 | 3 | 1 | 4 | 1 | 2 | 2 | 7 | 3 | 4 | 2 | 1 | 0 | 1 | 0 | 0 | 1 | 2 | 2 | 6 | 13 | 8 | 9 | 7 | 6 | 2 | 4 | 2 | 2 | 0 | 0 | 1 | 1 | 9 | 10 |
84 | Lester, Daniel Fred | UNIVERSITY OF CALIFORNIA, SANTA CRUZ. | 1979 | male | 6 | 17 | 1995 | 11 | 69 | 2009 | 0 | 2 | 1 | 0 | 0 | 3 | 0 | 2 | 0 | 2 | 1 | 2 | 3 | 2 | 1 | 0 | 2 | 0 | 1 | 0 | 0 | 1 | 0 | 0 | 0 | 0 | 0 | 0 | 0 | 0 | 0 | 0 | 0 | 0 | 0 | 0 | 0 | 0 | 0 | 0 | 0 | 0 | 0 |  0 | 4 | 1 | 1 | 1 | 4 | 1 | 3 | 1 | 3 | 4 | 6 | 9 | 7 | 6 | 4 | 3 | 5 | 4 | 3 | 1 | 3 | 1 | 0 | 0 | 0 | 0 | 0 | 0 | 0 | 2 | 0 | 1 | 1 | 0 | 1 | 0 | 0 | 0 | 0 | 0 | 0 | 0 |
85 | MacFarlane, Malcolm James | THE UNIVERSITY OF TEXAS AT AUSTIN. | 1979 | male | 1 | 0 | 1979 | 1 | 1 | 1988 | 0 | 0 | 0 | 0 | 0 | 1 | 0 | 0 | 0 | 0 | 0 | 0 | 0 | 0 | 0 | 0 | 0 | 0 | 0 | 0 | 0 | 0 | 0 | 0 | 0 | 0 | 0 | 0 | 0 | 0 | 0 | 0 | 0 | 0 | 0 | 0 | 0 | 0 | 0 | 0 | 0 | 0 | 0 |  0 | 0 | 0 | 0 | 0 | 1 | 0 | 0 | 0 | 0 | 0 | 0 | 0 | 0 | 1 | 0 | 0 | 0 | 0 | 0 | 0 | 0 | 0 | 0 | 0 | 0 | 0 | 0 | 0 | 0 | 0 | 0 | 0 | 0 | 0 | 0 | 0 | 0 | 0 | 0 | 0 | 0 | 0 |
86 | Kwok, H. M. | Texas Univ., Austin. | 1979 | None | 1 | 0 | 1979 | 1 | 0 | 1979 | 0 | 0 | 0 | 0 | 0 | 1 | 0 | 0 | 0 | 0 | 0 | 0 | 0 | 0 | 0 | 0 | 0 | 0 | 0 | 0 | 0 | 0 | 0 | 0 | 0 | 0 | 0 | 0 | 0 | 0 | 0 | 0 | 0 | 0 | 0 | 0 | 0 | 0 | 0 | 0 | 0 | 0 | 0 |  0 | 0 | 0 | 0 | 0 | 1 | 0 | 0 | 0 | 0 | 0 | 0 | 0 | 0 | 0 | 0 | 0 | 0 | 0 | 0 | 0 | 0 | 0 | 0 | 0 | 0 | 0 | 0 | 0 | 0 | 0 | 0 | 0 | 0 | 0 | 0 | 0 | 0 | 0 | 0 | 0 | 0 | 0 |
87 | Jordan, T. E. | Stanford Univ., CA. | 1979 | None | 1 | 0 | 1979 | 1 | 4 | 2016 | 0 | 0 | 0 | 0 | 0 | 1 | 0 | 0 | 0 | 0 | 0 | 0 | 0 | 0 | 0 | 0 | 0 | 0 | 0 | 0 | 0 | 0 | 0 | 0 | 0 | 0 | 0 | 0 | 0 | 0 | 0 | 0 | 0 | 0 | 0 | 0 | 0 | 0 | 0 | 0 | 0 | 0 | 0 |  0 | 0 | 0 | 0 | 0 | 1 | 0 | 0 | 0 | 0 | 0 | 0 | 0 | 0 | 0 | 0 | 0 | 0 | 0 | 0 | 0 | 0 | 0 | 0 | 0 | 0 | 0 | 0 | 0 | 0 | 0 | 0 | 1 | 1 | 0 | 0 | 0 | 0 | 0 | 0 | 0 | 1 | 1 |
88 | Cuong, P. G. | California Univ., Los Angeles. | 1979 | None | 1 | 1 | 1981 | 2 | 2 | 1981 | 0 | 0 | 0 | 0 | 0 | 1 | 0 | 1 | 0 | 0 | 0 | 0 | 0 | 0 | 0 | 0 | 0 | 0 | 0 | 0 | 0 | 0 | 0 | 0 | 0 | 0 | 0 | 0 | 0 | 0 | 0 | 0 | 0 | 0 | 0 | 0 | 0 | 0 | 0 | 0 | 0 | 0 | 0 |  0 | 0 | 0 | 1 | 0 | 1 | 0 | 2 | 0 | 0 | 0 | 0 | 0 | 0 | 0 | 0 | 0 | 0 | 0 | 0 | 0 | 0 | 0 | 0 | 0 | 0 | 0 | 0 | 0 | 0 | 0 | 0 | 0 | 0 | 0 | 0 | 0 | 0 | 0 | 0 | 0 | 0 | 0 |
89 | Chern, J. S. | Michigan Univ., Ann Arbor. | 1979 | None | 1 | 0 | 1979 | 1 | 1 | 2008 | 0 | 0 | 0 | 0 | 0 | 1 | 0 | 0 | 0 | 0 | 0 | 0 | 0 | 0 | 0 | 0 | 0 | 0 | 0 | 0 | 0 | 0 | 0 | 0 | 0 | 0 | 0 | 0 | 0 | 0 | 0 | 0 | 0 | 0 | 0 | 0 | 0 | 0 | 0 | 0 | 0 | 0 | 0 |  0 | 0 | 0 | 0 | 0 | 1 | 0 | 0 | 0 | 0 | 0 | 0 | 0 | 0 | 0 | 0 | 0 | 0 | 0 | 0 | 0 | 0 | 0 | 0 | 0 | 0 | 0 | 0 | 0 | 0 | 0 | 0 | 0 | 0 | 1 | 0 | 0 | 0 | 0 | 0 | 0 | 0 | 0 |
90 | Stetson, Peter Brailey | YALE UNIVERSITY. | 1979 | male | 5 | 37 | 2014 | 5 | 299 | 2017 | 0 | 0 | 0 | 1 | 0 | 4 | 3 | 4 | 0 | 1 | 1 | 2 | 0 | 2 | 1 | 1 | 1 | 1 | 1 | 1 | 1 | 0 | 2 | 1 | 4 | 1 | 1 | 1 | 0 | 1 | 1 | 2 | 0 | 0 | 1 | 0 | 0 | 0 | 0 | 0 | 2 | 0 | 0 |  0 | 0 | 0 | 1 | 0 | 4 | 3 | 4 | 0 | 1 | 1 | 5 | 3 | 4 | 1 | 3 | 3 | 3 | 2 | 4 | 8 | 3 | 14 | 14 | 18 | 18 | 15 | 9 | 8 | 3 | 13 | 7 | 7 | 11 | 11 | 11 | 10 | 11 | 16 | 14 | 10 | 14 | 12 |
91 | Baird, Scott Rogers | UNIVERSITY OF WASHINGTON. | 1979 | male | 4 | 8 | 1996 | 5 | 10 | 2000 | 1 | 2 | 0 | 0 | 0 | 1 | 0 | 1 | 2 | 0 | 1 | 1 | 1 | 1 | 0 | 0 | 0 | 0 | 0 | 0 | 0 | 0 | 1 | 0 | 0 | 0 | 0 | 0 | 0 | 0 | 0 | 0 | 0 | 0 | 0 | 0 | 0 | 0 | 0 | 0 | 0 | 0 | 0 |  1 | 2 | 0 | 0 | 0 | 2 | 0 | 1 | 2 | 0 | 1 | 1 | 1 | 1 | 0 | 0 | 0 | 0 | 1 | 0 | 0 | 0 | 1 | 0 | 0 | 0 | 1 | 0 | 0 | 0 | 0 | 0 | 0 | 0 | 0 | 0 | 0 | 0 | 0 | 0 | 0 | 0 | 0 |
92 | Butler, Scott Edward | HARVARD UNIVERSITY. | 1979 | male | 5 | 5 | 1981 | 5 | 12 | 2014 | 0 | 0 | 0 | 1 | 0 | 4 | 4 | 1 | 0 | 0 | 0 | 0 | 0 | 0 | 0 | 0 | 0 | 0 | 0 | 0 | 0 | 0 | 0 | 0 | 0 | 0 | 0 | 0 | 0 | 0 | 0 | 0 | 0 | 0 | 0 | 0 | 0 | 0 | 0 | 0 | 0 | 0 | 0 |  0 | 0 | 0 | 1 | 0 | 4 | 7 | 3 | 0 | 1 | 0 | 0 | 0 | 0 | 0 | 0 | 0 | 0 | 0 | 0 | 0 | 0 | 0 | 0 | 0 | 0 | 0 | 0 | 0 | 0 | 0 | 0 | 0 | 0 | 0 | 0 | 0 | 0 | 0 | 0 | 1 | 0 | 0 |
93 | Bruckman, William Fred | THE PENNSYLVANIA STATE UNIVERSITY. | 1979 | male | 3 | 4 | 1993 | 3 | 4 | 1993 | 0 | 0 | 0 | 2 | 0 | 1 | 0 | 0 | 0 | 0 | 0 | 0 | 1 | 1 | 0 | 0 | 0 | 0 | 0 | 2 | 0 | 0 | 0 | 0 | 0 | 0 | 0 | 0 | 0 | 0 | 0 | 0 | 0 | 0 | 0 | 0 | 0 | 0 | 0 | 0 | 0 | 0 | 0 |  0 | 0 | 0 | 2 | 0 | 1 | 0 | 0 | 0 | 0 | 0 | 0 | 1 | 1 | 0 | 0 | 0 | 0 | 0 | 2 | 0 | 0 | 0 | 0 | 0 | 0 | 0 | 0 | 0 | 0 | 0 | 0 | 0 | 0 | 0 | 0 | 0 | 0 | 0 | 0 | 0 | 0 | 0 |
94 | Settle, M. F. P. | Brown Univ., Providence, RI. | 1979 | None | 4 | 0 | 1979 | 7 | 0 | 1979 | 1 | 0 | 0 | 0 | 0 | 3 | 0 | 0 | 0 | 0 | 0 | 0 | 0 | 0 | 0 | 0 | 0 | 0 | 0 | 0 | 0 | 0 | 0 | 0 | 0 | 0 | 0 | 0 | 0 | 0 | 0 | 0 | 0 | 0 | 0 | 0 | 0 | 0 | 0 | 0 | 0 | 0 | 0 |  2 | 1 | 1 | 0 | 0 | 3 | 0 | 0 | 0 | 0 | 0 | 0 | 0 | 0 | 0 | 0 | 0 | 0 | 0 | 0 | 0 | 0 | 0 | 0 | 0 | 0 | 0 | 0 | 0 | 0 | 0 | 0 | 0 | 0 | 0 | 0 | 0 | 0 | 0 | 0 | 0 | 0 | 0 |
95 | Allen, C. C. | Arizona Univ., Tucson. | 1979 | None | 8 | 29 | 2013 | 9 | 89 | 2017 | 1 | 2 | 0 | 1 | 0 | 4 | 0 | 2 | 2 | 1 | 0 | 0 | 1 | 0 | 1 | 0 | 1 | 3 | 0 | 2 | 2 | 1 | 1 | 1 | 2 | 1 | 2 | 1 | 0 | 0 | 1 | 0 | 0 | 0 | 1 | 0 | 0 | 0 | 1 | 2 | 0 | 0 | 0 |  1 | 3 | 0 | 1 | 0 | 4 | 0 | 2 | 3 | 1 | 0 | 0 | 1 | 0 | 1 | 0 | 1 | 3 | 0 | 3 | 5 | 3 | 3 | 2 | 3 | 1 | 5 | 4 | 0 | 5 | 4 | 1 | 1 | 0 | 3 | 2 | 6 | 8 | 5 | 5 | 3 | 1 | 3 |
96 | Oona, Hain | THE UNIVERSITY OF ARIZONA. | 1979 | male | 2 | 0 | 1979 | 2 | 0 | 1979 | 0 | 0 | 0 | 0 | 0 | 2 | 0 | 0 | 0 | 0 | 0 | 0 | 0 | 0 | 0 | 0 | 0 | 0 | 0 | 0 | 0 | 0 | 0 | 0 | 0 | 0 | 0 | 0 | 0 | 0 | 0 | 0 | 0 | 0 | 0 | 0 | 0 | 0 | 0 | 0 | 0 | 0 | 0 |  0 | 0 | 0 | 0 | 0 | 2 | 0 | 0 | 0 | 0 | 0 | 0 | 0 | 0 | 0 | 0 | 0 | 0 | 0 | 0 | 0 | 0 | 0 | 0 | 0 | 0 | 0 | 0 | 0 | 0 | 0 | 0 | 0 | 0 | 0 | 0 | 0 | 0 | 0 | 0 | 0 | 0 | 0 |
97 | Prisco, Robert Anthony | RICE UNIVERSITY. | 1979 | male | 3 | 0 | 1979 | 3 | 0 | 1979 | 0 | 0 | 0 | 0 | 1 | 2 | 0 | 0 | 0 | 0 | 0 | 0 | 0 | 0 | 0 | 0 | 0 | 0 | 0 | 0 | 0 | 0 | 0 | 0 | 0 | 0 | 0 | 0 | 0 | 0 | 0 | 0 | 0 | 0 | 0 | 0 | 0 | 0 | 0 | 0 | 0 | 0 | 0 |  0 | 0 | 0 | 0 | 1 | 2 | 0 | 0 | 0 | 0 | 0 | 0 | 0 | 0 | 0 | 0 | 0 | 0 | 0 | 0 | 0 | 0 | 0 | 0 | 0 | 0 | 0 | 0 | 0 | 0 | 0 | 0 | 0 | 0 | 0 | 0 | 0 | 0 | 0 | 0 | 0 | 0 | 0 |
98 | Ahern, J. L. | Cornell Univ., Ithaca, NY. | 1979 | None | 2 | 0 | 1979 | 3 | 1 | 1983 | 0 | 0 | 0 | 0 | 0 | 2 | 0 | 0 | 0 | 0 | 0 | 0 | 0 | 0 | 0 | 0 | 0 | 0 | 0 | 0 | 0 | 0 | 0 | 0 | 0 | 0 | 0 | 0 | 0 | 0 | 0 | 0 | 0 | 0 | 0 | 0 | 0 | 0 | 0 | 0 | 0 | 0 | 0 |  0 | 0 | 0 | 0 | 1 | 2 | 0 | 0 | 0 | 1 | 0 | 0 | 0 | 0 | 0 | 0 | 0 | 0 | 0 | 0 | 0 | 0 | 0 | 0 | 0 | 0 | 0 | 0 | 0 | 0 | 0 | 0 | 0 | 0 | 0 | 0 | 0 | 0 | 0 | 0 | 0 | 0 | 0 |
99 | Kaye, Stanley Martin | UNIVERSITY OF CALIFORNIA, LOS ANGELES. | 1979 | male | 5 | 4 | 1981 | 6 | 9 | 2004 | 0 | 0 | 0 | 0 | 1 | 4 | 0 | 4 | 0 | 0 | 0 | 0 | 0 | 0 | 0 | 0 | 0 | 0 | 0 | 0 | 0 | 0 | 0 | 0 | 0 | 0 | 0 | 0 | 0 | 0 | 0 | 0 | 0 | 0 | 0 | 0 | 0 | 0 | 0 | 0 | 0 | 0 | 0 |  0 | 0 | 0 | 0 | 1 | 5 | 1 | 5 | 1 | 0 | 0 | 0 | 1 | 0 | 0 | 0 | 0 | 0 | 0 | 0 | 0 | 0 | 0 | 0 | 0 | 0 | 0 | 0 | 0 | 0 | 1 | 0 | 0 | 0 | 0 | 0 | 0 | 0 | 0 | 0 | 0 | 0 | 0 |
100 | Elmegreen, Debra Anne Meloy | HARVARD UNIVERSITY. | 1979 | female | 1 | 0 | 1979 | 1 | 6 | 2015 | 0 | 0 | 0 | 0 | 0 | 1 | 0 | 0 | 0 | 0 | 0 | 0 | 0 | 0 | 0 | 0 | 0 | 0 | 0 | 0 | 0 | 0 | 0 | 0 | 0 | 0 | 0 | 0 | 0 | 0 | 0 | 0 | 0 | 0 | 0 | 0 | 0 | 0 | 0 | 0 | 0 | 0 | 0 |  0 | 0 | 0 | 0 | 0 | 1 | 0 | 0 | 0 | 0 | 0 | 0 | 0 | 0 | 0 | 0 | 0 | 0 | 0 | 0 | 0 | 1 | 0 | 0 | 0 | 0 | 0 | 0 | 0 | 0 | 0 | 0 | 0 | 0 | 0 | 0 | 0 | 1 | 1 | 2 | 0 | 1 | 0 |
101 | Fowler, Lee Allen | UNIVERSITY OF MASSACHUSETTS. | 1979 | male | 3 | 5 | 1987 | 6 | 13 | 1987 | 1 | 0 | 0 | 0 | 0 | 2 | 0 | 1 | 1 | 2 | 0 | 0 | 0 | 1 | 0 | 0 | 0 | 0 | 0 | 0 | 0 | 0 | 0 | 0 | 0 | 0 | 0 | 0 | 0 | 0 | 0 | 0 | 0 | 0 | 0 | 0 | 0 | 0 | 0 | 0 | 0 | 0 | 0 |  1 | 0 | 1 | 1 | 0 | 3 | 1 | 4 | 2 | 3 | 1 | 0 | 1 | 1 | 0 | 0 | 0 | 0 | 0 | 0 | 0 | 0 | 0 | 0 | 0 | 0 | 0 | 0 | 0 | 0 | 0 | 0 | 0 | 0 | 0 | 0 | 0 | 0 | 0 | 0 | 0 | 0 | 0 |
102 | Gilliland, Ronald Lynn | UNIVERSITY OF CALIFORNIA, SANTA CRUZ. | 1979 | male | 1 | 49 | 2015 | 1 | 240 | 2017 | 0 | 0 | 0 | 0 | 0 | 1 | 3 | 1 | 6 | 0 | 1 | 4 | 7 | 3 | 3 | 1 | 0 | 1 | 3 | 1 | 1 | 1 | 1 | 0 | 1 | 2 | 1 | 0 | 0 | 0 | 0 | 0 | 0 | 0 | 1 | 0 | 2 | 2 | 0 | 1 | 0 | 2 | 0 |  0 | 0 | 0 | 0 | 0 | 1 | 3 | 1 | 7 | 0 | 1 | 5 | 9 | 3 | 3 | 1 | 1 | 4 | 4 | 4 | 6 | 2 | 6 | 0 | 5 | 5 | 6 | 7 | 3 | 5 | 2 | 3 | 5 | 8 | 3 | 6 | 37 | 38 | 12 | 10 | 8 | 11 | 2 |
103 | Hartig, George Franklin, Jr. | THE JOHNS HOPKINS UNIVERSITY. | 1979 | male | 1 | 2 | 1986 | 3 | 70 | 2011 | 0 | 0 | 0 | 0 | 0 | 1 | 1 | 0 | 0 | 0 | 0 | 0 | 1 | 0 | 0 | 0 | 0 | 0 | 0 | 0 | 0 | 0 | 0 | 0 | 0 | 0 | 0 | 0 | 0 | 0 | 0 | 0 | 0 | 0 | 0 | 0 | 0 | 0 | 0 | 0 | 0 | 0 | 0 |  0 | 0 | 0 | 2 | 0 | 1 | 1 | 0 | 0 | 0 | 0 | 0 | 2 | 0 | 1 | 0 | 0 | 4 | 4 | 5 | 7 | 1 | 3 | 0 | 6 | 1 | 1 | 0 | 1 | 7 | 7 | 13 | 4 | 1 | 0 | 0 | 0 | 1 | 0 | 0 | 0 | 0 | 0 |
104 | Bond, John Richard | CALIFORNIA INSTITUTE OF TECHNOLOGY. | 1979 | male | 1 | 47 | 2015 | 3 | 337 | 2017 | 0 | 0 | 0 | 0 | 0 | 1 | 1 | 0 | 2 | 3 | 5 | 0 | 2 | 1 | 1 | 0 | 0 | 5 | 1 | 0 | 1 | 3 | 4 | 1 | 5 | 1 | 3 | 1 | 0 | 1 | 1 | 2 | 0 | 1 | 0 | 1 | 0 | 0 | 0 | 0 | 0 | 1 | 0 |  0 | 1 | 0 | 0 | 0 | 2 | 1 | 0 | 3 | 3 | 6 | 0 | 5 | 3 | 1 | 1 | 1 | 7 | 2 | 4 | 2 | 4 | 4 | 1 | 7 | 6 | 4 | 4 | 4 | 11 | 4 | 4 | 7 | 9 | 5 | 8 | 5 | 38 | 13 | 29 | 43 | 28 | 56 |
105 | Chen, Peter Chee | CASE WESTERN RESERVE UNIVERSITY. | 1979 | male | 2 | 11 | 2015 | 2 | 53 | 2017 | 0 | 0 | 0 | 0 | 0 | 2 | 0 | 0 | 1 | 1 | 0 | 0 | 0 | 0 | 0 | 1 | 0 | 1 | 1 | 0 | 1 | 0 | 0 | 0 | 0 | 0 | 1 | 0 | 0 | 0 | 0 | 0 | 1 | 0 | 0 | 0 | 0 | 0 | 0 | 0 | 1 | 2 | 0 |  0 | 0 | 0 | 0 | 0 | 2 | 0 | 0 | 2 | 1 | 0 | 0 | 0 | 0 | 0 | 1 | 0 | 1 | 2 | 0 | 1 | 0 | 0 | 1 | 0 | 0 | 1 | 0 | 0 | 0 | 0 | 1 | 3 | 5 | 5 | 4 | 3 | 3 | 4 | 3 | 1 | 4 | 6 |
106 | Fox, Jane Lee | HARVARD UNIVERSITY. | 1979 | female | 5 | 59 | 2015 | 5 | 106 | 2017 | 0 | 0 | 0 | 2 | 0 | 3 | 1 | 2 | 2 | 1 | 0 | 2 | 3 | 0 | 2 | 1 | 3 | 3 | 2 | 3 | 1 | 0 | 2 | 5 | 0 | 1 | 0 | 2 | 0 | 1 | 3 | 1 | 1 | 3 | 2 | 3 | 1 | 1 | 2 | 2 | 1 | 2 | 0 |  0 | 0 | 0 | 2 | 0 | 3 | 1 | 2 | 2 | 1 | 1 | 2 | 3 | 0 | 3 | 1 | 3 | 6 | 3 | 4 | 5 | 2 | 2 | 6 | 1 | 3 | 0 | 4 | 0 | 2 | 4 | 4 | 2 | 3 | 6 | 3 | 2 | 5 | 2 | 6 | 3 | 7 | 0 |
107 | Becker, Stephen Allan | UNIVERSITY OF ILLINOIS AT URBANA-CHAMPAIGN. | 1979 | male | 3 | 8 | 2014 | 4 | 15 | 2015 | 0 | 0 | 0 | 1 | 0 | 2 | 1 | 2 | 1 | 1 | 0 | 0 | 0 | 1 | 0 | 0 | 0 | 0 | 0 | 0 | 0 | 0 | 0 | 0 | 0 | 0 | 0 | 0 | 0 | 0 | 1 | 0 | 0 | 0 | 0 | 0 | 0 | 0 | 0 | 0 | 1 | 0 | 0 |  0 | 0 | 0 | 1 | 1 | 2 | 1 | 2 | 1 | 1 | 1 | 0 | 0 | 1 | 1 | 0 | 1 | 0 | 0 | 0 | 0 | 0 | 0 | 0 | 0 | 0 | 0 | 0 | 0 | 0 | 1 | 0 | 0 | 0 | 1 | 0 | 0 | 0 | 0 | 0 | 3 | 1 | 0 |
108 | Wesemael, Francois | THE UNIVERSITY OF ROCHESTER. | 1979 | male | 4 | 27 | 2011 | 7 | 170 | 2012 | 0 | 0 | 0 | 0 | 1 | 3 | 1 | 3 | 3 | 0 | 1 | 4 | 1 | 0 | 0 | 0 | 0 | 0 | 1 | 2 | 2 | 2 | 0 | 0 | 2 | 0 | 0 | 1 | 0 | 0 | 0 | 1 | 0 | 0 | 1 | 1 | 0 | 1 | 0 | 0 | 0 | 0 | 0 |  0 | 0 | 2 | 0 | 1 | 4 | 2 | 4 | 4 | 2 | 9 | 13 | 5 | 3 | 2 | 26 | 5 | 5 | 10 | 12 | 11 | 15 | 3 | 3 | 5 | 2 | 2 | 2 | 2 | 0 | 3 | 5 | 4 | 1 | 5 | 1 | 1 | 2 | 1 | 0 | 0 | 0 | 0 |
109 | Beall, James Howard | UNIVERSITY OF MARYLAND COLLEGE PARK. | 1979 | male | 3 | 17 | 2013 | 4 | 30 | 2017 | 0 | 0 | 0 | 0 | 1 | 2 | 1 | 2 | 0 | 0 | 1 | 0 | 1 | 2 | 0 | 0 | 0 | 0 | 0 | 0 | 0 | 0 | 0 | 0 | 0 | 1 | 0 | 0 | 1 | 2 | 0 | 0 | 2 | 0 | 2 | 0 | 0 | 0 | 0 | 2 | 0 | 0 | 0 |  0 | 0 | 0 | 1 | 1 | 2 | 3 | 2 | 0 | 0 | 2 | 0 | 1 | 3 | 0 | 0 | 1 | 0 | 1 | 0 | 0 | 0 | 0 | 0 | 0 | 1 | 0 | 1 | 2 | 2 | 0 | 0 | 2 | 0 | 2 | 0 | 0 | 0 | 1 | 3 | 1 | 1 | 0 |
110 | Croft, S. K. | California Univ., Los Angeles. | 1979 | None | 3 | 8 | 2016 | 3 | 30 | 2017 | 0 | 0 | 0 | 0 | 1 | 2 | 1 | 0 | 0 | 2 | 0 | 2 | 0 | 0 | 1 | 0 | 0 | 0 | 1 | 0 | 0 | 0 | 0 | 0 | 0 | 0 | 0 | 0 | 0 | 0 | 0 | 0 | 0 | 0 | 0 | 0 | 0 | 0 | 0 | 0 | 0 | 0 | 1 |  0 | 0 | 0 | 0 | 1 | 2 | 1 | 0 | 0 | 2 | 0 | 2 | 1 | 0 | 1 | 1 | 2 | 1 | 1 | 0 | 0 | 1 | 0 | 1 | 0 | 1 | 0 | 0 | 1 | 0 | 0 | 0 | 2 | 1 | 0 | 2 | 2 | 1 | 0 | 0 | 0 | 1 | 4 |
111 | Barker, Paul Kenneth | UNIVERSITY OF COLORADO AT BOULDER. | 1979 | male | 2 | 9 | 1986 | 3 | 17 | 2007 | 1 | 0 | 0 | 0 | 0 | 1 | 0 | 1 | 2 | 2 | 1 | 2 | 1 | 0 | 0 | 0 | 0 | 0 | 0 | 0 | 0 | 0 | 0 | 0 | 0 | 0 | 0 | 0 | 0 | 0 | 0 | 0 | 0 | 0 | 0 | 0 | 0 | 0 | 0 | 0 | 0 | 0 | 0 |  2 | 0 | 0 | 0 | 0 | 1 | 0 | 1 | 2 | 2 | 1 | 4 | 1 | 0 | 1 | 2 | 0 | 0 | 0 | 0 | 0 | 0 | 0 | 0 | 1 | 0 | 1 | 0 | 0 | 0 | 0 | 0 | 0 | 1 | 0 | 0 | 0 | 0 | 0 | 0 | 0 | 0 | 0 |
112 | Crosa, L. M. | Washington Univ., Seattle. | 1979 | None | 1 | 2 | 1981 | 2 | 5 | 1981 | 0 | 0 | 0 | 0 | 0 | 1 | 1 | 1 | 0 | 0 | 0 | 0 | 0 | 0 | 0 | 0 | 0 | 0 | 0 | 0 | 0 | 0 | 0 | 0 | 0 | 0 | 0 | 0 | 0 | 0 | 0 | 0 | 0 | 0 | 0 | 0 | 0 | 0 | 0 | 0 | 0 | 0 | 0 |  0 | 0 | 1 | 0 | 0 | 1 | 2 | 3 | 0 | 0 | 0 | 0 | 0 | 0 | 0 | 0 | 0 | 0 | 0 | 0 | 0 | 0 | 0 | 0 | 0 | 0 | 0 | 0 | 0 | 0 | 0 | 0 | 0 | 0 | 0 | 0 | 0 | 0 | 0 | 0 | 0 | 0 | 0 |
113 | French, Howard Bradley | UNIVERSITY OF CALIFORNIA, SANTA CRUZ. | 1979 | male | 2 | 7 | 1983 | 3 | 12 | 2000 | 0 | 0 | 0 | 0 | 0 | 2 | 2 | 3 | 0 | 2 | 0 | 0 | 0 | 0 | 0 | 0 | 0 | 0 | 0 | 0 | 0 | 0 | 0 | 0 | 0 | 0 | 0 | 0 | 0 | 0 | 0 | 0 | 0 | 0 | 0 | 0 | 0 | 0 | 0 | 0 | 0 | 0 | 0 |  0 | 0 | 0 | 0 | 1 | 2 | 3 | 3 | 0 | 2 | 0 | 0 | 1 | 0 | 0 | 1 | 0 | 0 | 0 | 1 | 0 | 0 | 0 | 0 | 0 | 0 | 1 | 0 | 0 | 0 | 0 | 0 | 0 | 0 | 0 | 0 | 0 | 0 | 0 | 0 | 0 | 0 | 0 |
114 | Sonnabend, David | STANFORD UNIVERSITY. | 1979 | male | 1 | 0 | 1979 | 1 | 0 | 1979 | 0 | 0 | 0 | 0 | 0 | 1 | 0 | 0 | 0 | 0 | 0 | 0 | 0 | 0 | 0 | 0 | 0 | 0 | 0 | 0 | 0 | 0 | 0 | 0 | 0 | 0 | 0 | 0 | 0 | 0 | 0 | 0 | 0 | 0 | 0 | 0 | 0 | 0 | 0 | 0 | 0 | 0 | 0 |  0 | 0 | 0 | 0 | 0 | 1 | 0 | 0 | 0 | 0 | 0 | 0 | 0 | 0 | 0 | 0 | 0 | 0 | 0 | 0 | 0 | 0 | 0 | 0 | 0 | 0 | 0 | 0 | 0 | 0 | 0 | 0 | 0 | 0 | 0 | 0 | 0 | 0 | 0 | 0 | 0 | 0 | 0 |
115 | Hathaway, David Henry | UNIVERSITY OF COLORADO AT BOULDER. | 1979 | male | 2 | 39 | 2016 | 2 | 66 | 2016 | 0 | 0 | 0 | 0 | 0 | 2 | 1 | 0 | 1 | 0 | 1 | 0 | 2 | 2 | 2 | 0 | 1 | 1 | 1 | 0 | 1 | 0 | 2 | 0 | 0 | 1 | 1 | 0 | 2 | 1 | 2 | 0 | 2 | 0 | 1 | 1 | 3 | 2 | 2 | 2 | 1 | 2 | 1 |  0 | 0 | 0 | 0 | 0 | 2 | 1 | 0 | 1 | 0 | 1 | 0 | 2 | 3 | 3 | 1 | 1 | 1 | 1 | 1 | 1 | 0 | 4 | 3 | 4 | 3 | 2 | 0 | 2 | 2 | 2 | 0 | 2 | 1 | 2 | 1 | 3 | 2 | 4 | 4 | 4 | 3 | 1 |
116 | Leach, Robert Williams | HARVARD UNIVERSITY. | 1979 | male | 3 | 10 | 1999 | 10 | 28 | 2009 | 0 | 1 | 0 | 0 | 0 | 2 | 1 | 1 | 0 | 0 | 0 | 0 | 0 | 2 | 3 | 0 | 0 | 2 | 0 | 0 | 0 | 0 | 0 | 0 | 0 | 1 | 0 | 0 | 0 | 0 | 0 | 0 | 0 | 0 | 0 | 0 | 0 | 0 | 0 | 0 | 0 | 0 | 0 |  0 | 1 | 2 | 1 | 1 | 5 | 3 | 2 | 0 | 0 | 1 | 0 | 0 | 4 | 6 | 1 | 2 | 2 | 0 | 1 | 0 | 1 | 0 | 0 | 0 | 2 | 0 | 0 | 2 | 0 | 0 | 0 | 0 | 0 | 0 | 1 | 0 | 0 | 0 | 0 | 0 | 0 | 0 |
117 | Mihalas, Barbara Ruth | UNIVERSITY OF COLORADO AT BOULDER. | 1979 | female | 2 | 0 | 1979 | 2 | 0 | 1979 | 0 | 0 | 0 | 0 | 1 | 1 | 0 | 0 | 0 | 0 | 0 | 0 | 0 | 0 | 0 | 0 | 0 | 0 | 0 | 0 | 0 | 0 | 0 | 0 | 0 | 0 | 0 | 0 | 0 | 0 | 0 | 0 | 0 | 0 | 0 | 0 | 0 | 0 | 0 | 0 | 0 | 0 | 0 |  0 | 0 | 0 | 0 | 1 | 1 | 0 | 0 | 0 | 0 | 0 | 0 | 0 | 0 | 0 | 0 | 0 | 0 | 0 | 0 | 0 | 0 | 0 | 0 | 0 | 0 | 0 | 0 | 0 | 0 | 0 | 0 | 0 | 0 | 0 | 0 | 0 | 0 | 0 | 0 | 0 | 0 | 0 |
118 | Hausman, Mark Alan | PRINCETON UNIVERSITY. | 1979 | male | 2 | 4 | 1984 | 6 | 6 | 1984 | 0 | 0 | 0 | 0 | 1 | 1 | 0 | 1 | 1 | 1 | 1 | 0 | 0 | 0 | 0 | 0 | 0 | 0 | 0 | 0 | 0 | 0 | 0 | 0 | 0 | 0 | 0 | 0 | 0 | 0 | 0 | 0 | 0 | 0 | 0 | 0 | 0 | 0 | 0 | 0 | 0 | 0 | 0 |  0 | 0 | 1 | 3 | 1 | 1 | 0 | 2 | 1 | 1 | 2 | 0 | 0 | 0 | 0 | 0 | 0 | 0 | 0 | 0 | 0 | 0 | 0 | 0 | 0 | 0 | 0 | 0 | 0 | 0 | 0 | 0 | 0 | 0 | 0 | 0 | 0 | 0 | 0 | 0 | 0 | 0 | 0 |
119 | Lacy, John Howard | UNIVERSITY OF CALIFORNIA, BERKELEY. | 1979 | male | 3 | 17 | 2017 | 11 | 108 | 2017 | 0 | 1 | 0 | 0 | 0 | 2 | 1 | 0 | 3 | 0 | 1 | 0 | 1 | 0 | 0 | 2 | 0 | 2 | 0 | 0 | 2 | 0 | 0 | 0 | 1 | 0 | 0 | 0 | 1 | 0 | 0 | 0 | 0 | 1 | 0 | 0 | 0 | 0 | 0 | 1 | 0 | 0 | 0 |  1 | 1 | 1 | 2 | 1 | 5 | 1 | 3 | 5 | 4 | 1 | 4 | 3 | 2 | 1 | 2 | 0 | 5 | 4 | 1 | 3 | 9 | 2 | 5 | 3 | 0 | 0 | 0 | 4 | 3 | 2 | 4 | 2 | 2 | 5 | 3 | 6 | 3 | 4 | 4 | 2 | 5 | 0 |
120 | Maddox, William Clarence | CLEMSON UNIVERSITY. | 1979 | male | 1 | 1 | 1981 | 1 | 2 | 2005 | 0 | 0 | 0 | 0 | 0 | 1 | 0 | 1 | 0 | 0 | 0 | 0 | 0 | 0 | 0 | 0 | 0 | 0 | 0 | 0 | 0 | 0 | 0 | 0 | 0 | 0 | 0 | 0 | 0 | 0 | 0 | 0 | 0 | 0 | 0 | 0 | 0 | 0 | 0 | 0 | 0 | 0 | 0 |  0 | 0 | 0 | 0 | 0 | 1 | 0 | 1 | 0 | 0 | 0 | 0 | 0 | 0 | 0 | 0 | 0 | 0 | 0 | 0 | 0 | 0 | 0 | 0 | 0 | 0 | 0 | 0 | 0 | 0 | 0 | 1 | 0 | 0 | 0 | 0 | 0 | 0 | 0 | 0 | 0 | 0 | 0 |
121 | Puschell, Jeffery John | UNIVERSITY OF MINNESOTA. | 1979 | male | 3 | 7 | 1986 | 9 | 26 | 2012 | 0 | 0 | 0 | 0 | 1 | 2 | 1 | 2 | 2 | 1 | 0 | 0 | 1 | 0 | 0 | 0 | 0 | 0 | 0 | 0 | 0 | 0 | 0 | 0 | 0 | 0 | 0 | 0 | 0 | 0 | 0 | 0 | 0 | 0 | 0 | 0 | 0 | 0 | 0 | 0 | 0 | 0 | 0 |  0 | 0 | 0 | 2 | 5 | 2 | 2 | 3 | 5 | 4 | 7 | 1 | 2 | 0 | 0 | 1 | 0 | 0 | 0 | 0 | 0 | 0 | 0 | 0 | 0 | 0 | 0 | 0 | 0 | 0 | 0 | 0 | 0 | 0 | 0 | 0 | 0 | 0 | 1 | 0 | 0 | 0 | 0 |
122 | Roussel-Dupre, Robert Antoine | UNIVERSITY OF COLORADO AT BOULDER. | 1979 | male | 2 | 2 | 1984 | 4 | 33 | 2012 | 0 | 0 | 0 | 0 | 0 | 2 | 0 | 0 | 1 | 0 | 1 | 0 | 0 | 0 | 0 | 0 | 0 | 0 | 0 | 0 | 0 | 0 | 0 | 0 | 0 | 0 | 0 | 0 | 0 | 0 | 0 | 0 | 0 | 0 | 0 | 0 | 0 | 0 | 0 | 0 | 0 | 0 | 0 |  0 | 0 | 0 | 2 | 0 | 2 | 3 | 2 | 1 | 0 | 1 | 0 | 0 | 1 | 0 | 0 | 0 | 0 | 0 | 0 | 0 | 1 | 4 | 2 | 3 | 2 | 2 | 0 | 0 | 0 | 1 | 1 | 0 | 2 | 2 | 0 | 3 | 1 | 1 | 0 | 0 | 0 | 0 |
123 | Snell, Ronald Lee | THE UNIVERSITY OF TEXAS AT AUSTIN. | 1979 | male | 6 | 26 | 2011 | 15 | 168 | 2016 | 0 | 0 | 2 | 2 | 0 | 2 | 1 | 5 | 2 | 0 | 2 | 2 | 3 | 0 | 2 | 2 | 1 | 0 | 0 | 0 | 0 | 0 | 0 | 0 | 0 | 0 | 3 | 0 | 1 | 0 | 0 | 1 | 0 | 0 | 0 | 0 | 0 | 1 | 0 | 0 | 0 | 0 | 0 |  0 | 1 | 4 | 4 | 3 | 3 | 5 | 11 | 6 | 7 | 5 | 4 | 8 | 8 | 11 | 11 | 5 | 4 | 3 | 4 | 4 | 7 | 5 | 3 | 3 | 0 | 18 | 1 | 4 | 1 | 2 | 2 | 3 | 3 | 4 | 0 | 2 | 3 | 5 | 2 | 1 | 2 | 1 |
124 | Wallach, David Lee | UNIVERSITY OF PITTSBURGH. | 1979 | male | 1 | 2 | 1995 | 1 | 2 | 1995 | 0 | 0 | 0 | 0 | 0 | 1 | 0 | 0 | 0 | 0 | 0 | 1 | 0 | 0 | 0 | 0 | 0 | 0 | 0 | 0 | 0 | 1 | 0 | 0 | 0 | 0 | 0 | 0 | 0 | 0 | 0 | 0 | 0 | 0 | 0 | 0 | 0 | 0 | 0 | 0 | 0 | 0 | 0 |  0 | 0 | 0 | 0 | 0 | 1 | 0 | 0 | 0 | 0 | 0 | 1 | 0 | 0 | 0 | 0 | 0 | 0 | 0 | 0 | 0 | 1 | 0 | 0 | 0 | 0 | 0 | 0 | 0 | 0 | 0 | 0 | 0 | 0 | 0 | 0 | 0 | 0 | 0 | 0 | 0 | 0 | 0 |
125 | Basri, Gibor Saul | UNIVERSITY OF COLORADO AT BOULDER. | 1979 | male | 3 | 35 | 2013 | 6 | 175 | 2016 | 0 | 0 | 0 | 0 | 0 | 3 | 1 | 1 | 0 | 0 | 0 | 2 | 1 | 2 | 1 | 2 | 3 | 2 | 1 | 0 | 1 | 1 | 1 | 1 | 0 | 2 | 4 | 1 | 0 | 0 | 1 | 1 | 3 | 0 | 0 | 0 | 1 | 1 | 0 | 1 | 0 | 0 | 0 |  0 | 0 | 0 | 1 | 2 | 3 | 3 | 1 | 5 | 1 | 1 | 4 | 2 | 3 | 2 | 7 | 5 | 4 | 2 | 3 | 3 | 5 | 6 | 9 | 3 | 7 | 11 | 7 | 5 | 5 | 8 | 7 | 8 | 4 | 7 | 7 | 12 | 7 | 1 | 6 | 2 | 1 | 1 |
126 | Chandler, John Frederick | MASSACHUSETTS INSTITUTE OF TECHNOLOGY. | 1979 | male | 1 | 0 | 1979 | 3 | 34 | 2015 | 0 | 0 | 0 | 0 | 0 | 1 | 0 | 0 | 0 | 0 | 0 | 0 | 0 | 0 | 0 | 0 | 0 | 0 | 0 | 0 | 0 | 0 | 0 | 0 | 0 | 0 | 0 | 0 | 0 | 0 | 0 | 0 | 0 | 0 | 0 | 0 | 0 | 0 | 0 | 0 | 0 | 0 | 0 |  0 | 0 | 0 | 1 | 1 | 1 | 0 | 0 | 0 | 0 | 0 | 0 | 0 | 0 | 2 | 1 | 2 | 2 | 4 | 0 | 1 | 2 | 4 | 1 | 1 | 1 | 1 | 0 | 2 | 1 | 1 | 0 | 0 | 3 | 1 | 0 | 1 | 0 | 1 | 1 | 0 | 1 | 0 |
127 | Marionni, Paul Anthony | UNIVERSITY OF MARYLAND COLLEGE PARK. | 1979 | male | 1 | 0 | 1979 | 4 | 4 | 1998 | 0 | 0 | 0 | 0 | 0 | 1 | 0 | 0 | 0 | 0 | 0 | 0 | 0 | 0 | 0 | 0 | 0 | 0 | 0 | 0 | 0 | 0 | 0 | 0 | 0 | 0 | 0 | 0 | 0 | 0 | 0 | 0 | 0 | 0 | 0 | 0 | 0 | 0 | 0 | 0 | 0 | 0 | 0 |  0 | 2 | 1 | 0 | 0 | 1 | 0 | 0 | 0 | 0 | 0 | 0 | 0 | 0 | 0 | 0 | 0 | 0 | 0 | 0 | 0 | 0 | 0 | 2 | 2 | 0 | 0 | 0 | 0 | 0 | 0 | 0 | 0 | 0 | 0 | 0 | 0 | 0 | 0 | 0 | 0 | 0 | 0 |
128 | Szema, K. Y. | Old Dominion Univ., Norfolk, VA. | 1979 | None | 1 | 0 | 1979 | 1 | 1 | 1984 | 0 | 0 | 0 | 0 | 0 | 1 | 0 | 0 | 0 | 0 | 0 | 0 | 0 | 0 | 0 | 0 | 0 | 0 | 0 | 0 | 0 | 0 | 0 | 0 | 0 | 0 | 0 | 0 | 0 | 0 | 0 | 0 | 0 | 0 | 0 | 0 | 0 | 0 | 0 | 0 | 0 | 0 | 0 |  0 | 0 | 0 | 0 | 0 | 1 | 0 | 0 | 0 | 0 | 1 | 0 | 0 | 0 | 0 | 0 | 0 | 0 | 0 | 0 | 0 | 0 | 0 | 0 | 0 | 0 | 0 | 0 | 0 | 0 | 0 | 0 | 0 | 0 | 0 | 0 | 0 | 0 | 0 | 0 | 0 | 0 | 0 |
129 | Sulzer, Michael Peter | THE PENNSYLVANIA STATE UNIVERSITY. | 1979 | male | 2 | 8 | 2005 | 2 | 104 | 2017 | 0 | 0 | 1 | 0 | 0 | 1 | 0 | 0 | 0 | 0 | 1 | 0 | 0 | 0 | 0 | 2 | 0 | 1 | 0 | 0 | 1 | 0 | 1 | 0 | 0 | 1 | 0 | 0 | 0 | 0 | 0 | 1 | 0 | 0 | 0 | 0 | 0 | 0 | 0 | 0 | 0 | 0 | 0 |  0 | 0 | 1 | 0 | 0 | 1 | 0 | 1 | 0 | 2 | 2 | 1 | 0 | 5 | 3 | 4 | 1 | 4 | 1 | 1 | 3 | 5 | 2 | 6 | 5 | 4 | 6 | 2 | 4 | 2 | 4 | 5 | 6 | 4 | 4 | 1 | 2 | 2 | 2 | 4 | 3 | 0 | 1 |
130 | Harding, Alice K. | UNIVERSITY OF MASSACHUSETTS. | 1979 | female | 3 | 58 | 2017 | 3 | 323 | 2017 | 0 | 0 | 0 | 0 | 1 | 2 | 1 | 4 | 1 | 1 | 1 | 2 | 2 | 2 | 0 | 2 | 3 | 6 | 1 | 2 | 1 | 0 | 2 | 2 | 3 | 3 | 0 | 3 | 3 | 0 | 1 | 2 | 1 | 1 | 1 | 0 | 0 | 3 | 0 | 2 | 0 | 1 | 0 |  0 | 0 | 0 | 0 | 1 | 2 | 1 | 4 | 2 | 3 | 2 | 3 | 4 | 3 | 0 | 6 | 4 | 8 | 3 | 3 | 4 | 6 | 12 | 8 | 6 | 7 | 5 | 4 | 4 | 3 | 8 | 5 | 3 | 6 | 3 | 35 | 48 | 23 | 22 | 17 | 9 | 18 | 14 |
131 | Kates, Ronald Ernest | UNIVERSITY OF CALIFORNIA, SANTA CRUZ. | 1979 | male | 1 | 19 | 1995 | 1 | 31 | 1999 | 0 | 0 | 0 | 0 | 0 | 1 | 3 | 0 | 4 | 0 | 0 | 0 | 2 | 0 | 2 | 2 | 0 | 2 | 2 | 0 | 1 | 1 | 0 | 0 | 0 | 0 | 0 | 0 | 0 | 0 | 0 | 0 | 0 | 0 | 0 | 0 | 0 | 0 | 0 | 0 | 0 | 0 | 0 |  0 | 0 | 0 | 0 | 0 | 1 | 3 | 0 | 5 | 0 | 0 | 0 | 2 | 0 | 2 | 2 | 1 | 5 | 3 | 0 | 1 | 2 | 1 | 2 | 0 | 2 | 0 | 0 | 0 | 0 | 0 | 0 | 0 | 0 | 0 | 0 | 0 | 0 | 0 | 0 | 0 | 0 | 0 |
132 | Lake, George Russell | PRINCETON UNIVERSITY. | 1979 | male | 2 | 29 | 1999 | 2 | 85 | 2016 | 0 | 0 | 0 | 1 | 0 | 1 | 3 | 2 | 0 | 2 | 3 | 0 | 1 | 1 | 3 | 6 | 5 | 0 | 1 | 0 | 0 | 0 | 0 | 0 | 1 | 1 | 0 | 0 | 0 | 0 | 0 | 0 | 0 | 0 | 0 | 0 | 0 | 0 | 0 | 0 | 0 | 0 | 0 |  0 | 0 | 0 | 1 | 0 | 1 | 3 | 2 | 1 | 2 | 4 | 0 | 2 | 1 | 3 | 7 | 5 | 0 | 1 | 1 | 1 | 0 | 2 | 1 | 4 | 8 | 3 | 5 | 1 | 1 | 2 | 2 | 1 | 1 | 3 | 6 | 2 | 2 | 2 | 2 | 1 | 0 | 3 |
133 | Shulik, S. J. | Pittsburgh Univ., PA. | 1979 | None | 1 | 0 | 1979 | 2 | 1 | 1981 | 0 | 0 | 0 | 0 | 0 | 1 | 0 | 0 | 0 | 0 | 0 | 0 | 0 | 0 | 0 | 0 | 0 | 0 | 0 | 0 | 0 | 0 | 0 | 0 | 0 | 0 | 0 | 0 | 0 | 0 | 0 | 0 | 0 | 0 | 0 | 0 | 0 | 0 | 0 | 0 | 0 | 0 | 0 |  0 | 0 | 0 | 0 | 0 | 2 | 0 | 1 | 0 | 0 | 0 | 0 | 0 | 0 | 0 | 0 | 0 | 0 | 0 | 0 | 0 | 0 | 0 | 0 | 0 | 0 | 0 | 0 | 0 | 0 | 0 | 0 | 0 | 0 | 0 | 0 | 0 | 0 | 0 | 0 | 0 | 0 | 0 |
134 | Tedesco, Edward Francis | NEW MEXICO STATE UNIVERSITY. | 1979 | male | 9 | 29 | 2005 | 20 | 89 | 2016 | 1 | 1 | 2 | 0 | 1 | 4 | 1 | 1 | 1 | 2 | 0 | 1 | 0 | 2 | 1 | 1 | 0 | 0 | 0 | 0 | 1 | 0 | 0 | 0 | 0 | 0 | 1 | 0 | 3 | 0 | 10 | 4 | 0 | 0 | 0 | 0 | 0 | 0 | 0 | 0 | 0 | 0 | 0 |  1 | 1 | 3 | 3 | 2 | 10 | 1 | 3 | 2 | 5 | 0 | 5 | 4 | 6 | 2 | 2 | 0 | 0 | 1 | 0 | 2 | 3 | 0 | 0 | 0 | 1 | 2 | 0 | 5 | 0 | 12 | 16 | 4 | 4 | 0 | 3 | 2 | 1 | 0 | 0 | 0 | 1 | 2 |
135 | Urbaniak, John J. | UNIVERSITY OF PITTSBURGH. | 1979 | male | 1 | 1 | 1981 | 1 | 1 | 1981 | 0 | 0 | 0 | 0 | 0 | 1 | 0 | 1 | 0 | 0 | 0 | 0 | 0 | 0 | 0 | 0 | 0 | 0 | 0 | 0 | 0 | 0 | 0 | 0 | 0 | 0 | 0 | 0 | 0 | 0 | 0 | 0 | 0 | 0 | 0 | 0 | 0 | 0 | 0 | 0 | 0 | 0 | 0 |  0 | 0 | 0 | 0 | 0 | 1 | 0 | 1 | 0 | 0 | 0 | 0 | 0 | 0 | 0 | 0 | 0 | 0 | 0 | 0 | 0 | 0 | 0 | 0 | 0 | 0 | 0 | 0 | 0 | 0 | 0 | 0 | 0 | 0 | 0 | 0 | 0 | 0 | 0 | 0 | 0 | 0 | 0 |
136 | Weller, M. C. R. | California Institute of Technology, Pasadena. | 1979 | None | 2 | 1 | 1996 | 2 | 2 | 2016 | 0 | 0 | 0 | 0 | 0 | 2 | 0 | 0 | 0 | 0 | 0 | 0 | 0 | 0 | 0 | 0 | 0 | 0 | 0 | 0 | 0 | 0 | 1 | 0 | 0 | 0 | 0 | 0 | 0 | 0 | 0 | 0 | 0 | 0 | 0 | 0 | 0 | 0 | 0 | 0 | 0 | 0 | 0 |  0 | 0 | 0 | 0 | 0 | 2 | 0 | 0 | 0 | 0 | 0 | 0 | 0 | 0 | 0 | 0 | 0 | 0 | 0 | 0 | 0 | 0 | 1 | 0 | 0 | 0 | 0 | 0 | 0 | 0 | 0 | 0 | 0 | 0 | 0 | 0 | 0 | 0 | 0 | 0 | 0 | 0 | 1 |
137 | Young, Peter John | CALIFORNIA INSTITUTE OF TECHNOLOGY. | 1979 | male | 17 | 17 | 2014 | 21 | 35 | 2016 | 0 | 2 | 3 | 6 | 2 | 4 | 3 | 9 | 3 | 0 | 0 | 0 | 0 | 0 | 0 | 0 | 0 | 0 | 0 | 0 | 0 | 0 | 0 | 1 | 0 | 0 | 0 | 0 | 0 | 0 | 0 | 0 | 0 | 0 | 0 | 0 | 0 | 0 | 0 | 0 | 1 | 0 | 0 |  0 | 2 | 4 | 7 | 3 | 5 | 6 | 11 | 6 | 0 | 0 | 0 | 0 | 1 | 0 | 0 | 0 | 0 | 0 | 0 | 0 | 0 | 0 | 1 | 0 | 0 | 0 | 1 | 0 | 0 | 0 | 0 | 0 | 0 | 0 | 1 | 1 | 1 | 2 | 0 | 2 | 0 | 2 |
138 | Zamoranohole, N. A. | Texas Univ., Austin. | 1979 | None | 1 | 0 | 1979 | 1 | 0 | 1979 | 0 | 0 | 0 | 0 | 0 | 1 | 0 | 0 | 0 | 0 | 0 | 0 | 0 | 0 | 0 | 0 | 0 | 0 | 0 | 0 | 0 | 0 | 0 | 0 | 0 | 0 | 0 | 0 | 0 | 0 | 0 | 0 | 0 | 0 | 0 | 0 | 0 | 0 | 0 | 0 | 0 | 0 | 0 |  0 | 0 | 0 | 0 | 0 | 1 | 0 | 0 | 0 | 0 | 0 | 0 | 0 | 0 | 0 | 0 | 0 | 0 | 0 | 0 | 0 | 0 | 0 | 0 | 0 | 0 | 0 | 0 | 0 | 0 | 0 | 0 | 0 | 0 | 0 | 0 | 0 | 0 | 0 | 0 | 0 | 0 | 0 |
139 | Arnold, Steven Merle | THE UNIVERSITY OF ROCHESTER. | 1979 | male | 2 | 2 | 1990 | 2 | 9 | 1994 | 0 | 0 | 1 | 0 | 0 | 1 | 0 | 0 | 0 | 0 | 0 | 0 | 0 | 0 | 1 | 0 | 1 | 0 | 0 | 0 | 0 | 0 | 0 | 0 | 0 | 0 | 0 | 0 | 0 | 0 | 0 | 0 | 0 | 0 | 0 | 0 | 0 | 0 | 0 | 0 | 0 | 0 | 0 |  0 | 0 | 1 | 0 | 0 | 1 | 0 | 0 | 0 | 0 | 0 | 0 | 0 | 0 | 1 | 1 | 3 | 2 | 1 | 0 | 1 | 0 | 0 | 0 | 0 | 0 | 0 | 0 | 0 | 0 | 0 | 0 | 0 | 0 | 0 | 0 | 0 | 0 | 0 | 0 | 0 | 0 | 0 |
140 | Foltz, Craig Billig | THE OHIO STATE UNIVERSITY. | 1979 | male | 1 | 20 | 1993 | 5 | 158 | 2013 | 0 | 0 | 0 | 0 | 0 | 1 | 1 | 2 | 1 | 4 | 1 | 0 | 2 | 3 | 2 | 2 | 0 | 0 | 1 | 1 | 0 | 0 | 0 | 0 | 0 | 0 | 0 | 0 | 0 | 0 | 0 | 0 | 0 | 0 | 0 | 0 | 0 | 0 | 0 | 0 | 0 | 0 | 0 |  1 | 0 | 0 | 1 | 0 | 3 | 3 | 7 | 7 | 7 | 5 | 4 | 11 | 5 | 8 | 8 | 4 | 7 | 13 | 5 | 8 | 5 | 5 | 4 | 6 | 7 | 3 | 8 | 6 | 5 | 2 | 2 | 1 | 0 | 0 | 0 | 0 | 0 | 1 | 1 | 0 | 0 | 0 |
141 | Sorensen, T. C. | Kansas Univ., Lawrence. | 1979 | None | 2 | 3 | 2005 | 2 | 3 | 2005 | 0 | 0 | 0 | 0 | 1 | 1 | 0 | 0 | 0 | 0 | 0 | 0 | 0 | 0 | 0 | 0 | 0 | 0 | 0 | 0 | 0 | 1 | 0 | 1 | 0 | 0 | 0 | 0 | 0 | 0 | 0 | 1 | 0 | 0 | 0 | 0 | 0 | 0 | 0 | 0 | 0 | 0 | 0 |  0 | 0 | 0 | 0 | 1 | 1 | 0 | 0 | 0 | 0 | 0 | 0 | 0 | 0 | 0 | 0 | 0 | 0 | 0 | 0 | 0 | 1 | 0 | 1 | 0 | 0 | 0 | 0 | 0 | 0 | 0 | 1 | 0 | 0 | 0 | 0 | 0 | 0 | 0 | 0 | 0 | 0 | 0 |
142 | Beichman, Charles Arnold | UNIVERSITY OF HAWAII. | 1979 | male | 4 | 38 | 2016 | 9 | 255 | 2017 | 1 | 0 | 0 | 0 | 1 | 2 | 0 | 3 | 0 | 1 | 2 | 3 | 3 | 1 | 3 | 0 | 1 | 2 | 1 | 0 | 0 | 0 | 0 | 1 | 2 | 1 | 0 | 0 | 0 | 1 | 1 | 2 | 2 | 1 | 1 | 0 | 1 | 1 | 0 | 1 | 2 | 0 | 1 |  3 | 1 | 0 | 0 | 1 | 4 | 1 | 7 | 1 | 1 | 16 | 7 | 6 | 2 | 5 | 4 | 3 | 3 | 1 | 1 | 3 | 2 | 10 | 4 | 9 | 6 | 5 | 2 | 3 | 3 | 7 | 8 | 8 | 9 | 6 | 10 | 18 | 10 | 7 | 10 | 7 | 18 | 22 |
143 | Malina, Roger Frank | UNIVERSITY OF CALIFORNIA, BERKELEY. | 1979 | male | 7 | 4 | 1994 | 18 | 81 | 2006 | 0 | 0 | 3 | 0 | 3 | 1 | 1 | 0 | 2 | 0 | 0 | 0 | 0 | 0 | 0 | 0 | 0 | 0 | 0 | 0 | 1 | 0 | 0 | 0 | 0 | 0 | 0 | 0 | 0 | 0 | 0 | 0 | 0 | 0 | 0 | 0 | 0 | 0 | 0 | 0 | 0 | 0 | 0 |  1 | 1 | 10 | 1 | 3 | 2 | 1 | 0 | 3 | 0 | 2 | 1 | 3 | 0 | 2 | 1 | 1 | 1 | 0 | 3 | 6 | 4 | 3 | 2 | 0 | 2 | 3 | 2 | 0 | 0 | 1 | 35 | 5 | 0 | 0 | 0 | 0 | 0 | 0 | 0 | 0 | 0 | 0 |
144 | Rolison, Gary Guy | THE UNIVERSITY OF NORTH CAROLINA AT CHAPEL HILL. | 1979 | male | 1 | 0 | 1979 | 2 | 0 | 1979 | 0 | 0 | 0 | 0 | 0 | 1 | 0 | 0 | 0 | 0 | 0 | 0 | 0 | 0 | 0 | 0 | 0 | 0 | 0 | 0 | 0 | 0 | 0 | 0 | 0 | 0 | 0 | 0 | 0 | 0 | 0 | 0 | 0 | 0 | 0 | 0 | 0 | 0 | 0 | 0 | 0 | 0 | 0 |  0 | 0 | 0 | 0 | 0 | 2 | 0 | 0 | 0 | 0 | 0 | 0 | 0 | 0 | 0 | 0 | 0 | 0 | 0 | 0 | 0 | 0 | 0 | 0 | 0 | 0 | 0 | 0 | 0 | 0 | 0 | 0 | 0 | 0 | 0 | 0 | 0 | 0 | 0 | 0 | 0 | 0 | 0 |
145 | Parsons, Roger Keith | THE FLORIDA STATE UNIVERSITY. | 1979 | male | 1 | 0 | 1979 | 1 | 0 | 1979 | 0 | 0 | 0 | 0 | 0 | 1 | 0 | 0 | 0 | 0 | 0 | 0 | 0 | 0 | 0 | 0 | 0 | 0 | 0 | 0 | 0 | 0 | 0 | 0 | 0 | 0 | 0 | 0 | 0 | 0 | 0 | 0 | 0 | 0 | 0 | 0 | 0 | 0 | 0 | 0 | 0 | 0 | 0 |  0 | 0 | 0 | 0 | 0 | 1 | 0 | 0 | 0 | 0 | 0 | 0 | 0 | 0 | 0 | 0 | 0 | 0 | 0 | 0 | 0 | 0 | 0 | 0 | 0 | 0 | 0 | 0 | 0 | 0 | 0 | 0 | 0 | 0 | 0 | 0 | 0 | 0 | 0 | 0 | 0 | 0 | 0 |
146 | Davis, Warren Frederick | MASSACHUSETTS INSTITUTE OF TECHNOLOGY. | 1979 | male | 2 | 1 | 1982 | 2 | 1 | 1982 | 1 | 0 | 0 | 0 | 0 | 1 | 0 | 0 | 1 | 0 | 0 | 0 | 0 | 0 | 0 | 0 | 0 | 0 | 0 | 0 | 0 | 0 | 0 | 0 | 0 | 0 | 0 | 0 | 0 | 0 | 0 | 0 | 0 | 0 | 0 | 0 | 0 | 0 | 0 | 0 | 0 | 0 | 0 |  1 | 0 | 0 | 0 | 0 | 1 | 0 | 0 | 1 | 0 | 0 | 0 | 0 | 0 | 0 | 0 | 0 | 0 | 0 | 0 | 0 | 0 | 0 | 0 | 0 | 0 | 0 | 0 | 0 | 0 | 0 | 0 | 0 | 0 | 0 | 0 | 0 | 0 | 0 | 0 | 0 | 0 | 0 |
147 | Johnson, Leon Paul | NEW YORK UNIVERSITY. | 1979 | male | 1 | 6 | 2015 | 1 | 13 | 2015 | 0 | 0 | 0 | 0 | 0 | 1 | 0 | 0 | 0 | 0 | 0 | 0 | 0 | 0 | 0 | 0 | 0 | 0 | 0 | 0 | 0 | 0 | 0 | 0 | 0 | 1 | 0 | 0 | 0 | 1 | 0 | 1 | 1 | 0 | 1 | 0 | 0 | 0 | 0 | 0 | 0 | 1 | 0 |  0 | 0 | 0 | 0 | 0 | 1 | 1 | 0 | 0 | 0 | 0 | 0 | 0 | 0 | 1 | 0 | 0 | 0 | 0 | 0 | 0 | 0 | 0 | 0 | 0 | 1 | 0 | 0 | 1 | 1 | 0 | 3 | 1 | 1 | 1 | 0 | 0 | 0 | 0 | 0 | 0 | 2 | 0 |
148 | Boss, Alan Paul | UNIVERSITY OF CALIFORNIA, SANTA BARBARA. | 1979 | male | 3 | 145 | 2017 | 5 | 219 | 2017 | 0 | 0 | 1 | 0 | 0 | 2 | 5 | 3 | 4 | 2 | 3 | 7 | 5 | 5 | 5 | 4 | 1 | 2 | 2 | 4 | 1 | 11 | 5 | 4 | 9 | 1 | 5 | 6 | 5 | 3 | 6 | 3 | 6 | 3 | 4 | 3 | 3 | 2 | 4 | 4 | 2 | 2 | 0 |  0 | 0 | 1 | 2 | 0 | 2 | 6 | 4 | 4 | 2 | 4 | 8 | 6 | 5 | 5 | 5 | 1 | 2 | 2 | 5 | 3 | 12 | 8 | 5 | 10 | 1 | 9 | 7 | 6 | 7 | 6 | 3 | 9 | 8 | 6 | 6 | 9 | 8 | 12 | 14 | 5 | 2 | 3 |
149 | Clark, P. E. | Maryland Univ., College Park. | 1979 | None | 4 | 13 | 2010 | 9 | 39 | 2016 | 0 | 0 | 1 | 0 | 2 | 1 | 0 | 0 | 1 | 0 | 0 | 2 | 0 | 1 | 0 | 0 | 1 | 1 | 0 | 0 | 1 | 0 | 0 | 3 | 0 | 0 | 1 | 0 | 0 | 1 | 0 | 0 | 0 | 0 | 0 | 0 | 1 | 0 | 0 | 0 | 0 | 0 | 0 |  0 | 2 | 2 | 2 | 2 | 1 | 0 | 0 | 1 | 0 | 0 | 3 | 0 | 1 | 0 | 0 | 1 | 1 | 0 | 0 | 1 | 2 | 0 | 5 | 0 | 7 | 4 | 3 | 1 | 3 | 1 | 1 | 0 | 0 | 0 | 0 | 2 | 0 | 0 | 1 | 0 | 0 | 1 |
150 | Pesses, Mark Elliott | THE UNIVERSITY OF IOWA. | 1979 | male | 7 | 13 | 1993 | 8 | 21 | 2001 | 0 | 1 | 1 | 0 | 1 | 4 | 2 | 5 | 2 | 0 | 1 | 0 | 1 | 0 | 0 | 0 | 0 | 0 | 0 | 2 | 0 | 0 | 0 | 0 | 0 | 0 | 0 | 0 | 0 | 0 | 0 | 0 | 0 | 0 | 0 | 0 | 0 | 0 | 0 | 0 | 0 | 0 | 0 |  0 | 1 | 1 | 0 | 1 | 5 | 2 | 8 | 2 | 1 | 1 | 1 | 1 | 0 | 0 | 0 | 0 | 0 | 0 | 2 | 0 | 2 | 0 | 0 | 0 | 0 | 0 | 1 | 0 | 0 | 0 | 0 | 0 | 0 | 0 | 0 | 0 | 0 | 0 | 0 | 0 | 0 | 0 |
151 | Handler, Francis Albert | THE UNIVERSITY OF TEXAS AT AUSTIN. | 1979 | male | 2 | 2 | 1982 | 3 | 2 | 1982 | 0 | 0 | 0 | 0 | 1 | 1 | 1 | 0 | 1 | 0 | 0 | 0 | 0 | 0 | 0 | 0 | 0 | 0 | 0 | 0 | 0 | 0 | 0 | 0 | 0 | 0 | 0 | 0 | 0 | 0 | 0 | 0 | 0 | 0 | 0 | 0 | 0 | 0 | 0 | 0 | 0 | 0 | 0 |  0 | 0 | 0 | 0 | 1 | 2 | 1 | 0 | 1 | 0 | 0 | 0 | 0 | 0 | 0 | 0 | 0 | 0 | 0 | 0 | 0 | 0 | 0 | 0 | 0 | 0 | 0 | 0 | 0 | 0 | 0 | 0 | 0 | 0 | 0 | 0 | 0 | 0 | 0 | 0 | 0 | 0 | 0 |
152 | Johnson, John Lamar | UNIVERSITY OF MARYLAND COLLEGE PARK. | 1979 | male | 1 | 4 | 2016 | 3 | 33 | 2016 | 0 | 0 | 0 | 0 | 0 | 1 | 0 | 0 | 0 | 0 | 0 | 0 | 0 | 0 | 0 | 0 | 0 | 0 | 0 | 0 | 0 | 0 | 0 | 0 | 0 | 0 | 0 | 0 | 0 | 0 | 0 | 0 | 0 | 0 | 0 | 0 | 0 | 1 | 0 | 0 | 1 | 1 | 1 |  0 | 0 | 0 | 1 | 1 | 1 | 0 | 0 | 0 | 0 | 0 | 0 | 0 | 0 | 0 | 0 | 1 | 0 | 0 | 0 | 0 | 2 | 0 | 0 | 1 | 0 | 1 | 0 | 0 | 1 | 4 | 1 | 2 | 1 | 1 | 0 | 2 | 2 | 2 | 3 | 4 | 2 | 3 |
153 | Kelton, Phillip Wayne | THE UNIVERSITY OF TEXAS AT AUSTIN. | 1979 | male | 1 | 1 | 1980 | 3 | 3 | 1990 | 0 | 0 | 0 | 0 | 0 | 1 | 1 | 0 | 0 | 0 | 0 | 0 | 0 | 0 | 0 | 0 | 0 | 0 | 0 | 0 | 0 | 0 | 0 | 0 | 0 | 0 | 0 | 0 | 0 | 0 | 0 | 0 | 0 | 0 | 0 | 0 | 0 | 0 | 0 | 0 | 0 | 0 | 0 |  0 | 0 | 0 | 1 | 1 | 1 | 2 | 0 | 0 | 0 | 0 | 0 | 0 | 0 | 0 | 0 | 1 | 0 | 0 | 0 | 0 | 0 | 0 | 0 | 0 | 0 | 0 | 0 | 0 | 0 | 0 | 0 | 0 | 0 | 0 | 0 | 0 | 0 | 0 | 0 | 0 | 0 | 0 |
154 | Langer, S. H. | Stanford Univ., CA. | 1979 | None | 4 | 9 | 1987 | 4 | 13 | 2012 | 0 | 0 | 0 | 1 | 1 | 2 | 2 | 3 | 2 | 0 | 1 | 0 | 0 | 1 | 0 | 0 | 0 | 0 | 0 | 0 | 0 | 0 | 0 | 0 | 0 | 0 | 0 | 0 | 0 | 0 | 0 | 0 | 0 | 0 | 0 | 0 | 0 | 0 | 0 | 0 | 0 | 0 | 0 |  0 | 0 | 0 | 1 | 1 | 2 | 2 | 3 | 3 | 0 | 1 | 1 | 0 | 1 | 0 | 0 | 0 | 1 | 0 | 0 | 0 | 0 | 0 | 0 | 0 | 0 | 0 | 0 | 0 | 0 | 0 | 0 | 0 | 0 | 0 | 0 | 0 | 0 | 1 | 0 | 0 | 0 | 0 |
155 | Nicholson, Philip David | CALIFORNIA INSTITUTE OF TECHNOLOGY. | 1979 | male | 3 | 34 | 2016 | 5 | 210 | 2017 | 0 | 0 | 0 | 0 | 2 | 1 | 1 | 1 | 1 | 0 | 0 | 0 | 0 | 0 | 2 | 0 | 2 | 3 | 1 | 0 | 0 | 4 | 1 | 0 | 2 | 0 | 2 | 1 | 1 | 1 | 0 | 1 | 1 | 1 | 2 | 1 | 1 | 0 | 0 | 0 | 2 | 0 | 2 |  0 | 0 | 0 | 2 | 2 | 1 | 2 | 2 | 3 | 1 | 2 | 0 | 1 | 4 | 3 | 5 | 5 | 3 | 2 | 1 | 0 | 6 | 7 | 2 | 6 | 3 | 8 | 6 | 6 | 5 | 7 | 7 | 13 | 7 | 11 | 10 | 10 | 8 | 15 | 10 | 6 | 6 | 11 |
156 | Reynolds, Robert Charles | THE OHIO STATE UNIVERSITY. | 1979 | male | 1 | 13 | 2001 | 2 | 37 | 2010 | 0 | 0 | 0 | 0 | 0 | 1 | 2 | 0 | 0 | 1 | 0 | 1 | 0 | 0 | 0 | 1 | 1 | 1 | 0 | 0 | 0 | 2 | 0 | 2 | 0 | 1 | 0 | 1 | 0 | 0 | 0 | 0 | 0 | 0 | 0 | 0 | 0 | 0 | 0 | 0 | 0 | 0 | 0 |  0 | 0 | 0 | 0 | 1 | 1 | 3 | 0 | 0 | 2 | 0 | 2 | 0 | 0 | 0 | 1 | 1 | 4 | 0 | 3 | 0 | 3 | 1 | 4 | 0 | 2 | 1 | 3 | 0 | 0 | 1 | 1 | 1 | 0 | 2 | 0 | 2 | 0 | 0 | 0 | 0 | 0 | 0 |
157 | Sinha, Rameshwar Prasad | UNIVERSITY OF MARYLAND COLLEGE PARK. | 1979 | male | 3 | 1 | 2002 | 5 | 12 | 2015 | 0 | 0 | 0 | 0 | 1 | 2 | 0 | 0 | 0 | 0 | 0 | 0 | 0 | 0 | 0 | 0 | 0 | 0 | 0 | 0 | 0 | 0 | 0 | 0 | 0 | 0 | 0 | 0 | 1 | 0 | 0 | 0 | 0 | 0 | 0 | 0 | 0 | 0 | 0 | 0 | 0 | 0 | 0 |  0 | 1 | 0 | 0 | 2 | 2 | 1 | 1 | 1 | 0 | 4 | 0 | 1 | 1 | 1 | 0 | 0 | 0 | 0 | 0 | 0 | 0 | 0 | 0 | 0 | 0 | 0 | 0 | 1 | 0 | 0 | 0 | 0 | 0 | 0 | 0 | 0 | 0 | 0 | 0 | 0 | 1 | 0 |
158 | Morrison, Philip Joseph | UNIVERSITY OF MARYLAND COLLEGE PARK. | 1979 | male | 4 | 17 | 2001 | 19 | 76 | 2017 | 0 | 1 | 1 | 0 | 1 | 1 | 0 | 1 | 0 | 1 | 2 | 1 | 1 | 1 | 0 | 0 | 0 | 0 | 1 | 0 | 0 | 2 | 1 | 0 | 0 | 2 | 2 | 2 | 0 | 0 | 0 | 0 | 0 | 0 | 0 | 0 | 0 | 0 | 0 | 0 | 0 | 0 | 0 |  2 | 3 | 2 | 3 | 4 | 5 | 5 | 2 | 4 | 1 | 4 | 13 | 3 | 2 | 5 | 0 | 5 | 1 | 2 | 3 | 0 | 5 | 1 | 0 | 2 | 2 | 2 | 2 | 2 | 0 | 1 | 1 | 0 | 0 | 0 | 0 | 0 | 1 | 0 | 0 | 1 | 1 | 3 |
159 | Payne, David Glenn | YALE UNIVERSITY. | 1979 | male | 2 | 3 | 1985 | 3 | 15 | 2013 | 0 | 0 | 0 | 1 | 0 | 1 | 1 | 1 | 0 | 0 | 0 | 1 | 0 | 0 | 0 | 0 | 0 | 0 | 0 | 0 | 0 | 0 | 0 | 0 | 0 | 0 | 0 | 0 | 0 | 0 | 0 | 0 | 0 | 0 | 0 | 0 | 0 | 0 | 0 | 0 | 0 | 0 | 0 |  0 | 0 | 0 | 1 | 1 | 1 | 1 | 3 | 1 | 0 | 0 | 2 | 0 | 0 | 0 | 1 | 2 | 0 | 0 | 0 | 0 | 0 | 0 | 1 | 0 | 0 | 0 | 0 | 0 | 0 | 1 | 0 | 0 | 0 | 0 | 0 | 0 | 1 | 1 | 1 | 0 | 0 | 0 |
160 | Fekel, Francis Charles, Jr. | THE UNIVERSITY OF TEXAS AT AUSTIN. | 1979 | male | 2 | 80 | 2017 | 13 | 167 | 2017 | 0 | 1 | 0 | 0 | 0 | 1 | 2 | 2 | 1 | 2 | 0 | 2 | 4 | 2 | 2 | 2 | 0 | 2 | 0 | 5 | 2 | 1 | 2 | 3 | 2 | 1 | 3 | 3 | 2 | 3 | 3 | 3 | 3 | 3 | 1 | 3 | 3 | 3 | 1 | 4 | 0 | 3 | 1 |  0 | 2 | 1 | 5 | 1 | 4 | 4 | 2 | 1 | 4 | 1 | 2 | 5 | 5 | 4 | 4 | 5 | 5 | 3 | 9 | 5 | 4 | 3 | 6 | 4 | 3 | 7 | 4 | 5 | 5 | 5 | 7 | 6 | 5 | 5 | 4 | 4 | 5 | 4 | 6 | 4 | 7 | 4 |
161 | Schreur, Barbara | THE FLORIDA STATE UNIVERSITY. | 1979 | female | 1 | 0 | 1979 | 1 | 0 | 1979 | 0 | 0 | 0 | 0 | 0 | 1 | 0 | 0 | 0 | 0 | 0 | 0 | 0 | 0 | 0 | 0 | 0 | 0 | 0 | 0 | 0 | 0 | 0 | 0 | 0 | 0 | 0 | 0 | 0 | 0 | 0 | 0 | 0 | 0 | 0 | 0 | 0 | 0 | 0 | 0 | 0 | 0 | 0 |  0 | 0 | 0 | 0 | 0 | 1 | 0 | 0 | 0 | 0 | 0 | 0 | 0 | 0 | 0 | 0 | 0 | 0 | 0 | 0 | 0 | 0 | 0 | 0 | 0 | 0 | 0 | 0 | 0 | 0 | 0 | 0 | 0 | 0 | 0 | 0 | 0 | 0 | 0 | 0 | 0 | 0 | 0 |
162 | Hawke, B. R. | Brown Univ., Providence, RI. | 1979 | None | 4 | 18 | 2005 | 8 | 118 | 2017 | 0 | 0 | 0 | 1 | 1 | 2 | 0 | 0 | 1 | 0 | 1 | 1 | 1 | 0 | 1 | 2 | 1 | 2 | 0 | 2 | 0 | 1 | 0 | 0 | 0 | 0 | 0 | 0 | 1 | 2 | 1 | 1 | 0 | 0 | 0 | 0 | 0 | 0 | 0 | 0 | 0 | 0 | 0 |  1 | 2 | 0 | 1 | 1 | 3 | 3 | 1 | 6 | 3 | 5 | 4 | 4 | 2 | 5 | 3 | 4 | 6 | 3 | 3 | 0 | 5 | 0 | 3 | 2 | 0 | 3 | 1 | 3 | 4 | 1 | 7 | 5 | 2 | 3 | 5 | 2 | 6 | 4 | 1 | 3 | 1 | 3 |
163 | Soukup, Judith Ellen | CITY UNIVERSITY OF NEW YORK. | 1979 | female | 1 | 1 | 1981 | 1 | 1 | 1981 | 0 | 0 | 0 | 0 | 0 | 1 | 0 | 1 | 0 | 0 | 0 | 0 | 0 | 0 | 0 | 0 | 0 | 0 | 0 | 0 | 0 | 0 | 0 | 0 | 0 | 0 | 0 | 0 | 0 | 0 | 0 | 0 | 0 | 0 | 0 | 0 | 0 | 0 | 0 | 0 | 0 | 0 | 0 |  0 | 0 | 0 | 0 | 0 | 1 | 0 | 1 | 0 | 0 | 0 | 0 | 0 | 0 | 0 | 0 | 0 | 0 | 0 | 0 | 0 | 0 | 0 | 0 | 0 | 0 | 0 | 0 | 0 | 0 | 0 | 0 | 0 | 0 | 0 | 0 | 0 | 0 | 0 | 0 | 0 | 0 | 0 |
164 | Stark, Antony Albert | PRINCETON UNIVERSITY. | 1979 | male | 4 | 21 | 2006 | 6 | 151 | 2017 | 0 | 0 | 0 | 1 | 1 | 2 | 0 | 1 | 0 | 0 | 2 | 0 | 3 | 1 | 1 | 3 | 0 | 1 | 1 | 0 | 1 | 0 | 0 | 3 | 0 | 0 | 0 | 1 | 0 | 0 | 1 | 1 | 1 | 0 | 0 | 0 | 0 | 0 | 0 | 0 | 0 | 0 | 0 |  0 | 0 | 0 | 1 | 2 | 3 | 1 | 5 | 1 | 4 | 3 | 2 | 7 | 4 | 4 | 6 | 1 | 4 | 1 | 0 | 1 | 0 | 0 | 6 | 0 | 1 | 1 | 5 | 1 | 0 | 3 | 1 | 2 | 1 | 1 | 2 | 7 | 12 | 10 | 15 | 6 | 17 | 14 |
165 | Cimerman, Menachem | California Institute of Technology | 1979 | male | 3 | 2 | 1980 | 3 | 2 | 1980 | 0 | 0 | 0 | 0 | 0 | 3 | 2 | 0 | 0 | 0 | 0 | 0 | 0 | 0 | 0 | 0 | 0 | 0 | 0 | 0 | 0 | 0 | 0 | 0 | 0 | 0 | 0 | 0 | 0 | 0 | 0 | 0 | 0 | 0 | 0 | 0 | 0 | 0 | 0 | 0 | 0 | 0 | 0 |  0 | 0 | 0 | 0 | 0 | 3 | 2 | 0 | 0 | 0 | 0 | 0 | 0 | 0 | 0 | 0 | 0 | 0 | 0 | 0 | 0 | 0 | 0 | 0 | 0 | 0 | 0 | 0 | 0 | 0 | 0 | 0 | 0 | 0 | 0 | 0 | 0 | 0 | 0 | 0 | 0 | 0 | 0 |
166 | Cordova, France A. | California Institute of Technology | 1979 | female | 1 | 13 | 1992 | 7 | 102 | 2007 | 0 | 0 | 0 | 0 | 0 | 1 | 3 | 2 | 1 | 1 | 2 | 2 | 0 | 0 | 0 | 1 | 0 | 0 | 1 | 0 | 0 | 0 | 0 | 0 | 0 | 0 | 0 | 0 | 0 | 0 | 0 | 0 | 0 | 0 | 0 | 0 | 0 | 0 | 0 | 0 | 0 | 0 | 0 |  0 | 0 | 0 | 0 | 0 | 7 | 5 | 2 | 5 | 5 | 3 | 5 | 3 | 4 | 5 | 1 | 2 | 2 | 2 | 2 | 6 | 5 | 1 | 1 | 0 | 0 | 0 | 7 | 6 | 5 | 10 | 6 | 5 | 4 | 0 | 0 | 0 | 0 | 0 | 0 | 0 | 0 | 0 |
167 | Shapiro, Paul Robert | HARVARD UNIVERSITY. | 1979 | male | 6 | 26 | 2013 | 10 | 115 | 2017 | 0 | 0 | 2 | 1 | 1 | 2 | 2 | 1 | 1 | 1 | 1 | 1 | 4 | 2 | 0 | 1 | 0 | 0 | 1 | 0 | 1 | 0 | 1 | 0 | 0 | 2 | 2 | 0 | 1 | 0 | 1 | 0 | 2 | 0 | 0 | 0 | 0 | 0 | 0 | 1 | 0 | 0 | 0 |  0 | 0 | 2 | 3 | 2 | 3 | 2 | 1 | 1 | 2 | 1 | 1 | 4 | 2 | 1 | 3 | 1 | 0 | 2 | 2 | 2 | 0 | 2 | 1 | 4 | 2 | 3 | 2 | 2 | 2 | 1 | 4 | 16 | 7 | 2 | 4 | 3 | 3 | 10 | 8 | 5 | 3 | 5 |
168 | Schneps, Matthew Hillel | MASSACHUSETTS INSTITUTE OF TECHNOLOGY. | 1979 | male | 3 | 3 | 1981 | 5 | 8 | 1990 | 0 | 0 | 0 | 0 | 2 | 1 | 1 | 2 | 0 | 0 | 0 | 0 | 0 | 0 | 0 | 0 | 0 | 0 | 0 | 0 | 0 | 0 | 0 | 0 | 0 | 0 | 0 | 0 | 0 | 0 | 0 | 0 | 0 | 0 | 0 | 0 | 0 | 0 | 0 | 0 | 0 | 0 | 0 |  0 | 0 | 0 | 1 | 3 | 1 | 1 | 3 | 0 | 0 | 0 | 1 | 0 | 0 | 2 | 0 | 1 | 0 | 0 | 0 | 0 | 0 | 0 | 0 | 0 | 0 | 0 | 0 | 0 | 0 | 0 | 0 | 0 | 0 | 0 | 0 | 0 | 0 | 0 | 0 | 0 | 0 | 0 |
169 | Slutz, Stephen Avery | CALIFORNIA INSTITUTE OF TECHNOLOGY. | 1979 | male | 2 | 0 | 1979 | 2 | 0 | 1979 | 0 | 0 | 1 | 0 | 0 | 1 | 0 | 0 | 0 | 0 | 0 | 0 | 0 | 0 | 0 | 0 | 0 | 0 | 0 | 0 | 0 | 0 | 0 | 0 | 0 | 0 | 0 | 0 | 0 | 0 | 0 | 0 | 0 | 0 | 0 | 0 | 0 | 0 | 0 | 0 | 0 | 0 | 0 |  0 | 0 | 1 | 0 | 0 | 1 | 0 | 0 | 0 | 0 | 0 | 0 | 0 | 0 | 0 | 0 | 0 | 0 | 0 | 0 | 0 | 0 | 0 | 0 | 0 | 0 | 0 | 0 | 0 | 0 | 0 | 0 | 0 | 0 | 0 | 0 | 0 | 0 | 0 | 0 | 0 | 0 | 0 |
170 | Labonte, Barry James | California Institute of Technology | 1979 | male | 5 | 18 | 2007 | 5 | 64 | 2007 | 0 | 0 | 2 | 1 | 0 | 2 | 0 | 4 | 4 | 0 | 2 | 1 | 2 | 1 | 0 | 0 | 0 | 0 | 0 | 1 | 0 | 1 | 0 | 0 | 0 | 0 | 0 | 0 | 0 | 0 | 1 | 0 | 0 | 1 | 0 | 0 | 0 | 0 | 0 | 0 | 0 | 0 | 0 |  0 | 0 | 2 | 1 | 0 | 2 | 3 | 5 | 5 | 2 | 2 | 2 | 2 | 2 | 3 | 0 | 1 | 3 | 2 | 3 | 5 | 1 | 2 | 2 | 1 | 2 | 3 | 0 | 2 | 2 | 3 | 2 | 1 | 3 | 0 | 0 | 0 | 0 | 0 | 0 | 0 | 0 | 0 |
171 | Margolis, Steven Harold | THE UNIVERSITY OF CHICAGO. | 1979 | male | 8 | 14 | 1986 | 12 | 30 | 1987 | 0 | 0 | 0 | 2 | 2 | 4 | 2 | 2 | 0 | 6 | 0 | 3 | 1 | 0 | 0 | 0 | 0 | 0 | 0 | 0 | 0 | 0 | 0 | 0 | 0 | 0 | 0 | 0 | 0 | 0 | 0 | 0 | 0 | 0 | 0 | 0 | 0 | 0 | 0 | 0 | 0 | 0 | 0 |  0 | 0 | 0 | 4 | 2 | 6 | 3 | 5 | 0 | 12 | 0 | 7 | 1 | 2 | 0 | 0 | 0 | 0 | 0 | 0 | 0 | 0 | 0 | 0 | 0 | 0 | 0 | 0 | 0 | 0 | 0 | 0 | 0 | 0 | 0 | 0 | 0 | 0 | 0 | 0 | 0 | 0 | 0 |
172 | Burrows, Adam Seth | MASSACHUSETTS INSTITUTE OF TECHNOLOGY. | 1979 | male | 2 | 90 | 2015 | 2 | 296 | 2017 | 0 | 0 | 0 | 0 | 0 | 2 | 1 | 1 | 1 | 2 | 3 | 1 | 3 | 3 | 4 | 2 | 3 | 1 | 3 | 5 | 0 | 5 | 2 | 1 | 2 | 4 | 7 | 2 | 2 | 3 | 2 | 4 | 5 | 6 | 2 | 0 | 2 | 2 | 1 | 1 | 3 | 1 | 0 |  0 | 0 | 0 | 0 | 0 | 2 | 4 | 1 | 1 | 2 | 4 | 2 | 3 | 3 | 5 | 4 | 8 | 1 | 4 | 6 | 1 | 6 | 5 | 2 | 4 | 8 | 12 | 6 | 5 | 13 | 5 | 11 | 14 | 17 | 13 | 10 | 15 | 16 | 17 | 19 | 22 | 13 | 9 |
173 | Lin, Charles Augustin | MASSACHUSETTS INSTITUTE OF TECHNOLOGY. | 1979 | male | 1 | 11 | 2014 | 1 | 32 | 2017 | 0 | 0 | 0 | 0 | 0 | 1 | 1 | 0 | 1 | 0 | 0 | 1 | 0 | 1 | 0 | 1 | 1 | 1 | 0 | 0 | 1 | 0 | 0 | 0 | 0 | 0 | 0 | 0 | 1 | 0 | 0 | 1 | 0 | 0 | 0 | 0 | 0 | 0 | 0 | 0 | 1 | 0 | 0 |  0 | 0 | 0 | 0 | 0 | 1 | 1 | 0 | 1 | 0 | 1 | 1 | 0 | 1 | 0 | 1 | 2 | 1 | 1 | 1 | 1 | 0 | 1 | 1 | 0 | 0 | 0 | 0 | 1 | 0 | 0 | 1 | 0 | 0 | 1 | 1 | 0 | 1 | 2 | 2 | 2 | 0 | 3 |
174 | Percival, Jeffrey Wood | THE UNIVERSITY OF WISCONSIN - MADISON. | 1979 | male | 1 | 4 | 1995 | 2 | 29 | 2015 | 0 | 0 | 0 | 0 | 0 | 1 | 1 | 0 | 0 | 0 | 0 | 0 | 0 | 0 | 0 | 0 | 0 | 0 | 0 | 2 | 0 | 1 | 0 | 0 | 0 | 0 | 0 | 0 | 0 | 0 | 0 | 0 | 0 | 0 | 0 | 0 | 0 | 0 | 0 | 0 | 0 | 0 | 0 |  0 | 0 | 0 | 0 | 0 | 2 | 1 | 0 | 0 | 0 | 0 | 0 | 0 | 0 | 0 | 0 | 0 | 0 | 0 | 4 | 2 | 6 | 3 | 4 | 2 | 2 | 0 | 1 | 0 | 1 | 0 | 0 | 1 | 0 | 0 | 0 | 1 | 0 | 0 | 0 | 0 | 1 | 0 |
175 | Hough, M. E. | Stanford Univ., CA. | 1979 | None | 1 | 15 | 1995 | 1 | 15 | 1995 | 0 | 0 | 0 | 0 | 0 | 1 | 0 | 2 | 0 | 0 | 2 | 1 | 1 | 1 | 1 | 1 | 3 | 1 | 0 | 1 | 0 | 1 | 0 | 0 | 0 | 0 | 0 | 0 | 0 | 0 | 0 | 0 | 0 | 0 | 0 | 0 | 0 | 0 | 0 | 0 | 0 | 0 | 0 |  0 | 0 | 0 | 0 | 0 | 1 | 0 | 2 | 0 | 0 | 2 | 1 | 1 | 1 | 1 | 1 | 3 | 1 | 0 | 1 | 0 | 1 | 0 | 0 | 0 | 0 | 0 | 0 | 0 | 0 | 0 | 0 | 0 | 0 | 0 | 0 | 0 | 0 | 0 | 0 | 0 | 0 | 0 |
176 | Roussel-Dupre, Diane Christine Allison | UNIVERSITY OF COLORADO AT BOULDER. | 1979 | female | 1 | 2 | 1983 | 2 | 11 | 1994 | 0 | 0 | 0 | 0 | 0 | 1 | 0 | 0 | 0 | 2 | 0 | 0 | 0 | 0 | 0 | 0 | 0 | 0 | 0 | 0 | 0 | 0 | 0 | 0 | 0 | 0 | 0 | 0 | 0 | 0 | 0 | 0 | 0 | 0 | 0 | 0 | 0 | 0 | 0 | 0 | 0 | 0 | 0 |  0 | 0 | 1 | 0 | 0 | 1 | 0 | 0 | 1 | 2 | 1 | 1 | 0 | 0 | 0 | 3 | 0 | 0 | 1 | 1 | 1 | 0 | 0 | 0 | 0 | 0 | 0 | 0 | 0 | 0 | 0 | 0 | 0 | 0 | 0 | 0 | 0 | 0 | 0 | 0 | 0 | 0 | 0 |
177 | Hammond, R. T. | Rensselaer Polytechnic Inst., Troy, NY. | 1979 | None | 5 | 28 | 2014 | 5 | 31 | 2014 | 0 | 0 | 0 | 2 | 1 | 2 | 0 | 0 | 1 | 1 | 0 | 0 | 0 | 0 | 2 | 1 | 2 | 3 | 1 | 1 | 0 | 2 | 3 | 1 | 1 | 2 | 2 | 1 | 1 | 0 | 0 | 0 | 1 | 0 | 0 | 0 | 1 | 0 | 0 | 0 | 1 | 0 | 0 |  0 | 0 | 0 | 2 | 1 | 2 | 0 | 0 | 1 | 1 | 0 | 0 | 0 | 0 | 2 | 1 | 2 | 3 | 1 | 1 | 0 | 3 | 3 | 1 | 1 | 2 | 2 | 1 | 1 | 0 | 1 | 0 | 1 | 0 | 0 | 0 | 1 | 0 | 0 | 1 | 1 | 0 | 0 |
178 | Li, Fuk Kwok | MASSACHUSETTS INSTITUTE OF TECHNOLOGY. | 1979 | male | 8 | 16 | 2015 | 35 | 35 | 2016 | 1 | 0 | 1 | 1 | 3 | 2 | 1 | 0 | 1 | 0 | 0 | 0 | 0 | 0 | 0 | 1 | 1 | 0 | 1 | 0 | 1 | 0 | 0 | 0 | 0 | 0 | 1 | 0 | 0 | 0 | 0 | 0 | 0 | 0 | 0 | 0 | 0 | 2 | 0 | 2 | 4 | 1 | 0 |  2 | 2 | 9 | 8 | 9 | 5 | 5 | 0 | 1 | 0 | 0 | 0 | 1 | 0 | 0 | 1 | 1 | 0 | 1 | 0 | 1 | 2 | 0 | 0 | 0 | 0 | 1 | 1 | 0 | 3 | 1 | 1 | 0 | 1 | 2 | 0 | 0 | 2 | 0 | 2 | 5 | 2 | 1 |
179 | Rossano, George Steven | UNIVERSITY OF MARYLAND COLLEGE PARK. | 1979 | male | 6 | 15 | 2000 | 7 | 42 | 2000 | 0 | 0 | 0 | 2 | 3 | 1 | 4 | 1 | 1 | 1 | 0 | 2 | 2 | 1 | 0 | 1 | 0 | 0 | 0 | 0 | 1 | 0 | 0 | 0 | 0 | 0 | 1 | 0 | 0 | 0 | 0 | 0 | 0 | 0 | 0 | 0 | 0 | 0 | 0 | 0 | 0 | 0 | 0 |  0 | 0 | 0 | 2 | 4 | 1 | 5 | 1 | 1 | 1 | 0 | 2 | 2 | 3 | 0 | 5 | 4 | 4 | 4 | 2 | 2 | 1 | 2 | 0 | 0 | 1 | 2 | 0 | 0 | 0 | 0 | 0 | 0 | 0 | 0 | 0 | 0 | 0 | 0 | 0 | 0 | 0 | 0 |
180 | Walton, Ronald Albert | STANFORD UNIVERSITY. | 1979 | male | 1 | 0 | 1979 | 1 | 0 | 1979 | 0 | 0 | 0 | 0 | 0 | 1 | 0 | 0 | 0 | 0 | 0 | 0 | 0 | 0 | 0 | 0 | 0 | 0 | 0 | 0 | 0 | 0 | 0 | 0 | 0 | 0 | 0 | 0 | 0 | 0 | 0 | 0 | 0 | 0 | 0 | 0 | 0 | 0 | 0 | 0 | 0 | 0 | 0 |  0 | 0 | 0 | 0 | 0 | 1 | 0 | 0 | 0 | 0 | 0 | 0 | 0 | 0 | 0 | 0 | 0 | 0 | 0 | 0 | 0 | 0 | 0 | 0 | 0 | 0 | 0 | 0 | 0 | 0 | 0 | 0 | 0 | 0 | 0 | 0 | 0 | 0 | 0 | 0 | 0 | 0 | 0 |
181 | Knight, Curtis Alan | MASSACHUSETTS INSTITUTE OF TECHNOLOGY. | 1979 | male | 1 | 1 | 1988 | 18 | 9 | 1988 | 0 | 0 | 0 | 0 | 0 | 1 | 0 | 0 | 0 | 0 | 0 | 0 | 0 | 0 | 1 | 0 | 0 | 0 | 0 | 0 | 0 | 0 | 0 | 0 | 0 | 0 | 0 | 0 | 0 | 0 | 0 | 0 | 0 | 0 | 0 | 0 | 0 | 0 | 0 | 0 | 0 | 0 | 0 |  2 | 1 | 7 | 1 | 3 | 4 | 2 | 1 | 0 | 1 | 0 | 0 | 3 | 0 | 2 | 0 | 0 | 0 | 0 | 0 | 0 | 0 | 0 | 0 | 0 | 0 | 0 | 0 | 0 | 0 | 0 | 0 | 0 | 0 | 0 | 0 | 0 | 0 | 0 | 0 | 0 | 0 | 0 |
182 | Tobin, William John | THE UNIVERSITY OF WISCONSIN - MADISON. | 1979 | male | 1 | 25 | 2016 | 2 | 46 | 2016 | 0 | 0 | 0 | 0 | 0 | 1 | 0 | 2 | 0 | 1 | 3 | 2 | 1 | 1 | 0 | 0 | 0 | 1 | 0 | 2 | 2 | 1 | 3 | 0 | 1 | 0 | 0 | 0 | 0 | 0 | 0 | 0 | 0 | 0 | 1 | 0 | 0 | 0 | 0 | 1 | 0 | 0 | 3 |  0 | 0 | 0 | 1 | 0 | 1 | 0 | 2 | 0 | 1 | 3 | 2 | 1 | 1 | 0 | 0 | 0 | 3 | 2 | 4 | 4 | 4 | 4 | 1 | 4 | 1 | 1 | 0 | 1 | 0 | 1 | 0 | 0 | 0 | 1 | 0 | 0 | 0 | 0 | 1 | 1 | 0 | 3 |
183 | Fabricant, Daniel Grenci | HARVARD UNIVERSITY. | 1979 | male | 3 | 15 | 2013 | 10 | 84 | 2017 | 0 | 0 | 0 | 0 | 1 | 2 | 1 | 0 | 0 | 1 | 1 | 0 | 1 | 0 | 1 | 1 | 0 | 1 | 0 | 1 | 1 | 0 | 0 | 0 | 1 | 0 | 1 | 0 | 0 | 1 | 0 | 1 | 0 | 0 | 1 | 0 | 0 | 0 | 0 | 1 | 0 | 0 | 0 |  0 | 0 | 0 | 2 | 2 | 6 | 1 | 2 | 0 | 1 | 1 | 1 | 3 | 0 | 3 | 1 | 1 | 2 | 0 | 3 | 3 | 2 | 2 | 3 | 4 | 1 | 5 | 5 | 4 | 1 | 1 | 5 | 3 | 1 | 1 | 0 | 4 | 1 | 4 | 3 | 3 | 3 | 4 |
184 | da Costa, Luiz Alberto Nicolaci | HARVARD UNIVERSITY. | 1979 | male | 1 | 2 | 1999 | 1 | 47 | 2016 | 0 | 0 | 0 | 0 | 0 | 1 | 0 | 1 | 0 | 0 | 0 | 0 | 0 | 0 | 0 | 0 | 0 | 0 | 0 | 0 | 0 | 0 | 0 | 0 | 0 | 1 | 0 | 0 | 0 | 0 | 0 | 0 | 0 | 0 | 0 | 0 | 0 | 0 | 0 | 0 | 0 | 0 | 0 |  0 | 0 | 0 | 0 | 0 | 1 | 0 | 1 | 0 | 0 | 0 | 0 | 0 | 0 | 0 | 0 | 0 | 0 | 1 | 0 | 0 | 0 | 0 | 0 | 0 | 8 | 2 | 3 | 3 | 3 | 1 | 3 | 4 | 2 | 1 | 0 | 0 | 3 | 2 | 5 | 4 | 0 | 1 |
185 | Wood, C. A. | Brown Univ., Providence, RI. | 1979 | None | 6 | 11 | 2008 | 10 | 34 | 2017 | 0 | 0 | 1 | 1 | 2 | 2 | 1 | 0 | 1 | 0 | 2 | 0 | 0 | 0 | 2 | 0 | 0 | 1 | 2 | 1 | 0 | 0 | 0 | 0 | 0 | 0 | 0 | 0 | 0 | 0 | 0 | 0 | 0 | 0 | 1 | 0 | 0 | 0 | 0 | 0 | 0 | 0 | 0 |  0 | 0 | 3 | 3 | 2 | 2 | 1 | 0 | 3 | 0 | 2 | 0 | 0 | 0 | 2 | 1 | 0 | 1 | 2 | 1 | 0 | 1 | 0 | 0 | 0 | 0 | 0 | 1 | 0 | 0 | 1 | 1 | 5 | 3 | 3 | 1 | 1 | 1 | 0 | 1 | 1 | 0 | 0 |
186 | Eastman, Timothy Eric | UNIVERSITY OF ALASKA FAIRBANKS. | 1979 | male | 3 | 16 | 2010 | 5 | 50 | 2010 | 0 | 0 | 1 | 0 | 0 | 2 | 0 | 1 | 2 | 0 | 2 | 2 | 0 | 0 | 1 | 0 | 2 | 0 | 0 | 1 | 0 | 1 | 1 | 0 | 1 | 0 | 1 | 0 | 0 | 0 | 0 | 0 | 0 | 0 | 0 | 0 | 1 | 0 | 0 | 0 | 0 | 0 | 0 |  0 | 0 | 1 | 0 | 0 | 4 | 0 | 5 | 5 | 2 | 7 | 3 | 0 | 2 | 3 | 1 | 3 | 1 | 0 | 1 | 1 | 1 | 2 | 2 | 6 | 0 | 3 | 0 | 1 | 0 | 0 | 0 | 0 | 0 | 0 | 0 | 1 | 0 | 0 | 0 | 0 | 0 | 0 |
187 | Bayin, Selcuk Sukru | THE UNIVERSITY OF MICHIGAN. | 1979 | male | 2 | 19 | 2015 | 2 | 24 | 2015 | 0 | 0 | 0 | 0 | 1 | 1 | 1 | 1 | 1 | 1 | 1 | 1 | 3 | 1 | 0 | 1 | 0 | 0 | 1 | 2 | 2 | 0 | 0 | 0 | 0 | 0 | 0 | 0 | 1 | 0 | 0 | 0 | 1 | 0 | 0 | 0 | 0 | 0 | 0 | 0 | 0 | 1 | 0 |  0 | 0 | 0 | 0 | 1 | 1 | 1 | 1 | 1 | 1 | 1 | 1 | 3 | 1 | 0 | 1 | 0 | 0 | 1 | 2 | 2 | 0 | 0 | 0 | 0 | 0 | 0 | 0 | 2 | 2 | 0 | 1 | 1 | 0 | 1 | 0 | 0 | 0 | 0 | 0 | 0 | 1 | 0 |
188 | Guy, R. W. | Texas Univ., Austin. | 1979 | None | 1 | 0 | 1979 | 1 | 0 | 1979 | 0 | 0 | 0 | 0 | 0 | 1 | 0 | 0 | 0 | 0 | 0 | 0 | 0 | 0 | 0 | 0 | 0 | 0 | 0 | 0 | 0 | 0 | 0 | 0 | 0 | 0 | 0 | 0 | 0 | 0 | 0 | 0 | 0 | 0 | 0 | 0 | 0 | 0 | 0 | 0 | 0 | 0 | 0 |  0 | 0 | 0 | 0 | 0 | 1 | 0 | 0 | 0 | 0 | 0 | 0 | 0 | 0 | 0 | 0 | 0 | 0 | 0 | 0 | 0 | 0 | 0 | 0 | 0 | 0 | 0 | 0 | 0 | 0 | 0 | 0 | 0 | 0 | 0 | 0 | 0 | 0 | 0 | 0 | 0 | 0 | 0 |
189 | Vlahos, Loukas | UNIVERSITY OF MARYLAND COLLEGE PARK. | 1979 | male | 4 | 25 | 2016 | 5 | 98 | 2017 | 0 | 0 | 0 | 0 | 0 | 4 | 0 | 0 | 2 | 1 | 1 | 1 | 0 | 2 | 0 | 1 | 0 | 0 | 0 | 2 | 1 | 3 | 0 | 0 | 0 | 0 | 0 | 0 | 1 | 0 | 4 | 1 | 0 | 1 | 0 | 2 | 0 | 0 | 0 | 0 | 0 | 0 | 2 |  0 | 0 | 0 | 0 | 0 | 5 | 1 | 0 | 5 | 2 | 3 | 5 | 3 | 3 | 2 | 1 | 1 | 1 | 1 | 3 | 4 | 3 | 2 | 3 | 4 | 1 | 1 | 3 | 2 | 0 | 7 | 4 | 7 | 4 | 4 | 5 | 0 | 3 | 2 | 2 | 0 | 0 | 5 |
190 | Torbert, Roy Banks | UNIVERSITY OF CALIFORNIA, BERKELEY. | 1979 | male | 2 | 9 | 2016 | 9 | 172 | 2017 | 0 | 0 | 0 | 0 | 1 | 1 | 1 | 0 | 0 | 0 | 0 | 0 | 1 | 0 | 1 | 0 | 1 | 0 | 2 | 0 | 0 | 0 | 0 | 0 | 0 | 0 | 0 | 0 | 0 | 0 | 0 | 0 | 0 | 0 | 0 | 0 | 0 | 0 | 0 | 0 | 0 | 0 | 3 |  0 | 0 | 1 | 2 | 2 | 4 | 4 | 2 | 3 | 1 | 1 | 2 | 1 | 0 | 1 | 2 | 3 | 1 | 4 | 0 | 3 | 4 | 3 | 2 | 7 | 8 | 0 | 7 | 1 | 5 | 4 | 4 | 1 | 2 | 6 | 2 | 4 | 1 | 2 | 4 | 7 | 3 | 53 |
191 | Souza, Steven Peter | STATE UNIVERSITY OF NEW YORK AT STONY BROOK. | 1979 | male | 2 | 4 | 2014 | 3 | 14 | 2014 | 0 | 0 | 0 | 1 | 0 | 1 | 1 | 0 | 0 | 0 | 0 | 0 | 0 | 0 | 0 | 0 | 0 | 0 | 0 | 0 | 0 | 0 | 0 | 0 | 0 | 0 | 0 | 0 | 0 | 0 | 0 | 0 | 1 | 0 | 0 | 0 | 0 | 0 | 0 | 1 | 1 | 0 | 0 |  0 | 0 | 0 | 2 | 0 | 1 | 1 | 0 | 0 | 0 | 0 | 0 | 0 | 0 | 0 | 0 | 0 | 0 | 0 | 0 | 0 | 0 | 0 | 0 | 0 | 0 | 0 | 0 | 0 | 1 | 0 | 1 | 3 | 1 | 2 | 0 | 3 | 0 | 0 | 1 | 1 | 0 | 0 |
