n | name | university | phd_year | gender | fa_n_pubs_pre_phd | fa_n_pubs_prost_phd | fa_year_last | all_n_pubs_pre_phd | all_n_pubs_prost_phd | all_year_last |  fa_1993 | fa_1994 | fa_1995 | fa_1996 | fa_1997 | fa_1998 | fa_1999 | fa_2000 | fa_2001 | fa_2002 | fa_2003 | fa_2004 | fa_2005 | fa_2006 | fa_2007 | fa_2008 | fa_2009 | fa_2010 | fa_2011 | fa_2012 | fa_2013 | fa_2014 | fa_2015 | fa_2016 |  all_1993 | all_1994 | all_1995 | all_1996 | all_1997 | all_1998 | all_1999 | all_2000 | all_2001 | all_2002 | all_2003 | all_2004 | all_2005 | all_2006 | all_2007 | all_2008 | all_2009 | all_2010 | all_2011 | all_2012 | all_2013 | all_2014 | all_2015 | all_2016 | foo
1 | Yildiz, Kazim Orhan | Yale University | 1998 | male | 1 | 1 | 1999 | 7 | 1 | 1999 | 0 | 0 | 0 | 0 | 0 | 1 | 1 | 0 | 0 | 0 | 0 | 0 | 0 | 0 | 0 | 0 | 0 | 0 | 0 | 0 | 0 | 0 | 0 | 0 |  0 | 0 | 1 | 1 | 1 | 4 | 1 | 0 | 0 | 0 | 0 | 0 | 0 | 0 | 0 | 0 | 0 | 0 | 0 | 0 | 0 | 0 | 0 | 0 |
2 | Meyer, Christian Knowlton | UNIVERSITY OF COLORADO AT BOULDER | 1998 | male | 3 | 2 | 2009 | 5 | 19 | 2016 | 0 | 0 | 1 | 0 | 1 | 1 | 1 | 0 | 0 | 0 | 0 | 0 | 0 | 0 | 0 | 0 | 1 | 0 | 0 | 0 | 0 | 0 | 0 | 0 |  0 | 0 | 2 | 0 | 2 | 1 | 1 | 0 | 0 | 1 | 3 | 0 | 1 | 1 | 1 | 1 | 2 | 0 | 1 | 0 | 2 | 2 | 2 | 1 |
3 | Cornwell, Donald Mitchell, Jr. | UNIVERSITY OF MARYLAND COLLEGE PARK | 1998 | male | 1 | 0 | 1998 | 1 | 0 | 1998 | 0 | 0 | 0 | 0 | 0 | 1 | 0 | 0 | 0 | 0 | 0 | 0 | 0 | 0 | 0 | 0 | 0 | 0 | 0 | 0 | 0 | 0 | 0 | 0 |  0 | 0 | 0 | 0 | 0 | 1 | 0 | 0 | 0 | 0 | 0 | 0 | 0 | 0 | 0 | 0 | 0 | 0 | 0 | 0 | 0 | 0 | 0 | 0 |
4 | Lehner, Luis | UNIVERSITY OF PITTSBURGH | 1998 | male | 1 | 19 | 2016 | 11 | 101 | 2017 | 0 | 0 | 0 | 0 | 0 | 1 | 2 | 3 | 1 | 1 | 0 | 1 | 1 | 1 | 1 | 0 | 0 | 1 | 1 | 1 | 0 | 2 | 0 | 3 |  0 | 0 | 0 | 3 | 2 | 6 | 4 | 5 | 1 | 4 | 4 | 5 | 6 | 4 | 4 | 8 | 4 | 9 | 3 | 7 | 6 | 12 | 9 | 4 |
5 | Sarlin, Scott Peter | UNIVERSITY OF COLORADO AT BOULDER | 1998 | male | 1 | 0 | 1998 | 1 | 0 | 1998 | 0 | 0 | 0 | 0 | 0 | 1 | 0 | 0 | 0 | 0 | 0 | 0 | 0 | 0 | 0 | 0 | 0 | 0 | 0 | 0 | 0 | 0 | 0 | 0 |  0 | 0 | 0 | 0 | 0 | 1 | 0 | 0 | 0 | 0 | 0 | 0 | 0 | 0 | 0 | 0 | 0 | 0 | 0 | 0 | 0 | 0 | 0 | 0 |
6 | Wallin, Bradley Karl | UNIVERSITY OF ILLINOIS AT URBANA-CHAMPAIGN | 1998 | male | 5 | 1 | 1999 | 8 | 1 | 1999 | 0 | 0 | 1 | 0 | 2 | 2 | 1 | 0 | 0 | 0 | 0 | 0 | 0 | 0 | 0 | 0 | 0 | 0 | 0 | 0 | 0 | 0 | 0 | 0 |  0 | 1 | 1 | 0 | 2 | 4 | 1 | 0 | 0 | 0 | 0 | 0 | 0 | 0 | 0 | 0 | 0 | 0 | 0 | 0 | 0 | 0 | 0 | 0 |
7 | Xu, Jing | UNIVERSITY OF CENTRAL FLORIDA | 1998 | female | 4 | 16 | 2016 | 9 | 71 | 2017 | 0 | 3 | 0 | 0 | 0 | 1 | 0 | 1 | 0 | 2 | 1 | 1 | 0 | 1 | 2 | 1 | 0 | 0 | 2 | 0 | 0 | 2 | 2 | 1 |  1 | 4 | 1 | 1 | 0 | 2 | 0 | 1 | 3 | 3 | 4 | 1 | 3 | 3 | 6 | 6 | 6 | 5 | 6 | 5 | 3 | 4 | 7 | 3 |
8 | Young, Erik Jordan | THE LOUISIANA STATE UNIVERSITY AND AGRICULTURAL AND MECHANICAL COL. | 1998 | male | 2 | 0 | 1998 | 5 | 19 | 2017 | 0 | 0 | 1 | 0 | 0 | 1 | 0 | 0 | 0 | 0 | 0 | 0 | 0 | 0 | 0 | 0 | 0 | 0 | 0 | 0 | 0 | 0 | 0 | 0 |  0 | 0 | 2 | 2 | 0 | 1 | 0 | 0 | 0 | 1 | 0 | 3 | 3 | 2 | 2 | 0 | 4 | 0 | 0 | 1 | 0 | 1 | 1 | 0 |
9 | Scheper, Richard Albert | UNIVERSITY OF MARYLAND COLLEGE PARK | 1998 | male | 3 | 1 | 1999 | 3 | 1 | 1999 | 0 | 0 | 1 | 0 | 0 | 2 | 1 | 0 | 0 | 0 | 0 | 0 | 0 | 0 | 0 | 0 | 0 | 0 | 0 | 0 | 0 | 0 | 0 | 0 |  0 | 0 | 1 | 0 | 0 | 2 | 1 | 0 | 0 | 0 | 0 | 0 | 0 | 0 | 0 | 0 | 0 | 0 | 0 | 0 | 0 | 0 | 0 | 0 |
10 | Turtle, Elizabeth Pope | THE UNIVERSITY OF ARIZONA | 1998 | female | 2 | 11 | 2011 | 4 | 64 | 2017 | 0 | 0 | 0 | 0 | 1 | 1 | 1 | 0 | 2 | 1 | 1 | 2 | 0 | 0 | 0 | 0 | 1 | 0 | 3 | 0 | 0 | 0 | 0 | 0 |  1 | 0 | 0 | 0 | 1 | 2 | 2 | 1 | 6 | 1 | 2 | 7 | 8 | 2 | 2 | 1 | 4 | 6 | 7 | 1 | 3 | 5 | 0 | 5 |
11 | Wang, Frank Ye-Howe | COLUMBIA UNIVERSITY | 1998 | male | 3 | 11 | 2015 | 8 | 31 | 2016 | 0 | 0 | 0 | 0 | 1 | 2 | 0 | 0 | 0 | 0 | 0 | 0 | 0 | 1 | 0 | 1 | 2 | 1 | 2 | 2 | 0 | 1 | 1 | 0 |  2 | 1 | 1 | 0 | 2 | 2 | 0 | 0 | 0 | 0 | 0 | 2 | 2 | 2 | 0 | 1 | 4 | 1 | 3 | 2 | 2 | 3 | 4 | 5 |
12 | Boggs, Steven Edward | UNIVERSITY OF CALIFORNIA, BERKELEY | 1998 | male | 2 | 12 | 2015 | 3 | 210 | 2017 | 0 | 0 | 0 | 0 | 0 | 2 | 0 | 2 | 1 | 0 | 1 | 2 | 1 | 3 | 1 | 0 | 0 | 0 | 0 | 0 | 0 | 0 | 1 | 0 |  0 | 0 | 0 | 0 | 0 | 3 | 0 | 2 | 2 | 0 | 7 | 4 | 5 | 7 | 4 | 3 | 5 | 2 | 1 | 2 | 17 | 53 | 50 | 36 |
13 | Cavallo, Robert Michael | UNIVERSITY OF MARYLAND COLLEGE PARK | 1998 | male | 5 | 3 | 2004 | 8 | 4 | 2005 | 1 | 0 | 0 | 1 | 1 | 2 | 1 | 1 | 0 | 0 | 0 | 1 | 0 | 0 | 0 | 0 | 0 | 0 | 0 | 0 | 0 | 0 | 0 | 0 |  1 | 0 | 0 | 4 | 1 | 2 | 1 | 1 | 0 | 0 | 0 | 1 | 1 | 0 | 0 | 0 | 0 | 0 | 0 | 0 | 0 | 0 | 0 | 0 |
14 | Dale, Daniel Allen | CORNELL UNIVERSITY | 1998 | male | 3 | 28 | 2017 | 3 | 161 | 2017 | 0 | 0 | 0 | 0 | 1 | 2 | 4 | 2 | 4 | 1 | 1 | 2 | 2 | 1 | 1 | 3 | 2 | 1 | 0 | 1 | 0 | 1 | 0 | 1 |  0 | 0 | 0 | 0 | 1 | 2 | 5 | 4 | 8 | 3 | 4 | 7 | 5 | 13 | 14 | 8 | 8 | 12 | 11 | 11 | 14 | 10 | 10 | 6 |
15 | Alves, David Randall | UNIVERSITY OF CALIFORNIA, DAVIS | 1998 | male | 4 | 8 | 2004 | 27 | 48 | 2015 | 0 | 0 | 1 | 1 | 0 | 2 | 1 | 3 | 1 | 1 | 0 | 2 | 0 | 0 | 0 | 0 | 0 | 0 | 0 | 0 | 0 | 0 | 0 | 0 |  0 | 0 | 2 | 7 | 11 | 7 | 7 | 13 | 12 | 4 | 3 | 5 | 2 | 1 | 0 | 0 | 0 | 0 | 0 | 0 | 0 | 0 | 1 | 0 |
16 | Papathanassiou, Hariklia | THE PENNSYLVANIA STATE UNIVERSITY | 1998 | female | 2 | 1 | 1999 | 3 | 1 | 1999 | 0 | 0 | 0 | 1 | 0 | 1 | 1 | 0 | 0 | 0 | 0 | 0 | 0 | 0 | 0 | 0 | 0 | 0 | 0 | 0 | 0 | 0 | 0 | 0 |  0 | 1 | 0 | 1 | 0 | 1 | 1 | 0 | 0 | 0 | 0 | 0 | 0 | 0 | 0 | 0 | 0 | 0 | 0 | 0 | 0 | 0 | 0 | 0 |
17 | Piner, Brian Glenn | UNIVERSITY OF MARYLAND COLLEGE PARK | 1998 | male | 5 | 16 | 2016 | 7 | 43 | 2016 | 0 | 0 | 1 | 0 | 2 | 2 | 2 | 1 | 1 | 1 | 1 | 1 | 1 | 1 | 1 | 1 | 1 | 1 | 0 | 1 | 0 | 1 | 0 | 1 |  1 | 0 | 1 | 0 | 2 | 3 | 5 | 6 | 5 | 5 | 2 | 4 | 1 | 2 | 1 | 2 | 1 | 1 | 2 | 2 | 1 | 2 | 0 | 1 |
18 | Spahr, Timothy Bruce | UNIVERSITY OF FLORIDA | 1998 | male | 2 | 0 | 1998 | 2 | 27 | 2016 | 0 | 0 | 0 | 0 | 1 | 1 | 0 | 0 | 0 | 0 | 0 | 0 | 0 | 0 | 0 | 0 | 0 | 0 | 0 | 0 | 0 | 0 | 0 | 0 |  0 | 0 | 0 | 0 | 1 | 1 | 0 | 0 | 0 | 1 | 2 | 0 | 1 | 1 | 2 | 3 | 0 | 1 | 9 | 3 | 0 | 0 | 3 | 1 |
19 | Sankrit, Ravi | ARIZONA STATE UNIVERSITY | 1998 | male | 3 | 16 | 2016 | 7 | 54 | 2016 | 0 | 0 | 0 | 0 | 1 | 2 | 1 | 2 | 2 | 1 | 1 | 1 | 1 | 0 | 2 | 1 | 1 | 1 | 0 | 0 | 0 | 1 | 0 | 1 |  0 | 0 | 1 | 2 | 1 | 3 | 2 | 4 | 3 | 2 | 4 | 3 | 2 | 6 | 8 | 6 | 4 | 1 | 1 | 2 | 1 | 3 | 0 | 2 |
20 | Sorkhabi, Osman | UNIVERSITY OF CALIFORNIA, DAVIS | 1998 | male | 2 | 0 | 1998 | 2 | 0 | 1998 | 0 | 0 | 0 | 0 | 1 | 1 | 0 | 0 | 0 | 0 | 0 | 0 | 0 | 0 | 0 | 0 | 0 | 0 | 0 | 0 | 0 | 0 | 0 | 0 |  0 | 0 | 0 | 0 | 1 | 1 | 0 | 0 | 0 | 0 | 0 | 0 | 0 | 0 | 0 | 0 | 0 | 0 | 0 | 0 | 0 | 0 | 0 | 0 |
21 | Wang, Kemei | UNIVERSITY OF NEW HAMPSHIRE | 1998 | male | 4 | 22 | 2017 | 9 | 79 | 2017 | 0 | 0 | 1 | 0 | 0 | 3 | 1 | 1 | 1 | 2 | 1 | 0 | 0 | 0 | 0 | 0 | 1 | 0 | 1 | 3 | 2 | 4 | 1 | 2 |  0 | 0 | 1 | 0 | 5 | 3 | 2 | 3 | 1 | 3 | 5 | 3 | 1 | 3 | 0 | 1 | 4 | 0 | 2 | 5 | 6 | 16 | 7 | 11 |
22 | Liebling, Steven Lawrence | THE UNIVERSITY OF TEXAS AT AUSTIN | 1998 | male | 3 | 11 | 2016 | 5 | 43 | 2016 | 0 | 0 | 0 | 1 | 0 | 2 | 1 | 3 | 0 | 1 | 0 | 1 | 1 | 0 | 0 | 0 | 0 | 1 | 0 | 1 | 1 | 0 | 0 | 1 |  0 | 0 | 0 | 1 | 2 | 2 | 3 | 3 | 0 | 1 | 2 | 2 | 1 | 2 | 1 | 3 | 2 | 4 | 1 | 3 | 4 | 4 | 3 | 4 |
23 | Andalib, Saied W. | THE LOUISIANA STATE UNIVERSITY AND AGRICULTURAL AND MECHANICAL COL. | 1998 | male | 2 | 0 | 1998 | 2 | 0 | 1998 | 0 | 0 | 0 | 0 | 1 | 1 | 0 | 0 | 0 | 0 | 0 | 0 | 0 | 0 | 0 | 0 | 0 | 0 | 0 | 0 | 0 | 0 | 0 | 0 |  0 | 0 | 0 | 0 | 1 | 1 | 0 | 0 | 0 | 0 | 0 | 0 | 0 | 0 | 0 | 0 | 0 | 0 | 0 | 0 | 0 | 0 | 0 | 0 |
24 | Rachford, Brian Lee | UNIVERSITY OF WYOMING | 1998 | male | 3 | 7 | 2014 | 3 | 26 | 2014 | 0 | 0 | 0 | 0 | 1 | 2 | 0 | 2 | 1 | 1 | 0 | 0 | 0 | 0 | 0 | 0 | 2 | 0 | 0 | 0 | 0 | 1 | 0 | 0 |  0 | 0 | 0 | 0 | 1 | 2 | 0 | 6 | 1 | 4 | 0 | 0 | 3 | 0 | 1 | 3 | 3 | 2 | 1 | 0 | 1 | 1 | 0 | 0 |
25 | Surace, Jason A. | Institute for Astronomy University of Hawaii 2680 Woodlawn Dr. Honolulu, HI 96822 | 1998 | male | 3 | 5 | 2004 | 5 | 218 | 2017 | 1 | 0 | 0 | 0 | 0 | 2 | 1 | 2 | 1 | 0 | 0 | 1 | 0 | 0 | 0 | 0 | 0 | 0 | 0 | 0 | 0 | 0 | 0 | 0 |  1 | 1 | 0 | 0 | 0 | 3 | 2 | 5 | 4 | 1 | 3 | 14 | 9 | 15 | 12 | 11 | 18 | 12 | 20 | 17 | 18 | 17 | 16 | 12 |
26 | Takamiya, Marianne Yasuko | THE UNIVERSITY OF CHICAGO | 1998 | female | 2 | 4 | 2012 | 7 | 20 | 2015 | 0 | 0 | 1 | 0 | 0 | 1 | 3 | 0 | 0 | 0 | 0 | 0 | 0 | 0 | 0 | 0 | 0 | 0 | 0 | 1 | 0 | 0 | 0 | 0 |  2 | 0 | 3 | 1 | 0 | 1 | 4 | 0 | 3 | 1 | 0 | 0 | 2 | 1 | 1 | 1 | 0 | 1 | 2 | 1 | 0 | 2 | 1 | 0 |
27 | Uzdensky, Dmitri A. | PRINCETON UNIVERSITY | 1998 | male | 1 | 27 | 2016 | 1 | 55 | 2017 | 0 | 0 | 0 | 0 | 0 | 1 | 0 | 1 | 0 | 4 | 2 | 2 | 1 | 2 | 4 | 1 | 1 | 1 | 3 | 0 | 1 | 2 | 0 | 2 |  0 | 0 | 0 | 0 | 0 | 1 | 0 | 1 | 0 | 4 | 3 | 2 | 2 | 2 | 4 | 3 | 4 | 2 | 4 | 5 | 4 | 4 | 4 | 6 |
28 | Zhang, Bin | COLUMBIA UNIVERSITY | 1998 | male | 4 | 59 | 2017 | 14 | 282 | 2017 | 0 | 0 | 0 | 1 | 2 | 1 | 0 | 0 | 1 | 1 | 0 | 1 | 1 | 1 | 7 | 4 | 4 | 1 | 4 | 8 | 7 | 4 | 8 | 6 |  1 | 1 | 5 | 2 | 4 | 1 | 2 | 2 | 5 | 3 | 3 | 6 | 16 | 41 | 26 | 14 | 21 | 17 | 18 | 25 | 14 | 17 | 22 | 25 |
29 | Jones, Irvin Rufus, Jr. | UNIVERSITY OF COLORADO AT BOULDER | 1998 | male | 1 | 0 | 1998 | 1 | 1 | 2016 | 0 | 0 | 0 | 0 | 0 | 1 | 0 | 0 | 0 | 0 | 0 | 0 | 0 | 0 | 0 | 0 | 0 | 0 | 0 | 0 | 0 | 0 | 0 | 0 |  0 | 0 | 0 | 0 | 0 | 1 | 0 | 0 | 0 | 0 | 0 | 0 | 0 | 0 | 0 | 0 | 0 | 0 | 0 | 0 | 0 | 0 | 0 | 1 |
30 | Roberts, Lewis C., Jr. | GEORGIA STATE UNIVERSITY | 1998 | male | 3 | 19 | 2017 | 11 | 59 | 2017 | 0 | 0 | 1 | 0 | 0 | 2 | 1 | 0 | 0 | 1 | 0 | 0 | 2 | 0 | 3 | 0 | 1 | 1 | 3 | 1 | 0 | 0 | 4 | 1 |  0 | 1 | 2 | 1 | 4 | 3 | 1 | 2 | 1 | 1 | 2 | 0 | 5 | 2 | 5 | 3 | 4 | 5 | 10 | 3 | 3 | 1 | 8 | 1 |
31 | Chou, Wen-Chien | THE UNIVERSITY OF TEXAS AT AUSTIN | 1998 | male | 1 | 0 | 1998 | 1 | 2 | 2009 | 0 | 0 | 0 | 0 | 0 | 1 | 0 | 0 | 0 | 0 | 0 | 0 | 0 | 0 | 0 | 0 | 0 | 0 | 0 | 0 | 0 | 0 | 0 | 0 |  0 | 0 | 0 | 0 | 0 | 1 | 0 | 1 | 0 | 0 | 0 | 0 | 0 | 0 | 0 | 0 | 1 | 0 | 0 | 0 | 0 | 0 | 0 | 0 |
32 | Correll, Randall Roland | THE UNIVERSITY OF TEXAS AT AUSTIN | 1998 | male | 1 | 3 | 2006 | 4 | 8 | 2006 | 0 | 0 | 0 | 0 | 0 | 1 | 0 | 0 | 0 | 0 | 0 | 1 | 1 | 1 | 0 | 0 | 0 | 0 | 0 | 0 | 0 | 0 | 0 | 0 |  0 | 0 | 0 | 0 | 0 | 4 | 1 | 4 | 0 | 0 | 0 | 1 | 1 | 1 | 0 | 0 | 0 | 0 | 0 | 0 | 0 | 0 | 0 | 0 |
33 | Hunt, Thomas D. | INDIANA UNIVERSITY | 1998 | male | 1 | 0 | 1998 | 1 | 2 | 2015 | 0 | 0 | 0 | 0 | 0 | 1 | 0 | 0 | 0 | 0 | 0 | 0 | 0 | 0 | 0 | 0 | 0 | 0 | 0 | 0 | 0 | 0 | 0 | 0 |  0 | 0 | 0 | 0 | 0 | 1 | 0 | 0 | 1 | 0 | 0 | 0 | 0 | 0 | 0 | 0 | 0 | 0 | 0 | 0 | 0 | 0 | 1 | 0 |
34 | Morgenthaler, Jeffrey Paul | THE UNIVERSITY OF WISCONSIN - MADISON | 1998 | male | 1 | 5 | 2011 | 3 | 17 | 2015 | 0 | 0 | 0 | 0 | 0 | 1 | 0 | 0 | 1 | 2 | 0 | 0 | 0 | 0 | 1 | 0 | 0 | 0 | 1 | 0 | 0 | 0 | 0 | 0 |  0 | 0 | 0 | 1 | 0 | 2 | 0 | 0 | 3 | 6 | 0 | 0 | 0 | 0 | 1 | 0 | 0 | 1 | 1 | 1 | 1 | 2 | 1 | 0 |
35 | van Bavel, Gregory Hugh | UNIVERSITY OF MARYLAND COLLEGE PARK | 1998 | male | 1 | 0 | 1998 | 1 | 1 | 2000 | 0 | 0 | 0 | 0 | 0 | 1 | 0 | 0 | 0 | 0 | 0 | 0 | 0 | 0 | 0 | 0 | 0 | 0 | 0 | 0 | 0 | 0 | 0 | 0 |  0 | 0 | 0 | 0 | 0 | 1 | 0 | 1 | 0 | 0 | 0 | 0 | 0 | 0 | 0 | 0 | 0 | 0 | 0 | 0 | 0 | 0 | 0 | 0 |
36 | Camarda, Karen Dean | UNIVERSITY OF ILLINOIS AT URBANA-CHAMPAIGN | 1998 | female | 2 | 2 | 2009 | 6 | 3 | 2009 | 0 | 0 | 0 | 0 | 0 | 2 | 1 | 0 | 0 | 0 | 0 | 0 | 0 | 0 | 0 | 0 | 1 | 0 | 0 | 0 | 0 | 0 | 0 | 0 |  0 | 0 | 0 | 0 | 0 | 6 | 1 | 0 | 0 | 0 | 1 | 0 | 0 | 0 | 0 | 0 | 1 | 0 | 0 | 0 | 0 | 0 | 0 | 0 |
37 | Johnson, Thomas James | THE UNIVERSITY OF TEXAS AT AUSTIN | 1998 | male | 2 | 6 | 2015 | 5 | 96 | 2016 | 0 | 0 | 0 | 1 | 0 | 1 | 0 | 0 | 1 | 0 | 1 | 0 | 0 | 0 | 0 | 1 | 0 | 0 | 0 | 0 | 1 | 1 | 1 | 0 |  0 | 0 | 1 | 2 | 1 | 1 | 0 | 0 | 1 | 1 | 2 | 2 | 1 | 0 | 1 | 3 | 22 | 27 | 11 | 9 | 7 | 1 | 6 | 2 |
38 | Sabol, Christopher Andrew | UNIVERSITY OF COLORADO AT BOULDER | 1998 | male | 1 | 0 | 1998 | 1 | 0 | 1998 | 0 | 0 | 0 | 0 | 0 | 1 | 0 | 0 | 0 | 0 | 0 | 0 | 0 | 0 | 0 | 0 | 0 | 0 | 0 | 0 | 0 | 0 | 0 | 0 |  0 | 0 | 0 | 0 | 0 | 1 | 0 | 0 | 0 | 0 | 0 | 0 | 0 | 0 | 0 | 0 | 0 | 0 | 0 | 0 | 0 | 0 | 0 | 0 |
39 | Daw, Edward John | MASSACHUSETTS INSTITUTE OF TECHNOLOGY | 1998 | male | 1 | 4 | 2012 | 2 | 157 | 2017 | 0 | 0 | 0 | 0 | 0 | 1 | 1 | 0 | 0 | 0 | 0 | 1 | 0 | 0 | 0 | 1 | 0 | 0 | 0 | 1 | 0 | 0 | 0 | 0 |  0 | 0 | 0 | 0 | 0 | 2 | 1 | 0 | 2 | 3 | 1 | 9 | 8 | 3 | 5 | 4 | 12 | 10 | 9 | 19 | 8 | 14 | 8 | 29 |
40 | Prabhu, Nagabhushana | MASSACHUSETTS INSTITUTE OF TECHNOLOGY | 1998 | male | 1 | 0 | 1998 | 1 | 0 | 1998 | 0 | 0 | 0 | 0 | 0 | 1 | 0 | 0 | 0 | 0 | 0 | 0 | 0 | 0 | 0 | 0 | 0 | 0 | 0 | 0 | 0 | 0 | 0 | 0 |  0 | 0 | 0 | 0 | 0 | 1 | 0 | 0 | 0 | 0 | 0 | 0 | 0 | 0 | 0 | 0 | 0 | 0 | 0 | 0 | 0 | 0 | 0 | 0 |
41 | Kaiser, Andras | Yale University | 1998 | male | 2 | 6 | 2012 | 2 | 16 | 2016 | 0 | 0 | 0 | 1 | 0 | 1 | 0 | 0 | 1 | 0 | 0 | 0 | 0 | 0 | 0 | 3 | 0 | 0 | 0 | 2 | 0 | 0 | 0 | 0 |  0 | 0 | 0 | 1 | 0 | 1 | 0 | 0 | 1 | 0 | 2 | 0 | 0 | 0 | 0 | 3 | 3 | 2 | 1 | 2 | 1 | 0 | 0 | 1 |
42 | Bochner, Brett | MASSACHUSETTS INSTITUTE OF TECHNOLOGY | 1998 | male | 2 | 4 | 2015 | 2 | 19 | 2015 | 0 | 0 | 0 | 0 | 0 | 2 | 0 | 0 | 0 | 0 | 2 | 0 | 0 | 0 | 0 | 0 | 0 | 0 | 0 | 0 | 1 | 0 | 1 | 0 |  0 | 0 | 0 | 0 | 0 | 2 | 0 | 0 | 0 | 0 | 2 | 6 | 7 | 2 | 0 | 0 | 0 | 0 | 0 | 0 | 1 | 0 | 1 | 0 |
43 | White, Scott William | THE UNIVERSITY OF WISCONSIN - MADISON | 1998 | male | 1 | 1 | 2006 | 6 | 33 | 2017 | 0 | 0 | 0 | 0 | 0 | 1 | 0 | 0 | 0 | 0 | 0 | 0 | 0 | 1 | 0 | 0 | 0 | 0 | 0 | 0 | 0 | 0 | 0 | 0 |  0 | 2 | 0 | 2 | 0 | 2 | 3 | 2 | 1 | 0 | 0 | 1 | 0 | 4 | 2 | 2 | 1 | 1 | 0 | 2 | 1 | 3 | 7 | 2 |
44 | Stewart, Susan Gessner | THE UNIVERSITY OF ALABAMA | 1998 | female | 1 | 3 | 2000 | 3 | 8 | 2016 | 0 | 0 | 0 | 0 | 0 | 1 | 1 | 2 | 0 | 0 | 0 | 0 | 0 | 0 | 0 | 0 | 0 | 0 | 0 | 0 | 0 | 0 | 0 | 0 |  0 | 0 | 0 | 1 | 1 | 1 | 1 | 2 | 0 | 0 | 0 | 0 | 0 | 1 | 0 | 0 | 1 | 0 | 1 | 1 | 0 | 0 | 0 | 1 |
45 | Williams, Darren Mark | THE PENNSYLVANIA STATE UNIVERSITY | 1998 | male | 7 | 9 | 2013 | 11 | 50 | 2017 | 0 | 0 | 2 | 0 | 3 | 2 | 0 | 0 | 0 | 2 | 2 | 1 | 0 | 0 | 0 | 1 | 0 | 0 | 1 | 0 | 2 | 0 | 0 | 0 |  0 | 0 | 2 | 0 | 5 | 4 | 0 | 0 | 1 | 2 | 2 | 4 | 3 | 15 | 1 | 2 | 2 | 2 | 3 | 1 | 2 | 2 | 0 | 2 |
46 | Chesley, Steven Ross | THE UNIVERSITY OF TEXAS AT AUSTIN | 1998 | male | 1 | 6 | 2014 | 1 | 71 | 2016 | 0 | 0 | 0 | 0 | 0 | 1 | 1 | 0 | 0 | 1 | 1 | 0 | 0 | 0 | 0 | 0 | 0 | 1 | 0 | 0 | 1 | 1 | 0 | 0 |  0 | 0 | 0 | 0 | 0 | 1 | 2 | 6 | 3 | 5 | 3 | 2 | 5 | 0 | 0 | 3 | 5 | 3 | 8 | 2 | 6 | 8 | 6 | 4 |
47 | Chen, Wei-Liang | THE JOHNS HOPKINS UNIVERSITY | 1998 | male | 7 | 23 | 2017 | 20 | 81 | 2017 | 0 | 1 | 0 | 3 | 1 | 2 | 0 | 0 | 1 | 1 | 2 | 0 | 2 | 4 | 2 | 4 | 0 | 0 | 1 | 2 | 2 | 0 | 1 | 0 |  0 | 2 | 0 | 8 | 2 | 8 | 2 | 2 | 2 | 3 | 4 | 4 | 9 | 6 | 4 | 6 | 3 | 2 | 4 | 12 | 11 | 2 | 2 | 2 |
48 | Keeton, Charles Randy, II | HARVARD UNIVERSITY | 1998 | male | 5 | 21 | 2011 | 8 | 97 | 2017 | 0 | 0 | 0 | 0 | 2 | 3 | 0 | 3 | 3 | 1 | 4 | 1 | 3 | 3 | 0 | 0 | 1 | 1 | 1 | 0 | 0 | 0 | 0 | 0 |  0 | 0 | 0 | 0 | 3 | 5 | 3 | 7 | 8 | 4 | 10 | 6 | 10 | 10 | 3 | 8 | 6 | 3 | 5 | 2 | 3 | 4 | 1 | 2 |
49 | Turner, Nils Henning | GEORGIA STATE UNIVERSITY | 1998 | male | 1 | 3 | 2008 | 8 | 127 | 2016 | 0 | 0 | 0 | 0 | 0 | 1 | 1 | 0 | 1 | 0 | 0 | 0 | 0 | 0 | 0 | 1 | 0 | 0 | 0 | 0 | 0 | 0 | 0 | 0 |  1 | 1 | 0 | 2 | 3 | 1 | 2 | 3 | 1 | 0 | 0 | 0 | 4 | 7 | 7 | 9 | 8 | 10 | 23 | 18 | 13 | 8 | 11 | 3 |
50 | Watson, John Kistler | NORTHWESTERN UNIVERSITY | 1998 | male | 3 | 2 | 2005 | 9 | 4 | 2007 | 0 | 0 | 0 | 1 | 1 | 1 | 0 | 1 | 0 | 0 | 0 | 0 | 1 | 0 | 0 | 0 | 0 | 0 | 0 | 0 | 0 | 0 | 0 | 0 |  2 | 0 | 1 | 1 | 2 | 3 | 1 | 1 | 0 | 0 | 0 | 0 | 1 | 0 | 1 | 0 | 0 | 0 | 0 | 0 | 0 | 0 | 0 | 0 |
51 | Smutko, Michael Francis | THE UNIVERSITY OF CHICAGO | 1998 | male | 2 | 1 | 1999 | 3 | 4 | 2016 | 0 | 0 | 0 | 0 | 1 | 1 | 1 | 0 | 0 | 0 | 0 | 0 | 0 | 0 | 0 | 0 | 0 | 0 | 0 | 0 | 0 | 0 | 0 | 0 |  1 | 0 | 0 | 0 | 1 | 1 | 1 | 0 | 0 | 0 | 0 | 0 | 0 | 0 | 0 | 0 | 0 | 0 | 0 | 1 | 1 | 0 | 0 | 1 |
52 | Leigh, Darren Laney | HARVARD UNIVERSITY | 1998 | male | 1 | 0 | 1998 | 1 | 0 | 1998 | 0 | 0 | 0 | 0 | 0 | 1 | 0 | 0 | 0 | 0 | 0 | 0 | 0 | 0 | 0 | 0 | 0 | 0 | 0 | 0 | 0 | 0 | 0 | 0 |  0 | 0 | 0 | 0 | 0 | 1 | 0 | 0 | 0 | 0 | 0 | 0 | 0 | 0 | 0 | 0 | 0 | 0 | 0 | 0 | 0 | 0 | 0 | 0 |
53 | Haiman, Zoltan | HARVARD UNIVERSITY | 1998 | male | 10 | 35 | 2016 | 12 | 196 | 2017 | 0 | 2 | 0 | 2 | 3 | 3 | 6 | 4 | 6 | 2 | 2 | 6 | 1 | 2 | 1 | 0 | 3 | 0 | 1 | 0 | 0 | 0 | 0 | 1 |  1 | 2 | 0 | 2 | 4 | 3 | 6 | 7 | 12 | 8 | 10 | 18 | 10 | 13 | 12 | 11 | 12 | 6 | 6 | 7 | 13 | 13 | 10 | 15 |
54 | Reisenfeld, Daniel Brett | HARVARD UNIVERSITY | 1998 | male | 1 | 7 | 2016 | 2 | 84 | 2017 | 0 | 0 | 0 | 0 | 0 | 1 | 1 | 0 | 1 | 0 | 1 | 0 | 0 | 0 | 1 | 0 | 0 | 0 | 0 | 1 | 1 | 0 | 0 | 1 |  0 | 0 | 1 | 0 | 0 | 1 | 1 | 3 | 1 | 1 | 5 | 3 | 6 | 4 | 7 | 3 | 7 | 6 | 7 | 8 | 8 | 4 | 2 | 6 |
55 | Wan, Lin | PRINCETON UNIVERSITY | 1998 | female | 4 | 1 | 2000 | 6 | 4 | 2016 | 0 | 0 | 0 | 1 | 0 | 3 | 0 | 1 | 0 | 0 | 0 | 0 | 0 | 0 | 0 | 0 | 0 | 0 | 0 | 0 | 0 | 0 | 0 | 0 |  0 | 0 | 0 | 1 | 2 | 3 | 0 | 2 | 0 | 0 | 0 | 0 | 0 | 0 | 0 | 0 | 0 | 0 | 0 | 0 | 0 | 0 | 1 | 1 |
56 | Weinstein, Steven | NORTHWESTERN UNIVERSITY | 1998 | male | 1 | 2 | 2011 | 4 | 4 | 2011 | 0 | 0 | 0 | 0 | 0 | 1 | 0 | 0 | 0 | 0 | 0 | 0 | 0 | 1 | 0 | 0 | 0 | 0 | 1 | 0 | 0 | 0 | 0 | 0 |  0 | 2 | 0 | 0 | 1 | 1 | 0 | 0 | 1 | 1 | 0 | 0 | 0 | 1 | 0 | 0 | 0 | 0 | 1 | 0 | 0 | 0 | 0 | 0 |
57 | Chemishkian, Sergey Y. | THE UNIVERSITY OF ARIZONA | 1998 | male | 1 | 0 | 1998 | 1 | 0 | 1998 | 0 | 0 | 0 | 0 | 0 | 1 | 0 | 0 | 0 | 0 | 0 | 0 | 0 | 0 | 0 | 0 | 0 | 0 | 0 | 0 | 0 | 0 | 0 | 0 |  0 | 0 | 0 | 0 | 0 | 1 | 0 | 0 | 0 | 0 | 0 | 0 | 0 | 0 | 0 | 0 | 0 | 0 | 0 | 0 | 0 | 0 | 0 | 0 |
58 | Weintroub, Jonathan | HARVARD UNIVERSITY | 1998 | male | 1 | 1 | 2008 | 1 | 14 | 2016 | 0 | 0 | 0 | 0 | 0 | 1 | 0 | 0 | 0 | 0 | 0 | 0 | 0 | 0 | 0 | 1 | 0 | 0 | 0 | 0 | 0 | 0 | 0 | 0 |  0 | 0 | 0 | 0 | 0 | 1 | 0 | 0 | 0 | 0 | 0 | 0 | 0 | 0 | 0 | 2 | 0 | 0 | 1 | 2 | 1 | 1 | 4 | 3 |
59 | Chloupek, Frank Ray | THE OHIO STATE UNIVERSITY | 1998 | male | 1 | 1 | 1999 | 3 | 1 | 1999 | 0 | 0 | 0 | 0 | 0 | 1 | 1 | 0 | 0 | 0 | 0 | 0 | 0 | 0 | 0 | 0 | 0 | 0 | 0 | 0 | 0 | 0 | 0 | 0 |  0 | 1 | 0 | 1 | 0 | 1 | 1 | 0 | 0 | 0 | 0 | 0 | 0 | 0 | 0 | 0 | 0 | 0 | 0 | 0 | 0 | 0 | 0 | 0 |
60 | Kaye, Anthony Bresenhan | GEORGIA STATE UNIVERSITY | 1998 | male | 6 | 8 | 2007 | 7 | 23 | 2009 | 0 | 0 | 1 | 1 | 1 | 3 | 4 | 1 | 0 | 0 | 1 | 1 | 0 | 0 | 1 | 0 | 0 | 0 | 0 | 0 | 0 | 0 | 0 | 0 |  0 | 0 | 1 | 1 | 1 | 4 | 9 | 2 | 3 | 1 | 3 | 2 | 0 | 1 | 1 | 0 | 1 | 0 | 0 | 0 | 0 | 0 | 0 | 0 |
61 | Cheng, Yu-Chung Norman | CASE WESTERN RESERVE UNIVERSITY | 1998 | male | 1 | 6 | 2017 | 1 | 19 | 2017 | 0 | 0 | 0 | 0 | 0 | 1 | 1 | 1 | 1 | 1 | 0 | 0 | 0 | 0 | 0 | 0 | 0 | 0 | 1 | 0 | 0 | 0 | 0 | 0 |  0 | 0 | 0 | 0 | 0 | 1 | 2 | 1 | 1 | 2 | 0 | 1 | 1 | 0 | 0 | 2 | 1 | 0 | 1 | 0 | 1 | 2 | 2 | 1 |
62 | Gerwe, David Roderick | NORTHWESTERN UNIVERSITY | 1998 | male | 2 | 1 | 2002 | 2 | 1 | 2002 | 0 | 0 | 0 | 0 | 0 | 2 | 0 | 0 | 0 | 1 | 0 | 0 | 0 | 0 | 0 | 0 | 0 | 0 | 0 | 0 | 0 | 0 | 0 | 0 |  0 | 0 | 0 | 0 | 0 | 2 | 0 | 0 | 0 | 1 | 0 | 0 | 0 | 0 | 0 | 0 | 0 | 0 | 0 | 0 | 0 | 0 | 0 | 0 |
63 | Heo, Junseong | Yale University | 1998 | male | 1 | 0 | 1998 | 2 | 1 | 1999 | 0 | 0 | 0 | 0 | 0 | 1 | 0 | 0 | 0 | 0 | 0 | 0 | 0 | 0 | 0 | 0 | 0 | 0 | 0 | 0 | 0 | 0 | 0 | 0 |  0 | 0 | 0 | 1 | 0 | 1 | 1 | 0 | 0 | 0 | 0 | 0 | 0 | 0 | 0 | 0 | 0 | 0 | 0 | 0 | 0 | 0 | 0 | 0 |
64 | Balashov, Yuri V. | UNIVERSITY OF NOTRE DAME | 1998 | male | 1 | 0 | 1998 | 2 | 0 | 1998 | 0 | 0 | 0 | 0 | 0 | 1 | 0 | 0 | 0 | 0 | 0 | 0 | 0 | 0 | 0 | 0 | 0 | 0 | 0 | 0 | 0 | 0 | 0 | 0 |  0 | 1 | 0 | 0 | 0 | 1 | 0 | 0 | 0 | 0 | 0 | 0 | 0 | 0 | 0 | 0 | 0 | 0 | 0 | 0 | 0 | 0 | 0 | 0 |
65 | Huber, David M. | UNIVERSITY OF DELAWARE | 1998 | male | 1 | 11 | 2012 | 7 | 132 | 2017 | 0 | 0 | 0 | 0 | 0 | 1 | 0 | 0 | 2 | 1 | 0 | 0 | 0 | 0 | 0 | 3 | 2 | 1 | 1 | 1 | 0 | 0 | 0 | 0 |  0 | 0 | 4 | 2 | 0 | 1 | 1 | 1 | 2 | 2 | 0 | 0 | 0 | 1 | 2 | 10 | 3 | 9 | 22 | 16 | 15 | 19 | 10 | 16 |
66 | Stairs, Ingrid Helen | PRINCETON UNIVERSITY | 1998 | female | 2 | 11 | 2006 | 2 | 172 | 2017 | 0 | 0 | 0 | 0 | 0 | 2 | 1 | 2 | 1 | 1 | 1 | 2 | 1 | 2 | 0 | 0 | 0 | 0 | 0 | 0 | 0 | 0 | 0 | 0 |  0 | 0 | 0 | 0 | 0 | 2 | 1 | 6 | 8 | 6 | 5 | 9 | 10 | 12 | 7 | 7 | 7 | 13 | 9 | 8 | 16 | 16 | 15 | 14 |
67 | Ellithorpe, Don Wise | THE UNIVERSITY OF CHICAGO | 1998 | male | 3 | 0 | 1998 | 8 | 1 | 2003 | 0 | 0 | 1 | 0 | 1 | 1 | 0 | 0 | 0 | 0 | 0 | 0 | 0 | 0 | 0 | 0 | 0 | 0 | 0 | 0 | 0 | 0 | 0 | 0 |  2 | 0 | 1 | 0 | 3 | 2 | 0 | 0 | 0 | 0 | 1 | 0 | 0 | 0 | 0 | 0 | 0 | 0 | 0 | 0 | 0 | 0 | 0 | 0 |
68 | Lee-Alardin, William Henry | THE UNIVERSITY OF WISCONSIN - MADISON | 1998 | male | 1 | 0 | 1998 | 1 | 0 | 1998 | 0 | 0 | 0 | 0 | 0 | 1 | 0 | 0 | 0 | 0 | 0 | 0 | 0 | 0 | 0 | 0 | 0 | 0 | 0 | 0 | 0 | 0 | 0 | 0 |  0 | 0 | 0 | 0 | 0 | 1 | 0 | 0 | 0 | 0 | 0 | 0 | 0 | 0 | 0 | 0 | 0 | 0 | 0 | 0 | 0 | 0 | 0 | 0 |
69 | Barnes, Christopher | PRINCETON UNIVERSITY | 1998 | male | 7 | 3 | 2008 | 16 | 18 | 2014 | 1 | 0 | 3 | 0 | 1 | 2 | 0 | 0 | 0 | 0 | 1 | 0 | 0 | 1 | 0 | 1 | 0 | 0 | 0 | 0 | 0 | 0 | 0 | 0 |  2 | 2 | 3 | 3 | 3 | 3 | 1 | 0 | 0 | 0 | 9 | 0 | 0 | 2 | 2 | 2 | 0 | 0 | 0 | 1 | 0 | 1 | 0 | 0 |
70 | Distel, James Ross | UNIVERSITY OF PENNSYLVANIA | 1998 | male | 1 | 1 | 2003 | 4 | 2 | 2003 | 0 | 0 | 0 | 0 | 0 | 1 | 0 | 0 | 0 | 0 | 1 | 0 | 0 | 0 | 0 | 0 | 0 | 0 | 0 | 0 | 0 | 0 | 0 | 0 |  1 | 0 | 1 | 0 | 0 | 2 | 1 | 0 | 0 | 0 | 1 | 0 | 0 | 0 | 0 | 0 | 0 | 0 | 0 | 0 | 0 | 0 | 0 | 0 |
71 | Castronovo, Joseph Anthony, Jr. | THE UNIVERSITY OF ARIZONA | 1998 | male | 1 | 0 | 1998 | 1 | 0 | 1998 | 0 | 0 | 0 | 0 | 0 | 1 | 0 | 0 | 0 | 0 | 0 | 0 | 0 | 0 | 0 | 0 | 0 | 0 | 0 | 0 | 0 | 0 | 0 | 0 |  0 | 0 | 0 | 0 | 0 | 1 | 0 | 0 | 0 | 0 | 0 | 0 | 0 | 0 | 0 | 0 | 0 | 0 | 0 | 0 | 0 | 0 | 0 | 0 |
72 | Marani, Gabriela Fabiana | Institute for Computational Sciences & Informatics - George Mason University | 1998 | female | 2 | 2 | 2000 | 4 | 4 | 2001 | 0 | 0 | 0 | 0 | 1 | 1 | 1 | 1 | 0 | 0 | 0 | 0 | 0 | 0 | 0 | 0 | 0 | 0 | 0 | 0 | 0 | 0 | 0 | 0 |  0 | 0 | 0 | 0 | 2 | 2 | 1 | 2 | 1 | 0 | 0 | 0 | 0 | 0 | 0 | 0 | 0 | 0 | 0 | 0 | 0 | 0 | 0 | 0 |
73 | Fu, Yi | MICHIGAN TECHNOLOGICAL UNIVERSITY | 1998 | male | 5 | 6 | 2015 | 13 | 49 | 2015 | 0 | 0 | 2 | 1 | 1 | 1 | 1 | 0 | 0 | 1 | 1 | 1 | 0 | 0 | 0 | 0 | 0 | 0 | 0 | 1 | 0 | 0 | 1 | 0 |  2 | 0 | 2 | 1 | 7 | 1 | 4 | 6 | 14 | 4 | 3 | 2 | 2 | 0 | 1 | 2 | 4 | 2 | 0 | 1 | 1 | 0 | 3 | 0 |
74 | Ojha, Roopesh | BRANDEIS UNIVERSITY | 1998 | male | 1 | 12 | 2013 | 2 | 74 | 2017 | 0 | 0 | 0 | 0 | 0 | 1 | 0 | 0 | 1 | 0 | 1 | 5 | 1 | 1 | 0 | 0 | 1 | 1 | 0 | 0 | 1 | 0 | 0 | 0 |  0 | 0 | 0 | 0 | 0 | 2 | 0 | 0 | 3 | 1 | 1 | 9 | 2 | 3 | 1 | 3 | 4 | 6 | 4 | 4 | 7 | 6 | 7 | 10 |
75 | Cress, Catherine Marion | COLUMBIA UNIVERSITY | 1998 | female | 3 | 0 | 1998 | 4 | 17 | 2017 | 0 | 0 | 0 | 1 | 0 | 2 | 0 | 0 | 0 | 0 | 0 | 0 | 0 | 0 | 0 | 0 | 0 | 0 | 0 | 0 | 0 | 0 | 0 | 0 |  0 | 0 | 0 | 1 | 0 | 3 | 0 | 0 | 0 | 0 | 0 | 0 | 0 | 0 | 3 | 1 | 1 | 1 | 1 | 1 | 2 | 1 | 4 | 1 |
76 | Turner, Anne Marie | THE UNIVERSITY OF ARIZONA | 1998 | female | 2 | 1 | 1999 | 15 | 13 | 2013 | 0 | 0 | 0 | 0 | 0 | 2 | 1 | 0 | 0 | 0 | 0 | 0 | 0 | 0 | 0 | 0 | 0 | 0 | 0 | 0 | 0 | 0 | 0 | 0 |  0 | 2 | 1 | 3 | 3 | 6 | 6 | 1 | 0 | 1 | 0 | 0 | 0 | 0 | 1 | 1 | 0 | 1 | 0 | 0 | 2 | 0 | 0 | 0 |
77 | Yingst, Robin Aileen | BROWN UNIVERSITY | 1998 | male | 3 | 10 | 2016 | 3 | 39 | 2016 | 0 | 0 | 0 | 0 | 1 | 2 | 1 | 0 | 1 | 0 | 0 | 0 | 0 | 0 | 1 | 1 | 1 | 1 | 1 | 0 | 1 | 1 | 0 | 1 |  0 | 0 | 0 | 0 | 1 | 2 | 1 | 0 | 2 | 0 | 0 | 0 | 1 | 0 | 1 | 2 | 2 | 1 | 1 | 3 | 5 | 16 | 1 | 3 |
78 | Butt, Yousaf Mahmood | Yale University | 1998 | male | 2 | 14 | 2010 | 4 | 51 | 2010 | 0 | 0 | 0 | 0 | 0 | 2 | 0 | 0 | 1 | 2 | 2 | 0 | 0 | 1 | 1 | 5 | 1 | 1 | 0 | 0 | 0 | 0 | 0 | 0 |  0 | 0 | 0 | 0 | 1 | 3 | 1 | 1 | 3 | 2 | 7 | 3 | 1 | 3 | 5 | 11 | 10 | 4 | 0 | 0 | 0 | 0 | 0 | 0 |
79 | Martinez, Ty | THE UNIVERSITY OF ARIZONA | 1998 | male | 1 | 0 | 1998 | 2 | 4 | 2015 | 0 | 0 | 0 | 0 | 0 | 1 | 0 | 0 | 0 | 0 | 0 | 0 | 0 | 0 | 0 | 0 | 0 | 0 | 0 | 0 | 0 | 0 | 0 | 0 |  0 | 0 | 0 | 0 | 0 | 2 | 0 | 0 | 0 | 0 | 1 | 0 | 0 | 0 | 0 | 0 | 0 | 0 | 0 | 0 | 1 | 1 | 1 | 0 |
80 | Rivera-Ocasio, Gladys | Yale University | 1998 | female | 1 | 0 | 1998 | 1 | 0 | 1998 | 0 | 0 | 0 | 0 | 0 | 1 | 0 | 0 | 0 | 0 | 0 | 0 | 0 | 0 | 0 | 0 | 0 | 0 | 0 | 0 | 0 | 0 | 0 | 0 |  0 | 0 | 0 | 0 | 0 | 1 | 0 | 0 | 0 | 0 | 0 | 0 | 0 | 0 | 0 | 0 | 0 | 0 | 0 | 0 | 0 | 0 | 0 | 0 |
81 | Woolf, Vincent Martell | THE UNIVERSITY OF TEXAS AT AUSTIN | 1998 | male | 2 | 13 | 2012 | 3 | 27 | 2017 | 0 | 0 | 1 | 0 | 0 | 1 | 2 | 1 | 1 | 3 | 0 | 1 | 2 | 1 | 0 | 0 | 1 | 0 | 0 | 1 | 0 | 0 | 0 | 0 |  0 | 0 | 2 | 0 | 0 | 1 | 3 | 1 | 2 | 3 | 1 | 3 | 3 | 2 | 1 | 0 | 2 | 0 | 0 | 3 | 0 | 1 | 0 | 0 |
82 | Mullman, Krista Lynn | THE UNIVERSITY OF WISCONSIN - MADISON | 1998 | female | 4 | 0 | 1998 | 7 | 1 | 1999 | 0 | 0 | 0 | 0 | 1 | 3 | 0 | 0 | 0 | 0 | 0 | 0 | 0 | 0 | 0 | 0 | 0 | 0 | 0 | 0 | 0 | 0 | 0 | 0 |  0 | 1 | 0 | 2 | 1 | 3 | 1 | 0 | 0 | 0 | 0 | 0 | 0 | 0 | 0 | 0 | 0 | 0 | 0 | 0 | 0 | 0 | 0 | 0 |
83 | Prochaska, Jason Xavier | UNIVERSITY OF CALIFORNIA, SAN DIEGO | 1998 | male | 5 | 52 | 2017 | 7 | 331 | 2017 | 0 | 0 | 0 | 1 | 2 | 2 | 3 | 3 | 3 | 5 | 5 | 4 | 2 | 5 | 4 | 3 | 5 | 1 | 3 | 0 | 2 | 2 | 1 | 0 |  0 | 0 | 0 | 1 | 2 | 4 | 3 | 6 | 11 | 8 | 10 | 9 | 10 | 26 | 17 | 17 | 31 | 22 | 31 | 12 | 26 | 22 | 25 | 32 |
84 | Pfenning, Michael John | TUFTS UNIVERSITY | 1998 | male | 4 | 4 | 2009 | 5 | 7 | 2009 | 0 | 0 | 0 | 0 | 2 | 2 | 0 | 1 | 0 | 2 | 0 | 0 | 0 | 0 | 0 | 0 | 1 | 0 | 0 | 0 | 0 | 0 | 0 | 0 |  0 | 0 | 0 | 0 | 2 | 3 | 0 | 1 | 0 | 2 | 1 | 0 | 0 | 1 | 1 | 0 | 1 | 0 | 0 | 0 | 0 | 0 | 0 | 0 |
85 | Abramo, Luis Raul W. | BROWN UNIVERSITY | 1998 | male | 3 | 0 | 1998 | 5 | 1 | 1999 | 0 | 0 | 0 | 1 | 1 | 1 | 0 | 0 | 0 | 0 | 0 | 0 | 0 | 0 | 0 | 0 | 0 | 0 | 0 | 0 | 0 | 0 | 0 | 0 |  0 | 0 | 0 | 2 | 2 | 1 | 1 | 0 | 0 | 0 | 0 | 0 | 0 | 0 | 0 | 0 | 0 | 0 | 0 | 0 | 0 | 0 | 0 | 0 |
86 | Barnouin-Jha, Olivier Serge | BROWN UNIVERSITY | 1998 | male | 3 | 5 | 2008 | 3 | 33 | 2009 | 0 | 0 | 0 | 1 | 0 | 2 | 2 | 0 | 0 | 0 | 0 | 0 | 1 | 0 | 1 | 1 | 0 | 0 | 0 | 0 | 0 | 0 | 0 | 0 |  0 | 0 | 0 | 1 | 0 | 2 | 3 | 0 | 1 | 3 | 0 | 1 | 1 | 6 | 5 | 8 | 5 | 0 | 0 | 0 | 0 | 0 | 0 | 0 |
87 | Capriotti, John David | UNIVERSITY OF MINNESOTA | 1998 | male | 1 | 0 | 1998 | 1 | 0 | 1998 | 0 | 0 | 0 | 0 | 0 | 1 | 0 | 0 | 0 | 0 | 0 | 0 | 0 | 0 | 0 | 0 | 0 | 0 | 0 | 0 | 0 | 0 | 0 | 0 |  0 | 0 | 0 | 0 | 0 | 1 | 0 | 0 | 0 | 0 | 0 | 0 | 0 | 0 | 0 | 0 | 0 | 0 | 0 | 0 | 0 | 0 | 0 | 0 |
88 | Purcell, Guy Benjamin | THE UNIVERSITY OF ALABAMA | 1998 | male | 2 | 1 | 2015 | 8 | 4 | 2015 | 0 | 0 | 0 | 0 | 0 | 2 | 0 | 0 | 0 | 0 | 0 | 0 | 0 | 0 | 0 | 0 | 0 | 0 | 0 | 0 | 0 | 0 | 1 | 0 |  0 | 0 | 1 | 1 | 1 | 5 | 2 | 1 | 0 | 0 | 0 | 0 | 0 | 0 | 0 | 0 | 0 | 0 | 0 | 0 | 0 | 0 | 1 | 0 |
89 | Curran, Dian Beard | THE UNIVERSITY OF TEXAS AT AUSTIN | 1998 | female | 2 | 0 | 1998 | 3 | 0 | 1998 | 1 | 0 | 0 | 0 | 0 | 1 | 0 | 0 | 0 | 0 | 0 | 0 | 0 | 0 | 0 | 0 | 0 | 0 | 0 | 0 | 0 | 0 | 0 | 0 |  1 | 0 | 1 | 0 | 0 | 1 | 0 | 0 | 0 | 0 | 0 | 0 | 0 | 0 | 0 | 0 | 0 | 0 | 0 | 0 | 0 | 0 | 0 | 0 |
90 | Burkland, Michael Kennedy | THE UNIVERSITY OF ARIZONA | 1998 | male | 2 | 0 | 1998 | 8 | 1 | 2000 | 0 | 0 | 1 | 0 | 0 | 1 | 0 | 0 | 0 | 0 | 0 | 0 | 0 | 0 | 0 | 0 | 0 | 0 | 0 | 0 | 0 | 0 | 0 | 0 |  1 | 2 | 3 | 0 | 0 | 2 | 0 | 1 | 0 | 0 | 0 | 0 | 0 | 0 | 0 | 0 | 0 | 0 | 0 | 0 | 0 | 0 | 0 | 0 |
91 | Dudley, Charles Christopher | UNIVERSITY OF HAWAII | 1998 | male | 3 | 3 | 2008 | 3 | 11 | 2014 | 1 | 0 | 0 | 0 | 1 | 1 | 2 | 0 | 0 | 0 | 0 | 0 | 0 | 0 | 0 | 1 | 0 | 0 | 0 | 0 | 0 | 0 | 0 | 0 |  1 | 0 | 0 | 0 | 1 | 1 | 2 | 1 | 1 | 0 | 1 | 0 | 0 | 1 | 2 | 1 | 1 | 0 | 0 | 0 | 0 | 1 | 0 | 0 |
92 | Rowe, Michael William | UNIVERSITY OF CALIFORNIA, BERKELEY | 1998 | male | 4 | 1 | 2003 | 6 | 2 | 2005 | 0 | 0 | 0 | 0 | 1 | 3 | 0 | 0 | 0 | 0 | 1 | 0 | 0 | 0 | 0 | 0 | 0 | 0 | 0 | 0 | 0 | 0 | 0 | 0 |  0 | 0 | 1 | 0 | 2 | 3 | 0 | 0 | 0 | 0 | 1 | 0 | 1 | 0 | 0 | 0 | 0 | 0 | 0 | 0 | 0 | 0 | 0 | 0 |
93 | Goodson, Anthony Price | UNIVERSITY OF WASHINGTON | 1998 | male | 2 | 2 | 1999 | 2 | 5 | 2002 | 0 | 0 | 0 | 0 | 1 | 1 | 2 | 0 | 0 | 0 | 0 | 0 | 0 | 0 | 0 | 0 | 0 | 0 | 0 | 0 | 0 | 0 | 0 | 0 |  0 | 0 | 0 | 0 | 1 | 1 | 2 | 2 | 0 | 1 | 0 | 0 | 0 | 0 | 0 | 0 | 0 | 0 | 0 | 0 | 0 | 0 | 0 | 0 |
94 | Roald, Colin Bruce | THE UNIVERSITY OF ROCHESTER | 1998 | male | 3 | 1 | 2000 | 3 | 4 | 2000 | 0 | 0 | 0 | 0 | 1 | 2 | 0 | 1 | 0 | 0 | 0 | 0 | 0 | 0 | 0 | 0 | 0 | 0 | 0 | 0 | 0 | 0 | 0 | 0 |  0 | 0 | 0 | 0 | 1 | 2 | 1 | 3 | 0 | 0 | 0 | 0 | 0 | 0 | 0 | 0 | 0 | 0 | 0 | 0 | 0 | 0 | 0 | 0 |
95 | Miesch, Mark Steven | UNIVERSITY OF COLORADO AT BOULDER | 1998 | male | 4 | 22 | 2016 | 4 | 59 | 2017 | 0 | 2 | 1 | 0 | 0 | 1 | 1 | 2 | 1 | 0 | 1 | 1 | 1 | 1 | 3 | 1 | 1 | 0 | 1 | 3 | 0 | 1 | 1 | 3 |  0 | 2 | 1 | 0 | 0 | 1 | 1 | 3 | 1 | 0 | 2 | 3 | 1 | 2 | 7 | 3 | 2 | 1 | 6 | 4 | 4 | 6 | 7 | 5 |
96 | Fardal, Mark Alan | UNIVERSITY OF COLORADO AT BOULDER | 1998 | male | 3 | 8 | 2015 | 5 | 49 | 2016 | 1 | 0 | 0 | 0 | 0 | 2 | 0 | 0 | 1 | 0 | 0 | 0 | 0 | 1 | 2 | 1 | 0 | 0 | 0 | 1 | 1 | 0 | 1 | 0 |  1 | 1 | 1 | 0 | 0 | 2 | 1 | 0 | 2 | 0 | 1 | 0 | 0 | 3 | 4 | 3 | 5 | 5 | 4 | 6 | 6 | 6 | 1 | 2 |
97 | Hoard, Donald Wayne | UNIVERSITY OF WASHINGTON | 1998 | male | 8 | 21 | 2014 | 21 | 80 | 2014 | 1 | 0 | 0 | 2 | 2 | 3 | 0 | 3 | 2 | 4 | 1 | 2 | 1 | 0 | 2 | 0 | 1 | 2 | 0 | 1 | 1 | 1 | 0 | 0 |  1 | 2 | 3 | 5 | 4 | 6 | 3 | 8 | 3 | 8 | 3 | 8 | 5 | 6 | 4 | 4 | 4 | 9 | 7 | 5 | 1 | 2 | 0 | 0 |
98 | Knudson, Timothy Neeley | UTAH STATE UNIVERSITY | 1998 | male | 1 | 0 | 1998 | 1 | 1 | 2001 | 0 | 0 | 0 | 0 | 0 | 1 | 0 | 0 | 0 | 0 | 0 | 0 | 0 | 0 | 0 | 0 | 0 | 0 | 0 | 0 | 0 | 0 | 0 | 0 |  0 | 0 | 0 | 0 | 0 | 1 | 0 | 0 | 1 | 0 | 0 | 0 | 0 | 0 | 0 | 0 | 0 | 0 | 0 | 0 | 0 | 0 | 0 | 0 |
99 | Lenz, Dawn Darice | THE UNIVERSITY OF CHICAGO | 1998 | female | 3 | 7 | 2016 | 4 | 20 | 2017 | 0 | 0 | 0 | 0 | 0 | 3 | 3 | 1 | 0 | 0 | 0 | 1 | 0 | 0 | 0 | 0 | 0 | 0 | 0 | 0 | 0 | 0 | 1 | 1 |  0 | 0 | 1 | 0 | 0 | 3 | 3 | 1 | 1 | 0 | 0 | 1 | 0 | 0 | 0 | 0 | 0 | 0 | 0 | 1 | 3 | 0 | 1 | 8 |
100 | Matthews, Lynn Diane | STATE UNIVERSITY OF NEW YORK AT STONY BROOK | 1998 | female | 7 | 26 | 2016 | 15 | 54 | 2017 | 0 | 1 | 1 | 1 | 1 | 3 | 2 | 3 | 3 | 1 | 1 | 1 | 1 | 1 | 2 | 3 | 0 | 1 | 1 | 1 | 2 | 0 | 2 | 1 |  1 | 2 | 4 | 2 | 3 | 3 | 2 | 3 | 4 | 3 | 3 | 3 | 1 | 2 | 3 | 4 | 3 | 5 | 5 | 2 | 5 | 1 | 3 | 1 |
101 | Hutchins, Kevin Sean | UNIVERSITY OF COLORADO AT BOULDER | 1998 | male | 4 | 0 | 1998 | 4 | 1 | 2008 | 0 | 0 | 0 | 1 | 2 | 1 | 0 | 0 | 0 | 0 | 0 | 0 | 0 | 0 | 0 | 0 | 0 | 0 | 0 | 0 | 0 | 0 | 0 | 0 |  0 | 0 | 0 | 1 | 2 | 1 | 0 | 0 | 0 | 0 | 0 | 0 | 0 | 0 | 0 | 1 | 0 | 0 | 0 | 0 | 0 | 0 | 0 | 0 |
102 | Moustakas, Leonidas Alexander | UNIVERSITY OF CALIFORNIA, BERKELEY | 1998 | male | 2 | 5 | 2010 | 5 | 135 | 2017 | 0 | 0 | 0 | 0 | 1 | 1 | 0 | 0 | 0 | 1 | 1 | 1 | 0 | 0 | 1 | 0 | 0 | 1 | 0 | 0 | 0 | 0 | 0 | 0 |  1 | 0 | 0 | 0 | 3 | 1 | 1 | 1 | 0 | 2 | 1 | 18 | 12 | 10 | 8 | 6 | 11 | 7 | 9 | 9 | 17 | 13 | 7 | 2 |
103 | Peimbert, Antonio | PRINCETON UNIVERSITY | 1998 | male | 1 | 12 | 2016 | 2 | 37 | 2017 | 0 | 0 | 0 | 0 | 0 | 1 | 0 | 1 | 1 | 1 | 1 | 1 | 1 | 0 | 1 | 0 | 0 | 1 | 0 | 1 | 1 | 1 | 0 | 1 |  0 | 0 | 0 | 0 | 1 | 1 | 0 | 1 | 1 | 2 | 4 | 4 | 3 | 1 | 3 | 1 | 3 | 1 | 0 | 4 | 1 | 1 | 1 | 3 |
104 | Winter, Dale John | THE UNIVERSITY OF MICHIGAN | 1998 | male | 1 | 1 | 2000 | 1 | 4 | 2016 | 0 | 0 | 0 | 0 | 0 | 1 | 0 | 1 | 0 | 0 | 0 | 0 | 0 | 0 | 0 | 0 | 0 | 0 | 0 | 0 | 0 | 0 | 0 | 0 |  0 | 0 | 0 | 0 | 0 | 1 | 0 | 1 | 0 | 0 | 0 | 0 | 0 | 0 | 0 | 1 | 1 | 0 | 0 | 0 | 0 | 0 | 0 | 1 |
105 | Crary, Frank Judson | UNIVERSITY OF COLORADO AT BOULDER | 1998 | male | 6 | 4 | 2009 | 8 | 104 | 2016 | 0 | 0 | 0 | 1 | 2 | 3 | 0 | 1 | 1 | 0 | 0 | 0 | 1 | 0 | 0 | 0 | 1 | 0 | 0 | 0 | 0 | 0 | 0 | 0 |  0 | 0 | 0 | 1 | 4 | 3 | 0 | 1 | 2 | 3 | 2 | 7 | 13 | 10 | 10 | 7 | 10 | 6 | 10 | 6 | 2 | 4 | 8 | 3 |
106 | Andersen, Victor Edward | THE UNIVERSITY OF ALABAMA | 1998 | male | 4 | 3 | 2005 | 5 | 9 | 2005 | 0 | 1 | 1 | 1 | 0 | 1 | 0 | 0 | 0 | 0 | 1 | 1 | 1 | 0 | 0 | 0 | 0 | 0 | 0 | 0 | 0 | 0 | 0 | 0 |  0 | 1 | 1 | 1 | 1 | 1 | 1 | 0 | 0 | 0 | 3 | 2 | 3 | 0 | 0 | 0 | 0 | 0 | 0 | 0 | 0 | 0 | 0 | 0 |
107 | Bransford, Mark Allen | IOWA STATE UNIVERSITY | 1998 | male | 3 | 2 | 1999 | 3 | 4 | 2003 | 0 | 0 | 0 | 0 | 0 | 3 | 2 | 0 | 0 | 0 | 0 | 0 | 0 | 0 | 0 | 0 | 0 | 0 | 0 | 0 | 0 | 0 | 0 | 0 |  0 | 0 | 0 | 0 | 0 | 3 | 3 | 0 | 0 | 0 | 1 | 0 | 0 | 0 | 0 | 0 | 0 | 0 | 0 | 0 | 0 | 0 | 0 | 0 |
108 | Boyle, C. Benjamin | RICE UNIVERSITY | 1998 | male | 2 | 0 | 1998 | 2 | 0 | 1998 | 0 | 0 | 0 | 0 | 1 | 1 | 0 | 0 | 0 | 0 | 0 | 0 | 0 | 0 | 0 | 0 | 0 | 0 | 0 | 0 | 0 | 0 | 0 | 0 |  0 | 0 | 0 | 0 | 1 | 1 | 0 | 0 | 0 | 0 | 0 | 0 | 0 | 0 | 0 | 0 | 0 | 0 | 0 | 0 | 0 | 0 | 0 | 0 |
109 | Solomon, Steven L. | THE UNIVERSITY OF ROCHESTER | 1998 | male | 3 | 1 | 2005 | 13 | 11 | 2014 | 1 | 0 | 0 | 0 | 0 | 2 | 0 | 0 | 0 | 0 | 0 | 0 | 1 | 0 | 0 | 0 | 0 | 0 | 0 | 0 | 0 | 0 | 0 | 0 |  5 | 0 | 2 | 3 | 1 | 2 | 0 | 0 | 0 | 1 | 0 | 0 | 2 | 1 | 2 | 0 | 1 | 0 | 1 | 0 | 1 | 2 | 0 | 0 |
110 | Thurston, Tad Ralph | THE UNIVERSITY OF OKLAHOMA | 1998 | male | 2 | 0 | 1998 | 2 | 1 | 2008 | 0 | 0 | 0 | 1 | 0 | 1 | 0 | 0 | 0 | 0 | 0 | 0 | 0 | 0 | 0 | 0 | 0 | 0 | 0 | 0 | 0 | 0 | 0 | 0 |  0 | 0 | 0 | 1 | 0 | 1 | 0 | 0 | 0 | 0 | 0 | 0 | 0 | 0 | 0 | 1 | 0 | 0 | 0 | 0 | 0 | 0 | 0 | 0 |
111 | Jorgensen, Anders Moller | BOSTON UNIVERSITY | 1998 | male | 4 | 7 | 2011 | 6 | 27 | 2017 | 0 | 0 | 0 | 0 | 2 | 2 | 1 | 0 | 1 | 0 | 0 | 1 | 0 | 0 | 2 | 0 | 1 | 0 | 1 | 0 | 0 | 0 | 0 | 0 |  0 | 0 | 0 | 0 | 4 | 2 | 1 | 1 | 1 | 2 | 2 | 3 | 2 | 1 | 3 | 1 | 3 | 0 | 1 | 1 | 2 | 0 | 0 | 2 |
112 | Costello, Kirt Allen | RICE UNIVERSITY | 1998 | male | 1 | 0 | 1998 | 1 | 2 | 2010 | 0 | 0 | 0 | 0 | 0 | 1 | 0 | 0 | 0 | 0 | 0 | 0 | 0 | 0 | 0 | 0 | 0 | 0 | 0 | 0 | 0 | 0 | 0 | 0 |  0 | 0 | 0 | 0 | 0 | 1 | 0 | 0 | 0 | 0 | 0 | 0 | 1 | 0 | 0 | 0 | 0 | 1 | 0 | 0 | 0 | 0 | 0 | 0 |
113 | Wang, Joseph Chen-Yu | THE UNIVERSITY OF TEXAS AT AUSTIN | 1998 | male | 11 | 50 | 2017 | 21 | 202 | 2017 | 2 | 0 | 0 | 4 | 1 | 4 | 0 | 1 | 0 | 0 | 1 | 1 | 2 | 2 | 1 | 3 | 4 | 3 | 10 | 7 | 3 | 2 | 4 | 4 |  3 | 1 | 3 | 5 | 2 | 7 | 2 | 9 | 5 | 3 | 7 | 4 | 9 | 8 | 9 | 7 | 15 | 13 | 24 | 19 | 11 | 16 | 16 | 14 |
114 | McCormick, Patrick Joseph | THE LOUISIANA STATE UNIVERSITY AND AGRICULTURAL AND MECHANICAL COL. | 1998 | male | 2 | 0 | 1998 | 2 | 0 | 1998 | 0 | 0 | 0 | 0 | 0 | 2 | 0 | 0 | 0 | 0 | 0 | 0 | 0 | 0 | 0 | 0 | 0 | 0 | 0 | 0 | 0 | 0 | 0 | 0 |  0 | 0 | 0 | 0 | 0 | 2 | 0 | 0 | 0 | 0 | 0 | 0 | 0 | 0 | 0 | 0 | 0 | 0 | 0 | 0 | 0 | 0 | 0 | 0 |
115 | Hawthorne, Alice Michel | INDIANA UNIVERSITY | 1998 | female | 1 | 0 | 1998 | 13 | 2 | 2002 | 0 | 0 | 0 | 0 | 0 | 1 | 0 | 0 | 0 | 0 | 0 | 0 | 0 | 0 | 0 | 0 | 0 | 0 | 0 | 0 | 0 | 0 | 0 | 0 |  0 | 0 | 2 | 1 | 6 | 4 | 1 | 0 | 0 | 1 | 0 | 0 | 0 | 0 | 0 | 0 | 0 | 0 | 0 | 0 | 0 | 0 | 0 | 0 |
116 | Linde, Timur Jaan | THE UNIVERSITY OF MICHIGAN | 1998 | male | 2 | 1 | 2000 | 2 | 9 | 2005 | 0 | 0 | 0 | 0 | 0 | 2 | 0 | 1 | 0 | 0 | 0 | 0 | 0 | 0 | 0 | 0 | 0 | 0 | 0 | 0 | 0 | 0 | 0 | 0 |  0 | 0 | 0 | 0 | 0 | 2 | 1 | 2 | 1 | 0 | 0 | 2 | 3 | 0 | 0 | 0 | 0 | 0 | 0 | 0 | 0 | 0 | 0 | 0 |
117 | Glasmacher, Margaret Anderson Kennedy | THE UNIVERSITY OF MICHIGAN | 1998 | female | 1 | 5 | 1999 | 20 | 7 | 2001 | 0 | 0 | 0 | 0 | 0 | 1 | 5 | 0 | 0 | 0 | 0 | 0 | 0 | 0 | 0 | 0 | 0 | 0 | 0 | 0 | 0 | 0 | 0 | 0 |  0 | 0 | 12 | 2 | 4 | 2 | 5 | 0 | 2 | 0 | 0 | 0 | 0 | 0 | 0 | 0 | 0 | 0 | 0 | 0 | 0 | 0 | 0 | 0 |
118 | Vouzoukas, Stylianos-Nikolaos D. | UNIVERSITY OF NOTRE DAME | 1998 | male | 2 | 0 | 1998 | 5 | 1 | 2002 | 0 | 1 | 0 | 0 | 0 | 1 | 0 | 0 | 0 | 0 | 0 | 0 | 0 | 0 | 0 | 0 | 0 | 0 | 0 | 0 | 0 | 0 | 0 | 0 |  0 | 2 | 1 | 0 | 1 | 1 | 0 | 0 | 0 | 1 | 0 | 0 | 0 | 0 | 0 | 0 | 0 | 0 | 0 | 0 | 0 | 0 | 0 | 0 |
119 | Mastrodemos, Nickolaos | UNIVERSITY OF CALIFORNIA, LOS ANGELES | 1998 | male | 1 | 0 | 1998 | 2 | 20 | 2015 | 0 | 0 | 0 | 0 | 0 | 1 | 0 | 0 | 0 | 0 | 0 | 0 | 0 | 0 | 0 | 0 | 0 | 0 | 0 | 0 | 0 | 0 | 0 | 0 |  0 | 0 | 0 | 0 | 0 | 2 | 0 | 0 | 0 | 0 | 0 | 0 | 1 | 0 | 0 | 2 | 0 | 14 | 2 | 0 | 0 | 0 | 1 | 0 |
120 | Brantley, Patrick Shawn | THE UNIVERSITY OF MICHIGAN | 1998 | male | 1 | 0 | 1998 | 1 | 0 | 1998 | 0 | 0 | 0 | 0 | 0 | 1 | 0 | 0 | 0 | 0 | 0 | 0 | 0 | 0 | 0 | 0 | 0 | 0 | 0 | 0 | 0 | 0 | 0 | 0 |  0 | 0 | 0 | 0 | 0 | 1 | 0 | 0 | 0 | 0 | 0 | 0 | 0 | 0 | 0 | 0 | 0 | 0 | 0 | 0 | 0 | 0 | 0 | 0 |
121 | Ford, Stephen D. | AIR FORCE INSTITUTE OF TECHNOLOGY | 1998 | male | 4 | 0 | 1998 | 4 | 2 | 2013 | 0 | 0 | 0 | 1 | 0 | 3 | 0 | 0 | 0 | 0 | 0 | 0 | 0 | 0 | 0 | 0 | 0 | 0 | 0 | 0 | 0 | 0 | 0 | 0 |  0 | 0 | 0 | 1 | 0 | 3 | 0 | 1 | 0 | 0 | 0 | 0 | 0 | 0 | 0 | 0 | 0 | 0 | 0 | 0 | 1 | 0 | 0 | 0 |
122 | Heyl, Jeremy Samuel | UNIVERSITY OF CALIFORNIA, SANTA CRUZ | 1998 | male | 18 | 37 | 2015 | 21 | 82 | 2017 | 0 | 1 | 2 | 2 | 6 | 7 | 2 | 3 | 2 | 4 | 3 | 1 | 4 | 1 | 5 | 2 | 1 | 3 | 2 | 1 | 1 | 0 | 2 | 0 |  2 | 1 | 2 | 3 | 6 | 7 | 3 | 4 | 5 | 5 | 6 | 2 | 5 | 4 | 7 | 2 | 5 | 6 | 4 | 6 | 6 | 0 | 4 | 5 |
123 | Ing, Kristine Mei Lan | UNIVERSITY OF CALIFORNIA, SANTA CRUZ | 1998 | female | 1 | 0 | 1998 | 3 | 0 | 1998 | 0 | 0 | 0 | 0 | 0 | 1 | 0 | 0 | 0 | 0 | 0 | 0 | 0 | 0 | 0 | 0 | 0 | 0 | 0 | 0 | 0 | 0 | 0 | 0 |  0 | 0 | 0 | 1 | 1 | 1 | 0 | 0 | 0 | 0 | 0 | 0 | 0 | 0 | 0 | 0 | 0 | 0 | 0 | 0 | 0 | 0 | 0 | 0 |
124 | Kim, Yoojea | THE UNIVERSITY OF MICHIGAN | 1998 | None | 19 | 36 | 2017 | 34 | 234 | 2017 | 4 | 4 | 5 | 2 | 2 | 2 | 1 | 0 | 3 | 2 | 2 | 2 | 2 | 4 | 1 | 3 | 5 | 3 | 1 | 3 | 1 | 1 | 1 | 0 |  6 | 8 | 7 | 4 | 4 | 5 | 5 | 2 | 4 | 4 | 10 | 6 | 10 | 13 | 10 | 12 | 15 | 11 | 4 | 24 | 18 | 21 | 13 | 34 |
125 | Lemley, Shelley Raye | THE UNIVERSITY OF MICHIGAN | 1998 | female | 1 | 0 | 1998 | 1 | 0 | 1998 | 0 | 0 | 0 | 0 | 0 | 1 | 0 | 0 | 0 | 0 | 0 | 0 | 0 | 0 | 0 | 0 | 0 | 0 | 0 | 0 | 0 | 0 | 0 | 0 |  0 | 0 | 0 | 0 | 0 | 1 | 0 | 0 | 0 | 0 | 0 | 0 | 0 | 0 | 0 | 0 | 0 | 0 | 0 | 0 | 0 | 0 | 0 | 0 |
126 | Bryan, Diane Carol | THE UNIVERSITY OF ROCHESTER | 1998 | female | 2 | 0 | 1998 | 2 | 0 | 1998 | 0 | 0 | 0 | 0 | 0 | 2 | 0 | 0 | 0 | 0 | 0 | 0 | 0 | 0 | 0 | 0 | 0 | 0 | 0 | 0 | 0 | 0 | 0 | 0 |  0 | 0 | 0 | 0 | 0 | 2 | 0 | 0 | 0 | 0 | 0 | 0 | 0 | 0 | 0 | 0 | 0 | 0 | 0 | 0 | 0 | 0 | 0 | 0 |
127 | Brunner, Robert John | THE JOHNS HOPKINS UNIVERSITY | 1998 | male | 2 | 4 | 2003 | 6 | 125 | 2017 | 0 | 0 | 0 | 0 | 1 | 1 | 1 | 2 | 0 | 0 | 1 | 0 | 0 | 0 | 0 | 0 | 0 | 0 | 0 | 0 | 0 | 0 | 0 | 0 |  0 | 0 | 0 | 0 | 3 | 3 | 2 | 11 | 13 | 6 | 5 | 10 | 9 | 16 | 9 | 10 | 8 | 2 | 2 | 1 | 4 | 7 | 3 | 6 |
128 | Marlowe, Amanda True | THE JOHNS HOPKINS UNIVERSITY | 1998 | female | 3 | 1 | 1999 | 3 | 1 | 1999 | 0 | 0 | 1 | 0 | 1 | 1 | 1 | 0 | 0 | 0 | 0 | 0 | 0 | 0 | 0 | 0 | 0 | 0 | 0 | 0 | 0 | 0 | 0 | 0 |  0 | 0 | 1 | 0 | 1 | 1 | 1 | 0 | 0 | 0 | 0 | 0 | 0 | 0 | 0 | 0 | 0 | 0 | 0 | 0 | 0 | 0 | 0 | 0 |
129 | Woodhams, Michael Daryl | PRINCETON UNIVERSITY | 1998 | male | 1 | 0 | 1998 | 10 | 0 | 1998 | 0 | 0 | 0 | 0 | 0 | 1 | 0 | 0 | 0 | 0 | 0 | 0 | 0 | 0 | 0 | 0 | 0 | 0 | 0 | 0 | 0 | 0 | 0 | 0 |  8 | 0 | 1 | 0 | 0 | 1 | 0 | 0 | 0 | 0 | 0 | 0 | 0 | 0 | 0 | 0 | 0 | 0 | 0 | 0 | 0 | 0 | 0 | 0 |
130 | Pun, Chun Shing Jason | HARVARD UNIVERSITY | 1998 | male | 2 | 5 | 2014 | 6 | 29 | 2015 | 0 | 0 | 1 | 0 | 0 | 1 | 0 | 0 | 0 | 1 | 0 | 0 | 0 | 0 | 0 | 3 | 0 | 0 | 0 | 0 | 0 | 1 | 0 | 0 |  0 | 1 | 1 | 0 | 0 | 4 | 0 | 4 | 2 | 3 | 1 | 0 | 4 | 2 | 1 | 5 | 0 | 1 | 3 | 1 | 0 | 1 | 1 | 0 |
131 | Dire, James Richard | THE JOHNS HOPKINS UNIVERSITY | 1998 | male | 1 | 1 | 2000 | 1 | 1 | 2000 | 0 | 0 | 0 | 0 | 0 | 1 | 0 | 1 | 0 | 0 | 0 | 0 | 0 | 0 | 0 | 0 | 0 | 0 | 0 | 0 | 0 | 0 | 0 | 0 |  0 | 0 | 0 | 0 | 0 | 1 | 0 | 1 | 0 | 0 | 0 | 0 | 0 | 0 | 0 | 0 | 0 | 0 | 0 | 0 | 0 | 0 | 0 | 0 |
132 | Hawkins, Samuel Edward, III | THE JOHNS HOPKINS UNIVERSITY | 1998 | male | 5 | 2 | 2007 | 10 | 9 | 2007 | 0 | 0 | 2 | 0 | 1 | 2 | 0 | 1 | 0 | 0 | 0 | 0 | 0 | 0 | 1 | 0 | 0 | 0 | 0 | 0 | 0 | 0 | 0 | 0 |  1 | 0 | 2 | 1 | 4 | 2 | 1 | 1 | 3 | 1 | 1 | 0 | 0 | 0 | 2 | 0 | 0 | 0 | 0 | 0 | 0 | 0 | 0 | 0 |
# 133 | Bryan, Diane Carol | THE UNIVERSITY OF ROCHESTER | 1998 | female | 2 | 0 | 1998 | 2 | 0 | 1998 | 0 | 0 | 0 | 0 | 0 | 2 | 0 | 0 | 0 | 0 | 0 | 0 | 0 | 0 | 0 | 0 | 0 | 0 | 0 | 0 | 0 | 0 | 0 | 0 |  0 | 0 | 0 | 0 | 0 | 2 | 0 | 0 | 0 | 0 | 0 | 0 | 0 | 0 | 0 | 0 | 0 | 0 | 0 | 0 | 0 | 0 | 0 | 0 |
134 | Dring, Andrew R. | THE JOHNS HOPKINS UNIVERSITY | 1998 | male | 4 | 0 | 1998 | 6 | 0 | 1998 | 0 | 0 | 0 | 2 | 1 | 1 | 0 | 0 | 0 | 0 | 0 | 0 | 0 | 0 | 0 | 0 | 0 | 0 | 0 | 0 | 0 | 0 | 0 | 0 |  2 | 0 | 0 | 2 | 1 | 1 | 0 | 0 | 0 | 0 | 0 | 0 | 0 | 0 | 0 | 0 | 0 | 0 | 0 | 0 | 0 | 0 | 0 | 0 |
135 | Palanque, Nathalie Katya | THE UNIVERSITY OF CHICAGO | 1998 | female | 1 | 0 | 1998 | 1 | 0 | 1998 | 0 | 0 | 0 | 0 | 0 | 1 | 0 | 0 | 0 | 0 | 0 | 0 | 0 | 0 | 0 | 0 | 0 | 0 | 0 | 0 | 0 | 0 | 0 | 0 |  0 | 0 | 0 | 0 | 0 | 1 | 0 | 0 | 0 | 0 | 0 | 0 | 0 | 0 | 0 | 0 | 0 | 0 | 0 | 0 | 0 | 0 | 0 | 0 |
136 | Lee, Jeongin | GEORGE MASON UNIVERSITY | 1998 | male | 6 | 46 | 2015 | 20 | 365 | 2017 | 1 | 0 | 2 | 0 | 1 | 2 | 2 | 6 | 1 | 3 | 2 | 1 | 6 | 2 | 4 | 4 | 1 | 4 | 2 | 2 | 1 | 2 | 3 | 0 |  4 | 2 | 3 | 2 | 6 | 3 | 8 | 13 | 6 | 13 | 10 | 18 | 35 | 12 | 23 | 31 | 20 | 29 | 12 | 23 | 18 | 33 | 35 | 17 |
137 | Ferguson, Annette Mairi Nelson | THE JOHNS HOPKINS UNIVERSITY | 1998 | female | 5 | 9 | 2016 | 6 | 131 | 2017 | 0 | 0 | 0 | 2 | 0 | 3 | 0 | 1 | 2 | 2 | 0 | 0 | 1 | 0 | 1 | 0 | 0 | 1 | 0 | 0 | 0 | 0 | 0 | 1 |  0 | 0 | 0 | 2 | 0 | 4 | 0 | 1 | 4 | 5 | 3 | 5 | 7 | 4 | 8 | 9 | 8 | 6 | 9 | 5 | 18 | 16 | 12 | 10 |
138 | Keohane, Jonathan Wilmore | North Carolina Science and Technology Research Center | 1998 | male | 4 | 1 | 2007 | 9 | 10 | 2017 | 0 | 0 | 0 | 1 | 1 | 2 | 0 | 0 | 0 | 0 | 0 | 0 | 0 | 0 | 1 | 0 | 0 | 0 | 0 | 0 | 0 | 0 | 0 | 0 |  0 | 0 | 1 | 1 | 4 | 3 | 1 | 1 | 2 | 0 | 1 | 1 | 1 | 0 | 1 | 0 | 0 | 1 | 0 | 0 | 0 | 0 | 0 | 0 |
139 | Swanson, Robert Timothy, Jr. | THE UNIVERSITY OF UTAH | 1998 | male | 1 | 0 | 1998 | 1 | 0 | 1998 | 0 | 0 | 0 | 0 | 0 | 1 | 0 | 0 | 0 | 0 | 0 | 0 | 0 | 0 | 0 | 0 | 0 | 0 | 0 | 0 | 0 | 0 | 0 | 0 |  0 | 0 | 0 | 0 | 0 | 1 | 0 | 0 | 0 | 0 | 0 | 0 | 0 | 0 | 0 | 0 | 0 | 0 | 0 | 0 | 0 | 0 | 0 | 0 |
140 | Song, Jeonghyeon | THE JOHNS HOPKINS UNIVERSITY | 1998 | male | 1 | 1 | 2012 | 9 | 50 | 2016 | 0 | 0 | 0 | 0 | 0 | 1 | 0 | 0 | 0 | 0 | 0 | 0 | 0 | 0 | 0 | 0 | 0 | 0 | 0 | 1 | 0 | 0 | 0 | 0 |  0 | 0 | 2 | 3 | 2 | 2 | 2 | 1 | 2 | 1 | 2 | 2 | 2 | 2 | 0 | 0 | 0 | 5 | 8 | 7 | 5 | 3 | 4 | 4 |
141 | Weiner, Benjamin Joshua | RUTGERS THE STATE UNIVERSITY OF NEW JERSEY - NEW BRUNSWICK | 1998 | male | 2 | 8 | 2009 | 2 | 154 | 2017 | 0 | 0 | 0 | 1 | 0 | 1 | 1 | 0 | 2 | 0 | 0 | 0 | 1 | 2 | 1 | 0 | 1 | 0 | 0 | 0 | 0 | 0 | 0 | 0 |  0 | 0 | 0 | 1 | 0 | 1 | 1 | 0 | 2 | 1 | 3 | 3 | 5 | 9 | 14 | 8 | 5 | 8 | 10 | 26 | 22 | 11 | 11 | 11 |
142 | Chen, Mingyue | UNIVERSITY OF CALIFORNIA, LOS ANGELES | 1998 | female | 9 | 9 | 2014 | 56 | 114 | 2017 | 1 | 1 | 2 | 1 | 2 | 2 | 0 | 0 | 1 | 1 | 1 | 0 | 0 | 1 | 0 | 1 | 0 | 1 | 2 | 0 | 0 | 1 | 0 | 0 |  14 | 4 | 16 | 5 | 6 | 11 | 10 | 4 | 6 | 9 | 8 | 5 | 8 | 5 | 2 | 5 | 5 | 6 | 7 | 1 | 6 | 6 | 8 | 10 |
143 | Chen, Mingyue | UNIVERSITY OF CALIFORNIA, LOS ANGELES | 1998 | female | 9 | 9 | 2014 | 56 | 114 | 2017 | 1 | 1 | 2 | 1 | 2 | 2 | 0 | 0 | 1 | 1 | 1 | 0 | 0 | 1 | 0 | 1 | 0 | 1 | 2 | 0 | 0 | 1 | 0 | 0 |  14 | 4 | 16 | 5 | 6 | 11 | 10 | 4 | 6 | 9 | 8 | 5 | 8 | 5 | 2 | 5 | 5 | 6 | 7 | 1 | 6 | 6 | 8 | 10 |
144 | Hogg, David Wardell | CALIFORNIA INSTITUTE OF TECHNOLOGY | 1998 | male | 11 | 18 | 2016 | 21 | 168 | 2017 | 0 | 2 | 0 | 1 | 4 | 4 | 1 | 3 | 2 | 1 | 1 | 1 | 4 | 1 | 0 | 0 | 1 | 1 | 0 | 0 | 1 | 0 | 0 | 1 |  1 | 2 | 3 | 4 | 6 | 5 | 6 | 6 | 6 | 3 | 9 | 7 | 12 | 9 | 3 | 7 | 10 | 8 | 12 | 18 | 10 | 7 | 13 | 15 |
145 | Schiminovich, David | COLUMBIA UNIVERSITY | 1998 | male | 3 | 5 | 2013 | 4 | 171 | 2016 | 0 | 1 | 1 | 0 | 0 | 1 | 0 | 0 | 1 | 0 | 0 | 0 | 1 | 0 | 1 | 0 | 0 | 1 | 0 | 0 | 1 | 0 | 0 | 0 |  0 | 1 | 1 | 0 | 0 | 2 | 0 | 0 | 1 | 0 | 2 | 1 | 34 | 6 | 42 | 5 | 18 | 12 | 15 | 14 | 9 | 1 | 4 | 7 |
146 | Noto, John | BOSTON UNIVERSITY | 1998 | male | 3 | 0 | 1998 | 6 | 14 | 2016 | 0 | 1 | 0 | 0 | 0 | 2 | 0 | 0 | 0 | 0 | 0 | 0 | 0 | 0 | 0 | 0 | 0 | 0 | 0 | 0 | 0 | 0 | 0 | 0 |  1 | 2 | 0 | 1 | 0 | 2 | 0 | 1 | 2 | 0 | 0 | 0 | 1 | 0 | 0 | 0 | 0 | 0 | 0 | 0 | 2 | 4 | 3 | 1 |
147 | Tehrani, Nazila H. | THE UNIVERSITY OF TENNESSEE | 1998 | female | 1 | 0 | 1998 | 1 | 1 | 2012 | 0 | 0 | 0 | 0 | 0 | 1 | 0 | 0 | 0 | 0 | 0 | 0 | 0 | 0 | 0 | 0 | 0 | 0 | 0 | 0 | 0 | 0 | 0 | 0 |  0 | 0 | 0 | 0 | 0 | 1 | 0 | 0 | 0 | 0 | 0 | 0 | 0 | 0 | 0 | 0 | 0 | 0 | 0 | 1 | 0 | 0 | 0 | 0 |
148 | Wu, Yanqin | CALIFORNIA INSTITUTE OF TECHNOLOGY | 1998 | female | 9 | 39 | 2016 | 15 | 160 | 2017 | 4 | 2 | 1 | 1 | 0 | 1 | 1 | 2 | 4 | 2 | 1 | 2 | 4 | 3 | 3 | 1 | 2 | 5 | 2 | 1 | 3 | 2 | 0 | 1 |  5 | 3 | 1 | 1 | 2 | 3 | 3 | 5 | 6 | 3 | 6 | 4 | 11 | 10 | 8 | 5 | 8 | 11 | 12 | 5 | 11 | 20 | 15 | 15 |
149 | Schwarz, Patricia Margaret | CALIFORNIA INSTITUTE OF TECHNOLOGY | 1998 | female | 2 | 0 | 1998 | 2 | 0 | 1998 | 0 | 0 | 0 | 0 | 1 | 1 | 0 | 0 | 0 | 0 | 0 | 0 | 0 | 0 | 0 | 0 | 0 | 0 | 0 | 0 | 0 | 0 | 0 | 0 |  0 | 0 | 0 | 0 | 1 | 1 | 0 | 0 | 0 | 0 | 0 | 0 | 0 | 0 | 0 | 0 | 0 | 0 | 0 | 0 | 0 | 0 | 0 | 0 |
150 | Hogerheijde, Michiel | Department of Astronomy, University of California, Campbell Hall, Berkeley, CA 94720, USA | 1998 | male | 8 | 12 | 2016 | 10 | 162 | 2017 | 0 | 0 | 3 | 1 | 2 | 2 | 1 | 2 | 1 | 1 | 1 | 1 | 1 | 1 | 0 | 0 | 1 | 0 | 1 | 0 | 0 | 0 | 0 | 1 |  0 | 0 | 5 | 1 | 2 | 2 | 4 | 2 | 1 | 6 | 2 | 6 | 3 | 8 | 7 | 10 | 14 | 29 | 7 | 9 | 10 | 6 | 14 | 18 |
151 | Xu, Fang | COLUMBIA UNIVERSITY | 1998 | female | 1 | 3 | 2017 | 6 | 15 | 2017 | 0 | 0 | 0 | 0 | 0 | 1 | 0 | 0 | 0 | 0 | 0 | 1 | 0 | 0 | 0 | 0 | 0 | 0 | 0 | 0 | 0 | 0 | 1 | 0 |  1 | 2 | 0 | 1 | 0 | 2 | 1 | 0 | 0 | 0 | 1 | 1 | 1 | 0 | 2 | 1 | 0 | 0 | 1 | 0 | 1 | 3 | 1 | 0 |
152 | Hall, Patrick Brian | THE UNIVERSITY OF ARIZONA | 1998 | male | 11 | 20 | 2014 | 19 | 213 | 2017 | 0 | 0 | 1 | 3 | 3 | 4 | 0 | 2 | 1 | 4 | 1 | 3 | 0 | 1 | 2 | 2 | 0 | 1 | 1 | 0 | 1 | 1 | 0 | 0 |  0 | 0 | 3 | 4 | 4 | 8 | 0 | 6 | 12 | 13 | 20 | 22 | 20 | 11 | 18 | 15 | 8 | 11 | 11 | 11 | 8 | 5 | 10 | 7 |
153 | Moersch, Jeffrey Edward | CORNELL UNIVERSITY | 1998 | male | 3 | 1 | 2002 | 8 | 66 | 2016 | 0 | 0 | 1 | 0 | 1 | 1 | 0 | 0 | 0 | 1 | 0 | 0 | 0 | 0 | 0 | 0 | 0 | 0 | 0 | 0 | 0 | 0 | 0 | 0 |  1 | 0 | 5 | 0 | 1 | 1 | 1 | 1 | 2 | 2 | 2 | 9 | 5 | 7 | 6 | 2 | 1 | 3 | 2 | 1 | 9 | 9 | 3 | 1 |
154 | Finkelstein, Noah D. M. | PRINCETON UNIVERSITY | 1998 | male | 2 | 0 | 1998 | 2 | 0 | 1998 | 0 | 0 | 0 | 0 | 0 | 2 | 0 | 0 | 0 | 0 | 0 | 0 | 0 | 0 | 0 | 0 | 0 | 0 | 0 | 0 | 0 | 0 | 0 | 0 |  0 | 0 | 0 | 0 | 0 | 2 | 0 | 0 | 0 | 0 | 0 | 0 | 0 | 0 | 0 | 0 | 0 | 0 | 0 | 0 | 0 | 0 | 0 | 0 |
155 | Dekens, Frank Geeraard | UNIVERSITY OF CALIFORNIA, IRVINE | 1998 | male | 1 | 0 | 1998 | 2 | 0 | 1998 | 0 | 0 | 0 | 0 | 0 | 1 | 0 | 0 | 0 | 0 | 0 | 0 | 0 | 0 | 0 | 0 | 0 | 0 | 0 | 0 | 0 | 0 | 0 | 0 |  0 | 0 | 0 | 0 | 0 | 2 | 0 | 0 | 0 | 0 | 0 | 0 | 0 | 0 | 0 | 0 | 0 | 0 | 0 | 0 | 0 | 0 | 0 | 0 |
156 | Colley, Wesley Neal | PRINCETON UNIVERSITY | 1998 | male | 9 | 9 | 2015 | 13 | 13 | 2015 | 0 | 0 | 2 | 4 | 2 | 1 | 1 | 2 | 0 | 1 | 4 | 0 | 0 | 0 | 0 | 0 | 0 | 0 | 0 | 0 | 0 | 0 | 1 | 0 |  0 | 0 | 4 | 4 | 3 | 2 | 1 | 4 | 0 | 2 | 4 | 0 | 0 | 0 | 1 | 0 | 0 | 0 | 0 | 0 | 0 | 0 | 1 | 0 |
157 | Shodhan-Shah, Sheela | BOSTON UNIVERSITY | 1998 | female | 1 | 0 | 1998 | 1 | 0 | 1998 | 0 | 0 | 0 | 0 | 0 | 1 | 0 | 0 | 0 | 0 | 0 | 0 | 0 | 0 | 0 | 0 | 0 | 0 | 0 | 0 | 0 | 0 | 0 | 0 |  0 | 0 | 0 | 0 | 0 | 1 | 0 | 0 | 0 | 0 | 0 | 0 | 0 | 0 | 0 | 0 | 0 | 0 | 0 | 0 | 0 | 0 | 0 | 0 |
158 | Diaz-Miller, Rosa Izela | Space Telescope Science Institute, 3700 San Martin Drive, Baltimore. Md 21218, USA | 1998 | female | 2 | 0 | 1998 | 2 | 0 | 1998 | 0 | 0 | 0 | 0 | 0 | 2 | 0 | 0 | 0 | 0 | 0 | 0 | 0 | 0 | 0 | 0 | 0 | 0 | 0 | 0 | 0 | 0 | 0 | 0 |  0 | 0 | 0 | 0 | 0 | 2 | 0 | 0 | 0 | 0 | 0 | 0 | 0 | 0 | 0 | 0 | 0 | 0 | 0 | 0 | 0 | 0 | 0 | 0 |
159 | Gizis, John Evangelos | CALIFORNIA INSTITUTE OF TECHNOLOGY | 1998 | male | 9 | 25 | 2017 | 19 | 96 | 2017 | 1 | 0 | 1 | 1 | 4 | 2 | 2 | 3 | 2 | 2 | 1 | 1 | 1 | 2 | 1 | 0 | 0 | 0 | 2 | 1 | 1 | 0 | 3 | 2 |  1 | 0 | 3 | 3 | 8 | 4 | 6 | 11 | 9 | 8 | 4 | 1 | 5 | 8 | 6 | 4 | 2 | 1 | 4 | 6 | 4 | 1 | 5 | 8 |
160 | Koh, Danny Towsian | CALIFORNIA INSTITUTE OF TECHNOLOGY | 1998 | male | 2 | 0 | 1998 | 9 | 1 | 2001 | 0 | 0 | 0 | 0 | 1 | 1 | 0 | 0 | 0 | 0 | 0 | 0 | 0 | 0 | 0 | 0 | 0 | 0 | 0 | 0 | 0 | 0 | 0 | 0 |  0 | 0 | 0 | 2 | 6 | 1 | 0 | 0 | 1 | 0 | 0 | 0 | 0 | 0 | 0 | 0 | 0 | 0 | 0 | 0 | 0 | 0 | 0 | 0 |
161 | Zhan, Shanqun | THE UNIVERSITY OF CHICAGO | 1998 | None | 2 | 0 | 1998 | 2 | 0 | 1998 | 1 | 0 | 0 | 0 | 0 | 1 | 0 | 0 | 0 | 0 | 0 | 0 | 0 | 0 | 0 | 0 | 0 | 0 | 0 | 0 | 0 | 0 | 0 | 0 |  1 | 0 | 0 | 0 | 0 | 1 | 0 | 0 | 0 | 0 | 0 | 0 | 0 | 0 | 0 | 0 | 0 | 0 | 0 | 0 | 0 | 0 | 0 | 0 |
162 | Akridge, David Glen | UNIVERSITY OF ARKANSAS | 1998 | male | 1 | 2 | 2004 | 4 | 2 | 2004 | 0 | 0 | 0 | 0 | 0 | 1 | 1 | 0 | 0 | 0 | 0 | 1 | 0 | 0 | 0 | 0 | 0 | 0 | 0 | 0 | 0 | 0 | 0 | 0 |  0 | 0 | 0 | 0 | 1 | 3 | 1 | 0 | 0 | 0 | 0 | 1 | 0 | 0 | 0 | 0 | 0 | 0 | 0 | 0 | 0 | 0 | 0 | 0 |
163 | Beck-Winchatz, Bernhard | UNIVERSITY OF WASHINGTON | 1998 | male | 3 | 7 | 2008 | 9 | 7 | 2008 | 0 | 1 | 0 | 1 | 0 | 1 | 1 | 0 | 0 | 0 | 2 | 0 | 1 | 0 | 1 | 2 | 0 | 0 | 0 | 0 | 0 | 0 | 0 | 0 |  0 | 1 | 1 | 1 | 3 | 3 | 1 | 0 | 0 | 0 | 2 | 0 | 1 | 0 | 1 | 2 | 0 | 0 | 0 | 0 | 0 | 0 | 0 | 0 |
164 | Carkner, Arthur Lee, III | THE PENNSYLVANIA STATE UNIVERSITY | 1998 | male | 1 | 0 | 1998 | 2 | 0 | 1998 | 0 | 0 | 0 | 0 | 0 | 1 | 0 | 0 | 0 | 0 | 0 | 0 | 0 | 0 | 0 | 0 | 0 | 0 | 0 | 0 | 0 | 0 | 0 | 0 |  0 | 1 | 0 | 0 | 0 | 1 | 0 | 0 | 0 | 0 | 0 | 0 | 0 | 0 | 0 | 0 | 0 | 0 | 0 | 0 | 0 | 0 | 0 | 0 |
165 | Daffin, Frank Cecil | MICHIGAN STATE UNIVERSITY | 1998 | male | 2 | 0 | 1998 | 2 | 0 | 1998 | 0 | 0 | 0 | 0 | 0 | 2 | 0 | 0 | 0 | 0 | 0 | 0 | 0 | 0 | 0 | 0 | 0 | 0 | 0 | 0 | 0 | 0 | 0 | 0 |  0 | 0 | 0 | 0 | 0 | 2 | 0 | 0 | 0 | 0 | 0 | 0 | 0 | 0 | 0 | 0 | 0 | 0 | 0 | 0 | 0 | 0 | 0 | 0 |
166 | Rowe, Michael William | UNIVERSITY OF CALIFORNIA, BERKELEY | 1998 | male | 4 | 1 | 2003 | 6 | 2 | 2005 | 0 | 0 | 0 | 0 | 1 | 3 | 0 | 0 | 0 | 0 | 1 | 0 | 0 | 0 | 0 | 0 | 0 | 0 | 0 | 0 | 0 | 0 | 0 | 0 |  0 | 0 | 1 | 0 | 2 | 3 | 0 | 0 | 0 | 0 | 1 | 0 | 1 | 0 | 0 | 0 | 0 | 0 | 0 | 0 | 0 | 0 | 0 | 0 |
167 | Cruz-Pol, Sandra L. | THE PENNSYLVANIA STATE UNIVERSITY | 1998 | female | 1 | 0 | 1998 | 1 | 0 | 1998 | 0 | 0 | 0 | 0 | 0 | 1 | 0 | 0 | 0 | 0 | 0 | 0 | 0 | 0 | 0 | 0 | 0 | 0 | 0 | 0 | 0 | 0 | 0 | 0 |  0 | 0 | 0 | 0 | 0 | 1 | 0 | 0 | 0 | 0 | 0 | 0 | 0 | 0 | 0 | 0 | 0 | 0 | 0 | 0 | 0 | 0 | 0 | 0 |
168 | Bloomer, John D. | THE UNIVERSITY OF ROCHESTER | 1998 | male | 2 | 0 | 1998 | 2 | 0 | 1998 | 0 | 0 | 0 | 0 | 0 | 2 | 0 | 0 | 0 | 0 | 0 | 0 | 0 | 0 | 0 | 0 | 0 | 0 | 0 | 0 | 0 | 0 | 0 | 0 |  0 | 0 | 0 | 0 | 0 | 2 | 0 | 0 | 0 | 0 | 0 | 0 | 0 | 0 | 0 | 0 | 0 | 0 | 0 | 0 | 0 | 0 | 0 | 0 |
169 | Kotoy, Sergei Anatolievich | UNIVERSITY OF KANSAS | 1998 | male | 1 | 0 | 1998 | 1 | 0 | 1998 | 0 | 0 | 0 | 0 | 0 | 1 | 0 | 0 | 0 | 0 | 0 | 0 | 0 | 0 | 0 | 0 | 0 | 0 | 0 | 0 | 0 | 0 | 0 | 0 |  0 | 0 | 0 | 0 | 0 | 1 | 0 | 0 | 0 | 0 | 0 | 0 | 0 | 0 | 0 | 0 | 0 | 0 | 0 | 0 | 0 | 0 | 0 | 0 |
170 | Linden, Alexander N. | THE UNIVERSITY OF MICHIGAN | 1998 | male | 1 | 3 | 2001 | 3 | 9 | 2013 | 0 | 0 | 0 | 0 | 0 | 1 | 0 | 0 | 3 | 0 | 0 | 0 | 0 | 0 | 0 | 0 | 0 | 0 | 0 | 0 | 0 | 0 | 0 | 0 |  0 | 1 | 0 | 0 | 0 | 2 | 0 | 0 | 3 | 0 | 0 | 0 | 3 | 0 | 0 | 0 | 0 | 1 | 1 | 0 | 1 | 0 | 0 | 0 |
171 | Sills, Alison Isabel | Yale University | 1998 | female | 3 | 13 | 2013 | 3 | 90 | 2017 | 0 | 0 | 0 | 0 | 2 | 1 | 2 | 4 | 1 | 1 | 1 | 0 | 1 | 0 | 0 | 0 | 1 | 1 | 0 | 0 | 1 | 0 | 0 | 0 |  0 | 0 | 0 | 0 | 2 | 1 | 4 | 5 | 2 | 3 | 3 | 6 | 6 | 6 | 4 | 1 | 4 | 4 | 6 | 6 | 10 | 9 | 5 | 5 |
172 | Byun, Sung Hun | THE UNIVERSITY OF TEXAS AT AUSTIN | 1998 | male | 1 | 0 | 1998 | 1 | 0 | 1998 | 0 | 0 | 0 | 0 | 0 | 1 | 0 | 0 | 0 | 0 | 0 | 0 | 0 | 0 | 0 | 0 | 0 | 0 | 0 | 0 | 0 | 0 | 0 | 0 |  0 | 0 | 0 | 0 | 0 | 1 | 0 | 0 | 0 | 0 | 0 | 0 | 0 | 0 | 0 | 0 | 0 | 0 | 0 | 0 | 0 | 0 | 0 | 0 |
173 | Choi, Dae-Il | THE UNIVERSITY OF TEXAS AT AUSTIN | 1998 | male | 1 | 3 | 2007 | 3 | 11 | 2007 | 0 | 0 | 0 | 0 | 0 | 1 | 0 | 0 | 0 | 1 | 0 | 1 | 0 | 0 | 1 | 0 | 0 | 0 | 0 | 0 | 0 | 0 | 0 | 0 |  0 | 0 | 0 | 1 | 1 | 1 | 0 | 1 | 0 | 1 | 0 | 2 | 1 | 4 | 2 | 0 | 0 | 0 | 0 | 0 | 0 | 0 | 0 | 0 |
174 | Olsen, Knut Anders Grova | UNIVERSITY OF WASHINGTON | 1998 | male | 3 | 8 | 2011 | 4 | 86 | 2017 | 0 | 0 | 0 | 0 | 1 | 2 | 1 | 0 | 1 | 1 | 1 | 1 | 0 | 1 | 1 | 0 | 0 | 0 | 1 | 0 | 0 | 0 | 0 | 0 |  0 | 0 | 0 | 0 | 2 | 2 | 1 | 0 | 1 | 3 | 4 | 2 | 6 | 7 | 7 | 5 | 8 | 9 | 8 | 8 | 2 | 1 | 8 | 5 |
175 | Parikh, Maulik Kirit | PRINCETON UNIVERSITY | 1998 | male | 2 | 15 | 2015 | 2 | 24 | 2015 | 0 | 0 | 0 | 0 | 0 | 2 | 1 | 1 | 1 | 1 | 1 | 2 | 1 | 1 | 0 | 1 | 0 | 0 | 0 | 1 | 1 | 0 | 3 | 0 |  0 | 0 | 0 | 0 | 0 | 2 | 1 | 1 | 1 | 1 | 1 | 3 | 1 | 1 | 0 | 1 | 1 | 0 | 2 | 2 | 2 | 1 | 5 | 0 |
176 | Deutsch, Eric William | UNIVERSITY OF WASHINGTON | 1998 | male | 8 | 5 | 2000 | 15 | 12 | 2002 | 1 | 1 | 0 | 2 | 0 | 4 | 4 | 1 | 0 | 0 | 0 | 0 | 0 | 0 | 0 | 0 | 0 | 0 | 0 | 0 | 0 | 0 | 0 | 0 |  3 | 1 | 0 | 2 | 2 | 7 | 5 | 2 | 2 | 3 | 0 | 0 | 0 | 0 | 0 | 0 | 0 | 0 | 0 | 0 | 0 | 0 | 0 | 0 |
177 | Almay, Richard Clarke | THE UNIVERSITY OF WISCONSIN - MADISON | 1998 | male | 1 | 0 | 1998 | 1 | 0 | 1998 | 0 | 0 | 0 | 0 | 0 | 1 | 0 | 0 | 0 | 0 | 0 | 0 | 0 | 0 | 0 | 0 | 0 | 0 | 0 | 0 | 0 | 0 | 0 | 0 |  0 | 0 | 0 | 0 | 0 | 1 | 0 | 0 | 0 | 0 | 0 | 0 | 0 | 0 | 0 | 0 | 0 | 0 | 0 | 0 | 0 | 0 | 0 | 0 |
178 | Debattista, Victor Publius | RUTGERS THE STATE UNIVERSITY OF NEW JERSEY - NEW BRUNSWICK | 1998 | male | 2 | 17 | 2015 | 3 | 96 | 2017 | 0 | 0 | 0 | 0 | 0 | 2 | 1 | 1 | 0 | 2 | 1 | 2 | 1 | 2 | 1 | 1 | 0 | 0 | 0 | 0 | 2 | 1 | 2 | 0 |  0 | 0 | 0 | 1 | 0 | 2 | 1 | 1 | 0 | 2 | 3 | 4 | 3 | 5 | 7 | 11 | 7 | 5 | 2 | 6 | 11 | 8 | 7 | 6 |
179 | Freeman, Theodore James | UNIVERSITY OF WASHINGTON | 1998 | male | 1 | 1 | 2000 | 1 | 1 | 2000 | 0 | 0 | 0 | 0 | 0 | 1 | 0 | 1 | 0 | 0 | 0 | 0 | 0 | 0 | 0 | 0 | 0 | 0 | 0 | 0 | 0 | 0 | 0 | 0 |  0 | 0 | 0 | 0 | 0 | 1 | 0 | 1 | 0 | 0 | 0 | 0 | 0 | 0 | 0 | 0 | 0 | 0 | 0 | 0 | 0 | 0 | 0 | 0 |
180 | Gerecht, Eyal | UNIVERSITY OF MASSACHUSETTS | 1998 | male | 1 | 0 | 1998 | 1 | 0 | 1998 | 0 | 0 | 0 | 0 | 0 | 1 | 0 | 0 | 0 | 0 | 0 | 0 | 0 | 0 | 0 | 0 | 0 | 0 | 0 | 0 | 0 | 0 | 0 | 0 |  0 | 0 | 0 | 0 | 0 | 1 | 0 | 0 | 0 | 0 | 0 | 0 | 0 | 0 | 0 | 0 | 0 | 0 | 0 | 0 | 0 | 0 | 0 | 0 |
181 | Yin, Lin | UNIVERSITY OF CALIFORNIA, LOS ANGELES | 1998 | female | 4 | 7 | 2005 | 6 | 20 | 2011 | 0 | 0 | 0 | 0 | 0 | 4 | 1 | 1 | 2 | 1 | 0 | 1 | 1 | 0 | 0 | 0 | 0 | 0 | 0 | 0 | 0 | 0 | 0 | 0 |  0 | 0 | 1 | 1 | 0 | 4 | 1 | 3 | 4 | 1 | 2 | 1 | 2 | 2 | 0 | 2 | 0 | 0 | 2 | 0 | 0 | 0 | 0 | 0 |
182 | Smith Neubig, Margaret Mary | THE CATHOLIC UNIVERSITY OF AMERICA | 1998 | female | 2 | 1 | 1999 | 2 | 2 | 2003 | 0 | 0 | 0 | 0 | 1 | 1 | 1 | 0 | 0 | 0 | 0 | 0 | 0 | 0 | 0 | 0 | 0 | 0 | 0 | 0 | 0 | 0 | 0 | 0 |  0 | 0 | 0 | 0 | 1 | 1 | 1 | 0 | 0 | 0 | 1 | 0 | 0 | 0 | 0 | 0 | 0 | 0 | 0 | 0 | 0 | 0 | 0 | 0 |
183 | Lombardi, James Carmen | CORNELL UNIVERSITY | 1998 | male | 1 | 3 | 2015 | 1 | 11 | 2015 | 0 | 0 | 0 | 0 | 0 | 1 | 1 | 0 | 0 | 0 | 1 | 0 | 0 | 0 | 0 | 0 | 0 | 0 | 0 | 0 | 0 | 0 | 1 | 0 |  0 | 0 | 0 | 0 | 0 | 1 | 1 | 0 | 0 | 0 | 1 | 0 | 0 | 0 | 0 | 2 | 1 | 0 | 0 | 2 | 1 | 1 | 2 | 0 |
184 | Prato, Lisa Amy | STATE UNIVERSITY OF NEW YORK AT STONY BROOK | 1998 | female | 2 | 9 | 2015 | 8 | 71 | 2017 | 0 | 0 | 0 | 0 | 1 | 1 | 0 | 0 | 1 | 2 | 2 | 0 | 0 | 0 | 1 | 1 | 1 | 0 | 0 | 0 | 0 | 0 | 1 | 0 |  1 | 1 | 1 | 1 | 1 | 3 | 1 | 1 | 4 | 7 | 5 | 4 | 1 | 4 | 7 | 5 | 2 | 2 | 5 | 6 | 4 | 4 | 2 | 5 |
185 | Greenawalt, Bruce Emerson | NEW MEXICO STATE UNIVERSITY | 1998 | male | 3 | 0 | 1998 | 4 | 1 | 2002 | 0 | 0 | 0 | 0 | 1 | 2 | 0 | 0 | 0 | 0 | 0 | 0 | 0 | 0 | 0 | 0 | 0 | 0 | 0 | 0 | 0 | 0 | 0 | 0 |  0 | 0 | 0 | 1 | 1 | 2 | 0 | 0 | 0 | 1 | 0 | 0 | 0 | 0 | 0 | 0 | 0 | 0 | 0 | 0 | 0 | 0 | 0 | 0 |
186 | Howard, Joseph William | THE UNIVERSITY OF OKLAHOMA | 1998 | male | 2 | 2 | 2008 | 5 | 16 | 2016 | 0 | 0 | 0 | 0 | 1 | 1 | 0 | 0 | 0 | 0 | 1 | 0 | 0 | 0 | 0 | 1 | 0 | 0 | 0 | 0 | 0 | 0 | 0 | 0 |  0 | 0 | 2 | 1 | 1 | 1 | 0 | 1 | 0 | 0 | 2 | 1 | 0 | 0 | 0 | 1 | 1 | 0 | 0 | 1 | 1 | 5 | 2 | 1 |
187 | Ono, Adrienne Momilani | UNIVERSITY OF CALIFORNIA, LOS ANGELES | 1998 | female | 1 | 0 | 1998 | 3 | 4 | 2014 | 0 | 0 | 0 | 0 | 0 | 1 | 0 | 0 | 0 | 0 | 0 | 0 | 0 | 0 | 0 | 0 | 0 | 0 | 0 | 0 | 0 | 0 | 0 | 0 |  0 | 2 | 0 | 0 | 0 | 1 | 0 | 1 | 0 | 1 | 1 | 0 | 0 | 0 | 0 | 0 | 0 | 0 | 0 | 0 | 0 | 1 | 0 | 0 |
188 | Parker, Neil Ivan | UNIVERSITY OF OREGON | 1998 | male | 1 | 0 | 1998 | 1 | 0 | 1998 | 0 | 0 | 0 | 0 | 0 | 1 | 0 | 0 | 0 | 0 | 0 | 0 | 0 | 0 | 0 | 0 | 0 | 0 | 0 | 0 | 0 | 0 | 0 | 0 |  0 | 0 | 0 | 0 | 0 | 1 | 0 | 0 | 0 | 0 | 0 | 0 | 0 | 0 | 0 | 0 | 0 | 0 | 0 | 0 | 0 | 0 | 0 | 0 |
189 | Rodgrigue, Melodi Rae | UNIVERSITY OF NEVADA, RENO | 1998 | female | 1 | 0 | 1998 | 1 | 0 | 1998 | 0 | 0 | 0 | 0 | 0 | 1 | 0 | 0 | 0 | 0 | 0 | 0 | 0 | 0 | 0 | 0 | 0 | 0 | 0 | 0 | 0 | 0 | 0 | 0 |  0 | 0 | 0 | 0 | 0 | 1 | 0 | 0 | 0 | 0 | 0 | 0 | 0 | 0 | 0 | 0 | 0 | 0 | 0 | 0 | 0 | 0 | 0 | 0 |
190 | Owen, Benjamin James | CALIFORNIA INSTITUTE OF TECHNOLOGY | 1998 | male | 4 | 6 | 2010 | 5 | 180 | 2017 | 0 | 0 | 0 | 1 | 0 | 3 | 1 | 0 | 0 | 1 | 0 | 0 | 1 | 1 | 0 | 0 | 1 | 1 | 0 | 0 | 0 | 0 | 0 | 0 |  0 | 0 | 0 | 1 | 0 | 4 | 4 | 1 | 1 | 3 | 0 | 6 | 9 | 7 | 8 | 16 | 18 | 11 | 8 | 18 | 10 | 15 | 7 | 28 |
191 | Roming, Peter W. A. | BRIGHAM YOUNG UNIVERSITY | 1998 | male | 1 | 13 | 2017 | 5 | 115 | 2017 | 0 | 0 | 0 | 0 | 0 | 1 | 2 | 0 | 0 | 0 | 0 | 0 | 1 | 3 | 0 | 0 | 3 | 0 | 0 | 2 | 1 | 0 | 0 | 0 |  0 | 0 | 2 | 0 | 2 | 1 | 2 | 0 | 0 | 1 | 1 | 2 | 6 | 17 | 21 | 10 | 12 | 10 | 6 | 8 | 8 | 4 | 4 | 2 |
192 | Abbett, William Paul | MICHIGAN STATE UNIVERSITY | 1998 | male | 2 | 9 | 2012 | 2 | 28 | 2015 | 0 | 0 | 0 | 0 | 1 | 1 | 1 | 2 | 1 | 0 | 1 | 2 | 0 | 0 | 1 | 0 | 0 | 0 | 0 | 1 | 0 | 0 | 0 | 0 |  0 | 0 | 0 | 0 | 1 | 1 | 1 | 3 | 2 | 0 | 3 | 3 | 2 | 1 | 2 | 2 | 0 | 3 | 0 | 5 | 0 | 0 | 1 | 0 |
193 | Bae, Sungkoo | THE UNIVERSITY OF TEXAS AT AUSTIN | 1998 | male | 1 | 1 | 2001 | 1 | 4 | 2005 | 0 | 0 | 0 | 0 | 0 | 1 | 0 | 0 | 1 | 0 | 0 | 0 | 0 | 0 | 0 | 0 | 0 | 0 | 0 | 0 | 0 | 0 | 0 | 0 |  0 | 0 | 0 | 0 | 0 | 1 | 0 | 0 | 3 | 0 | 0 | 0 | 1 | 0 | 0 | 0 | 0 | 0 | 0 | 0 | 0 | 0 | 0 | 0 |
194 | Eck, Christopher Ronald | THE UNIVERSITY OF OKLAHOMA | 1998 | male | 4 | 1 | 2002 | 4 | 1 | 2002 | 0 | 0 | 1 | 1 | 0 | 2 | 0 | 0 | 0 | 1 | 0 | 0 | 0 | 0 | 0 | 0 | 0 | 0 | 0 | 0 | 0 | 0 | 0 | 0 |  0 | 0 | 1 | 1 | 0 | 2 | 0 | 0 | 0 | 1 | 0 | 0 | 0 | 0 | 0 | 0 | 0 | 0 | 0 | 0 | 0 | 0 | 0 | 0 |
195 | Gates, Elinor Louise | THE UNIVERSITY OF NEW MEXICO | 1998 | female | 1 | 0 | 1998 | 2 | 41 | 2017 | 0 | 0 | 0 | 0 | 0 | 1 | 0 | 0 | 0 | 0 | 0 | 0 | 0 | 0 | 0 | 0 | 0 | 0 | 0 | 0 | 0 | 0 | 0 | 0 |  0 | 0 | 0 | 0 | 0 | 2 | 0 | 0 | 1 | 4 | 1 | 3 | 3 | 2 | 0 | 2 | 4 | 5 | 2 | 4 | 5 | 2 | 2 | 0 |
196 | Igea, Javier | NEW YORK UNIVERSITY | 1998 | male | 1 | 1 | 1999 | 3 | 3 | 2007 | 0 | 0 | 0 | 0 | 0 | 1 | 1 | 0 | 0 | 0 | 0 | 0 | 0 | 0 | 0 | 0 | 0 | 0 | 0 | 0 | 0 | 0 | 0 | 0 |  0 | 0 | 0 | 0 | 2 | 1 | 1 | 0 | 0 | 0 | 0 | 1 | 0 | 0 | 1 | 0 | 0 | 0 | 0 | 0 | 0 | 0 | 0 | 0 |
197 | Jiao, Litao | UNIVERSITY OF HAWAII | 1998 | male | 2 | 0 | 1998 | 7 | 1 | 2016 | 0 | 0 | 0 | 0 | 1 | 1 | 0 | 0 | 0 | 0 | 0 | 0 | 0 | 0 | 0 | 0 | 0 | 0 | 0 | 0 | 0 | 0 | 0 | 0 |  0 | 1 | 1 | 0 | 3 | 2 | 0 | 0 | 0 | 0 | 0 | 0 | 0 | 0 | 0 | 0 | 0 | 0 | 0 | 0 | 0 | 0 | 0 | 1 |
198 | Way, Michael Joseph | UNIVERSITY OF MISSOURI - ROLLA | 1998 | male | 2 | 11 | 2017 | 7 | 22 | 2017 | 0 | 0 | 0 | 0 | 0 | 2 | 0 | 0 | 0 | 0 | 0 | 0 | 1 | 1 | 0 | 0 | 1 | 0 | 3 | 1 | 1 | 0 | 1 | 1 |  1 | 2 | 0 | 2 | 0 | 2 | 1 | 1 | 0 | 1 | 1 | 1 | 1 | 1 | 0 | 0 | 2 | 1 | 3 | 1 | 1 | 0 | 1 | 4 |
199 | Kraemer, Kathleen Elizabeth | Boston University, Department of Astronomy Boston, MA 02215 | 1998 | female | 5 | 110 | 2017 | 7 | 157 | 2017 | 0 | 0 | 1 | 0 | 1 | 3 | 2 | 1 | 1 | 2 | 2 | 0 | 2 | 98 | 0 | 0 | 0 | 1 | 0 | 0 | 0 | 0 | 0 | 0 |  1 | 1 | 1 | 0 | 1 | 3 | 3 | 4 | 1 | 3 | 6 | 2 | 2 | 100 | 3 | 3 | 1 | 9 | 4 | 5 | 1 | 4 | 4 | 1 |
200 | Mendenhall, Jeffrey Alan | THE PENNSYLVANIA STATE UNIVERSITY | 1998 | male | 1 | 1 | 2001 | 3 | 1 | 2001 | 0 | 0 | 0 | 0 | 0 | 1 | 0 | 0 | 1 | 0 | 0 | 0 | 0 | 0 | 0 | 0 | 0 | 0 | 0 | 0 | 0 | 0 | 0 | 0 |  1 | 1 | 0 | 0 | 0 | 1 | 0 | 0 | 1 | 0 | 0 | 0 | 0 | 0 | 0 | 0 | 0 | 0 | 0 | 0 | 0 | 0 | 0 | 0 |
201 | Pickering, Timothy Edward | THE UNIVERSITY OF ARIZONA | 1998 | male | 3 | 1 | 1999 | 4 | 17 | 2017 | 0 | 1 | 0 | 0 | 1 | 1 | 1 | 0 | 0 | 0 | 0 | 0 | 0 | 0 | 0 | 0 | 0 | 0 | 0 | 0 | 0 | 0 | 0 | 0 |  0 | 1 | 0 | 0 | 2 | 1 | 1 | 0 | 1 | 0 | 0 | 0 | 0 | 0 | 1 | 0 | 1 | 1 | 0 | 1 | 7 | 2 | 1 | 0 |
202 | Hagiwara, Yoshiaki | The Graduate University for Advanced studies | 1998 | male | 2 | 19 | 2016 | 2 | 38 | 2017 | 0 | 0 | 0 | 0 | 1 | 1 | 0 | 1 | 2 | 2 | 2 | 1 | 3 | 0 | 2 | 0 | 0 | 1 | 1 | 0 | 1 | 0 | 2 | 1 |  0 | 0 | 0 | 0 | 1 | 1 | 0 | 3 | 2 | 2 | 3 | 1 | 4 | 1 | 3 | 0 | 1 | 1 | 2 | 2 | 5 | 1 | 3 | 3 |
203 | Chiu, Weihsueh Albert | PRINCETON UNIVERSITY | 1998 | None | 2 | 3 | 2003 | 2 | 3 | 2003 | 0 | 0 | 0 | 0 | 0 | 2 | 0 | 1 | 1 | 0 | 1 | 0 | 0 | 0 | 0 | 0 | 0 | 0 | 0 | 0 | 0 | 0 | 0 | 0 |  0 | 0 | 0 | 0 | 0 | 2 | 0 | 1 | 1 | 0 | 1 | 0 | 0 | 0 | 0 | 0 | 0 | 0 | 0 | 0 | 0 | 0 | 0 | 0 |
204 | Dinescu, Dana Ioana | Yale University | 1998 | female | 4 | 10 | 2005 | 8 | 17 | 2016 | 0 | 0 | 1 | 1 | 1 | 1 | 2 | 1 | 1 | 1 | 2 | 1 | 2 | 0 | 0 | 0 | 0 | 0 | 0 | 0 | 0 | 0 | 0 | 0 |  2 | 1 | 1 | 2 | 1 | 1 | 2 | 1 | 1 | 1 | 4 | 3 | 4 | 0 | 0 | 0 | 0 | 0 | 0 | 0 | 0 | 0 | 0 | 1 |
205 | Graham, Bradley L. | GEORGE MASON UNIVERSITY | 1998 | male | 1 | 0 | 1998 | 2 | 0 | 1998 | 0 | 0 | 0 | 0 | 0 | 1 | 0 | 0 | 0 | 0 | 0 | 0 | 0 | 0 | 0 | 0 | 0 | 0 | 0 | 0 | 0 | 0 | 0 | 0 |  0 | 0 | 0 | 1 | 0 | 1 | 0 | 0 | 0 | 0 | 0 | 0 | 0 | 0 | 0 | 0 | 0 | 0 | 0 | 0 | 0 | 0 | 0 | 0 |
206 | Holz, Daniel Erwin | THE UNIVERSITY OF CHICAGO | 1998 | male | 4 | 8 | 2012 | 5 | 109 | 2017 | 0 | 0 | 0 | 1 | 0 | 3 | 2 | 0 | 2 | 1 | 0 | 0 | 2 | 0 | 0 | 0 | 0 | 0 | 0 | 1 | 0 | 0 | 0 | 0 |  0 | 1 | 0 | 1 | 0 | 3 | 4 | 1 | 4 | 4 | 2 | 3 | 2 | 4 | 6 | 5 | 3 | 5 | 2 | 5 | 7 | 2 | 3 | 34 |
207 | Linton, Mark George | UNIVERSITY OF CALIFORNIA, BERKELEY | 1998 | male | 3 | 11 | 2009 | 5 | 40 | 2017 | 0 | 0 | 0 | 1 | 0 | 2 | 1 | 0 | 2 | 1 | 1 | 0 | 1 | 3 | 0 | 0 | 2 | 0 | 0 | 0 | 0 | 0 | 0 | 0 |  0 | 0 | 1 | 1 | 0 | 3 | 3 | 2 | 2 | 1 | 2 | 0 | 1 | 3 | 0 | 0 | 3 | 3 | 2 | 1 | 4 | 5 | 0 | 4 |
208 | Siopis, Christos | UNIVERSITY OF FLORIDA | 1998 | male | 4 | 2 | 2009 | 6 | 17 | 2017 | 0 | 0 | 1 | 1 | 0 | 2 | 0 | 1 | 0 | 0 | 0 | 0 | 0 | 0 | 0 | 0 | 1 | 0 | 0 | 0 | 0 | 0 | 0 | 0 |  0 | 1 | 2 | 1 | 0 | 2 | 1 | 1 | 0 | 0 | 1 | 0 | 1 | 0 | 1 | 0 | 3 | 1 | 1 | 0 | 1 | 2 | 0 | 3 |
209 | Pauls, Jennifer Linde | UNIVERSITY OF KANSAS | 1998 | female | 2 | 0 | 1998 | 3 | 0 | 1998 | 0 | 0 | 1 | 0 | 0 | 1 | 0 | 0 | 0 | 0 | 0 | 0 | 0 | 0 | 0 | 0 | 0 | 0 | 0 | 0 | 0 | 0 | 0 | 0 |  0 | 0 | 2 | 0 | 0 | 1 | 0 | 0 | 0 | 0 | 0 | 0 | 0 | 0 | 0 | 0 | 0 | 0 | 0 | 0 | 0 | 0 | 0 | 0 |
210 | Clowe, Douglas Ian | UNIVERSITY OF HAWAII | 1998 | male | 2 | 11 | 2012 | 4 | 63 | 2017 | 0 | 0 | 0 | 0 | 0 | 2 | 0 | 1 | 2 | 1 | 1 | 2 | 0 | 2 | 1 | 0 | 0 | 0 | 0 | 1 | 0 | 0 | 0 | 0 |  0 | 0 | 1 | 0 | 1 | 2 | 0 | 1 | 3 | 4 | 2 | 5 | 3 | 6 | 4 | 4 | 11 | 4 | 0 | 7 | 0 | 2 | 3 | 3 |
211 | Dupke, Renato De Alencar | THE UNIVERSITY OF ALABAMA | 1998 | male | 1 | 4 | 2007 | 1 | 20 | 2017 | 0 | 0 | 0 | 0 | 0 | 1 | 1 | 0 | 0 | 0 | 1 | 0 | 1 | 0 | 1 | 0 | 0 | 0 | 0 | 0 | 0 | 0 | 0 | 0 |  0 | 0 | 0 | 0 | 0 | 1 | 1 | 0 | 0 | 0 | 1 | 0 | 1 | 0 | 1 | 0 | 0 | 0 | 2 | 1 | 0 | 3 | 3 | 5 |
212 | Walker, Paul | UNIVERSITY OF ILLINOIS AT URBANA-CHAMPAIGN | 1998 | male | 1 | 2 | 2013 | 9 | 21 | 2017 | 0 | 0 | 0 | 0 | 0 | 1 | 0 | 0 | 1 | 0 | 0 | 0 | 0 | 0 | 0 | 0 | 0 | 0 | 0 | 0 | 1 | 0 | 0 | 0 |  1 | 1 | 1 | 1 | 0 | 5 | 3 | 2 | 1 | 0 | 0 | 1 | 0 | 0 | 3 | 3 | 2 | 0 | 1 | 0 | 1 | 2 | 0 | 1 |
213 | Akridge, Jannette Marie Cunningham | UNIVERSITY OF ARKANSAS | 1998 | female | 1 | 3 | 2004 | 1 | 4 | 2004 | 0 | 0 | 0 | 0 | 0 | 1 | 1 | 1 | 0 | 0 | 0 | 1 | 0 | 0 | 0 | 0 | 0 | 0 | 0 | 0 | 0 | 0 | 0 | 0 |  0 | 0 | 0 | 0 | 0 | 1 | 1 | 2 | 0 | 0 | 0 | 1 | 0 | 0 | 0 | 0 | 0 | 0 | 0 | 0 | 0 | 0 | 0 | 0 |
214 | Bernstein, Rebecca Ann | CALIFORNIA INSTITUTE OF TECHNOLOGY | 1998 | female | 1 | 5 | 2007 | 2 | 68 | 2017 | 0 | 0 | 0 | 0 | 0 | 1 | 0 | 0 | 0 | 3 | 0 | 0 | 1 | 0 | 1 | 0 | 0 | 0 | 0 | 0 | 0 | 0 | 0 | 0 |  1 | 0 | 0 | 0 | 0 | 1 | 0 | 1 | 0 | 4 | 0 | 2 | 1 | 6 | 5 | 1 | 2 | 2 | 3 | 3 | 5 | 2 | 9 | 14 |
215 | Sheinblatt, Harrison Joseph | UNIVERSITY OF CALIFORNIA, SANTA BARBARA | 1998 | male | 2 | 0 | 1998 | 3 | 0 | 1998 | 0 | 0 | 0 | 0 | 0 | 2 | 0 | 0 | 0 | 0 | 0 | 0 | 0 | 0 | 0 | 0 | 0 | 0 | 0 | 0 | 0 | 0 | 0 | 0 |  0 | 0 | 0 | 0 | 1 | 2 | 0 | 0 | 0 | 0 | 0 | 0 | 0 | 0 | 0 | 0 | 0 | 0 | 0 | 0 | 0 | 0 | 0 | 0 |
216 | Wang, Limin | UNIVERSITY OF PENNSYLVANIA | 1998 | male | 7 | 40 | 2017 | 15 | 243 | 2017 | 1 | 1 | 0 | 0 | 1 | 4 | 1 | 3 | 2 | 2 | 2 | 1 | 1 | 2 | 0 | 3 | 5 | 0 | 2 | 3 | 2 | 2 | 4 | 3 |  3 | 2 | 5 | 0 | 1 | 4 | 8 | 8 | 3 | 3 | 10 | 8 | 8 | 9 | 6 | 7 | 13 | 27 | 14 | 20 | 28 | 20 | 20 | 19 |
217 | Hull, Arthur Jean | THE UNIVERSITY OF IOWA | 1998 | male | 3 | 9 | 2016 | 3 | 19 | 2017 | 0 | 0 | 0 | 0 | 0 | 3 | 0 | 2 | 1 | 0 | 2 | 0 | 0 | 1 | 0 | 0 | 0 | 1 | 0 | 1 | 0 | 0 | 0 | 1 |  0 | 0 | 0 | 0 | 0 | 3 | 0 | 2 | 2 | 2 | 2 | 1 | 1 | 1 | 2 | 1 | 0 | 2 | 0 | 1 | 0 | 0 | 0 | 1 |
218 | Lyutikov, Maxim Y. | CALIFORNIA INSTITUTE OF TECHNOLOGY | 1998 | male | 6 | 67 | 2017 | 7 | 105 | 2017 | 0 | 1 | 0 | 0 | 0 | 5 | 5 | 3 | 2 | 2 | 5 | 2 | 3 | 6 | 3 | 2 | 2 | 6 | 6 | 5 | 5 | 1 | 1 | 4 |  0 | 2 | 0 | 0 | 0 | 5 | 5 | 3 | 4 | 3 | 6 | 2 | 3 | 6 | 5 | 4 | 2 | 8 | 12 | 13 | 6 | 4 | 6 | 8 |
219 | Montenegro, Luis Enrique | CITY UNIVERSITY OF NEW YORK | 1998 | male | 1 | 1 | 1999 | 3 | 1 | 1999 | 0 | 0 | 0 | 0 | 0 | 1 | 1 | 0 | 0 | 0 | 0 | 0 | 0 | 0 | 0 | 0 | 0 | 0 | 0 | 0 | 0 | 0 | 0 | 0 |  1 | 0 | 0 | 0 | 0 | 2 | 1 | 0 | 0 | 0 | 0 | 0 | 0 | 0 | 0 | 0 | 0 | 0 | 0 | 0 | 0 | 0 | 0 | 0 |
220 | Hughes, Scott Alexander | CALIFORNIA INSTITUTE OF TECHNOLOGY | 1998 | male | 3 | 26 | 2014 | 7 | 73 | 2016 | 0 | 1 | 0 | 0 | 0 | 2 | 0 | 3 | 4 | 3 | 5 | 0 | 4 | 0 | 0 | 2 | 1 | 1 | 0 | 0 | 1 | 2 | 0 | 0 |  0 | 1 | 0 | 0 | 2 | 4 | 2 | 3 | 4 | 7 | 5 | 5 | 7 | 3 | 3 | 4 | 4 | 8 | 3 | 1 | 4 | 7 | 0 | 3 |
221 | Luhman, Kevin Lee | THE UNIVERSITY OF ARIZONA | 1998 | male | 8 | 54 | 2017 | 10 | 108 | 2017 | 0 | 0 | 0 | 1 | 2 | 5 | 2 | 2 | 1 | 1 | 2 | 6 | 7 | 4 | 5 | 3 | 2 | 4 | 1 | 4 | 1 | 5 | 0 | 2 |  0 | 0 | 0 | 1 | 3 | 6 | 3 | 3 | 2 | 4 | 3 | 8 | 11 | 9 | 8 | 8 | 7 | 8 | 6 | 5 | 5 | 9 | 2 | 5 |
222 | Monier, Eric Martin | UNIVERSITY OF PITTSBURGH | 1998 | male | 2 | 5 | 2009 | 5 | 14 | 2016 | 0 | 0 | 0 | 0 | 0 | 2 | 1 | 0 | 1 | 1 | 0 | 0 | 0 | 0 | 0 | 0 | 2 | 0 | 0 | 0 | 0 | 0 | 0 | 0 |  0 | 0 | 0 | 1 | 1 | 3 | 1 | 0 | 2 | 1 | 2 | 1 | 0 | 0 | 0 | 0 | 2 | 0 | 2 | 0 | 0 | 0 | 1 | 2 |
223 | Shang, Hsien Sienny | UNIVERSITY OF CALIFORNIA, BERKELEY | 1998 | male | 2 | 10 | 2010 | 7 | 57 | 2017 | 0 | 0 | 0 | 0 | 0 | 2 | 0 | 2 | 1 | 1 | 1 | 1 | 0 | 1 | 2 | 0 | 0 | 1 | 0 | 0 | 0 | 0 | 0 | 0 |  0 | 0 | 1 | 2 | 1 | 3 | 0 | 4 | 3 | 1 | 1 | 1 | 3 | 5 | 5 | 3 | 2 | 4 | 3 | 3 | 5 | 6 | 3 | 2 |
224 | Russell, Christine Helene | STATE UNIVERSITY OF NEW YORK AT ALBANY | 1998 | female | 1 | 3 | 2007 | 2 | 15 | 2016 | 0 | 0 | 0 | 0 | 0 | 1 | 1 | 0 | 0 | 0 | 0 | 0 | 0 | 0 | 2 | 0 | 0 | 0 | 0 | 0 | 0 | 0 | 0 | 0 |  0 | 0 | 0 | 0 | 0 | 2 | 1 | 0 | 0 | 1 | 0 | 9 | 0 | 0 | 2 | 0 | 0 | 0 | 0 | 0 | 0 | 0 | 0 | 2 |
225 | Psaltis, Dimitrios | UNIVERSITY OF ILLINOIS AT URBANA-CHAMPAIGN | 1998 | male | 6 | 24 | 2016 | 19 | 110 | 2016 | 0 | 0 | 2 | 1 | 1 | 2 | 4 | 1 | 2 | 2 | 0 | 0 | 0 | 1 | 1 | 5 | 0 | 0 | 0 | 2 | 1 | 2 | 2 | 1 |  0 | 0 | 4 | 3 | 4 | 8 | 7 | 3 | 5 | 4 | 4 | 1 | 2 | 6 | 3 | 11 | 8 | 8 | 3 | 10 | 5 | 6 | 11 | 13 |
226 | Ashford, Stephen Martin | UNIVERSITY OF CALIFORNIA, BERKELEY | 1998 | male | 2 | 0 | 1998 | 7 | 0 | 1998 | 0 | 0 | 0 | 0 | 0 | 2 | 0 | 0 | 0 | 0 | 0 | 0 | 0 | 0 | 0 | 0 | 0 | 0 | 0 | 0 | 0 | 0 | 0 | 0 |  0 | 0 | 1 | 3 | 1 | 2 | 0 | 0 | 0 | 0 | 0 | 0 | 0 | 0 | 0 | 0 | 0 | 0 | 0 | 0 | 0 | 0 | 0 | 0 |
227 | Mualem, Leon Marun | UNIVERSITY OF MINNESOTA | 1998 | male | 2 | 1 | 1999 | 8 | 18 | 2017 | 0 | 0 | 0 | 0 | 1 | 1 | 1 | 0 | 0 | 0 | 0 | 0 | 0 | 0 | 0 | 0 | 0 | 0 | 0 | 0 | 0 | 0 | 0 | 0 |  0 | 0 | 4 | 0 | 3 | 1 | 1 | 2 | 0 | 0 | 1 | 1 | 1 | 0 | 1 | 0 | 1 | 1 | 2 | 0 | 1 | 1 | 2 | 2 |
228 | Surman, Rebecca Ann | THE UNIVERSITY OF NORTH CAROLINA AT CHAPEL HILL | 1998 | female | 3 | 9 | 2014 | 3 | 35 | 2017 | 0 | 0 | 0 | 0 | 1 | 2 | 0 | 0 | 1 | 0 | 0 | 1 | 1 | 1 | 0 | 2 | 1 | 0 | 1 | 0 | 0 | 1 | 0 | 0 |  0 | 0 | 0 | 0 | 1 | 2 | 1 | 0 | 1 | 0 | 0 | 2 | 2 | 3 | 1 | 3 | 3 | 1 | 2 | 7 | 1 | 1 | 1 | 5 |
229 | Wang, Zhe-Hui | PRINCETON UNIVERSITY | 1998 | male | 3 | 16 | 2016 | 11 | 94 | 2016 | 0 | 0 | 1 | 1 | 0 | 1 | 0 | 2 | 0 | 0 | 0 | 1 | 1 | 1 | 0 | 1 | 0 | 1 | 0 | 2 | 0 | 2 | 4 | 1 |  2 | 2 | 2 | 3 | 0 | 2 | 0 | 17 | 3 | 1 | 2 | 7 | 5 | 4 | 3 | 8 | 2 | 6 | 3 | 12 | 6 | 3 | 6 | 6 |
230 | Simon, Amy Ann | NEW MEXICO STATE UNIVERSITY | 1998 | female | 3 | 13 | 2017 | 8 | 46 | 2017 | 0 | 0 | 0 | 1 | 0 | 2 | 1 | 0 | 0 | 0 | 0 | 0 | 0 | 0 | 1 | 0 | 0 | 1 | 0 | 1 | 1 | 2 | 4 | 1 |  0 | 0 | 1 | 3 | 1 | 3 | 2 | 0 | 0 | 0 | 0 | 0 | 0 | 1 | 1 | 1 | 3 | 1 | 1 | 1 | 4 | 7 | 11 | 8 |
231 | Burris, Debra Leigh | THE UNIVERSITY OF OKLAHOMA | 1998 | female | 1 | 2 | 2009 | 7 | 3 | 2011 | 0 | 0 | 0 | 0 | 0 | 1 | 0 | 1 | 0 | 0 | 0 | 0 | 0 | 0 | 0 | 0 | 1 | 0 | 0 | 0 | 0 | 0 | 0 | 0 |  0 | 0 | 1 | 2 | 2 | 2 | 0 | 1 | 0 | 0 | 0 | 0 | 0 | 0 | 0 | 0 | 1 | 0 | 1 | 0 | 0 | 0 | 0 | 0 |
232 | Delamere, Peter A. | UNIVERSITY OF ALASKA FAIRBANKS | 1998 | male | 2 | 20 | 2016 | 3 | 66 | 2017 | 0 | 0 | 0 | 1 | 0 | 1 | 1 | 1 | 1 | 1 | 2 | 2 | 1 | 1 | 1 | 1 | 1 | 1 | 1 | 0 | 2 | 0 | 2 | 1 |  0 | 1 | 0 | 1 | 0 | 1 | 1 | 1 | 1 | 3 | 3 | 2 | 2 | 3 | 1 | 4 | 4 | 5 | 3 | 5 | 7 | 5 | 7 | 8 |
233 | Gorjian, Varoujan | UNIVERSITY OF CALIFORNIA, LOS ANGELES | 1998 | male | 4 | 7 | 2008 | 5 | 50 | 2017 | 0 | 0 | 1 | 1 | 1 | 1 | 0 | 1 | 1 | 0 | 0 | 3 | 0 | 0 | 1 | 1 | 0 | 0 | 0 | 0 | 0 | 0 | 0 | 0 |  0 | 0 | 1 | 1 | 1 | 2 | 1 | 1 | 3 | 3 | 0 | 4 | 1 | 4 | 2 | 4 | 6 | 3 | 5 | 4 | 1 | 0 | 1 | 4 |
234 | Ho, George Cho-Wah | UNIVERSITY OF MARYLAND COLLEGE PARK | 1998 | male | 1 | 0 | 1998 | 5 | 4 | 2016 | 0 | 0 | 0 | 0 | 0 | 1 | 0 | 0 | 0 | 0 | 0 | 0 | 0 | 0 | 0 | 0 | 0 | 0 | 0 | 0 | 0 | 0 | 0 | 0 |  0 | 0 | 0 | 2 | 0 | 3 | 0 | 0 | 0 | 0 | 0 | 0 | 1 | 0 | 0 | 0 | 0 | 0 | 0 | 0 | 2 | 0 | 0 | 1 |
235 | Maurellis, Ahilleas Nikolaou | UNIVERSITY OF KANSAS | 1998 | male | 1 | 4 | 2001 | 3 | 9 | 2006 | 0 | 0 | 0 | 0 | 0 | 1 | 0 | 3 | 1 | 0 | 0 | 0 | 0 | 0 | 0 | 0 | 0 | 0 | 0 | 0 | 0 | 0 | 0 | 0 |  0 | 0 | 0 | 0 | 2 | 1 | 0 | 4 | 2 | 0 | 0 | 1 | 1 | 1 | 0 | 0 | 0 | 0 | 0 | 0 | 0 | 0 | 0 | 0 |
236 | Hoppa, Gregory Vincent | THE UNIVERSITY OF ARIZONA | 1998 | male | 1 | 6 | 2001 | 4 | 24 | 2009 | 0 | 0 | 0 | 0 | 0 | 1 | 3 | 1 | 2 | 0 | 0 | 0 | 0 | 0 | 0 | 0 | 0 | 0 | 0 | 0 | 0 | 0 | 0 | 0 |  0 | 0 | 0 | 0 | 0 | 4 | 6 | 7 | 2 | 3 | 2 | 1 | 1 | 0 | 1 | 0 | 1 | 0 | 0 | 0 | 0 | 0 | 0 | 0 |
237 | Kupe, Renate | UNIVERSITY OF HAWAII | 1998 | female | 1 | 0 | 1998 | 1 | 0 | 1998 | 0 | 0 | 0 | 0 | 0 | 1 | 0 | 0 | 0 | 0 | 0 | 0 | 0 | 0 | 0 | 0 | 0 | 0 | 0 | 0 | 0 | 0 | 0 | 0 |  0 | 0 | 0 | 0 | 0 | 1 | 0 | 0 | 0 | 0 | 0 | 0 | 0 | 0 | 0 | 0 | 0 | 0 | 0 | 0 | 0 | 0 | 0 | 0 |
238 | Lipman, Everett Arthur | UNIVERSITY OF CALIFORNIA, BERKELEY | 1998 | male | 1 | 1 | 2000 | 4 | 3 | 2000 | 0 | 0 | 0 | 0 | 0 | 1 | 0 | 1 | 0 | 0 | 0 | 0 | 0 | 0 | 0 | 0 | 0 | 0 | 0 | 0 | 0 | 0 | 0 | 0 |  0 | 0 | 0 | 0 | 3 | 1 | 0 | 3 | 0 | 0 | 0 | 0 | 0 | 0 | 0 | 0 | 0 | 0 | 0 | 0 | 0 | 0 | 0 | 0 |
239 | Messinger, David W. | RENSSELAER POLYTECHNIC INSTITUTE | 1998 | male | 2 | 0 | 1998 | 4 | 0 | 1998 | 0 | 0 | 0 | 0 | 1 | 1 | 0 | 0 | 0 | 0 | 0 | 0 | 0 | 0 | 0 | 0 | 0 | 0 | 0 | 0 | 0 | 0 | 0 | 0 |  0 | 0 | 1 | 1 | 1 | 1 | 0 | 0 | 0 | 0 | 0 | 0 | 0 | 0 | 0 | 0 | 0 | 0 | 0 | 0 | 0 | 0 | 0 | 0 |
240 | Popowski, Piotr Andrzej | THE OHIO STATE UNIVERSITY | 1998 | male | 4 | 7 | 2005 | 8 | 35 | 2008 | 0 | 0 | 0 | 0 | 0 | 4 | 1 | 1 | 1 | 1 | 1 | 1 | 1 | 0 | 0 | 0 | 0 | 0 | 0 | 0 | 0 | 0 | 0 | 0 |  0 | 0 | 0 | 0 | 0 | 8 | 3 | 9 | 11 | 3 | 3 | 3 | 2 | 0 | 0 | 1 | 0 | 0 | 0 | 0 | 0 | 0 | 0 | 0 |
241 | Warren, John Kennedy | UNIVERSITY OF CALIFORNIA, BERKELEY | 1998 | male | 4 | 2 | 2010 | 9 | 9 | 2012 | 1 | 0 | 2 | 0 | 0 | 1 | 0 | 1 | 0 | 0 | 0 | 0 | 0 | 0 | 0 | 0 | 0 | 1 | 0 | 0 | 0 | 0 | 0 | 0 |  3 | 0 | 5 | 0 | 0 | 1 | 1 | 2 | 2 | 1 | 0 | 0 | 0 | 0 | 0 | 0 | 0 | 1 | 1 | 1 | 0 | 0 | 0 | 0 |
242 | Case, Gary Lee, II | UNIVERSITY OF CALIFORNIA, RIVERSIDE | 1998 | male | 3 | 5 | 2011 | 7 | 21 | 2014 | 0 | 0 | 0 | 1 | 0 | 2 | 1 | 0 | 1 | 0 | 0 | 0 | 1 | 1 | 0 | 0 | 0 | 0 | 1 | 0 | 0 | 0 | 0 | 0 |  0 | 1 | 2 | 2 | 0 | 2 | 1 | 0 | 2 | 0 | 2 | 0 | 3 | 2 | 0 | 1 | 1 | 0 | 4 | 2 | 2 | 1 | 0 | 0 |
243 | D'Cruz, Noella Lambert | UNIVERSITY OF VIRGINIA | 1998 | female | 4 | 2 | 2000 | 5 | 3 | 2000 | 0 | 0 | 0 | 1 | 0 | 3 | 0 | 2 | 0 | 0 | 0 | 0 | 0 | 0 | 0 | 0 | 0 | 0 | 0 | 0 | 0 | 0 | 0 | 0 |  0 | 0 | 0 | 1 | 0 | 4 | 0 | 3 | 0 | 0 | 0 | 0 | 0 | 0 | 0 | 0 | 0 | 0 | 0 | 0 | 0 | 0 | 0 | 0 |
244 | Gerakines, Perry Alexander | RENSSELAER POLYTECHNIC INSTITUTE | 1998 | male | 5 | 12 | 2015 | 22 | 36 | 2016 | 0 | 0 | 3 | 1 | 0 | 1 | 2 | 1 | 2 | 0 | 0 | 1 | 1 | 0 | 0 | 0 | 0 | 0 | 0 | 1 | 1 | 0 | 3 | 0 |  0 | 2 | 6 | 7 | 3 | 4 | 5 | 3 | 7 | 0 | 0 | 1 | 2 | 1 | 1 | 1 | 3 | 0 | 1 | 2 | 2 | 2 | 4 | 1 |
245 | Jurcevic, John S. | INDIANA UNIVERSITY | 1998 | male | 2 | 1 | 2000 | 4 | 3 | 2000 | 0 | 1 | 0 | 0 | 0 | 1 | 0 | 1 | 0 | 0 | 0 | 0 | 0 | 0 | 0 | 0 | 0 | 0 | 0 | 0 | 0 | 0 | 0 | 0 |  1 | 1 | 0 | 0 | 1 | 1 | 0 | 3 | 0 | 0 | 0 | 0 | 0 | 0 | 0 | 0 | 0 | 0 | 0 | 0 | 0 | 0 | 0 | 0 |
246 | Lee, Wo-Lung | THE UNIVERSITY OF ARIZONA | 1998 | male | 1 | 2 | 2007 | 31 | 11 | 2016 | 0 | 0 | 0 | 0 | 0 | 1 | 0 | 0 | 1 | 0 | 0 | 0 | 0 | 0 | 1 | 0 | 0 | 0 | 0 | 0 | 0 | 0 | 0 | 0 |  6 | 1 | 7 | 0 | 16 | 1 | 2 | 2 | 3 | 1 | 0 | 0 | 1 | 0 | 1 | 0 | 0 | 0 | 0 | 0 | 0 | 0 | 0 | 1 |
247 | Brown, Beth Anne | THE UNIVERSITY OF MICHIGAN | 1998 | female | 6 | 6 | 2009 | 16 | 52 | 2017 | 1 | 0 | 0 | 1 | 1 | 3 | 0 | 1 | 1 | 1 | 1 | 0 | 0 | 0 | 0 | 1 | 1 | 0 | 0 | 0 | 0 | 0 | 0 | 0 |  2 | 2 | 3 | 1 | 2 | 6 | 1 | 3 | 2 | 2 | 6 | 2 | 1 | 4 | 0 | 4 | 2 | 4 | 4 | 4 | 1 | 4 | 3 | 4 |
248 | Desch, Steven Joseph | UNIVERSITY OF ILLINOIS AT URBANA-CHAMPAIGN | 1998 | male | 3 | 18 | 2017 | 3 | 59 | 2017 | 0 | 0 | 0 | 0 | 1 | 2 | 0 | 1 | 1 | 2 | 0 | 2 | 0 | 1 | 1 | 1 | 1 | 1 | 0 | 1 | 0 | 1 | 3 | 0 |  0 | 0 | 0 | 0 | 1 | 2 | 0 | 2 | 1 | 4 | 0 | 4 | 0 | 1 | 5 | 4 | 8 | 5 | 1 | 3 | 2 | 5 | 8 | 3 |
249 | Gomez, Percy Luis | NEW MEXICO STATE UNIVERSITY | 1998 | male | 2 | 0 | 1998 | 5 | 25 | 2015 | 0 | 0 | 0 | 0 | 1 | 1 | 0 | 0 | 0 | 0 | 0 | 0 | 0 | 0 | 0 | 0 | 0 | 0 | 0 | 0 | 0 | 0 | 0 | 0 |  0 | 0 | 1 | 0 | 3 | 1 | 0 | 3 | 0 | 4 | 6 | 1 | 0 | 0 | 1 | 4 | 1 | 1 | 0 | 1 | 1 | 0 | 2 | 0 |
250 | Lambert, Hendrick Clark | UNIVERSITY OF CALIFORNIA, SAN DIEGO | 1998 | male | 1 | 2 | 2000 | 1 | 2 | 2000 | 0 | 0 | 0 | 0 | 0 | 1 | 1 | 1 | 0 | 0 | 0 | 0 | 0 | 0 | 0 | 0 | 0 | 0 | 0 | 0 | 0 | 0 | 0 | 0 |  0 | 0 | 0 | 0 | 0 | 1 | 1 | 1 | 0 | 0 | 0 | 0 | 0 | 0 | 0 | 0 | 0 | 0 | 0 | 0 | 0 | 0 | 0 | 0 |
251 | Maciejewski, Witold | THE UNIVERSITY OF WISCONSIN - MADISON | 1998 | male | 5 | 16 | 2012 | 5 | 38 | 2017 | 1 | 0 | 0 | 2 | 1 | 1 | 2 | 1 | 1 | 2 | 1 | 3 | 0 | 1 | 1 | 2 | 0 | 1 | 0 | 1 | 0 | 0 | 0 | 0 |  1 | 0 | 0 | 2 | 1 | 1 | 4 | 1 | 1 | 3 | 3 | 4 | 3 | 2 | 3 | 2 | 1 | 1 | 1 | 2 | 2 | 2 | 1 | 1 |
252 | Park, Sangwook | PURDUE UNIVERSITY | 1998 | male | 7 | 39 | 2017 | 10 | 124 | 2017 | 0 | 0 | 0 | 1 | 3 | 3 | 1 | 0 | 1 | 3 | 4 | 7 | 3 | 2 | 3 | 2 | 3 | 3 | 1 | 3 | 1 | 0 | 0 | 1 |  1 | 0 | 0 | 2 | 3 | 4 | 3 | 1 | 1 | 6 | 8 | 8 | 6 | 6 | 6 | 8 | 12 | 11 | 6 | 12 | 4 | 8 | 6 | 8 |
253 | Delabrouille, Jacques H. | THE UNIVERSITY OF CHICAGO | 1998 | male | 3 | 10 | 2013 | 4 | 192 | 2017 | 0 | 0 | 0 | 0 | 0 | 3 | 0 | 1 | 1 | 1 | 2 | 2 | 0 | 0 | 0 | 0 | 2 | 0 | 0 | 0 | 1 | 0 | 0 | 0 |  0 | 0 | 0 | 0 | 0 | 4 | 2 | 6 | 1 | 2 | 5 | 3 | 6 | 1 | 2 | 4 | 3 | 4 | 29 | 3 | 18 | 37 | 15 | 49 |
254 | Kepner, Jeremy Victor | PRINCETON UNIVERSITY | 1998 | male | 4 | 3 | 1999 | 5 | 5 | 2002 | 1 | 0 | 0 | 0 | 2 | 1 | 3 | 0 | 0 | 0 | 0 | 0 | 0 | 0 | 0 | 0 | 0 | 0 | 0 | 0 | 0 | 0 | 0 | 0 |  1 | 0 | 1 | 0 | 2 | 1 | 3 | 1 | 0 | 1 | 0 | 0 | 0 | 0 | 0 | 0 | 0 | 0 | 0 | 0 | 0 | 0 | 0 | 0 |
255 | Wang, Hanguo | UNIVERSITY OF CALIFORNIA, LOS ANGELES | 1998 | male | 14 | 43 | 2017 | 58 | 395 | 2017 | 2 | 4 | 2 | 3 | 0 | 3 | 0 | 1 | 0 | 2 | 2 | 1 | 4 | 1 | 3 | 6 | 2 | 2 | 2 | 5 | 1 | 5 | 1 | 4 |  16 | 10 | 13 | 9 | 6 | 4 | 7 | 13 | 25 | 9 | 23 | 8 | 30 | 13 | 18 | 26 | 12 | 15 | 30 | 26 | 26 | 29 | 23 | 43 |
256 | Young, Todd Scott | THE UNIVERSITY OF NEBRASKA - LINCOLN | 1998 | male | 1 | 2 | 2014 | 3 | 3 | 2014 | 0 | 0 | 0 | 0 | 0 | 1 | 0 | 0 | 0 | 0 | 0 | 0 | 0 | 0 | 0 | 0 | 0 | 0 | 0 | 0 | 1 | 1 | 0 | 0 |  1 | 0 | 0 | 0 | 1 | 1 | 0 | 1 | 0 | 0 | 0 | 0 | 0 | 0 | 0 | 0 | 0 | 0 | 0 | 0 | 1 | 1 | 0 | 0 |
257 | Cawley, Laura Joan | THE PENNSYLVANIA STATE UNIVERSITY | 1998 | female | 1 | 0 | 1998 | 1 | 0 | 1998 | 0 | 0 | 0 | 0 | 0 | 1 | 0 | 0 | 0 | 0 | 0 | 0 | 0 | 0 | 0 | 0 | 0 | 0 | 0 | 0 | 0 | 0 | 0 | 0 |  0 | 0 | 0 | 0 | 0 | 1 | 0 | 0 | 0 | 0 | 0 | 0 | 0 | 0 | 0 | 0 | 0 | 0 | 0 | 0 | 0 | 0 | 0 | 0 |
258 | Nayakshin, Sergei Victor | THE UNIVERSITY OF ARIZONA | 1998 | male | 4 | 49 | 2017 | 5 | 91 | 2017 | 0 | 0 | 0 | 0 | 2 | 2 | 0 | 4 | 5 | 1 | 1 | 2 | 4 | 2 | 4 | 0 | 2 | 3 | 4 | 5 | 3 | 3 | 4 | 1 |  0 | 0 | 0 | 1 | 2 | 2 | 0 | 4 | 9 | 1 | 3 | 2 | 5 | 6 | 6 | 1 | 5 | 5 | 10 | 10 | 8 | 6 | 6 | 3 |
259 | Leitch, Erik M. | CALIFORNIA INSTITUTE OF TECHNOLOGY | 1998 | male | 3 | 5 | 2013 | 5 | 138 | 2016 | 0 | 0 | 0 | 0 | 1 | 2 | 0 | 1 | 0 | 2 | 0 | 0 | 1 | 0 | 0 | 0 | 0 | 0 | 0 | 0 | 1 | 0 | 0 | 0 |  0 | 0 | 1 | 0 | 2 | 2 | 1 | 2 | 1 | 5 | 3 | 2 | 1 | 0 | 1 | 3 | 9 | 17 | 13 | 15 | 17 | 14 | 25 | 9 |
260 | O'Brien, Michael Sean | IOWA STATE UNIVERSITY | 1998 | male | 8 | 5 | 2003 | 15 | 28 | 2009 | 0 | 1 | 1 | 2 | 1 | 3 | 0 | 3 | 1 | 0 | 1 | 0 | 0 | 0 | 0 | 0 | 0 | 0 | 0 | 0 | 0 | 0 | 0 | 0 |  0 | 1 | 3 | 3 | 2 | 6 | 0 | 7 | 2 | 2 | 5 | 3 | 2 | 2 | 1 | 3 | 1 | 0 | 0 | 0 | 0 | 0 | 0 | 0 |
261 | Pahre, Michael Andrew | CALIFORNIA INSTITUTE OF TECHNOLOGY | 1998 | male | 8 | 5 | 2004 | 19 | 37 | 2012 | 0 | 1 | 2 | 1 | 0 | 4 | 2 | 0 | 1 | 0 | 0 | 2 | 0 | 0 | 0 | 0 | 0 | 0 | 0 | 0 | 0 | 0 | 0 | 0 |  0 | 1 | 4 | 3 | 5 | 6 | 6 | 2 | 3 | 0 | 1 | 9 | 1 | 7 | 3 | 3 | 1 | 0 | 0 | 1 | 0 | 0 | 0 | 0 |
262 | Cyr, Kimberly Ellen | THE UNIVERSITY OF ARIZONA | 1998 | female | 3 | 1 | 1999 | 3 | 2 | 2000 | 1 | 0 | 0 | 0 | 0 | 2 | 1 | 0 | 0 | 0 | 0 | 0 | 0 | 0 | 0 | 0 | 0 | 0 | 0 | 0 | 0 | 0 | 0 | 0 |  1 | 0 | 0 | 0 | 0 | 2 | 1 | 1 | 0 | 0 | 0 | 0 | 0 | 0 | 0 | 0 | 0 | 0 | 0 | 0 | 0 | 0 | 0 | 0 |
263 | Chotoo, Kancham | UNIVERSITY OF MARYLAND COLLEGE PARK | 1998 | male | 2 | 1 | 2000 | 2 | 1 | 2000 | 0 | 0 | 0 | 0 | 0 | 2 | 0 | 1 | 0 | 0 | 0 | 0 | 0 | 0 | 0 | 0 | 0 | 0 | 0 | 0 | 0 | 0 | 0 | 0 |  0 | 0 | 0 | 0 | 0 | 2 | 0 | 1 | 0 | 0 | 0 | 0 | 0 | 0 | 0 | 0 | 0 | 0 | 0 | 0 | 0 | 0 | 0 | 0 |
264 | Dohm-Palmer, Robbie Christopher | UNIVERSITY OF MINNESOTA | 1998 | male | 6 | 4 | 2002 | 8 | 16 | 2009 | 0 | 0 | 0 | 1 | 2 | 3 | 0 | 1 | 1 | 2 | 0 | 0 | 0 | 0 | 0 | 0 | 0 | 0 | 0 | 0 | 0 | 0 | 0 | 0 |  0 | 0 | 0 | 1 | 2 | 5 | 0 | 2 | 4 | 3 | 6 | 0 | 0 | 0 | 0 | 0 | 1 | 0 | 0 | 0 | 0 | 0 | 0 | 0 |
265 | Gregersen, Erik Michael | THE UNIVERSITY OF TEXAS AT AUSTIN | 1998 | male | 2 | 3 | 2001 | 4 | 13 | 2003 | 0 | 0 | 0 | 0 | 1 | 1 | 0 | 2 | 1 | 0 | 0 | 0 | 0 | 0 | 0 | 0 | 0 | 0 | 0 | 0 | 0 | 0 | 0 | 0 |  0 | 0 | 1 | 0 | 2 | 1 | 0 | 5 | 1 | 0 | 7 | 0 | 0 | 0 | 0 | 0 | 0 | 0 | 0 | 0 | 0 | 0 | 0 | 0 |
266 | Hsu, Chia-Ming | UNIVERSITY OF CALIFORNIA, SANTA BARBARA | 1998 | male | 2 | 0 | 1998 | 2 | 7 | 2016 | 0 | 0 | 0 | 0 | 0 | 2 | 0 | 0 | 0 | 0 | 0 | 0 | 0 | 0 | 0 | 0 | 0 | 0 | 0 | 0 | 0 | 0 | 0 | 0 |  0 | 0 | 0 | 0 | 0 | 2 | 0 | 0 | 0 | 0 | 0 | 0 | 0 | 0 | 3 | 2 | 0 | 0 | 0 | 0 | 0 | 0 | 1 | 1 |
267 | Mills, Franklin Perry | CALIFORNIA INSTITUTE OF TECHNOLOGY | 1998 | male | 2 | 5 | 2007 | 4 | 20 | 2017 | 0 | 1 | 0 | 0 | 0 | 1 | 2 | 1 | 0 | 1 | 0 | 0 | 0 | 0 | 1 | 0 | 0 | 0 | 0 | 0 | 0 | 0 | 0 | 0 |  1 | 1 | 0 | 1 | 0 | 1 | 2 | 1 | 0 | 1 | 0 | 1 | 1 | 0 | 1 | 1 | 4 | 2 | 0 | 2 | 0 | 0 | 2 | 0 |
268 | Hunsberger, Sally D. | THE PENNSYLVANIA STATE UNIVERSITY | 1998 | female | 3 | 0 | 1998 | 3 | 21 | 2011 | 0 | 0 | 0 | 1 | 0 | 2 | 0 | 0 | 0 | 0 | 0 | 0 | 0 | 0 | 0 | 0 | 0 | 0 | 0 | 0 | 0 | 0 | 0 | 0 |  0 | 0 | 0 | 1 | 0 | 2 | 0 | 1 | 1 | 1 | 1 | 1 | 4 | 4 | 4 | 1 | 2 | 0 | 1 | 0 | 0 | 0 | 0 | 0 |
269 | Loomba, Dinesh | BOSTON UNIVERSITY | 1998 | male | 1 | 1 | 2000 | 3 | 18 | 2017 | 0 | 0 | 0 | 0 | 0 | 1 | 0 | 1 | 0 | 0 | 0 | 0 | 0 | 0 | 0 | 0 | 0 | 0 | 0 | 0 | 0 | 0 | 0 | 0 |  0 | 0 | 2 | 0 | 0 | 1 | 0 | 3 | 1 | 0 | 0 | 0 | 0 | 0 | 2 | 0 | 2 | 1 | 0 | 1 | 0 | 2 | 2 | 3 |
270 | Cormier, Daniel | CARNEGIE-MELLON UNIVERSITY | 1998 | male | 1 | 10 | 2017 | 4 | 57 | 2017 | 0 | 0 | 0 | 0 | 0 | 1 | 1 | 2 | 0 | 1 | 0 | 0 | 0 | 0 | 0 | 0 | 0 | 1 | 0 | 1 | 0 | 1 | 1 | 1 |  0 | 0 | 0 | 0 | 2 | 2 | 1 | 2 | 0 | 1 | 1 | 0 | 0 | 0 | 0 | 0 | 0 | 14 | 0 | 5 | 9 | 7 | 9 | 5 |
271 | Tsitas, Steven Ronald | CALIFORNIA INSTITUTE OF TECHNOLOGY | 1998 | male | 2 | 0 | 1998 | 2 | 0 | 1998 | 0 | 0 | 0 | 1 | 0 | 1 | 0 | 0 | 0 | 0 | 0 | 0 | 0 | 0 | 0 | 0 | 0 | 0 | 0 | 0 | 0 | 0 | 0 | 0 |  0 | 0 | 0 | 1 | 0 | 1 | 0 | 0 | 0 | 0 | 0 | 0 | 0 | 0 | 0 | 0 | 0 | 0 | 0 | 0 | 0 | 0 | 0 | 0 |
272 | Weinberger, Alycia J. | CALIFORNIA INSTITUTE OF TECHNOLOGY | 1998 | female | 1 | 13 | 2016 | 9 | 82 | 2017 | 0 | 0 | 0 | 0 | 0 | 1 | 2 | 1 | 0 | 1 | 1 | 1 | 1 | 0 | 0 | 1 | 0 | 0 | 1 | 0 | 2 | 0 | 1 | 1 |  0 | 1 | 3 | 1 | 2 | 2 | 4 | 3 | 2 | 4 | 3 | 2 | 6 | 3 | 2 | 7 | 3 | 2 | 3 | 5 | 5 | 7 | 10 | 9 |
273 | Looney, Leslie Wayne | UNIVERSITY OF MARYLAND COLLEGE PARK | 1998 | female | 2 | 7 | 2007 | 7 | 79 | 2017 | 0 | 0 | 0 | 0 | 1 | 1 | 0 | 2 | 0 | 0 | 2 | 0 | 0 | 2 | 1 | 0 | 0 | 0 | 0 | 0 | 0 | 0 | 0 | 0 |  0 | 0 | 3 | 2 | 1 | 1 | 0 | 3 | 2 | 1 | 2 | 0 | 2 | 6 | 4 | 6 | 3 | 4 | 8 | 5 | 8 | 8 | 9 | 7 |
274 | Morgan, David Lee | THE COLLEGE OF WILLIAM AND MARY | 1998 | male | 1 | 1 | 2017 | 2 | 13 | 2017 | 0 | 0 | 0 | 0 | 0 | 1 | 0 | 0 | 0 | 0 | 0 | 0 | 0 | 0 | 0 | 0 | 0 | 0 | 0 | 0 | 0 | 0 | 0 | 0 |  0 | 0 | 0 | 0 | 0 | 2 | 0 | 1 | 0 | 0 | 0 | 0 | 1 | 0 | 0 | 0 | 2 | 0 | 0 | 1 | 3 | 1 | 2 | 1 |
275 | Williams, Daniel Leroy | CALIFORNIA INSTITUTE OF TECHNOLOGY | 1998 | male | 3 | 2 | 2013 | 4 | 36 | 2017 | 0 | 0 | 1 | 0 | 0 | 2 | 0 | 0 | 0 | 1 | 0 | 0 | 0 | 0 | 0 | 0 | 0 | 0 | 0 | 0 | 1 | 0 | 0 | 0 |  0 | 0 | 1 | 0 | 1 | 2 | 0 | 0 | 0 | 1 | 0 | 2 | 3 | 15 | 1 | 1 | 1 | 1 | 0 | 1 | 1 | 1 | 0 | 2 |
276 | Griffith, Laura Lee | WASHINGTON UNIVERSITY | 1998 | female | 4 | 0 | 1998 | 5 | 0 | 1998 | 0 | 0 | 1 | 0 | 1 | 2 | 0 | 0 | 0 | 0 | 0 | 0 | 0 | 0 | 0 | 0 | 0 | 0 | 0 | 0 | 0 | 0 | 0 | 0 |  1 | 0 | 1 | 0 | 1 | 2 | 0 | 0 | 0 | 0 | 0 | 0 | 0 | 0 | 0 | 0 | 0 | 0 | 0 | 0 | 0 | 0 | 0 | 0 |
277 | Wachter, Stefanie | UNIVERSITY OF WASHINGTON | 1998 | female | 6 | 9 | 2011 | 12 | 75 | 2017 | 0 | 0 | 0 | 1 | 2 | 3 | 0 | 1 | 0 | 1 | 1 | 1 | 1 | 0 | 1 | 1 | 0 | 1 | 1 | 0 | 0 | 0 | 0 | 0 |  0 | 1 | 1 | 3 | 3 | 4 | 2 | 1 | 2 | 5 | 3 | 10 | 3 | 5 | 9 | 3 | 4 | 11 | 7 | 5 | 1 | 3 | 0 | 0 |
278 | Yang, Tom | UNIVERSITY OF CALIFORNIA, SANTA CRUZ | 1998 | male | 5 | 7 | 2016 | 37 | 33 | 2016 | 1 | 0 | 0 | 2 | 0 | 2 | 1 | 1 | 0 | 1 | 0 | 0 | 1 | 0 | 0 | 1 | 0 | 0 | 0 | 0 | 0 | 0 | 1 | 1 |  12 | 5 | 10 | 3 | 4 | 3 | 3 | 3 | 1 | 1 | 3 | 0 | 1 | 1 | 2 | 2 | 5 | 1 | 2 | 3 | 0 | 3 | 1 | 1 |
279 | Zaerpoor, Koorosh | OREGON STATE UNIVERSITY | 1998 | male | 3 | 2 | 1999 | 5 | 2 | 1999 | 0 | 0 | 0 | 0 | 1 | 2 | 2 | 0 | 0 | 0 | 0 | 0 | 0 | 0 | 0 | 0 | 0 | 0 | 0 | 0 | 0 | 0 | 0 | 0 |  0 | 0 | 0 | 0 | 3 | 2 | 2 | 0 | 0 | 0 | 0 | 0 | 0 | 0 | 0 | 0 | 0 | 0 | 0 | 0 | 0 | 0 | 0 | 0 |
280 | Dasgupta, Indranil | BOSTON UNIVERSITY | 1998 | male | 4 | 0 | 1998 | 5 | 0 | 1998 | 0 | 0 | 0 | 0 | 3 | 1 | 0 | 0 | 0 | 0 | 0 | 0 | 0 | 0 | 0 | 0 | 0 | 0 | 0 | 0 | 0 | 0 | 0 | 0 |  0 | 0 | 0 | 1 | 3 | 1 | 0 | 0 | 0 | 0 | 0 | 0 | 0 | 0 | 0 | 0 | 0 | 0 | 0 | 0 | 0 | 0 | 0 | 0 |
281 | Rector, Travis Arthur | UNIVERSITY OF COLORADO AT BOULDER | 1998 | male | 2 | 12 | 2017 | 4 | 34 | 2017 | 0 | 0 | 1 | 0 | 0 | 1 | 1 | 1 | 2 | 1 | 3 | 1 | 0 | 0 | 1 | 0 | 0 | 0 | 0 | 0 | 1 | 0 | 0 | 0 |  0 | 0 | 1 | 0 | 1 | 2 | 4 | 1 | 2 | 3 | 3 | 4 | 2 | 1 | 4 | 2 | 0 | 0 | 0 | 0 | 5 | 1 | 1 | 0 |
282 | Dave, Romeel S. | UNIVERSITY OF CALIFORNIA, SANTA CRUZ | 1998 | male | 2 | 0 | 1998 | 3 | 14 | 2010 | 0 | 0 | 0 | 0 | 1 | 1 | 0 | 0 | 0 | 0 | 0 | 0 | 0 | 0 | 0 | 0 | 0 | 0 | 0 | 0 | 0 | 0 | 0 | 0 |  0 | 0 | 0 | 0 | 1 | 2 | 1 | 0 | 0 | 0 | 2 | 0 | 0 | 2 | 0 | 2 | 4 | 3 | 0 | 0 | 0 | 0 | 0 | 0 |
283 | Esin, Ann Aidle | HARVARD UNIVERSITY | 1998 | female | 6 | 5 | 2001 | 7 | 14 | 2015 | 0 | 0 | 0 | 1 | 2 | 3 | 1 | 3 | 1 | 0 | 0 | 0 | 0 | 0 | 0 | 0 | 0 | 0 | 0 | 0 | 0 | 0 | 0 | 0 |  0 | 0 | 1 | 1 | 2 | 3 | 4 | 3 | 2 | 0 | 0 | 1 | 1 | 0 | 1 | 1 | 0 | 0 | 0 | 0 | 0 | 0 | 1 | 0 |
284 | Fischer, Debra Ann | UNIVERSITY OF CALIFORNIA, SANTA CRUZ | 1998 | female | 3 | 20 | 2016 | 10 | 265 | 2017 | 0 | 0 | 0 | 1 | 1 | 1 | 1 | 0 | 1 | 2 | 2 | 0 | 2 | 1 | 1 | 2 | 1 | 0 | 0 | 3 | 1 | 2 | 0 | 1 |  0 | 0 | 0 | 3 | 3 | 4 | 5 | 6 | 4 | 9 | 7 | 3 | 13 | 15 | 16 | 14 | 15 | 22 | 24 | 22 | 24 | 17 | 22 | 21 |
285 | Geller, Robert Maurice | UNIVERSITY OF CALIFORNIA, SANTA BARBARA | 1998 | male | 1 | 1 | 2000 | 2 | 1 | 2000 | 0 | 0 | 0 | 0 | 0 | 1 | 0 | 1 | 0 | 0 | 0 | 0 | 0 | 0 | 0 | 0 | 0 | 0 | 0 | 0 | 0 | 0 | 0 | 0 |  0 | 0 | 0 | 1 | 0 | 1 | 0 | 1 | 0 | 0 | 0 | 0 | 0 | 0 | 0 | 0 | 0 | 0 | 0 | 0 | 0 | 0 | 0 | 0 |
286 | Hammergren, Mark | UNIVERSITY OF WASHINGTON | 1998 | male | 1 | 0 | 1998 | 5 | 3 | 2012 | 0 | 0 | 0 | 0 | 0 | 1 | 0 | 0 | 0 | 0 | 0 | 0 | 0 | 0 | 0 | 0 | 0 | 0 | 0 | 0 | 0 | 0 | 0 | 0 |  0 | 0 | 1 | 0 | 3 | 1 | 0 | 0 | 1 | 0 | 0 | 0 | 0 | 0 | 0 | 0 | 0 | 1 | 0 | 1 | 0 | 0 | 0 | 0 |
287 | Jones, Lewis Alexander | THE UNIVERSITY OF NORTH CAROLINA AT CHAPEL HILL | 1998 | male | 3 | 2 | 2001 | 5 | 33 | 2013 | 0 | 0 | 1 | 0 | 0 | 2 | 0 | 1 | 1 | 0 | 0 | 0 | 0 | 0 | 0 | 0 | 0 | 0 | 0 | 0 | 0 | 0 | 0 | 0 |  0 | 0 | 1 | 2 | 0 | 2 | 1 | 1 | 1 | 1 | 0 | 8 | 11 | 3 | 2 | 1 | 0 | 1 | 0 | 1 | 2 | 0 | 0 | 0 |
288 | Kappadath, Srinivas Cheenu | UNIVERSITY OF NEW HAMPSHIRE | 1998 | male | 3 | 0 | 1998 | 6 | 5 | 2002 | 0 | 0 | 1 | 1 | 0 | 1 | 0 | 0 | 0 | 0 | 0 | 0 | 0 | 0 | 0 | 0 | 0 | 0 | 0 | 0 | 0 | 0 | 0 | 0 |  0 | 0 | 1 | 3 | 0 | 2 | 2 | 1 | 1 | 1 | 0 | 0 | 0 | 0 | 0 | 0 | 0 | 0 | 0 | 0 | 0 | 0 | 0 | 0 |
289 | Majmudar, Deepa Paresh | COLUMBIA UNIVERSITY | 1998 | female | 1 | 0 | 1998 | 1 | 0 | 1998 | 0 | 0 | 0 | 0 | 0 | 1 | 0 | 0 | 0 | 0 | 0 | 0 | 0 | 0 | 0 | 0 | 0 | 0 | 0 | 0 | 0 | 0 | 0 | 0 |  0 | 0 | 0 | 0 | 0 | 1 | 0 | 0 | 0 | 0 | 0 | 0 | 0 | 0 | 0 | 0 | 0 | 0 | 0 | 0 | 0 | 0 | 0 | 0 |
290 | Ge, Jian | THE UNIVERSITY OF ARIZONA | 1998 | male | 4 | 10 | 2016 | 9 | 123 | 2017 | 0 | 0 | 0 | 0 | 3 | 1 | 0 | 0 | 1 | 3 | 1 | 0 | 0 | 1 | 0 | 0 | 0 | 0 | 1 | 0 | 0 | 1 | 0 | 2 |  1 | 1 | 2 | 1 | 3 | 1 | 0 | 0 | 2 | 5 | 2 | 9 | 2 | 3 | 2 | 4 | 4 | 9 | 9 | 10 | 15 | 11 | 15 | 14 |
291 | Immel, Thomas Jerome | UNIVERSITY OF ALASKA FAIRBANKS | 1998 | male | 2 | 14 | 2015 | 3 | 78 | 2017 | 0 | 0 | 0 | 0 | 1 | 1 | 0 | 1 | 1 | 1 | 2 | 1 | 3 | 2 | 0 | 0 | 1 | 0 | 0 | 0 | 1 | 0 | 1 | 0 |  0 | 1 | 0 | 0 | 1 | 1 | 0 | 1 | 3 | 6 | 11 | 9 | 13 | 9 | 4 | 1 | 2 | 4 | 1 | 3 | 3 | 1 | 2 | 2 |
292 | Nayfonov, Alan | UNIVERSITY OF SOUTHERN CALIFORNIA | 1998 | male | 2 | 1 | 1999 | 3 | 6 | 2002 | 0 | 0 | 0 | 0 | 0 | 2 | 1 | 0 | 0 | 0 | 0 | 0 | 0 | 0 | 0 | 0 | 0 | 0 | 0 | 0 | 0 | 0 | 0 | 0 |  0 | 0 | 0 | 0 | 0 | 3 | 3 | 1 | 1 | 1 | 0 | 0 | 0 | 0 | 0 | 0 | 0 | 0 | 0 | 0 | 0 | 0 | 0 | 0 |
293 | Ogle, Patrick Michael | CALIFORNIA INSTITUTE OF TECHNOLOGY | 1998 | male | 2 | 13 | 2016 | 7 | 69 | 2017 | 0 | 0 | 0 | 0 | 1 | 1 | 1 | 1 | 0 | 0 | 1 | 1 | 1 | 2 | 1 | 0 | 0 | 1 | 1 | 1 | 0 | 1 | 0 | 1 |  0 | 0 | 2 | 1 | 2 | 2 | 2 | 2 | 2 | 0 | 2 | 3 | 2 | 3 | 5 | 3 | 5 | 8 | 1 | 6 | 7 | 6 | 7 | 3 |
294 | Vasavada, Ashwin R. | CALIFORNIA INSTITUTE OF TECHNOLOGY | 1998 | male | 3 | 9 | 2017 | 8 | 86 | 2017 | 1 | 0 | 0 | 0 | 0 | 2 | 2 | 1 | 0 | 0 | 0 | 0 | 1 | 1 | 0 | 0 | 0 | 0 | 0 | 2 | 0 | 1 | 0 | 0 |  1 | 0 | 0 | 1 | 0 | 6 | 6 | 4 | 0 | 1 | 1 | 2 | 5 | 6 | 1 | 2 | 1 | 6 | 4 | 6 | 10 | 14 | 4 | 6 |
295 | Xu, Jianjun | UNIVERSITY OF MARYLAND COLLEGE PARK | 1998 | male | 4 | 18 | 2016 | 10 | 71 | 2017 | 0 | 2 | 1 | 0 | 0 | 1 | 0 | 2 | 0 | 2 | 0 | 2 | 0 | 1 | 2 | 1 | 0 | 1 | 2 | 0 | 0 | 2 | 2 | 1 |  1 | 3 | 3 | 0 | 1 | 2 | 0 | 2 | 3 | 3 | 2 | 2 | 2 | 3 | 6 | 6 | 6 | 6 | 6 | 5 | 3 | 4 | 8 | 2 |
296 | Yen, Albert Shih-Yueh | CALIFORNIA INSTITUTE OF TECHNOLOGY | 1998 | male | 1 | 0 | 1998 | 1 | 49 | 2015 | 0 | 0 | 0 | 0 | 0 | 1 | 0 | 0 | 0 | 0 | 0 | 0 | 0 | 0 | 0 | 0 | 0 | 0 | 0 | 0 | 0 | 0 | 0 | 0 |  0 | 0 | 0 | 0 | 0 | 1 | 1 | 0 | 0 | 0 | 1 | 8 | 6 | 9 | 3 | 6 | 1 | 0 | 0 | 1 | 7 | 5 | 1 | 0 |
297 | Zapata Ramirez, Jose Antonio | THE PENNSYLVANIA STATE UNIVERSITY | 1998 | male | 1 | 0 | 1998 | 1 | 0 | 1998 | 0 | 0 | 0 | 0 | 0 | 1 | 0 | 0 | 0 | 0 | 0 | 0 | 0 | 0 | 0 | 0 | 0 | 0 | 0 | 0 | 0 | 0 | 0 | 0 |  0 | 0 | 0 | 0 | 0 | 1 | 0 | 0 | 0 | 0 | 0 | 0 | 0 | 0 | 0 | 0 | 0 | 0 | 0 | 0 | 0 | 0 | 0 | 0 |
298 | Akmal, Arya | UNIVERSITY OF ILLINOIS AT URBANA-CHAMPAIGN | 1998 | male | 3 | 1 | 2001 | 3 | 2 | 2001 | 0 | 0 | 0 | 0 | 1 | 2 | 0 | 0 | 1 | 0 | 0 | 0 | 0 | 0 | 0 | 0 | 0 | 0 | 0 | 0 | 0 | 0 | 0 | 0 |  0 | 0 | 0 | 0 | 1 | 2 | 0 | 1 | 1 | 0 | 0 | 0 | 0 | 0 | 0 | 0 | 0 | 0 | 0 | 0 | 0 | 0 | 0 | 0 |
299 | Barth, Aaron Jordan | UNIVERSITY OF CALIFORNIA, BERKELEY | 1998 | male | 6 | 27 | 2016 | 20 | 117 | 2017 | 0 | 0 | 1 | 2 | 1 | 2 | 3 | 1 | 2 | 2 | 3 | 2 | 1 | 0 | 2 | 2 | 1 | 0 | 2 | 0 | 1 | 1 | 1 | 3 |  0 | 1 | 4 | 7 | 4 | 4 | 6 | 5 | 4 | 6 | 6 | 4 | 2 | 5 | 5 | 11 | 6 | 6 | 8 | 6 | 6 | 6 | 9 | 7 |
300 | Manson, Neil Alan | SYRACUSE UNIVERSITY | 1998 | male | 1 | 0 | 1998 | 1 | 0 | 1998 | 0 | 0 | 0 | 0 | 0 | 1 | 0 | 0 | 0 | 0 | 0 | 0 | 0 | 0 | 0 | 0 | 0 | 0 | 0 | 0 | 0 | 0 | 0 | 0 |  0 | 0 | 0 | 0 | 0 | 1 | 0 | 0 | 0 | 0 | 0 | 0 | 0 | 0 | 0 | 0 | 0 | 0 | 0 | 0 | 0 | 0 | 0 | 0 |
301 | Dawson, Douglas Duane | THE UNIVERSITY OF ARIZONA | 1998 | male | 1 | 0 | 1998 | 3 | 8 | 2009 | 0 | 0 | 0 | 0 | 0 | 1 | 0 | 0 | 0 | 0 | 0 | 0 | 0 | 0 | 0 | 0 | 0 | 0 | 0 | 0 | 0 | 0 | 0 | 0 |  0 | 1 | 1 | 0 | 0 | 1 | 0 | 0 | 0 | 0 | 1 | 2 | 4 | 0 | 0 | 0 | 1 | 0 | 0 | 0 | 0 | 0 | 0 | 0 |
302 | Focke, Warren Bosworth | UNIVERSITY OF MARYLAND COLLEGE PARK | 1998 | male | 2 | 1 | 2005 | 4 | 154 | 2017 | 0 | 0 | 0 | 1 | 0 | 1 | 0 | 0 | 0 | 0 | 0 | 0 | 1 | 0 | 0 | 0 | 0 | 0 | 0 | 0 | 0 | 0 | 0 | 0 |  0 | 0 | 0 | 1 | 2 | 1 | 0 | 0 | 1 | 1 | 2 | 0 | 1 | 0 | 0 | 1 | 32 | 39 | 18 | 18 | 11 | 8 | 8 | 8 |
303 | George, Jeffrey Spencer | UNIVERSITY OF WASHINGTON | 1998 | male | 1 | 4 | 2009 | 7 | 72 | 2017 | 0 | 0 | 0 | 0 | 0 | 1 | 1 | 0 | 2 | 0 | 0 | 0 | 0 | 0 | 0 | 0 | 1 | 0 | 0 | 0 | 0 | 0 | 0 | 0 |  1 | 0 | 0 | 0 | 1 | 5 | 5 | 1 | 14 | 0 | 5 | 0 | 3 | 2 | 0 | 1 | 1 | 1 | 0 | 0 | 2 | 0 | 0 | 27 |
304 | Handy, Brian Neal | MONTANA STATE UNIVERSITY | 1998 | male | 2 | 3 | 2001 | 3 | 6 | 2001 | 0 | 0 | 0 | 0 | 0 | 2 | 2 | 0 | 1 | 0 | 0 | 0 | 0 | 0 | 0 | 0 | 0 | 0 | 0 | 0 | 0 | 0 | 0 | 0 |  0 | 0 | 0 | 0 | 0 | 3 | 4 | 0 | 2 | 0 | 0 | 0 | 0 | 0 | 0 | 0 | 0 | 0 | 0 | 0 | 0 | 0 | 0 | 0 |
305 | Nelson, Andrew Frederick | THE UNIVERSITY OF ARIZONA | 1998 | male | 3 | 8 | 2016 | 3 | 22 | 2016 | 0 | 0 | 0 | 0 | 0 | 3 | 0 | 2 | 0 | 0 | 2 | 0 | 0 | 1 | 0 | 0 | 1 | 0 | 0 | 0 | 1 | 0 | 0 | 1 |  0 | 0 | 0 | 0 | 0 | 3 | 1 | 2 | 0 | 0 | 2 | 0 | 0 | 1 | 1 | 2 | 4 | 0 | 0 | 0 | 2 | 2 | 3 | 2 |
306 | Oh, Dal Soo | THE UNIVERSITY OF IOWA | 1998 | male | 1 | 0 | 1998 | 1 | 1 | 2007 | 0 | 0 | 0 | 0 | 0 | 1 | 0 | 0 | 0 | 0 | 0 | 0 | 0 | 0 | 0 | 0 | 0 | 0 | 0 | 0 | 0 | 0 | 0 | 0 |  0 | 0 | 0 | 0 | 0 | 1 | 0 | 0 | 0 | 0 | 0 | 0 | 0 | 0 | 1 | 0 | 0 | 0 | 0 | 0 | 0 | 0 | 0 | 0 |
307 | Palen, Stacy E. | THE UNIVERSITY OF IOWA | 1998 | female | 1 | 6 | 2006 | 1 | 9 | 2010 | 0 | 0 | 0 | 0 | 0 | 1 | 1 | 1 | 1 | 1 | 0 | 0 | 0 | 2 | 0 | 0 | 0 | 0 | 0 | 0 | 0 | 0 | 0 | 0 |  0 | 0 | 0 | 0 | 0 | 1 | 1 | 1 | 1 | 2 | 0 | 0 | 0 | 2 | 1 | 0 | 0 | 1 | 0 | 0 | 0 | 0 | 0 | 0 |
308 | Reddy, Sanjay K. | STATE UNIVERSITY OF NEW YORK AT STONY BROOK | 1998 | male | 3 | 10 | 2015 | 5 | 64 | 2017 | 0 | 0 | 0 | 0 | 1 | 2 | 1 | 1 | 0 | 1 | 3 | 1 | 1 | 1 | 0 | 0 | 0 | 0 | 0 | 0 | 0 | 0 | 1 | 0 |  0 | 0 | 0 | 1 | 1 | 3 | 2 | 3 | 6 | 4 | 4 | 3 | 4 | 6 | 2 | 2 | 3 | 0 | 2 | 5 | 4 | 4 | 5 | 2 |
309 | Sallmen, Shauna Michele | UNIVERSITY OF CALIFORNIA, BERKELEY | 1998 | female | 1 | 4 | 2015 | 2 | 16 | 2015 | 0 | 0 | 0 | 0 | 0 | 1 | 1 | 0 | 0 | 0 | 0 | 1 | 0 | 0 | 0 | 1 | 0 | 0 | 0 | 0 | 0 | 0 | 1 | 0 |  1 | 0 | 0 | 0 | 0 | 1 | 2 | 0 | 3 | 2 | 2 | 2 | 1 | 0 | 1 | 1 | 0 | 0 | 0 | 0 | 0 | 0 | 2 | 0 |
310 | Tufts, Bruce Randall | THE UNIVERSITY OF ARIZONA | 1998 | male | 1 | 2 | 2000 | 4 | 17 | 2003 | 0 | 0 | 0 | 0 | 0 | 1 | 1 | 1 | 0 | 0 | 0 | 0 | 0 | 0 | 0 | 0 | 0 | 0 | 0 | 0 | 0 | 0 | 0 | 0 |  0 | 0 | 0 | 0 | 0 | 4 | 6 | 6 | 1 | 3 | 1 | 0 | 0 | 0 | 0 | 0 | 0 | 0 | 0 | 0 | 0 | 0 | 0 | 0 |
311 | Vincent, Mark Brooks | THE UNIVERSITY OF MICHIGAN | 1998 | male | 1 | 4 | 2005 | 2 | 10 | 2016 | 0 | 0 | 0 | 0 | 0 | 1 | 0 | 2 | 0 | 0 | 0 | 0 | 2 | 0 | 0 | 0 | 0 | 0 | 0 | 0 | 0 | 0 | 0 | 0 |  0 | 0 | 1 | 0 | 0 | 1 | 1 | 2 | 0 | 0 | 0 | 0 | 2 | 0 | 0 | 0 | 1 | 0 | 0 | 0 | 0 | 0 | 1 | 3 |
312 | Bochner, Brett | MASSACHUSETTS INSTITUTE OF TECHNOLOGY | 1998 | male | 2 | 4 | 2015 | 2 | 19 | 2015 | 0 | 0 | 0 | 0 | 0 | 2 | 0 | 0 | 0 | 0 | 2 | 0 | 0 | 0 | 0 | 0 | 0 | 0 | 0 | 0 | 1 | 0 | 1 | 0 |  0 | 0 | 0 | 0 | 0 | 2 | 0 | 0 | 0 | 0 | 2 | 6 | 7 | 2 | 0 | 0 | 0 | 0 | 0 | 0 | 1 | 0 | 1 | 0 |
313 | Barge, Laura Bringol | Baylor University | 1998 | female | 1 | 1 | 2004 | 1 | 3 | 2004 | 0 | 0 | 0 | 0 | 0 | 1 | 0 | 0 | 0 | 0 | 0 | 1 | 0 | 0 | 0 | 0 | 0 | 0 | 0 | 0 | 0 | 0 | 0 | 0 |  0 | 0 | 0 | 0 | 0 | 1 | 0 | 0 | 0 | 0 | 1 | 2 | 0 | 0 | 0 | 0 | 0 | 0 | 0 | 0 | 0 | 0 | 0 | 0 |
314 | Magee, Eric Parker | THE PENNSYLVANIA STATE UNIVERSITY | 1998 | male | 1 | 0 | 1998 | 1 | 0 | 1998 | 0 | 0 | 0 | 0 | 0 | 1 | 0 | 0 | 0 | 0 | 0 | 0 | 0 | 0 | 0 | 0 | 0 | 0 | 0 | 0 | 0 | 0 | 0 | 0 |  0 | 0 | 0 | 0 | 0 | 1 | 0 | 0 | 0 | 0 | 0 | 0 | 0 | 0 | 0 | 0 | 0 | 0 | 0 | 0 | 0 | 0 | 0 | 0 |
315 | Daffin, Frank Cecil | MICHIGAN STATE UNIVERSITY | 1998 | male | 2 | 0 | 1998 | 2 | 0 | 1998 | 0 | 0 | 0 | 0 | 0 | 2 | 0 | 0 | 0 | 0 | 0 | 0 | 0 | 0 | 0 | 0 | 0 | 0 | 0 | 0 | 0 | 0 | 0 | 0 |  0 | 0 | 0 | 0 | 0 | 2 | 0 | 0 | 0 | 0 | 0 | 0 | 0 | 0 | 0 | 0 | 0 | 0 | 0 | 0 | 0 | 0 | 0 | 0 |
316 | Montgomery, Michael Houston | THE UNIVERSITY OF TEXAS AT AUSTIN | 1998 | male | 2 | 13 | 2011 | 9 | 81 | 2017 | 0 | 0 | 0 | 0 | 0 | 2 | 2 | 1 | 1 | 0 | 1 | 1 | 1 | 0 | 1 | 3 | 0 | 1 | 1 | 0 | 0 | 0 | 0 | 0 |  0 | 1 | 0 | 1 | 3 | 4 | 3 | 5 | 1 | 4 | 3 | 7 | 6 | 1 | 1 | 10 | 2 | 4 | 3 | 4 | 10 | 4 | 5 | 5 |
317 | Srinivasan, Radhika | PURDUE UNIVERSITY | 1998 | female | 6 | 0 | 1998 | 28 | 20 | 2014 | 1 | 0 | 1 | 0 | 3 | 1 | 0 | 0 | 0 | 0 | 0 | 0 | 0 | 0 | 0 | 0 | 0 | 0 | 0 | 0 | 0 | 0 | 0 | 0 |  1 | 0 | 1 | 2 | 15 | 9 | 5 | 1 | 3 | 1 | 2 | 0 | 2 | 0 | 0 | 1 | 2 | 0 | 1 | 0 | 1 | 1 | 0 | 0 |
318 | Wrean, Patricia Rose | CALIFORNIA INSTITUTE OF TECHNOLOGY | 1998 | female | 2 | 1 | 2000 | 4 | 2 | 2000 | 0 | 1 | 0 | 0 | 0 | 1 | 0 | 1 | 0 | 0 | 0 | 0 | 0 | 0 | 0 | 0 | 0 | 0 | 0 | 0 | 0 | 0 | 0 | 0 |  0 | 2 | 0 | 0 | 1 | 1 | 1 | 1 | 0 | 0 | 0 | 0 | 0 | 0 | 0 | 0 | 0 | 0 | 0 | 0 | 0 | 0 | 0 | 0 |
319 | Hull, Ethan L. | INDIANA UNIVERSITY | 1998 | male | 1 | 0 | 1998 | 1 | 1 | 2002 | 0 | 0 | 0 | 0 | 0 | 1 | 0 | 0 | 0 | 0 | 0 | 0 | 0 | 0 | 0 | 0 | 0 | 0 | 0 | 0 | 0 | 0 | 0 | 0 |  0 | 0 | 0 | 0 | 0 | 1 | 0 | 0 | 0 | 1 | 0 | 0 | 0 | 0 | 0 | 0 | 0 | 0 | 0 | 0 | 0 | 0 | 0 | 0 |
320 | Pryadko, Julia M. | STANFORD UNIVERSITY | 1998 | female | 3 | 1 | 1999 | 3 | 1 | 1999 | 0 | 0 | 0 | 0 | 1 | 2 | 1 | 0 | 0 | 0 | 0 | 0 | 0 | 0 | 0 | 0 | 0 | 0 | 0 | 0 | 0 | 0 | 0 | 0 |  0 | 0 | 0 | 0 | 1 | 2 | 1 | 0 | 0 | 0 | 0 | 0 | 0 | 0 | 0 | 0 | 0 | 0 | 0 | 0 | 0 | 0 | 0 | 0 |
321 | Hiriart, David | UNIVERSITY OF MASSACHUSETTS | 1998 | male | 2 | 8 | 2007 | 2 | 54 | 2017 | 0 | 0 | 0 | 0 | 1 | 1 | 0 | 1 | 1 | 1 | 1 | 2 | 1 | 0 | 1 | 0 | 0 | 0 | 0 | 0 | 0 | 0 | 0 | 0 |  0 | 0 | 0 | 0 | 1 | 1 | 0 | 1 | 1 | 2 | 1 | 3 | 1 | 0 | 3 | 3 | 7 | 3 | 9 | 3 | 4 | 3 | 4 | 5 |
322 | Parriott, Joel Richard | THE UNIVERSITY OF MICHIGAN | 1998 | male | 2 | 1 | 2008 | 2 | 2 | 2009 | 0 | 0 | 0 | 0 | 0 | 2 | 0 | 0 | 0 | 0 | 0 | 0 | 0 | 0 | 0 | 1 | 0 | 0 | 0 | 0 | 0 | 0 | 0 | 0 |  0 | 0 | 0 | 0 | 0 | 2 | 0 | 0 | 0 | 0 | 0 | 0 | 0 | 0 | 0 | 1 | 1 | 0 | 0 | 0 | 0 | 0 | 0 | 0 |
323 | Rupright, Mark Edward | THE UNIVERSITY OF NORTH CAROLINA AT CHAPEL HILL | 1998 | male | 2 | 0 | 1998 | 5 | 1 | 1999 | 0 | 0 | 0 | 0 | 0 | 2 | 0 | 0 | 0 | 0 | 0 | 0 | 0 | 0 | 0 | 0 | 0 | 0 | 0 | 0 | 0 | 0 | 0 | 0 |  0 | 0 | 0 | 0 | 0 | 5 | 1 | 0 | 0 | 0 | 0 | 0 | 0 | 0 | 0 | 0 | 0 | 0 | 0 | 0 | 0 | 0 | 0 | 0 |
324 | Schwarz, Joshua Peter | UNIVERSITY OF COLORADO AT BOULDER | 1998 | male | 2 | 6 | 2017 | 2 | 17 | 2017 | 0 | 0 | 0 | 0 | 0 | 2 | 0 | 0 | 0 | 0 | 0 | 0 | 0 | 0 | 0 | 1 | 1 | 2 | 0 | 0 | 1 | 0 | 0 | 0 |  0 | 0 | 0 | 0 | 0 | 2 | 0 | 0 | 0 | 0 | 0 | 0 | 0 | 0 | 0 | 2 | 2 | 3 | 3 | 2 | 2 | 0 | 2 | 0 |
325 | Chung, Daniel Jun Hun | THE UNIVERSITY OF CHICAGO | 1998 | male | 4 | 29 | 2017 | 4 | 38 | 2017 | 0 | 0 | 0 | 0 | 1 | 3 | 2 | 3 | 2 | 0 | 2 | 0 | 1 | 2 | 2 | 0 | 2 | 3 | 2 | 1 | 3 | 0 | 2 | 1 |  0 | 0 | 0 | 0 | 1 | 3 | 3 | 3 | 3 | 0 | 2 | 0 | 1 | 4 | 4 | 1 | 2 | 3 | 2 | 3 | 3 | 0 | 2 | 1 |
326 | Grimberg, Bruna Irene | UNIVERSITY OF MASSACHUSETTS | 1998 | female | 1 | 2 | 1999 | 1 | 3 | 2002 | 0 | 0 | 0 | 0 | 0 | 1 | 2 | 0 | 0 | 0 | 0 | 0 | 0 | 0 | 0 | 0 | 0 | 0 | 0 | 0 | 0 | 0 | 0 | 0 |  0 | 0 | 0 | 0 | 0 | 1 | 2 | 0 | 0 | 1 | 0 | 0 | 0 | 0 | 0 | 0 | 0 | 0 | 0 | 0 | 0 | 0 | 0 | 0 |
327 | Griffith, Laura Lee | WASHINGTON UNIVERSITY | 1998 | female | 4 | 0 | 1998 | 5 | 0 | 1998 | 0 | 0 | 1 | 0 | 1 | 2 | 0 | 0 | 0 | 0 | 0 | 0 | 0 | 0 | 0 | 0 | 0 | 0 | 0 | 0 | 0 | 0 | 0 | 0 |  1 | 0 | 1 | 0 | 1 | 2 | 0 | 0 | 0 | 0 | 0 | 0 | 0 | 0 | 0 | 0 | 0 | 0 | 0 | 0 | 0 | 0 | 0 | 0 |
