n | name | university | phd_year | gender | fa_n_pubs_pre_phd | fa_n_pubs_prost_phd | fa_year_last | all_n_pubs_pre_phd | all_n_pubs_prost_phd | all_year_last |  fa_1996 | fa_1997 | fa_1998 | fa_1999 | fa_2000 | fa_2001 | fa_2002 | fa_2003 | fa_2004 | fa_2005 | fa_2006 | fa_2007 | fa_2008 | fa_2009 | fa_2010 | fa_2011 | fa_2012 | fa_2013 | fa_2014 | fa_2015 | fa_2016 |  all_1996 | all_1997 | all_1998 | all_1999 | all_2000 | all_2001 | all_2002 | all_2003 | all_2004 | all_2005 | all_2006 | all_2007 | all_2008 | all_2009 | all_2010 | all_2011 | all_2012 | all_2013 | all_2014 | all_2015 | all_2016 | foo
1 | Dreyer, Olaf | THE PENNSYLVANIA STATE UNIVERSITY | 2001 | male | 2 | 6 | 2014 | 3 | 7 | 2014 | 0 | 0 | 0 | 0 | 0 | 2 | 0 | 3 | 1 | 0 | 1 | 0 | 0 | 0 | 0 | 0 | 0 | 0 | 1 | 0 | 0 |  0 | 0 | 0 | 0 | 1 | 2 | 0 | 3 | 1 | 0 | 1 | 0 | 0 | 0 | 0 | 0 | 0 | 1 | 1 | 0 | 0 |
2 | Smith, Daniel Carlton | IOWA STATE UNIVERSITY | 2001 | male | 3 | 3 | 2006 | 12 | 37 | 2016 | 1 | 0 | 0 | 0 | 1 | 1 | 0 | 0 | 2 | 0 | 1 | 0 | 0 | 0 | 0 | 0 | 0 | 0 | 0 | 0 | 0 |  2 | 0 | 3 | 3 | 1 | 3 | 0 | 5 | 6 | 1 | 2 | 0 | 1 | 3 | 4 | 0 | 2 | 3 | 6 | 0 | 4 |
3 | Lopez-Aleman, Ramon | THE PENNSYLVANIA STATE UNIVERSITY | 2001 | male | 1 | 0 | 2001 | 1 | 2 | 2004 | 0 | 0 | 0 | 0 | 0 | 1 | 0 | 0 | 0 | 0 | 0 | 0 | 0 | 0 | 0 | 0 | 0 | 0 | 0 | 0 | 0 |  0 | 0 | 0 | 0 | 0 | 1 | 0 | 1 | 1 | 0 | 0 | 0 | 0 | 0 | 0 | 0 | 0 | 0 | 0 | 0 | 0 |
4 | Mitchell, Robert Carl | THE UNIVERSITY OF OKLAHOMA | 2001 | male | 2 | 1 | 2002 | 3 | 3 | 2015 | 0 | 0 | 0 | 0 | 0 | 2 | 1 | 0 | 0 | 0 | 0 | 0 | 0 | 0 | 0 | 0 | 0 | 0 | 0 | 0 | 0 |  1 | 0 | 0 | 0 | 0 | 2 | 1 | 0 | 0 | 0 | 1 | 0 | 0 | 0 | 0 | 0 | 0 | 0 | 0 | 1 | 0 |
5 | Wascko, Morgan O'hagan | UNIVERSITY OF CALIFORNIA, RIVERSIDE | 2001 | male | 2 | 0 | 2001 | 2 | 2 | 2012 | 0 | 0 | 0 | 1 | 0 | 1 | 0 | 0 | 0 | 0 | 0 | 0 | 0 | 0 | 0 | 0 | 0 | 0 | 0 | 0 | 0 |  0 | 0 | 0 | 1 | 0 | 1 | 0 | 1 | 0 | 0 | 0 | 0 | 0 | 0 | 0 | 0 | 1 | 0 | 0 | 0 | 0 |
6 | Hameed, Salman Arshad | NEW MEXICO STATE UNIVERSITY | 2001 | male | 3 | 4 | 2013 | 5 | 8 | 2013 | 0 | 0 | 0 | 1 | 0 | 2 | 0 | 1 | 0 | 1 | 0 | 0 | 0 | 0 | 0 | 1 | 0 | 1 | 0 | 0 | 0 |  0 | 2 | 0 | 1 | 0 | 2 | 0 | 1 | 0 | 1 | 1 | 2 | 1 | 0 | 0 | 1 | 0 | 1 | 0 | 0 | 0 |
7 | Garasi, Christopher Joseph | NEW MEXICO STATE UNIVERSITY | 2001 | male | 2 | 0 | 2001 | 3 | 0 | 2001 | 0 | 0 | 1 | 0 | 0 | 1 | 0 | 0 | 0 | 0 | 0 | 0 | 0 | 0 | 0 | 0 | 0 | 0 | 0 | 0 | 0 |  1 | 0 | 1 | 0 | 0 | 1 | 0 | 0 | 0 | 0 | 0 | 0 | 0 | 0 | 0 | 0 | 0 | 0 | 0 | 0 | 0 |
8 | Cain, Stephen Charles | THE UNIVERSITY OF DAYTON | 2001 | male | 1 | 0 | 2001 | 1 | 1 | 2014 | 0 | 0 | 0 | 0 | 0 | 1 | 0 | 0 | 0 | 0 | 0 | 0 | 0 | 0 | 0 | 0 | 0 | 0 | 0 | 0 | 0 |  0 | 0 | 0 | 0 | 0 | 1 | 0 | 0 | 0 | 0 | 0 | 0 | 0 | 0 | 0 | 0 | 0 | 0 | 1 | 0 | 0 |
9 | Fairhurst, Stephen | THE PENNSYLVANIA STATE UNIVERSITY | 2001 | male | 2 | 4 | 2011 | 6 | 185 | 2017 | 0 | 0 | 0 | 0 | 0 | 2 | 0 | 0 | 0 | 1 | 0 | 0 | 0 | 1 | 0 | 2 | 0 | 0 | 0 | 0 | 0 |  0 | 0 | 0 | 1 | 3 | 2 | 0 | 2 | 3 | 12 | 3 | 9 | 22 | 19 | 10 | 11 | 19 | 12 | 17 | 8 | 29 |
10 | Iyer, Sharada Ramlingam | THE UNIVERSITY OF ARIZONA | 2001 | female | 2 | 0 | 2001 | 2 | 0 | 2001 | 0 | 0 | 0 | 0 | 1 | 1 | 0 | 0 | 0 | 0 | 0 | 0 | 0 | 0 | 0 | 0 | 0 | 0 | 0 | 0 | 0 |  0 | 0 | 0 | 0 | 1 | 1 | 0 | 0 | 0 | 0 | 0 | 0 | 0 | 0 | 0 | 0 | 0 | 0 | 0 | 0 | 0 |
11 | Chen, Kuo-Chang | UNIVERSITY OF MINNESOTA | 2001 | male | 1 | 1 | 2008 | 3 | 7 | 2016 | 0 | 0 | 0 | 0 | 0 | 1 | 0 | 0 | 0 | 0 | 0 | 0 | 1 | 0 | 0 | 0 | 0 | 0 | 0 | 0 | 0 |  1 | 1 | 0 | 0 | 0 | 1 | 0 | 0 | 0 | 1 | 0 | 0 | 1 | 0 | 0 | 0 | 0 | 0 | 2 | 1 | 2 |
12 | Gibb, Erika Lynne | RENSSELAER POLYTECHNIC INSTITUTE | 2001 | female | 4 | 12 | 2016 | 7 | 47 | 2017 | 0 | 0 | 0 | 0 | 2 | 2 | 1 | 1 | 2 | 0 | 1 | 2 | 1 | 0 | 1 | 0 | 1 | 1 | 0 | 0 | 1 |  0 | 0 | 0 | 0 | 2 | 5 | 2 | 2 | 5 | 4 | 3 | 5 | 3 | 2 | 3 | 3 | 3 | 3 | 3 | 1 | 2 |
13 | Keiling, Andreas Detlef | UNIVERSITY OF MINNESOTA | 2001 | male | 4 | 16 | 2016 | 6 | 29 | 2016 | 0 | 0 | 0 | 0 | 1 | 3 | 1 | 2 | 2 | 2 | 0 | 0 | 2 | 3 | 0 | 1 | 1 | 0 | 1 | 0 | 1 |  0 | 0 | 0 | 0 | 1 | 5 | 3 | 2 | 3 | 4 | 0 | 1 | 4 | 4 | 2 | 1 | 2 | 0 | 2 | 0 | 1 |
14 | Hibbitts, Charles Arthur | UNIVERSITY OF HAWAII | 2001 | male | 2 | 4 | 2011 | 10 | 32 | 2017 | 0 | 0 | 0 | 0 | 1 | 1 | 1 | 1 | 0 | 0 | 0 | 1 | 0 | 0 | 0 | 1 | 0 | 0 | 0 | 0 | 0 |  2 | 1 | 2 | 2 | 1 | 2 | 1 | 3 | 2 | 2 | 3 | 2 | 3 | 1 | 3 | 1 | 3 | 2 | 1 | 1 | 3 |
15 | Barnes, Eric Ian | LOUISIANA STATE UNIVERSITY AND AGRICULTURAL & MECHANICAL COLLEGE | 2001 | male | 3 | 13 | 2016 | 4 | 17 | 2016 | 0 | 0 | 0 | 0 | 0 | 3 | 0 | 1 | 1 | 1 | 1 | 3 | 0 | 1 | 0 | 1 | 1 | 0 | 1 | 1 | 1 |  0 | 0 | 0 | 0 | 0 | 4 | 0 | 1 | 1 | 2 | 1 | 4 | 1 | 1 | 0 | 1 | 2 | 0 | 1 | 1 | 1 |
16 | Delker, Thomas P. | UNIVERSITY OF FLORIDA | 2001 | male | 1 | 0 | 2001 | 1 | 18 | 2011 | 0 | 0 | 0 | 0 | 0 | 1 | 0 | 0 | 0 | 0 | 0 | 0 | 0 | 0 | 0 | 0 | 0 | 0 | 0 | 0 | 0 |  0 | 0 | 0 | 0 | 0 | 1 | 0 | 0 | 6 | 7 | 2 | 1 | 1 | 0 | 0 | 1 | 0 | 0 | 0 | 0 | 0 |
17 | Coburn, Wayne | UNIVERSITY OF CALIFORNIA, SAN DIEGO | 2001 | male | 3 | 3 | 2006 | 8 | 18 | 2007 | 0 | 0 | 0 | 0 | 1 | 2 | 1 | 1 | 0 | 0 | 1 | 0 | 0 | 0 | 0 | 0 | 0 | 0 | 0 | 0 | 0 |  0 | 0 | 1 | 1 | 2 | 4 | 2 | 2 | 4 | 4 | 4 | 2 | 0 | 0 | 0 | 0 | 0 | 0 | 0 | 0 | 0 |
18 | Wozniak, Przemyslaw Remigiusz | PRINCETON UNIVERSITY | 2001 | male | 6 | 1 | 2002 | 38 | 71 | 2017 | 1 | 0 | 2 | 0 | 1 | 2 | 1 | 0 | 0 | 0 | 0 | 0 | 0 | 0 | 0 | 0 | 0 | 0 | 0 | 0 | 0 |  3 | 2 | 9 | 10 | 8 | 6 | 8 | 6 | 6 | 3 | 7 | 2 | 2 | 1 | 2 | 1 | 2 | 5 | 3 | 5 | 12 |
19 | Maccarone, Thomas J. | Yale University | 2001 | male | 3 | 42 | 2016 | 5 | 187 | 2017 | 0 | 0 | 0 | 1 | 1 | 1 | 3 | 6 | 2 | 9 | 0 | 1 | 1 | 1 | 3 | 4 | 2 | 2 | 5 | 1 | 2 |  0 | 0 | 0 | 1 | 2 | 2 | 5 | 11 | 6 | 12 | 4 | 5 | 7 | 6 | 13 | 21 | 16 | 15 | 23 | 18 | 17 |
20 | Williams, William Thomas | THE UNIVERSITY OF NEW MEXICO | 2001 | male | 1 | 0 | 2001 | 3 | 4 | 2014 | 0 | 0 | 0 | 0 | 0 | 1 | 0 | 0 | 0 | 0 | 0 | 0 | 0 | 0 | 0 | 0 | 0 | 0 | 0 | 0 | 0 |  0 | 0 | 0 | 1 | 1 | 1 | 0 | 0 | 0 | 0 | 0 | 0 | 1 | 1 | 0 | 1 | 0 | 0 | 1 | 0 | 0 |
21 | Slavis, Kimberly Robin | WASHINGTON UNIVERSITY | 2001 | female | 2 | 0 | 2001 | 3 | 1 | 2002 | 0 | 0 | 0 | 1 | 0 | 1 | 0 | 0 | 0 | 0 | 0 | 0 | 0 | 0 | 0 | 0 | 0 | 0 | 0 | 0 | 0 |  0 | 0 | 0 | 2 | 0 | 1 | 1 | 0 | 0 | 0 | 0 | 0 | 0 | 0 | 0 | 0 | 0 | 0 | 0 | 0 | 0 |
22 | Mullis, Christopher Robinson | UNIVERSITY OF HAWAII | 2001 | male | 2 | 6 | 2005 | 11 | 31 | 2013 | 0 | 0 | 0 | 0 | 0 | 2 | 1 | 1 | 3 | 1 | 0 | 0 | 0 | 0 | 0 | 0 | 0 | 0 | 0 | 0 | 0 |  0 | 1 | 0 | 2 | 2 | 6 | 2 | 4 | 6 | 2 | 1 | 5 | 2 | 5 | 1 | 1 | 1 | 1 | 0 | 0 | 0 |
23 | Stockdale, Christopher John | THE UNIVERSITY OF OKLAHOMA | 2001 | male | 4 | 4 | 2012 | 4 | 39 | 2017 | 0 | 0 | 1 | 0 | 0 | 3 | 0 | 1 | 0 | 0 | 1 | 1 | 0 | 0 | 0 | 0 | 1 | 0 | 0 | 0 | 0 |  0 | 0 | 1 | 0 | 0 | 3 | 1 | 1 | 2 | 2 | 4 | 5 | 0 | 5 | 0 | 4 | 2 | 3 | 4 | 1 | 2 |
24 | Collins, Joseph Andrew | THE UNIVERSITY OF NEW MEXICO | 2001 | male | 4 | 7 | 2009 | 7 | 15 | 2009 | 0 | 0 | 0 | 0 | 1 | 3 | 2 | 1 | 1 | 1 | 0 | 1 | 0 | 1 | 0 | 0 | 0 | 0 | 0 | 0 | 0 |  1 | 0 | 2 | 0 | 1 | 3 | 2 | 1 | 2 | 2 | 1 | 3 | 1 | 3 | 0 | 0 | 0 | 0 | 0 | 0 | 0 |
25 | Crill, Brendan P. | CALIFORNIA INSTITUTE OF TECHNOLOGY | 2001 | male | 1 | 1 | 2003 | 9 | 178 | 2017 | 0 | 0 | 0 | 0 | 0 | 1 | 0 | 1 | 0 | 0 | 0 | 0 | 0 | 0 | 0 | 0 | 0 | 0 | 0 | 0 | 0 |  0 | 0 | 0 | 2 | 3 | 4 | 6 | 7 | 0 | 2 | 6 | 5 | 1 | 1 | 8 | 24 | 1 | 11 | 37 | 14 | 54 |
26 | McDonald, Patrick Vincent | UNIVERSITY OF PENNSYLVANIA | 2001 | male | 7 | 17 | 2011 | 7 | 57 | 2017 | 0 | 0 | 0 | 2 | 1 | 4 | 1 | 3 | 0 | 2 | 4 | 2 | 1 | 3 | 0 | 1 | 0 | 0 | 0 | 0 | 0 |  0 | 0 | 0 | 2 | 1 | 4 | 2 | 7 | 2 | 4 | 6 | 3 | 3 | 6 | 2 | 4 | 6 | 4 | 3 | 1 | 2 |
27 | Donegan, Michelle Mary | DARTMOUTH COLLEGE | 2001 | female | 1 | 0 | 2001 | 1 | 2 | 2004 | 0 | 0 | 0 | 0 | 0 | 1 | 0 | 0 | 0 | 0 | 0 | 0 | 0 | 0 | 0 | 0 | 0 | 0 | 0 | 0 | 0 |  0 | 0 | 0 | 0 | 0 | 1 | 1 | 0 | 1 | 0 | 0 | 0 | 0 | 0 | 0 | 0 | 0 | 0 | 0 | 0 | 0 |
28 | Luke, David Russell | UNIVERSITY OF WASHINGTON | 2001 | male | 1 | 0 | 2001 | 1 | 0 | 2001 | 0 | 0 | 0 | 0 | 0 | 1 | 0 | 0 | 0 | 0 | 0 | 0 | 0 | 0 | 0 | 0 | 0 | 0 | 0 | 0 | 0 |  0 | 0 | 0 | 0 | 0 | 1 | 0 | 0 | 0 | 0 | 0 | 0 | 0 | 0 | 0 | 0 | 0 | 0 | 0 | 0 | 0 |
29 | Lee, Yuan-Tai (Anthony) | CALIFORNIA INSTITUTE OF TECHNOLOGY | 2001 | male | 3 | 3 | 2013 | 21 | 25 | 2017 | 1 | 0 | 0 | 1 | 0 | 1 | 0 | 0 | 0 | 0 | 1 | 0 | 0 | 0 | 1 | 0 | 0 | 1 | 0 | 0 | 0 |  3 | 2 | 2 | 5 | 4 | 5 | 1 | 0 | 1 | 0 | 1 | 1 | 0 | 1 | 1 | 3 | 1 | 1 | 0 | 4 | 5 |
30 | Elliott, Heather Alison | UNIVERSITY OF ALABAMA IN HUNTSVILLE | 2001 | female | 3 | 8 | 2016 | 4 | 64 | 2017 | 0 | 0 | 0 | 0 | 0 | 3 | 0 | 1 | 0 | 1 | 0 | 1 | 0 | 0 | 1 | 0 | 1 | 1 | 0 | 0 | 2 |  0 | 0 | 0 | 0 | 1 | 3 | 2 | 3 | 3 | 3 | 7 | 9 | 4 | 3 | 3 | 0 | 2 | 8 | 2 | 4 | 9 |
31 | Gal, Roy R. | CALIFORNIA INSTITUTE OF TECHNOLOGY | 2001 | male | 3 | 8 | 2009 | 15 | 55 | 2017 | 0 | 0 | 0 | 0 | 2 | 1 | 0 | 1 | 3 | 1 | 0 | 0 | 2 | 1 | 0 | 0 | 0 | 0 | 0 | 0 | 0 |  1 | 2 | 0 | 3 | 4 | 5 | 1 | 5 | 8 | 5 | 3 | 0 | 3 | 7 | 2 | 6 | 6 | 1 | 5 | 0 | 0 |
32 | Jenet, Fredrick A. | CALIFORNIA INSTITUTE OF TECHNOLOGY | 2001 | male | 7 | 10 | 2015 | 8 | 74 | 2017 | 0 | 1 | 2 | 0 | 1 | 3 | 0 | 1 | 3 | 2 | 1 | 0 | 0 | 0 | 1 | 1 | 0 | 0 | 0 | 1 | 0 |  1 | 1 | 2 | 0 | 1 | 3 | 1 | 1 | 3 | 2 | 2 | 1 | 4 | 7 | 6 | 4 | 6 | 9 | 9 | 10 | 6 |
33 | Neubauer, Mark Stephen | UNIVERSITY OF PENNSYLVANIA | 2001 | male | 1 | 0 | 2001 | 3 | 13 | 2016 | 0 | 0 | 0 | 0 | 0 | 1 | 0 | 0 | 0 | 0 | 0 | 0 | 0 | 0 | 0 | 0 | 0 | 0 | 0 | 0 | 0 |  0 | 0 | 0 | 0 | 1 | 2 | 2 | 0 | 1 | 1 | 0 | 1 | 0 | 0 | 1 | 0 | 3 | 0 | 2 | 1 | 1 |
34 | Qi, Chunhua | CALIFORNIA INSTITUTE OF TECHNOLOGY | 2001 | female | 1 | 11 | 2015 | 3 | 67 | 2017 | 0 | 0 | 0 | 0 | 0 | 1 | 0 | 1 | 1 | 0 | 1 | 1 | 1 | 0 | 0 | 1 | 0 | 3 | 0 | 2 | 0 |  0 | 0 | 0 | 1 | 0 | 2 | 0 | 2 | 7 | 2 | 2 | 3 | 6 | 5 | 4 | 7 | 4 | 6 | 1 | 12 | 3 |
35 | Rodgers, Bernadette Marie | UNIVERSITY OF WASHINGTON | 2001 | female | 2 | 1 | 2002 | 5 | 8 | 2013 | 0 | 1 | 0 | 0 | 0 | 1 | 1 | 0 | 0 | 0 | 0 | 0 | 0 | 0 | 0 | 0 | 0 | 0 | 0 | 0 | 0 |  1 | 1 | 1 | 0 | 0 | 2 | 1 | 1 | 0 | 2 | 0 | 1 | 0 | 0 | 0 | 1 | 1 | 1 | 0 | 0 | 0 |
36 | Dev, Krsna | DARTMOUTH COLLEGE | 2001 | male | 1 | 1 | 2003 | 1 | 2 | 2004 | 0 | 0 | 0 | 0 | 0 | 1 | 0 | 1 | 0 | 0 | 0 | 0 | 0 | 0 | 0 | 0 | 0 | 0 | 0 | 0 | 0 |  0 | 0 | 0 | 0 | 0 | 1 | 0 | 1 | 1 | 0 | 0 | 0 | 0 | 0 | 0 | 0 | 0 | 0 | 0 | 0 | 0 |
37 | Rusin, David Joseph | UNIVERSITY OF PENNSYLVANIA | 2001 | male | 6 | 6 | 2005 | 15 | 19 | 2005 | 0 | 0 | 0 | 0 | 1 | 5 | 2 | 2 | 0 | 2 | 0 | 0 | 0 | 0 | 0 | 0 | 0 | 0 | 0 | 0 | 0 |  0 | 0 | 0 | 2 | 5 | 8 | 4 | 8 | 3 | 4 | 0 | 0 | 0 | 0 | 0 | 0 | 0 | 0 | 0 | 0 | 0 |
38 | Angelats I Coll, Monica | UNIVERSITY OF COLORADO AT BOULDER | 2001 | female | 1 | 0 | 2001 | 2 | 9 | 2009 | 0 | 0 | 0 | 0 | 0 | 1 | 0 | 0 | 0 | 0 | 0 | 0 | 0 | 0 | 0 | 0 | 0 | 0 | 0 | 0 | 0 |  0 | 0 | 1 | 0 | 0 | 1 | 2 | 0 | 2 | 2 | 0 | 0 | 1 | 2 | 0 | 0 | 0 | 0 | 0 | 0 | 0 |
39 | Sandhu, Jagmit S. | CALIFORNIA INSTITUTE OF TECHNOLOGY | 2001 | male | 3 | 0 | 2001 | 13 | 5 | 2016 | 0 | 2 | 0 | 0 | 0 | 1 | 0 | 0 | 0 | 0 | 0 | 0 | 0 | 0 | 0 | 0 | 0 | 0 | 0 | 0 | 0 |  2 | 5 | 2 | 2 | 0 | 2 | 0 | 0 | 0 | 0 | 0 | 0 | 0 | 0 | 0 | 0 | 0 | 1 | 2 | 0 | 2 |
40 | DeYoung, Tyce Robert | THE UNIVERSITY OF WISCONSIN - MADISON | 2001 | male | 1 | 2 | 2013 | 1 | 125 | 2017 | 0 | 0 | 0 | 0 | 0 | 1 | 0 | 0 | 0 | 0 | 0 | 0 | 0 | 0 | 0 | 0 | 1 | 1 | 0 | 0 | 0 |  0 | 0 | 0 | 0 | 0 | 1 | 1 | 1 | 3 | 0 | 0 | 0 | 5 | 5 | 11 | 13 | 15 | 20 | 14 | 16 | 15 |
41 | Li, Li-Xin | PRINCETON UNIVERSITY | 2001 | None | 19 | 70 | 2017 | 21 | 190 | 2017 | 2 | 1 | 4 | 1 | 9 | 2 | 8 | 7 | 7 | 5 | 6 | 5 | 7 | 4 | 3 | 3 | 3 | 1 | 3 | 1 | 5 |  2 | 1 | 5 | 1 | 9 | 3 | 11 | 9 | 10 | 9 | 12 | 8 | 13 | 16 | 11 | 11 | 12 | 8 | 9 | 20 | 26 |
42 | Hinz, Philip Mark | THE UNIVERSITY OF ARIZONA | 2001 | male | 3 | 2 | 2010 | 4 | 92 | 2017 | 0 | 0 | 1 | 0 | 0 | 2 | 0 | 0 | 0 | 0 | 1 | 0 | 0 | 0 | 1 | 0 | 0 | 0 | 0 | 0 | 0 |  0 | 0 | 1 | 0 | 0 | 3 | 0 | 4 | 2 | 3 | 4 | 2 | 2 | 5 | 6 | 6 | 6 | 9 | 13 | 16 | 11 |
43 | De Young, Tyce Robert | THE UNIVERSITY OF WISCONSIN - MADISON | 2001 | male | 1 | 3 | 2008 | 9 | 49 | 2016 | 0 | 0 | 0 | 0 | 0 | 1 | 0 | 0 | 0 | 1 | 0 | 1 | 1 | 0 | 0 | 0 | 0 | 0 | 0 | 0 | 0 |  0 | 0 | 1 | 2 | 2 | 4 | 3 | 8 | 10 | 8 | 7 | 5 | 2 | 5 | 0 | 0 | 0 | 0 | 0 | 0 | 1 |
44 | Pogorelov, Ilya V. | UNIVERSITY OF FLORIDA | 2001 | male | 3 | 1 | 2005 | 4 | 2 | 2005 | 1 | 0 | 0 | 1 | 0 | 1 | 0 | 0 | 0 | 1 | 0 | 0 | 0 | 0 | 0 | 0 | 0 | 0 | 0 | 0 | 0 |  1 | 0 | 0 | 1 | 1 | 1 | 0 | 0 | 0 | 2 | 0 | 0 | 0 | 0 | 0 | 0 | 0 | 0 | 0 | 0 | 0 |
45 | Florinski, Vladimir A. | THE UNIVERSITY OF ARIZONA | 2001 | male | 4 | 31 | 2017 | 4 | 54 | 2017 | 0 | 1 | 0 | 2 | 0 | 1 | 0 | 6 | 2 | 4 | 1 | 0 | 2 | 4 | 2 | 2 | 1 | 3 | 0 | 2 | 1 |  0 | 1 | 0 | 2 | 0 | 1 | 0 | 6 | 3 | 4 | 4 | 3 | 4 | 5 | 2 | 2 | 3 | 4 | 4 | 4 | 5 |
46 | Allen, Lorraine Ann | HARVARD UNIVERSITY | 2001 | female | 6 | 2 | 2013 | 6 | 21 | 2016 | 1 | 0 | 3 | 0 | 1 | 1 | 0 | 0 | 0 | 0 | 0 | 1 | 0 | 0 | 0 | 0 | 0 | 1 | 0 | 0 | 0 |  1 | 0 | 3 | 0 | 1 | 1 | 0 | 0 | 0 | 0 | 0 | 4 | 1 | 0 | 3 | 0 | 3 | 4 | 3 | 1 | 2 |
47 | Ivanov, Valentin Dimitrov | THE UNIVERSITY OF ARIZONA | 2001 | male | 6 | 18 | 2017 | 14 | 135 | 2017 | 0 | 0 | 0 | 1 | 4 | 1 | 4 | 1 | 1 | 2 | 1 | 0 | 0 | 1 | 2 | 0 | 2 | 1 | 0 | 1 | 1 |  1 | 0 | 1 | 2 | 7 | 3 | 8 | 4 | 2 | 6 | 6 | 8 | 6 | 12 | 8 | 7 | 13 | 9 | 14 | 13 | 11 |
48 | Lai, Shih-Ping | UNIVERSITY OF ILLINOIS AT URBANA-CHAMPAIGN | 2001 | female | 4 | 5 | 2004 | 4 | 56 | 2017 | 0 | 0 | 0 | 0 | 1 | 3 | 1 | 3 | 1 | 0 | 0 | 0 | 0 | 0 | 0 | 0 | 0 | 0 | 0 | 0 | 0 |  0 | 0 | 0 | 0 | 1 | 3 | 2 | 3 | 3 | 2 | 4 | 5 | 1 | 4 | 2 | 2 | 1 | 4 | 6 | 5 | 10 |
49 | Rao, Anupama M. N. | THE UNIVERSITY OF ARIZONA | 2001 | female | 1 | 0 | 2001 | 1 | 1 | 2009 | 0 | 0 | 0 | 0 | 0 | 1 | 0 | 0 | 0 | 0 | 0 | 0 | 0 | 0 | 0 | 0 | 0 | 0 | 0 | 0 | 0 |  0 | 0 | 0 | 0 | 0 | 1 | 0 | 0 | 0 | 0 | 0 | 0 | 0 | 1 | 0 | 0 | 0 | 0 | 0 | 0 | 0 |
50 | Metcalfe, Travis Scott | THE UNIVERSITY OF TEXAS AT AUSTIN | 2001 | male | 8 | 27 | 2016 | 15 | 124 | 2017 | 1 | 1 | 0 | 1 | 2 | 3 | 1 | 6 | 1 | 4 | 1 | 2 | 1 | 1 | 3 | 1 | 1 | 1 | 1 | 2 | 1 |  1 | 1 | 2 | 2 | 5 | 4 | 4 | 15 | 2 | 7 | 4 | 6 | 4 | 7 | 10 | 12 | 11 | 13 | 10 | 7 | 10 |
51 | Nagamine, Kentaro | PRINCETON UNIVERSITY | 2001 | male | 5 | 21 | 2016 | 6 | 59 | 2017 | 0 | 0 | 0 | 0 | 1 | 4 | 1 | 2 | 6 | 2 | 3 | 2 | 1 | 0 | 3 | 0 | 0 | 0 | 0 | 0 | 1 |  0 | 0 | 0 | 0 | 1 | 5 | 1 | 3 | 7 | 4 | 4 | 2 | 2 | 3 | 4 | 6 | 7 | 2 | 3 | 3 | 5 |
52 | Charbonneau, David Brian | HARVARD UNIVERSITY | 2001 | male | 4 | 10 | 2009 | 9 | 179 | 2017 | 0 | 0 | 1 | 1 | 1 | 1 | 1 | 1 | 0 | 1 | 3 | 2 | 1 | 1 | 0 | 0 | 0 | 0 | 0 | 0 | 0 |  0 | 0 | 2 | 1 | 4 | 2 | 3 | 1 | 5 | 5 | 12 | 15 | 12 | 17 | 11 | 29 | 13 | 15 | 10 | 14 | 10 |
53 | Kannappan, Sheila Jane | HARVARD UNIVERSITY | 2001 | female | 2 | 8 | 2013 | 6 | 28 | 2016 | 0 | 0 | 0 | 0 | 0 | 2 | 2 | 0 | 3 | 0 | 0 | 1 | 0 | 1 | 0 | 0 | 0 | 1 | 0 | 0 | 0 |  0 | 1 | 0 | 1 | 1 | 3 | 2 | 1 | 3 | 0 | 2 | 1 | 0 | 1 | 3 | 1 | 2 | 3 | 2 | 4 | 3 |
54 | Lee, Chin-Fei | UNIVERSITY OF MARYLAND COLLEGE PARK | 2001 | male | 5 | 31 | 2017 | 13 | 80 | 2017 | 0 | 0 | 0 | 1 | 1 | 3 | 1 | 1 | 1 | 4 | 1 | 3 | 1 | 5 | 3 | 2 | 2 | 2 | 2 | 1 | 1 |  0 | 1 | 1 | 4 | 2 | 5 | 2 | 2 | 2 | 6 | 4 | 5 | 3 | 6 | 5 | 4 | 4 | 5 | 7 | 8 | 9 |
55 | Nikolaev, Sergei | UNIVERSITY OF MASSACHUSETTS AMHERST | 2001 | male | 4 | 1 | 2004 | 5 | 15 | 2013 | 0 | 1 | 0 | 0 | 2 | 1 | 0 | 0 | 1 | 0 | 0 | 0 | 0 | 0 | 0 | 0 | 0 | 0 | 0 | 0 | 0 |  0 | 1 | 0 | 0 | 2 | 2 | 0 | 2 | 1 | 3 | 0 | 1 | 2 | 0 | 3 | 1 | 1 | 1 | 0 | 0 | 0 |
56 | Johnson, Robert Lee | THE UNIVERSITY OF ARIZONA | 2001 | male | 1 | 1 | 2011 | 8 | 12 | 2013 | 0 | 0 | 0 | 0 | 0 | 1 | 0 | 0 | 0 | 0 | 0 | 0 | 0 | 0 | 0 | 1 | 0 | 0 | 0 | 0 | 0 |  0 | 1 | 1 | 1 | 0 | 5 | 0 | 1 | 0 | 0 | 1 | 0 | 1 | 2 | 3 | 2 | 1 | 1 | 0 | 0 | 0 |
57 | Toigo, Anthony Domenick | CALIFORNIA INSTITUTE OF TECHNOLOGY | 2001 | male | 2 | 9 | 2017 | 5 | 41 | 2017 | 0 | 0 | 0 | 0 | 1 | 1 | 2 | 2 | 0 | 0 | 0 | 0 | 0 | 0 | 1 | 0 | 1 | 1 | 0 | 1 | 0 |  1 | 0 | 2 | 0 | 1 | 1 | 2 | 4 | 0 | 4 | 0 | 1 | 1 | 2 | 3 | 3 | 3 | 5 | 2 | 3 | 3 |
58 | Chou, Hongsong | HARVARD UNIVERSITY | 2001 | None | 4 | 0 | 2001 | 5 | 6 | 2015 | 1 | 0 | 0 | 0 | 0 | 3 | 0 | 0 | 0 | 0 | 0 | 0 | 0 | 0 | 0 | 0 | 0 | 0 | 0 | 0 | 0 |  1 | 0 | 0 | 1 | 0 | 3 | 1 | 0 | 0 | 0 | 0 | 0 | 0 | 0 | 0 | 0 | 0 | 1 | 2 | 2 | 0 |
59 | Tokman, Mayya | CALIFORNIA INSTITUTE OF TECHNOLOGY | 2001 | female | 1 | 1 | 2002 | 1 | 2 | 2003 | 0 | 0 | 0 | 0 | 0 | 1 | 1 | 0 | 0 | 0 | 0 | 0 | 0 | 0 | 0 | 0 | 0 | 0 | 0 | 0 | 0 |  0 | 0 | 0 | 0 | 0 | 1 | 1 | 1 | 0 | 0 | 0 | 0 | 0 | 0 | 0 | 0 | 0 | 0 | 0 | 0 | 0 |
60 | Conselice, Christopher Joseph | THE UNIVERSITY OF WISCONSIN - MADISON | 2001 | male | 11 | 30 | 2016 | 18 | 268 | 2017 | 0 | 1 | 2 | 2 | 3 | 3 | 3 | 6 | 1 | 3 | 3 | 3 | 2 | 3 | 0 | 2 | 0 | 1 | 2 | 0 | 1 |  0 | 1 | 3 | 3 | 7 | 4 | 5 | 12 | 20 | 13 | 12 | 23 | 13 | 14 | 15 | 30 | 26 | 19 | 19 | 21 | 14 |
61 | Little, Michelle Yvette | NORTHWESTERN UNIVERSITY | 2001 | female | 1 | 1 | 2014 | 1 | 1 | 2014 | 0 | 0 | 0 | 0 | 0 | 1 | 0 | 0 | 0 | 0 | 0 | 0 | 0 | 0 | 0 | 0 | 0 | 0 | 1 | 0 | 0 |  0 | 0 | 0 | 0 | 0 | 1 | 0 | 0 | 0 | 0 | 0 | 0 | 0 | 0 | 0 | 0 | 0 | 0 | 1 | 0 | 0 |
62 | McLaughlin, Maura Ann | CORNELL UNIVERSITY | 2001 | female | 5 | 11 | 2013 | 8 | 194 | 2017 | 1 | 0 | 0 | 1 | 1 | 2 | 1 | 2 | 4 | 0 | 1 | 1 | 0 | 1 | 0 | 0 | 0 | 1 | 0 | 0 | 0 |  1 | 0 | 0 | 1 | 3 | 3 | 2 | 5 | 16 | 12 | 10 | 6 | 8 | 13 | 12 | 13 | 14 | 23 | 14 | 16 | 21 |
63 | Shambrook, Anouk Aimee | UNIVERSITY OF CALIFORNIA, SANTA CRUZ | 2001 | female | 1 | 0 | 2001 | 4 | 0 | 2001 | 0 | 0 | 0 | 0 | 0 | 1 | 0 | 0 | 0 | 0 | 0 | 0 | 0 | 0 | 0 | 0 | 0 | 0 | 0 | 0 | 0 |  1 | 1 | 1 | 0 | 0 | 1 | 0 | 0 | 0 | 0 | 0 | 0 | 0 | 0 | 0 | 0 | 0 | 0 | 0 | 0 | 0 |
64 | Smith, John-David Thomas | CORNELL UNIVERSITY | 2001 | male | 4 | 8 | 2017 | 11 | 83 | 2017 | 0 | 1 | 0 | 0 | 0 | 3 | 1 | 0 | 1 | 1 | 0 | 2 | 0 | 1 | 0 | 0 | 1 | 0 | 0 | 0 | 0 |  0 | 5 | 0 | 1 | 1 | 4 | 1 | 5 | 6 | 4 | 11 | 9 | 6 | 6 | 9 | 4 | 6 | 7 | 2 | 1 | 3 |
65 | Brisken, Walter Frank | PRINCETON UNIVERSITY | 2001 | male | 3 | 5 | 2010 | 4 | 47 | 2016 | 0 | 1 | 0 | 0 | 1 | 1 | 1 | 2 | 0 | 0 | 1 | 0 | 0 | 0 | 1 | 0 | 0 | 0 | 0 | 0 | 0 |  0 | 1 | 0 | 0 | 1 | 2 | 2 | 3 | 1 | 5 | 4 | 4 | 3 | 4 | 2 | 7 | 4 | 2 | 2 | 1 | 3 |
66 | Domingue, Donovan Louis | THE UNIVERSITY OF ALABAMA | 2001 | male | 4 | 8 | 2016 | 10 | 16 | 2016 | 0 | 0 | 0 | 1 | 2 | 1 | 1 | 1 | 0 | 1 | 0 | 1 | 0 | 1 | 0 | 0 | 0 | 0 | 0 | 1 | 2 |  0 | 2 | 0 | 1 | 4 | 3 | 2 | 1 | 0 | 3 | 1 | 1 | 2 | 1 | 1 | 0 | 0 | 0 | 0 | 1 | 3 |
67 | McDonald, James Edward Robert | THE UNIVERSITY OF CONNECTICUT | 2001 | male | 3 | 1 | 2011 | 5 | 7 | 2011 | 0 | 0 | 0 | 0 | 0 | 3 | 0 | 0 | 0 | 0 | 0 | 0 | 0 | 0 | 0 | 1 | 0 | 0 | 0 | 0 | 0 |  0 | 0 | 0 | 0 | 0 | 5 | 0 | 1 | 0 | 1 | 0 | 0 | 3 | 0 | 1 | 1 | 0 | 0 | 0 | 0 | 0 |
68 | Burgasser, Adam J. | Department of Physics, California Institute of Technology | 2001 | male | 5 | 53 | 2016 | 14 | 167 | 2017 | 0 | 0 | 0 | 1 | 3 | 1 | 4 | 5 | 4 | 3 | 5 | 6 | 5 | 3 | 3 | 3 | 2 | 4 | 1 | 3 | 2 |  0 | 0 | 0 | 2 | 7 | 5 | 6 | 10 | 8 | 6 | 11 | 12 | 11 | 9 | 9 | 15 | 10 | 14 | 9 | 16 | 11 |
69 | Streed, Timothy Jon | UNIVERSITY OF MINNESOTA | 2001 | male | 2 | 0 | 2001 | 2 | 0 | 2001 | 0 | 0 | 0 | 0 | 0 | 2 | 0 | 0 | 0 | 0 | 0 | 0 | 0 | 0 | 0 | 0 | 0 | 0 | 0 | 0 | 0 |  0 | 0 | 0 | 0 | 0 | 2 | 0 | 0 | 0 | 0 | 0 | 0 | 0 | 0 | 0 | 0 | 0 | 0 | 0 | 0 | 0 |
70 | Gong, Yungui | THE UNIVERSITY OF TEXAS AT AUSTIN | 2001 | None | 3 | 39 | 2016 | 3 | 92 | 2017 | 0 | 0 | 0 | 1 | 1 | 1 | 1 | 1 | 4 | 7 | 4 | 7 | 4 | 1 | 3 | 1 | 0 | 1 | 2 | 2 | 1 |  0 | 0 | 0 | 1 | 1 | 1 | 1 | 1 | 5 | 9 | 6 | 9 | 7 | 7 | 7 | 6 | 4 | 6 | 7 | 8 | 7 |
71 | Andersen, David Roger | The Pennsylvania State University | 2001 | male | 3 | 9 | 2013 | 3 | 36 | 2017 | 0 | 1 | 0 | 0 | 0 | 2 | 0 | 1 | 0 | 0 | 2 | 2 | 1 | 1 | 0 | 0 | 1 | 1 | 0 | 0 | 0 |  0 | 1 | 0 | 0 | 0 | 2 | 0 | 3 | 2 | 2 | 2 | 4 | 1 | 1 | 3 | 3 | 1 | 3 | 2 | 3 | 4 |
72 | Cottam, Jean | Columbia University | 2001 | male | 3 | 2 | 2008 | 11 | 14 | 2012 | 0 | 0 | 0 | 0 | 0 | 3 | 1 | 0 | 0 | 0 | 0 | 0 | 1 | 0 | 0 | 0 | 0 | 0 | 0 | 0 | 0 |  1 | 0 | 0 | 0 | 1 | 9 | 1 | 1 | 0 | 0 | 2 | 6 | 1 | 1 | 0 | 1 | 1 | 0 | 0 | 0 | 0 |
73 | Young, Scott Matthew | UNIVERSITY OF CALIFORNIA, IRVINE | 2001 | male | 11 | 7 | 2009 | 33 | 41 | 2017 | 4 | 2 | 1 | 1 | 1 | 2 | 0 | 1 | 0 | 0 | 2 | 3 | 0 | 1 | 0 | 0 | 0 | 0 | 0 | 0 | 0 |  7 | 3 | 4 | 8 | 5 | 6 | 5 | 8 | 3 | 1 | 2 | 5 | 3 | 3 | 1 | 1 | 0 | 2 | 1 | 2 | 2 |
74 | Kim, Seungjung | PRINCETON UNIVERSITY | 2001 | None | 26 | 58 | 2017 | 66 | 311 | 2017 | 3 | 6 | 6 | 6 | 1 | 4 | 5 | 3 | 6 | 5 | 4 | 6 | 3 | 5 | 2 | 2 | 8 | 3 | 2 | 1 | 1 |  5 | 12 | 12 | 16 | 6 | 15 | 13 | 14 | 24 | 13 | 23 | 22 | 24 | 19 | 21 | 20 | 20 | 14 | 19 | 31 | 22 |
75 | Mason, Elena | UNIVERSITY OF WYOMING | 2001 | female | 3 | 14 | 2016 | 5 | 66 | 2016 | 0 | 0 | 0 | 0 | 1 | 2 | 1 | 1 | 0 | 2 | 0 | 1 | 1 | 0 | 1 | 2 | 1 | 2 | 1 | 0 | 1 |  0 | 0 | 0 | 0 | 3 | 2 | 2 | 2 | 0 | 5 | 5 | 2 | 9 | 6 | 8 | 8 | 3 | 4 | 6 | 2 | 4 |
76 | Saleh, Lamya Ahmad | MICHIGAN STATE UNIVERSITY | 2001 | female | 1 | 2 | 2009 | 1 | 2 | 2009 | 0 | 0 | 0 | 0 | 0 | 1 | 0 | 0 | 0 | 0 | 1 | 0 | 0 | 1 | 0 | 0 | 0 | 0 | 0 | 0 | 0 |  0 | 0 | 0 | 0 | 0 | 1 | 0 | 0 | 0 | 0 | 1 | 0 | 0 | 1 | 0 | 0 | 0 | 0 | 0 | 0 | 0 |
77 | Dafermos, Michael Constantine | PRINCETON UNIVERSITY | 2001 | male | 1 | 0 | 2001 | 1 | 0 | 2001 | 0 | 0 | 0 | 0 | 0 | 1 | 0 | 0 | 0 | 0 | 0 | 0 | 0 | 0 | 0 | 0 | 0 | 0 | 0 | 0 | 0 |  0 | 0 | 0 | 0 | 0 | 1 | 0 | 0 | 0 | 0 | 0 | 0 | 0 | 0 | 0 | 0 | 0 | 0 | 0 | 0 | 0 |
78 | Thomas-Osip, Joanna Elizabeth | UNIVERSITY OF FLORIDA | 2001 | female | 1 | 4 | 2012 | 2 | 21 | 2017 | 0 | 0 | 0 | 0 | 0 | 1 | 0 | 0 | 0 | 1 | 0 | 1 | 1 | 0 | 0 | 0 | 1 | 0 | 0 | 0 | 0 |  0 | 0 | 0 | 0 | 0 | 2 | 0 | 2 | 0 | 2 | 1 | 2 | 2 | 4 | 0 | 1 | 1 | 0 | 4 | 0 | 1 |
79 | Fragile, Patrick Christopher | UNIVERSITY OF NOTRE DAME | 2001 | male | 1 | 0 | 2001 | 6 | 10 | 2017 | 0 | 0 | 0 | 0 | 0 | 1 | 0 | 0 | 0 | 0 | 0 | 0 | 0 | 0 | 0 | 0 | 0 | 0 | 0 | 0 | 0 |  0 | 0 | 0 | 1 | 3 | 2 | 1 | 1 | 0 | 0 | 1 | 0 | 0 | 1 | 0 | 0 | 1 | 2 | 0 | 1 | 1 |
80 | Deng, Ming | Yale University | 2001 | male | 4 | 0 | 2001 | 9 | 2 | 2015 | 0 | 1 | 1 | 1 | 0 | 1 | 0 | 0 | 0 | 0 | 0 | 0 | 0 | 0 | 0 | 0 | 0 | 0 | 0 | 0 | 0 |  0 | 1 | 1 | 2 | 0 | 5 | 0 | 0 | 0 | 0 | 0 | 0 | 0 | 0 | 0 | 0 | 0 | 0 | 1 | 1 | 0 |
81 | Roscherr, Bruce | Yale University | 2001 | male | 2 | 0 | 2001 | 3 | 0 | 2001 | 0 | 0 | 0 | 0 | 1 | 1 | 0 | 0 | 0 | 0 | 0 | 0 | 0 | 0 | 0 | 0 | 0 | 0 | 0 | 0 | 0 |  0 | 0 | 0 | 1 | 1 | 1 | 0 | 0 | 0 | 0 | 0 | 0 | 0 | 0 | 0 | 0 | 0 | 0 | 0 | 0 | 0 |
82 | Noguchi, Koichi | THE UNIVERSITY OF TEXAS AT AUSTIN | 2001 | male | 3 | 7 | 2014 | 4 | 16 | 2014 | 0 | 0 | 0 | 0 | 1 | 2 | 2 | 0 | 1 | 1 | 0 | 2 | 0 | 0 | 0 | 0 | 0 | 0 | 1 | 0 | 0 |  0 | 0 | 0 | 0 | 1 | 3 | 3 | 1 | 1 | 2 | 1 | 2 | 2 | 2 | 1 | 0 | 0 | 0 | 1 | 0 | 0 |
83 | Ferko, Thomas Eugene | Purdue University | 2001 | male | 2 | 2 | 2002 | 3 | 2 | 2002 | 0 | 0 | 0 | 0 | 1 | 1 | 2 | 0 | 0 | 0 | 0 | 0 | 0 | 0 | 0 | 0 | 0 | 0 | 0 | 0 | 0 |  0 | 0 | 0 | 0 | 1 | 2 | 2 | 0 | 0 | 0 | 0 | 0 | 0 | 0 | 0 | 0 | 0 | 0 | 0 | 0 | 0 |
84 | Boudouridis, Athanasios | BOSTON UNIVERSITY | 2001 | male | 2 | 11 | 2011 | 2 | 18 | 2013 | 0 | 0 | 0 | 0 | 0 | 2 | 1 | 1 | 2 | 1 | 0 | 3 | 2 | 0 | 0 | 1 | 0 | 0 | 0 | 0 | 0 |  0 | 0 | 0 | 0 | 0 | 2 | 1 | 1 | 2 | 2 | 0 | 3 | 2 | 2 | 0 | 2 | 1 | 2 | 0 | 0 | 0 |
85 | Lewis, Mark Christopher | UNIVERSITY OF COLORADO AT BOULDER | 2001 | male | 3 | 3 | 2011 | 3 | 9 | 2013 | 0 | 0 | 0 | 1 | 1 | 1 | 0 | 0 | 0 | 1 | 0 | 0 | 0 | 1 | 0 | 1 | 0 | 0 | 0 | 0 | 0 |  0 | 0 | 0 | 1 | 1 | 1 | 1 | 0 | 0 | 3 | 0 | 0 | 1 | 1 | 1 | 1 | 0 | 1 | 0 | 0 | 0 |
86 | Stephan, Andrew Ward | BOSTON UNIVERSITY | 2001 | male | 6 | 7 | 2016 | 6 | 17 | 2017 | 0 | 1 | 1 | 0 | 1 | 3 | 1 | 1 | 2 | 0 | 0 | 0 | 1 | 0 | 0 | 0 | 1 | 0 | 0 | 0 | 1 |  0 | 1 | 1 | 0 | 1 | 3 | 4 | 1 | 2 | 0 | 0 | 0 | 1 | 0 | 0 | 1 | 3 | 1 | 0 | 2 | 1 |
87 | Young, Christopher Alex | UNIVERSITY OF NEW HAMPSHIRE | 2001 | male | 3 | 1 | 2008 | 6 | 26 | 2016 | 0 | 1 | 0 | 1 | 0 | 1 | 0 | 0 | 0 | 0 | 0 | 0 | 1 | 0 | 0 | 0 | 0 | 0 | 0 | 0 | 0 |  0 | 3 | 0 | 2 | 0 | 1 | 0 | 0 | 0 | 2 | 0 | 3 | 5 | 2 | 3 | 1 | 3 | 2 | 2 | 1 | 2 |
88 | Falcone, Abraham David | UNIVERSITY OF NEW HAMPSHIRE | 2001 | male | 1 | 8 | 2010 | 6 | 181 | 2017 | 0 | 0 | 0 | 0 | 0 | 1 | 0 | 2 | 3 | 0 | 1 | 1 | 0 | 0 | 1 | 0 | 0 | 0 | 0 | 0 | 0 |  0 | 0 | 0 | 1 | 2 | 3 | 1 | 22 | 7 | 4 | 15 | 13 | 13 | 12 | 9 | 17 | 13 | 14 | 12 | 10 | 14 |
89 | Keck, John William | COLUMBIA UNIVERSITY | 2001 | male | 2 | 0 | 2001 | 2 | 0 | 2001 | 0 | 0 | 0 | 0 | 0 | 2 | 0 | 0 | 0 | 0 | 0 | 0 | 0 | 0 | 0 | 0 | 0 | 0 | 0 | 0 | 0 |  0 | 0 | 0 | 0 | 0 | 2 | 0 | 0 | 0 | 0 | 0 | 0 | 0 | 0 | 0 | 0 | 0 | 0 | 0 | 0 | 0 |
90 | Larson, Michelle Beauvais | MONTANA STATE UNIVERSITY | 2001 | female | 2 | 3 | 2006 | 2 | 12 | 2014 | 0 | 0 | 0 | 1 | 0 | 1 | 1 | 0 | 0 | 1 | 1 | 0 | 0 | 0 | 0 | 0 | 0 | 0 | 0 | 0 | 0 |  0 | 0 | 0 | 1 | 0 | 1 | 1 | 2 | 0 | 4 | 2 | 1 | 1 | 0 | 0 | 0 | 0 | 0 | 1 | 0 | 0 |
91 | Zhang, Bing | THE JOHNS HOPKINS UNIVERSITY | 2001 | male | 16 | 101 | 2017 | 30 | 450 | 2017 | 1 | 3 | 1 | 1 | 5 | 5 | 5 | 4 | 4 | 4 | 4 | 10 | 4 | 6 | 2 | 8 | 10 | 12 | 9 | 7 | 10 |  3 | 4 | 2 | 4 | 7 | 10 | 8 | 9 | 14 | 31 | 57 | 37 | 18 | 31 | 21 | 32 | 33 | 26 | 38 | 35 | 48 |
92 | Jim, Kevin T. C. | UNIVERSITY OF HAWAII | 2001 | male | 2 | 0 | 2001 | 3 | 1 | 2002 | 0 | 0 | 0 | 0 | 1 | 1 | 0 | 0 | 0 | 0 | 0 | 0 | 0 | 0 | 0 | 0 | 0 | 0 | 0 | 0 | 0 |  1 | 0 | 0 | 0 | 1 | 1 | 1 | 0 | 0 | 0 | 0 | 0 | 0 | 0 | 0 | 0 | 0 | 0 | 0 | 0 | 0 |
93 | Zheng, Yihua | UNIVERSITY OF NEW HAMPSHIRE | 2001 | female | 2 | 32 | 2017 | 8 | 110 | 2017 | 0 | 0 | 0 | 1 | 0 | 1 | 0 | 1 | 0 | 3 | 4 | 3 | 4 | 2 | 1 | 2 | 2 | 3 | 1 | 1 | 2 |  1 | 3 | 1 | 1 | 0 | 2 | 0 | 4 | 6 | 13 | 11 | 7 | 17 | 10 | 6 | 5 | 6 | 6 | 5 | 6 | 3 |
94 | Patel, Sandeep Kumar | UNIVERSITY OF ALABAMA IN HUNTSVILLE | 2001 | male | 3 | 4 | 2007 | 10 | 32 | 2014 | 0 | 0 | 0 | 0 | 1 | 2 | 0 | 1 | 2 | 0 | 0 | 1 | 0 | 0 | 0 | 0 | 0 | 0 | 0 | 0 | 0 |  0 | 0 | 0 | 0 | 5 | 5 | 0 | 5 | 6 | 6 | 5 | 5 | 1 | 0 | 1 | 0 | 1 | 1 | 1 | 0 | 0 |
95 | Sarma, Anuj Pratim | UNIVERSITY OF KENTUCKY | 2001 | male | 4 | 7 | 2013 | 4 | 18 | 2017 | 0 | 1 | 0 | 0 | 1 | 2 | 2 | 0 | 0 | 1 | 0 | 0 | 1 | 1 | 0 | 1 | 0 | 1 | 0 | 0 | 0 |  0 | 1 | 0 | 0 | 1 | 2 | 3 | 0 | 0 | 2 | 0 | 2 | 2 | 1 | 0 | 3 | 1 | 1 | 0 | 2 | 0 |
96 | Hsu, Tung-Shin | UNIVERSITY OF CALIFORNIA, LOS ANGELES | 2001 | male | 1 | 7 | 2012 | 2 | 28 | 2017 | 0 | 0 | 0 | 0 | 0 | 1 | 1 | 1 | 1 | 0 | 0 | 1 | 0 | 1 | 0 | 0 | 2 | 0 | 0 | 0 | 0 |  0 | 0 | 1 | 0 | 0 | 1 | 2 | 1 | 1 | 0 | 0 | 1 | 3 | 1 | 1 | 3 | 7 | 2 | 1 | 4 | 0 |
97 | McCarthy, Chris | UNIVERSITY OF CALIFORNIA, LOS ANGELES | 2001 | male | 2 | 2 | 2004 | 7 | 32 | 2013 | 0 | 0 | 0 | 0 | 0 | 2 | 0 | 0 | 2 | 0 | 0 | 0 | 0 | 0 | 0 | 0 | 0 | 0 | 0 | 0 | 0 |  1 | 0 | 2 | 2 | 0 | 2 | 6 | 4 | 4 | 4 | 7 | 3 | 1 | 1 | 0 | 0 | 1 | 1 | 0 | 0 | 0 |
98 | Blanco-Pillado, Jose Juan | TUFTS UNIVERSITY | 2001 | male | 7 | 28 | 2016 | 10 | 30 | 2017 | 0 | 1 | 0 | 2 | 1 | 3 | 2 | 1 | 2 | 1 | 3 | 1 | 0 | 2 | 6 | 1 | 2 | 1 | 2 | 3 | 1 |  0 | 1 | 0 | 3 | 2 | 4 | 2 | 1 | 2 | 1 | 3 | 1 | 0 | 2 | 6 | 1 | 2 | 1 | 2 | 4 | 1 |
99 | Hoffman, James Patrick | GEORGIA INSTITUTE OF TECHNOLOGY | 2001 | male | 3 | 0 | 2001 | 4 | 13 | 2016 | 0 | 0 | 0 | 1 | 0 | 2 | 0 | 0 | 0 | 0 | 0 | 0 | 0 | 0 | 0 | 0 | 0 | 0 | 0 | 0 | 0 |  1 | 0 | 0 | 1 | 0 | 2 | 0 | 0 | 0 | 0 | 1 | 1 | 2 | 1 | 0 | 1 | 0 | 0 | 4 | 2 | 1 |
100 | Basara, Jeffrey Brent | THE UNIVERSITY OF OKLAHOMA | 2001 | male | 1 | 1 | 2002 | 1 | 2 | 2008 | 0 | 0 | 0 | 0 | 0 | 1 | 1 | 0 | 0 | 0 | 0 | 0 | 0 | 0 | 0 | 0 | 0 | 0 | 0 | 0 | 0 |  0 | 0 | 0 | 0 | 0 | 1 | 1 | 0 | 0 | 0 | 0 | 0 | 1 | 0 | 0 | 0 | 0 | 0 | 0 | 0 | 0 |
101 | Loh, Ji Meng | THE UNIVERSITY OF CHICAGO | 2001 | male | 2 | 2 | 2008 | 2 | 2 | 2008 | 0 | 0 | 0 | 0 | 0 | 2 | 0 | 0 | 0 | 0 | 0 | 0 | 2 | 0 | 0 | 0 | 0 | 0 | 0 | 0 | 0 |  0 | 0 | 0 | 0 | 0 | 2 | 0 | 0 | 0 | 0 | 0 | 0 | 2 | 0 | 0 | 0 | 0 | 0 | 0 | 0 | 0 |
102 | Hansen, Kenneth Calvin | UNIVERSITY OF MICHIGAN | 2001 | male | 3 | 3 | 2016 | 12 | 76 | 2017 | 0 | 0 | 1 | 0 | 1 | 1 | 0 | 0 | 0 | 1 | 0 | 1 | 0 | 0 | 0 | 0 | 0 | 0 | 0 | 0 | 1 |  0 | 1 | 1 | 1 | 5 | 4 | 2 | 0 | 8 | 5 | 2 | 5 | 5 | 7 | 3 | 5 | 3 | 4 | 2 | 7 | 15 |
103 | Miller, Neal Andrew | NEW MEXICO STATE UNIVERSITY | 2001 | male | 6 | 15 | 2013 | 7 | 66 | 2016 | 0 | 0 | 1 | 1 | 0 | 4 | 3 | 2 | 1 | 2 | 1 | 0 | 1 | 3 | 0 | 0 | 1 | 1 | 0 | 0 | 0 |  0 | 0 | 1 | 1 | 0 | 5 | 4 | 5 | 4 | 5 | 1 | 0 | 7 | 6 | 7 | 3 | 8 | 5 | 5 | 2 | 4 |
104 | Pogosian, Levon Edward | CASE WESTERN RESERVE UNIVERSITY | 2001 | male | 5 | 22 | 2016 | 6 | 61 | 2017 | 0 | 0 | 0 | 1 | 2 | 2 | 1 | 3 | 3 | 2 | 2 | 1 | 2 | 1 | 2 | 2 | 0 | 1 | 1 | 0 | 1 |  0 | 0 | 0 | 1 | 2 | 3 | 3 | 4 | 6 | 4 | 3 | 2 | 2 | 4 | 5 | 7 | 5 | 4 | 4 | 4 | 3 |
105 | Schekochihin, Alexander A. | PRINCETON UNIVERSITY | 2001 | male | 2 | 23 | 2016 | 3 | 91 | 2017 | 0 | 0 | 0 | 0 | 0 | 2 | 4 | 0 | 6 | 3 | 2 | 2 | 2 | 1 | 1 | 0 | 1 | 0 | 0 | 0 | 1 |  0 | 0 | 0 | 0 | 1 | 2 | 4 | 0 | 6 | 4 | 4 | 5 | 7 | 4 | 5 | 8 | 5 | 6 | 7 | 9 | 12 |
106 | Fisher, Genene Michelle | UNIVERSITY OF MICHIGAN | 2001 | female | 2 | 3 | 2004 | 3 | 4 | 2004 | 0 | 0 | 0 | 1 | 0 | 1 | 1 | 0 | 2 | 0 | 0 | 0 | 0 | 0 | 0 | 0 | 0 | 0 | 0 | 0 | 0 |  0 | 0 | 1 | 1 | 0 | 1 | 1 | 0 | 3 | 0 | 0 | 0 | 0 | 0 | 0 | 0 | 0 | 0 | 0 | 0 | 0 |
107 | Wong, Michael H. | UNIVERSITY OF MICHIGAN | 2001 | male | 2 | 7 | 2015 | 5 | 64 | 2017 | 1 | 0 | 0 | 0 | 0 | 1 | 0 | 0 | 2 | 0 | 1 | 0 | 0 | 1 | 0 | 1 | 0 | 1 | 0 | 1 | 0 |  1 | 0 | 0 | 1 | 1 | 2 | 0 | 1 | 2 | 1 | 2 | 1 | 4 | 4 | 5 | 8 | 1 | 10 | 9 | 7 | 5 |
108 | Bauer, Franz Erik | UNIVERSITY OF VIRGINIA | 2001 | male | 6 | 13 | 2017 | 26 | 235 | 2017 | 1 | 1 | 0 | 0 | 2 | 2 | 2 | 2 | 3 | 1 | 0 | 0 | 1 | 0 | 1 | 0 | 1 | 0 | 0 | 1 | 0 |  1 | 2 | 4 | 5 | 6 | 8 | 9 | 12 | 12 | 11 | 9 | 6 | 9 | 7 | 9 | 5 | 11 | 15 | 30 | 32 | 41 |
109 | Safizadeh, Neda | UNIVERSITY OF CALIFORNIA, SAN DIEGO | 2001 | female | 2 | 0 | 2001 | 3 | 5 | 2005 | 0 | 0 | 0 | 1 | 0 | 1 | 0 | 0 | 0 | 0 | 0 | 0 | 0 | 0 | 0 | 0 | 0 | 0 | 0 | 0 | 0 |  0 | 0 | 1 | 1 | 0 | 1 | 1 | 1 | 0 | 3 | 0 | 0 | 0 | 0 | 0 | 0 | 0 | 0 | 0 | 0 | 0 |
110 | Detwiler, Rebecca Sue | UNIVERSITY OF NOTRE DAME | 2001 | female | 1 | 0 | 2001 | 1 | 4 | 2012 | 0 | 0 | 0 | 0 | 0 | 1 | 0 | 0 | 0 | 0 | 0 | 0 | 0 | 0 | 0 | 0 | 0 | 0 | 0 | 0 | 0 |  0 | 0 | 0 | 0 | 0 | 1 | 1 | 0 | 0 | 0 | 0 | 0 | 1 | 1 | 0 | 0 | 1 | 0 | 0 | 0 | 0 |
111 | Lloyd-Ronning, Nicole Marie | STANFORD UNIVERSITY | 2001 | female | 1 | 7 | 2017 | 1 | 14 | 2017 | 0 | 0 | 0 | 0 | 0 | 1 | 3 | 0 | 2 | 0 | 0 | 0 | 0 | 0 | 0 | 0 | 0 | 0 | 0 | 0 | 1 |  0 | 0 | 0 | 0 | 0 | 1 | 4 | 0 | 4 | 1 | 0 | 0 | 0 | 0 | 0 | 0 | 1 | 0 | 1 | 0 | 2 |
112 | Shabad, Gayane | STANFORD UNIVERSITY | 2001 | female | 1 | 0 | 2001 | 4 | 0 | 2001 | 0 | 0 | 0 | 0 | 0 | 1 | 0 | 0 | 0 | 0 | 0 | 0 | 0 | 0 | 0 | 0 | 0 | 0 | 0 | 0 | 0 |  0 | 0 | 0 | 0 | 2 | 2 | 0 | 0 | 0 | 0 | 0 | 0 | 0 | 0 | 0 | 0 | 0 | 0 | 0 | 0 | 0 |
113 | Vaillancourt, John E. | THE UNIVERSITY OF CHICAGO | 2001 | male | 1 | 6 | 2015 | 7 | 39 | 2016 | 0 | 0 | 0 | 0 | 0 | 1 | 1 | 0 | 0 | 1 | 1 | 0 | 1 | 0 | 0 | 0 | 1 | 0 | 0 | 1 | 0 |  0 | 0 | 1 | 1 | 3 | 2 | 2 | 1 | 2 | 2 | 1 | 1 | 4 | 5 | 2 | 4 | 4 | 5 | 2 | 2 | 2 |
114 | Biello, Joseph Anthony | THE UNIVERSITY OF CHICAGO | 2001 | male | 1 | 4 | 2006 | 2 | 4 | 2006 | 0 | 0 | 0 | 0 | 0 | 1 | 0 | 0 | 1 | 1 | 2 | 0 | 0 | 0 | 0 | 0 | 0 | 0 | 0 | 0 | 0 |  1 | 0 | 0 | 0 | 0 | 1 | 0 | 0 | 1 | 1 | 2 | 0 | 0 | 0 | 0 | 0 | 0 | 0 | 0 | 0 | 0 |
115 | Xiao, Fuliang | UNIVERSITY OF CALIFORNIA, LOS ANGELES | 2001 | male | 1 | 26 | 2017 | 4 | 53 | 2017 | 0 | 0 | 0 | 0 | 0 | 1 | 0 | 1 | 0 | 0 | 5 | 3 | 1 | 3 | 2 | 2 | 3 | 1 | 1 | 2 | 1 |  0 | 0 | 1 | 0 | 1 | 2 | 0 | 1 | 0 | 0 | 5 | 3 | 1 | 3 | 4 | 5 | 6 | 4 | 8 | 8 | 4 |
116 | Delamarter, Guy Ralph | THE UNIVERSITY OF ROCHESTER | 2001 | male | 2 | 0 | 2001 | 2 | 0 | 2001 | 0 | 0 | 0 | 0 | 1 | 1 | 0 | 0 | 0 | 0 | 0 | 0 | 0 | 0 | 0 | 0 | 0 | 0 | 0 | 0 | 0 |  0 | 0 | 0 | 0 | 1 | 1 | 0 | 0 | 0 | 0 | 0 | 0 | 0 | 0 | 0 | 0 | 0 | 0 | 0 | 0 | 0 |
117 | McCall, Benjamin John | Department of Chemistry and Department of Astronomy and Astrophysics, University of Chicago, 5735 S. Ellis Ave., Chicago, IL 60637 | 2001 | male | 6 | 7 | 2010 | 7 | 42 | 2016 | 0 | 0 | 2 | 1 | 1 | 2 | 2 | 1 | 1 | 0 | 2 | 0 | 0 | 0 | 1 | 0 | 0 | 0 | 0 | 0 | 0 |  0 | 0 | 2 | 2 | 1 | 2 | 4 | 4 | 1 | 3 | 4 | 2 | 2 | 4 | 4 | 4 | 5 | 3 | 1 | 0 | 1 |
118 | Villaver, E. | Space Telescope Science Institute | 2001 | None | 1 | 12 | 2014 | 9 | 66 | 2017 | 0 | 0 | 0 | 0 | 0 | 1 | 2 | 2 | 1 | 1 | 0 | 2 | 0 | 1 | 1 | 0 | 1 | 0 | 1 | 0 | 0 |  0 | 1 | 1 | 3 | 3 | 1 | 3 | 5 | 1 | 1 | 2 | 3 | 3 | 3 | 5 | 1 | 9 | 2 | 8 | 8 | 11 |
119 | Vaccaro, Todd Russell | UNIVERSITY OF FLORIDA | 2001 | male | 1 | 5 | 2015 | 2 | 8 | 2015 | 0 | 0 | 0 | 0 | 0 | 1 | 0 | 1 | 0 | 1 | 0 | 1 | 0 | 0 | 0 | 1 | 0 | 0 | 0 | 1 | 0 |  0 | 1 | 0 | 0 | 0 | 1 | 0 | 1 | 0 | 1 | 0 | 2 | 0 | 1 | 1 | 1 | 0 | 0 | 0 | 1 | 0 |
120 | Sako, Masao | COLUMBIA UNIVERSITY | 2001 | male | 5 | 5 | 2011 | 12 | 123 | 2017 | 0 | 0 | 0 | 1 | 2 | 2 | 0 | 2 | 0 | 1 | 0 | 0 | 1 | 0 | 0 | 1 | 0 | 0 | 0 | 0 | 0 |  0 | 0 | 0 | 1 | 3 | 8 | 4 | 10 | 5 | 5 | 2 | 2 | 7 | 5 | 10 | 9 | 7 | 5 | 7 | 17 | 25 |
121 | Famiano, Michael Andrew | THE OHIO STATE UNIVERSITY | 2001 | male | 2 | 6 | 2016 | 2 | 20 | 2016 | 0 | 0 | 0 | 0 | 0 | 2 | 1 | 1 | 0 | 0 | 0 | 0 | 2 | 0 | 0 | 0 | 0 | 0 | 0 | 0 | 2 |  0 | 0 | 0 | 0 | 0 | 2 | 3 | 2 | 1 | 0 | 0 | 1 | 2 | 2 | 0 | 1 | 2 | 1 | 1 | 1 | 3 |
122 | Reginald, Nelson Leslie | UNIVERSITY OF DELAWARE | 2001 | male | 2 | 6 | 2017 | 2 | 8 | 2017 | 0 | 0 | 0 | 0 | 1 | 1 | 0 | 1 | 1 | 0 | 0 | 0 | 0 | 1 | 0 | 1 | 0 | 0 | 1 | 0 | 0 |  0 | 0 | 0 | 0 | 1 | 1 | 0 | 1 | 1 | 0 | 0 | 0 | 1 | 1 | 0 | 2 | 0 | 0 | 1 | 0 | 0 |
123 | Barmby, Pauline Margaret | Harvard University | 2001 | female | 7 | 13 | 2012 | 10 | 102 | 2016 | 0 | 0 | 2 | 0 | 2 | 3 | 2 | 0 | 1 | 0 | 3 | 2 | 1 | 2 | 0 | 1 | 1 | 0 | 0 | 0 | 0 |  0 | 0 | 2 | 1 | 3 | 4 | 4 | 1 | 14 | 8 | 16 | 11 | 8 | 7 | 8 | 6 | 4 | 4 | 2 | 4 | 5 |
124 | Song, Yucheng | THE UNIVERSITY OF CHICAGO | 2001 | male | 1 | 10 | 2016 | 5 | 30 | 2017 | 0 | 0 | 0 | 0 | 0 | 1 | 0 | 0 | 2 | 2 | 0 | 1 | 0 | 0 | 1 | 0 | 1 | 1 | 0 | 1 | 1 |  0 | 0 | 0 | 1 | 0 | 4 | 3 | 0 | 4 | 4 | 1 | 1 | 1 | 3 | 2 | 0 | 2 | 1 | 1 | 2 | 3 |
125 | Lowrance, Patrick James | UNIVERSITY OF CALIFORNIA, LOS ANGELES | 2001 | male | 3 | 3 | 2005 | 8 | 45 | 2016 | 0 | 0 | 0 | 1 | 1 | 1 | 1 | 1 | 0 | 1 | 0 | 0 | 0 | 0 | 0 | 0 | 0 | 0 | 0 | 0 | 0 |  0 | 0 | 3 | 3 | 1 | 1 | 3 | 5 | 8 | 7 | 3 | 2 | 4 | 0 | 2 | 1 | 3 | 1 | 0 | 1 | 5 |
126 | Bradford, Charles Mathias | CORNELL UNIVERSITY | 2001 | male | 1 | 5 | 2011 | 2 | 34 | 2016 | 0 | 0 | 0 | 0 | 0 | 1 | 0 | 1 | 0 | 1 | 1 | 0 | 0 | 1 | 0 | 1 | 0 | 0 | 0 | 0 | 0 |  0 | 0 | 0 | 1 | 0 | 1 | 1 | 1 | 1 | 1 | 2 | 0 | 2 | 1 | 2 | 8 | 3 | 6 | 3 | 1 | 2 |
127 | Cadonati, Laura | PRINCETON UNIVERSITY | 2001 | female | 1 | 8 | 2014 | 6 | 184 | 2017 | 0 | 0 | 0 | 0 | 0 | 1 | 1 | 1 | 1 | 2 | 0 | 0 | 0 | 2 | 0 | 0 | 0 | 0 | 1 | 0 | 0 |  0 | 0 | 4 | 1 | 0 | 1 | 3 | 1 | 8 | 11 | 3 | 8 | 17 | 18 | 12 | 11 | 20 | 10 | 18 | 7 | 27 |
128 | Bright, David Roy | THE UNIVERSITY OF ARIZONA | 2001 | male | 1 | 0 | 2001 | 1 | 0 | 2001 | 0 | 0 | 0 | 0 | 0 | 1 | 0 | 0 | 0 | 0 | 0 | 0 | 0 | 0 | 0 | 0 | 0 | 0 | 0 | 0 | 0 |  0 | 0 | 0 | 0 | 0 | 1 | 0 | 0 | 0 | 0 | 0 | 0 | 0 | 0 | 0 | 0 | 0 | 0 | 0 | 0 | 0 |
129 | Dyer, K. K. | North Carolina State University | 2001 | None | 4 | 2 | 2009 | 6 | 6 | 2009 | 0 | 0 | 0 | 1 | 0 | 3 | 0 | 0 | 1 | 0 | 0 | 0 | 0 | 1 | 0 | 0 | 0 | 0 | 0 | 0 | 0 |  0 | 0 | 0 | 1 | 1 | 4 | 0 | 1 | 2 | 2 | 0 | 0 | 0 | 1 | 0 | 0 | 0 | 0 | 0 | 0 | 0 |
130 | Huang, Maohai | BOSTON UNIVERSITY | 2001 | None | 8 | 6 | 2005 | 20 | 86 | 2017 | 3 | 0 | 0 | 1 | 0 | 4 | 0 | 4 | 0 | 2 | 0 | 0 | 0 | 0 | 0 | 0 | 0 | 0 | 0 | 0 | 0 |  4 | 3 | 2 | 4 | 1 | 6 | 1 | 6 | 3 | 8 | 4 | 1 | 5 | 6 | 26 | 3 | 4 | 6 | 3 | 4 | 4 |
131 | Matcheva, Katia Ivanova | THE JOHNS HOPKINS UNIVERSITY | 2001 | female | 3 | 2 | 2012 | 3 | 8 | 2013 | 0 | 0 | 0 | 1 | 0 | 2 | 0 | 0 | 0 | 1 | 0 | 0 | 0 | 0 | 0 | 0 | 1 | 0 | 0 | 0 | 0 |  0 | 0 | 0 | 1 | 0 | 2 | 0 | 1 | 1 | 1 | 0 | 0 | 0 | 0 | 1 | 1 | 2 | 1 | 0 | 0 | 0 |
132 | Schenk, Ana Katrin | CORNELL UNIVERSITY | 2001 | female | 2 | 1 | 2002 | 2 | 2 | 2003 | 0 | 0 | 0 | 1 | 0 | 1 | 1 | 0 | 0 | 0 | 0 | 0 | 0 | 0 | 0 | 0 | 0 | 0 | 0 | 0 | 0 |  0 | 0 | 0 | 1 | 0 | 1 | 1 | 1 | 0 | 0 | 0 | 0 | 0 | 0 | 0 | 0 | 0 | 0 | 0 | 0 | 0 |
133 | O'Dell, Christopher William | The University of Wisconsin - Madison | 2001 | male | 1 | 1 | 2011 | 2 | 12 | 2016 | 0 | 0 | 0 | 0 | 0 | 1 | 0 | 0 | 0 | 0 | 0 | 0 | 0 | 0 | 0 | 1 | 0 | 0 | 0 | 0 | 0 |  0 | 0 | 0 | 0 | 0 | 2 | 0 | 4 | 1 | 0 | 0 | 0 | 0 | 0 | 0 | 2 | 1 | 1 | 2 | 0 | 1 |
134 | Kornreich, David Allan | CORNELL UNIVERSITY | 2001 | male | 4 | 2 | 2008 | 5 | 5 | 2011 | 0 | 0 | 1 | 0 | 1 | 2 | 1 | 0 | 0 | 0 | 0 | 0 | 1 | 0 | 0 | 0 | 0 | 0 | 0 | 0 | 0 |  0 | 0 | 1 | 1 | 1 | 2 | 1 | 0 | 0 | 0 | 0 | 1 | 1 | 0 | 1 | 1 | 0 | 0 | 0 | 0 | 0 |
135 | Yahata, Noriaki | State University of New York at Stony Brook | 2001 | male | 2 | 0 | 2001 | 7 | 3 | 2002 | 0 | 0 | 0 | 0 | 1 | 1 | 0 | 0 | 0 | 0 | 0 | 0 | 0 | 0 | 0 | 0 | 0 | 0 | 0 | 0 | 0 |  0 | 1 | 1 | 0 | 2 | 3 | 3 | 0 | 0 | 0 | 0 | 0 | 0 | 0 | 0 | 0 | 0 | 0 | 0 | 0 | 0 |
136 | Bolatto Pereira, Alberto Daniel | BOSTON UNIVERSITY | 2001 | male | 1 | 0 | 2001 | 1 | 0 | 2001 | 0 | 0 | 0 | 0 | 0 | 1 | 0 | 0 | 0 | 0 | 0 | 0 | 0 | 0 | 0 | 0 | 0 | 0 | 0 | 0 | 0 |  0 | 0 | 0 | 0 | 0 | 1 | 0 | 0 | 0 | 0 | 0 | 0 | 0 | 0 | 0 | 0 | 0 | 0 | 0 | 0 | 0 |
137 | Stephan, Sherri Godlin | BOSTON UNIVERSITY | 2001 | female | 2 | 0 | 2001 | 2 | 0 | 2001 | 0 | 0 | 0 | 0 | 0 | 2 | 0 | 0 | 0 | 0 | 0 | 0 | 0 | 0 | 0 | 0 | 0 | 0 | 0 | 0 | 0 |  0 | 0 | 0 | 0 | 0 | 2 | 0 | 0 | 0 | 0 | 0 | 0 | 0 | 0 | 0 | 0 | 0 | 0 | 0 | 0 | 0 |
138 | Kuntz, K. D. | NASA Goddard Space Flight Center | 2001 | None | 9 | 9 | 2016 | 13 | 57 | 2017 | 1 | 1 | 1 | 0 | 2 | 4 | 0 | 1 | 0 | 1 | 0 | 0 | 3 | 0 | 1 | 0 | 0 | 1 | 0 | 1 | 1 |  1 | 1 | 2 | 0 | 3 | 6 | 1 | 2 | 3 | 4 | 1 | 2 | 4 | 4 | 4 | 4 | 7 | 2 | 6 | 6 | 6 |
139 | Wechsler, Risa H. | UNIVERSITY OF CALIFORNIA, SANTA CRUZ | 2001 | female | 3 | 3 | 2006 | 4 | 170 | 2017 | 0 | 0 | 1 | 0 | 0 | 2 | 1 | 0 | 1 | 0 | 1 | 0 | 0 | 0 | 0 | 0 | 0 | 0 | 0 | 0 | 0 |  0 | 0 | 2 | 0 | 0 | 2 | 4 | 2 | 3 | 5 | 5 | 6 | 7 | 12 | 8 | 11 | 9 | 20 | 10 | 26 | 31 |
140 | DeRosa, Marc Lyle | UNIVERSITY OF COLORADO AT BOULDER | 2001 | male | 1 | 2 | 2015 | 1 | 27 | 2016 | 0 | 0 | 0 | 0 | 0 | 1 | 0 | 0 | 0 | 0 | 0 | 0 | 0 | 0 | 0 | 0 | 1 | 0 | 0 | 1 | 0 |  0 | 0 | 0 | 0 | 0 | 1 | 0 | 0 | 0 | 0 | 0 | 0 | 7 | 1 | 4 | 0 | 7 | 1 | 3 | 3 | 1 |
141 | Lindell, Rebecca Susan | THE UNIVERSITY OF NEBRASKA - LINCOLN | 2001 | female | 2 | 0 | 2001 | 3 | 1 | 2002 | 0 | 0 | 0 | 0 | 0 | 2 | 0 | 0 | 0 | 0 | 0 | 0 | 0 | 0 | 0 | 0 | 0 | 0 | 0 | 0 | 0 |  0 | 0 | 0 | 0 | 0 | 3 | 1 | 0 | 0 | 0 | 0 | 0 | 0 | 0 | 0 | 0 | 0 | 0 | 0 | 0 | 0 |
142 | Hubeny, Veronika Elanor | UNIVERSITY OF CALIFORNIA, SANTA BARBARA | 2001 | female | 4 | 25 | 2015 | 7 | 39 | 2015 | 0 | 1 | 1 | 1 | 0 | 1 | 3 | 1 | 2 | 2 | 0 | 2 | 1 | 0 | 3 | 2 | 2 | 3 | 2 | 2 | 0 |  0 | 2 | 1 | 1 | 2 | 1 | 3 | 3 | 3 | 2 | 1 | 2 | 4 | 3 | 3 | 2 | 3 | 4 | 3 | 3 | 0 |
143 | Noble, Cynthia Marie Machacek | THE UNIVERSITY OF OKLAHOMA | 2001 | female | 1 | 1 | 2004 | 1 | 1 | 2004 | 0 | 0 | 0 | 0 | 0 | 1 | 0 | 0 | 1 | 0 | 0 | 0 | 0 | 0 | 0 | 0 | 0 | 0 | 0 | 0 | 0 |  0 | 0 | 0 | 0 | 0 | 1 | 0 | 0 | 1 | 0 | 0 | 0 | 0 | 0 | 0 | 0 | 0 | 0 | 0 | 0 | 0 |
144 | Points, Sean Daniel | UNIVERSITY OF ILLINOIS AT URBANA-CHAMPAIGN | 2001 | male | 4 | 1 | 2004 | 15 | 31 | 2017 | 0 | 0 | 0 | 1 | 1 | 2 | 0 | 0 | 1 | 0 | 0 | 0 | 0 | 0 | 0 | 0 | 0 | 0 | 0 | 0 | 0 |  1 | 2 | 2 | 1 | 5 | 4 | 0 | 1 | 3 | 1 | 4 | 0 | 2 | 0 | 1 | 3 | 5 | 2 | 3 | 2 | 2 |
145 | Boll, Bryan Michael | UNIVERSITY OF NEW HAMPSHIRE | 2001 | male | 1 | 0 | 2001 | 1 | 0 | 2001 | 0 | 0 | 0 | 0 | 0 | 1 | 0 | 0 | 0 | 0 | 0 | 0 | 0 | 0 | 0 | 0 | 0 | 0 | 0 | 0 | 0 |  0 | 0 | 0 | 0 | 0 | 1 | 0 | 0 | 0 | 0 | 0 | 0 | 0 | 0 | 0 | 0 | 0 | 0 | 0 | 0 | 0 |
146 | Pruet, Jason Anthony | UNIVERSITY OF CALIFORNIA, SAN DIEGO | 2001 | male | 3 | 9 | 2006 | 4 | 12 | 2009 | 0 | 0 | 0 | 0 | 0 | 3 | 2 | 3 | 2 | 1 | 1 | 0 | 0 | 0 | 0 | 0 | 0 | 0 | 0 | 0 | 0 |  0 | 0 | 0 | 0 | 1 | 3 | 3 | 3 | 3 | 1 | 1 | 0 | 0 | 1 | 0 | 0 | 0 | 0 | 0 | 0 | 0 |
147 | Huterer, Dragan | THE UNIVERSITY OF CHICAGO | 2001 | male | 6 | 24 | 2017 | 8 | 100 | 2017 | 0 | 1 | 0 | 1 | 1 | 3 | 3 | 2 | 2 | 5 | 2 | 2 | 1 | 1 | 2 | 0 | 0 | 1 | 0 | 2 | 0 |  0 | 1 | 0 | 2 | 1 | 4 | 3 | 5 | 6 | 7 | 7 | 6 | 4 | 5 | 13 | 9 | 5 | 4 | 4 | 13 | 5 |
148 | McKaig, Iain | Old Dominion University | 2001 | male | 3 | 0 | 2001 | 3 | 0 | 2001 | 0 | 0 | 0 | 0 | 0 | 3 | 0 | 0 | 0 | 0 | 0 | 0 | 0 | 0 | 0 | 0 | 0 | 0 | 0 | 0 | 0 |  0 | 0 | 0 | 0 | 0 | 3 | 0 | 0 | 0 | 0 | 0 | 0 | 0 | 0 | 0 | 0 | 0 | 0 | 0 | 0 | 0 |
149 | Motl, Patrick Michael | Louisiana State University and Agricultural & Mechanical College | 2001 | male | 1 | 6 | 2017 | 1 | 25 | 2017 | 0 | 0 | 0 | 0 | 0 | 1 | 1 | 0 | 2 | 1 | 0 | 1 | 0 | 0 | 0 | 0 | 0 | 0 | 0 | 0 | 0 |  0 | 0 | 0 | 0 | 0 | 1 | 2 | 0 | 3 | 1 | 3 | 3 | 4 | 1 | 1 | 1 | 1 | 2 | 0 | 0 | 2 |
150 | Shao, Xi | University of Maryland, College Park | 2001 | None | 4 | 6 | 2015 | 6 | 24 | 2017 | 1 | 0 | 0 | 1 | 0 | 2 | 1 | 1 | 0 | 0 | 0 | 0 | 0 | 1 | 0 | 0 | 1 | 0 | 1 | 1 | 0 |  1 | 0 | 0 | 1 | 0 | 4 | 1 | 2 | 1 | 0 | 2 | 2 | 1 | 2 | 1 | 4 | 2 | 0 | 2 | 2 | 1 |
151 | Snedden, Stephanie Alderamin | The University of Nebraska - Lincoln | 2001 | female | 2 | 1 | 2007 | 7 | 115 | 2014 | 0 | 0 | 0 | 1 | 0 | 1 | 0 | 0 | 0 | 0 | 0 | 1 | 0 | 0 | 0 | 0 | 0 | 0 | 0 | 0 | 0 |  0 | 1 | 2 | 1 | 1 | 2 | 7 | 7 | 10 | 6 | 14 | 9 | 10 | 6 | 6 | 6 | 14 | 16 | 4 | 0 | 0 |
152 | Hirano, Conrad Minoru | University of California, Santa Barbara | 2001 | male | 2 | 0 | 2001 | 2 | 1 | 2006 | 0 | 0 | 0 | 0 | 0 | 2 | 0 | 0 | 0 | 0 | 0 | 0 | 0 | 0 | 0 | 0 | 0 | 0 | 0 | 0 | 0 |  0 | 0 | 0 | 0 | 0 | 2 | 0 | 0 | 0 | 0 | 1 | 0 | 0 | 0 | 0 | 0 | 0 | 0 | 0 | 0 | 0 |
153 | Ransom, Scott Mitchell | Harvard University | 2001 | male | 2 | 8 | 2014 | 6 | 197 | 2017 | 0 | 0 | 0 | 0 | 0 | 2 | 2 | 1 | 2 | 1 | 0 | 0 | 0 | 0 | 0 | 1 | 0 | 0 | 1 | 0 | 0 |  2 | 1 | 1 | 0 | 0 | 2 | 6 | 2 | 10 | 6 | 7 | 10 | 12 | 13 | 15 | 19 | 18 | 19 | 15 | 19 | 20 |
154 | Womack, Gary Lynn | The University of Arizona | 2001 | male | 1 | 0 | 2001 | 1 | 0 | 2001 | 0 | 0 | 0 | 0 | 0 | 1 | 0 | 0 | 0 | 0 | 0 | 0 | 0 | 0 | 0 | 0 | 0 | 0 | 0 | 0 | 0 |  0 | 0 | 0 | 0 | 0 | 1 | 0 | 0 | 0 | 0 | 0 | 0 | 0 | 0 | 0 | 0 | 0 | 0 | 0 | 0 | 0 |
155 | Ricotti, Massimo | UNIVERSITY OF COLORADO AT BOULDER | 2001 | male | 5 | 21 | 2016 | 6 | 42 | 2016 | 0 | 1 | 0 | 0 | 2 | 2 | 4 | 1 | 4 | 2 | 0 | 2 | 2 | 2 | 1 | 0 | 0 | 0 | 1 | 0 | 2 |  0 | 1 | 0 | 1 | 2 | 2 | 4 | 1 | 4 | 2 | 1 | 3 | 2 | 3 | 1 | 4 | 2 | 2 | 6 | 1 | 6 |
156 | Weisel, Gary James | UNIVERSITY OF FLORIDA | 2001 | male | 1 | 0 | 2001 | 1 | 1 | 2011 | 0 | 0 | 0 | 0 | 0 | 1 | 0 | 0 | 0 | 0 | 0 | 0 | 0 | 0 | 0 | 0 | 0 | 0 | 0 | 0 | 0 |  0 | 0 | 0 | 0 | 0 | 1 | 0 | 0 | 0 | 0 | 0 | 0 | 0 | 0 | 0 | 1 | 0 | 0 | 0 | 0 | 0 |
157 | Fang, Taotao | Massachusetts Institute of Technology | 2001 | male | 4 | 22 | 2016 | 4 | 53 | 2016 | 0 | 0 | 0 | 0 | 1 | 3 | 3 | 1 | 2 | 2 | 1 | 2 | 2 | 2 | 1 | 1 | 0 | 1 | 2 | 1 | 1 |  0 | 0 | 0 | 0 | 1 | 3 | 3 | 1 | 2 | 7 | 4 | 5 | 4 | 4 | 2 | 3 | 1 | 1 | 5 | 4 | 7 |
158 | Waldermarsson, Karl Wilhelm Tomas | University of Florida | 2001 | male | 1 | 0 | 2001 | 1 | 0 | 2001 | 0 | 0 | 0 | 0 | 0 | 1 | 0 | 0 | 0 | 0 | 0 | 0 | 0 | 0 | 0 | 0 | 0 | 0 | 0 | 0 | 0 |  0 | 0 | 0 | 0 | 0 | 1 | 0 | 0 | 0 | 0 | 0 | 0 | 0 | 0 | 0 | 0 | 0 | 0 | 0 | 0 | 0 |
159 | Tan, Jonathan Charles | University of California, Berkeley | 2001 | male | 4 | 14 | 2017 | 5 | 96 | 2017 | 0 | 0 | 0 | 1 | 1 | 2 | 0 | 0 | 4 | 1 | 1 | 0 | 1 | 0 | 1 | 0 | 0 | 2 | 1 | 0 | 2 |  0 | 0 | 0 | 1 | 2 | 2 | 1 | 2 | 6 | 2 | 2 | 2 | 3 | 4 | 3 | 8 | 3 | 11 | 11 | 15 | 14 |
160 | Rivier, Leonard Gilles | Columbia University | 2001 | male | 1 | 0 | 2001 | 1 | 0 | 2001 | 0 | 0 | 0 | 0 | 0 | 1 | 0 | 0 | 0 | 0 | 0 | 0 | 0 | 0 | 0 | 0 | 0 | 0 | 0 | 0 | 0 |  0 | 0 | 0 | 0 | 0 | 1 | 0 | 0 | 0 | 0 | 0 | 0 | 0 | 0 | 0 | 0 | 0 | 0 | 0 | 0 | 0 |
161 | Flint, Kathleen Powers | University of California, Santa Cruz | 2001 | female | 3 | 1 | 2003 | 4 | 6 | 2009 | 1 | 0 | 0 | 0 | 0 | 2 | 0 | 1 | 0 | 0 | 0 | 0 | 0 | 0 | 0 | 0 | 0 | 0 | 0 | 0 | 0 |  1 | 0 | 0 | 1 | 0 | 2 | 0 | 3 | 0 | 0 | 1 | 1 | 0 | 1 | 0 | 0 | 0 | 0 | 0 | 0 | 0 |
162 | Stojkovic, Dejan | CASE WESTERN RESERVE UNIVERSITY | 2001 | male | 1 | 10 | 2013 | 5 | 57 | 2017 | 0 | 0 | 0 | 0 | 0 | 1 | 0 | 1 | 1 | 4 | 1 | 0 | 1 | 0 | 0 | 0 | 0 | 2 | 0 | 0 | 0 |  0 | 0 | 0 | 0 | 1 | 4 | 2 | 4 | 3 | 4 | 2 | 2 | 4 | 6 | 5 | 4 | 2 | 3 | 5 | 3 | 7 |
163 | Stadel, Joachim Gerhard | UNIVERSITY OF WASHINGTON | 2001 | male | 1 | 1 | 2009 | 21 | 71 | 2017 | 0 | 0 | 0 | 0 | 0 | 1 | 0 | 0 | 0 | 0 | 0 | 0 | 0 | 1 | 0 | 0 | 0 | 0 | 0 | 0 | 0 |  0 | 3 | 3 | 6 | 2 | 7 | 4 | 5 | 12 | 8 | 9 | 7 | 8 | 2 | 3 | 2 | 1 | 4 | 1 | 1 | 2 |
164 | Spitale, Joseph Nicholas | THE UNIVERSITY OF ARIZONA | 2001 | male | 2 | 7 | 2016 | 4 | 25 | 2016 | 0 | 0 | 0 | 0 | 0 | 2 | 1 | 0 | 0 | 0 | 1 | 1 | 0 | 1 | 1 | 0 | 0 | 0 | 0 | 1 | 1 |  1 | 0 | 0 | 1 | 0 | 2 | 1 | 0 | 1 | 5 | 4 | 2 | 1 | 2 | 3 | 0 | 1 | 2 | 0 | 1 | 2 |
165 | McClure-Griffiths, Naomi Melissa | UNIVERSITY OF MINNESOTA | 2001 | female | 6 | 17 | 2016 | 8 | 120 | 2017 | 0 | 0 | 1 | 0 | 1 | 4 | 1 | 1 | 2 | 2 | 2 | 1 | 1 | 1 | 1 | 0 | 2 | 1 | 0 | 1 | 1 |  0 | 0 | 1 | 0 | 1 | 6 | 2 | 3 | 10 | 9 | 7 | 4 | 13 | 4 | 8 | 7 | 11 | 9 | 5 | 7 | 12 |
166 | Kundu, Tonushree | UNIVERSITY OF CALIFORNIA, BERKELEY | 2001 | female | 1 | 0 | 2001 | 2 | 0 | 2001 | 0 | 0 | 0 | 0 | 0 | 1 | 0 | 0 | 0 | 0 | 0 | 0 | 0 | 0 | 0 | 0 | 0 | 0 | 0 | 0 | 0 |  0 | 0 | 0 | 0 | 1 | 1 | 0 | 0 | 0 | 0 | 0 | 0 | 0 | 0 | 0 | 0 | 0 | 0 | 0 | 0 | 0 |
167 | Indebetouw, Remy | University of Colorado at Boulder | 2001 | male | 3 | 11 | 2014 | 3 | 138 | 2017 | 0 | 0 | 0 | 0 | 1 | 2 | 0 | 1 | 3 | 1 | 1 | 1 | 1 | 1 | 0 | 0 | 0 | 1 | 1 | 0 | 0 |  0 | 0 | 0 | 0 | 1 | 2 | 0 | 3 | 8 | 6 | 7 | 12 | 15 | 15 | 15 | 17 | 4 | 8 | 7 | 11 | 6 |
168 | Keith, Wayne Russell | RICE UNIVERSITY | 2001 | male | 2 | 2 | 2008 | 3 | 4 | 2008 | 0 | 0 | 0 | 0 | 0 | 2 | 0 | 0 | 0 | 1 | 0 | 0 | 1 | 0 | 0 | 0 | 0 | 0 | 0 | 0 | 0 |  0 | 0 | 0 | 0 | 0 | 3 | 0 | 0 | 0 | 2 | 0 | 0 | 2 | 0 | 0 | 0 | 0 | 0 | 0 | 0 | 0 |
169 | Abazajian, Kevork Nazar | UNIVERSITY OF CALIFORNIA, SAN DIEGO | 2001 | male | 4 | 34 | 2016 | 8 | 54 | 2016 | 0 | 0 | 0 | 0 | 1 | 3 | 2 | 4 | 1 | 5 | 3 | 1 | 1 | 1 | 1 | 3 | 4 | 1 | 3 | 3 | 1 |  0 | 0 | 0 | 1 | 2 | 5 | 3 | 4 | 2 | 5 | 8 | 1 | 2 | 1 | 2 | 3 | 5 | 2 | 8 | 3 | 5 |
170 | Gelino, Dawn Marie | Center for Astrophysics and Space Sciences, University of California, San Diego | 2001 | female | 3 | 4 | 2014 | 5 | 37 | 2017 | 0 | 0 | 0 | 0 | 0 | 3 | 0 | 1 | 0 | 0 | 1 | 0 | 0 | 0 | 1 | 0 | 0 | 0 | 1 | 0 | 0 |  1 | 0 | 0 | 0 | 0 | 4 | 0 | 3 | 2 | 1 | 3 | 1 | 0 | 0 | 6 | 6 | 5 | 3 | 4 | 1 | 1 |
171 | Ridge, Naomi A. | FCRAO, 619 Lederle GRC, University of Massachusetts, Amherst, MA 01003, USA | 2001 | female | 2 | 3 | 2006 | 2 | 11 | 2007 | 0 | 0 | 0 | 0 | 0 | 2 | 0 | 1 | 0 | 0 | 2 | 0 | 0 | 0 | 0 | 0 | 0 | 0 | 0 | 0 | 0 |  0 | 0 | 0 | 0 | 0 | 2 | 0 | 2 | 1 | 4 | 3 | 1 | 0 | 0 | 0 | 0 | 0 | 0 | 0 | 0 | 0 |
172 | Adelberger, Kurt L. | California Institute of Technology | 2001 | male | 3 | 11 | 2006 | 24 | 40 | 2008 | 0 | 0 | 1 | 0 | 1 | 1 | 1 | 1 | 2 | 6 | 1 | 0 | 0 | 0 | 0 | 0 | 0 | 0 | 0 | 0 | 0 |  2 | 2 | 6 | 2 | 7 | 5 | 5 | 6 | 7 | 12 | 6 | 3 | 1 | 0 | 0 | 0 | 0 | 0 | 0 | 0 | 0 |
173 | Chou, Yi | Harvard University | 2001 | male | 3 | 5 | 2016 | 4 | 35 | 2016 | 0 | 0 | 0 | 0 | 0 | 3 | 0 | 0 | 0 | 1 | 0 | 0 | 1 | 0 | 0 | 0 | 1 | 0 | 1 | 0 | 1 |  0 | 1 | 0 | 0 | 0 | 3 | 3 | 1 | 0 | 2 | 1 | 0 | 2 | 1 | 1 | 2 | 2 | 3 | 3 | 10 | 4 |
174 | Lommen, Andrea Natalie | University of California, Berkeley | 2001 | female | 3 | 4 | 2015 | 4 | 30 | 2016 | 0 | 0 | 0 | 0 | 1 | 2 | 0 | 0 | 0 | 0 | 1 | 1 | 0 | 0 | 0 | 0 | 0 | 1 | 0 | 1 | 0 |  0 | 0 | 0 | 0 | 2 | 2 | 1 | 0 | 3 | 3 | 4 | 1 | 0 | 2 | 5 | 2 | 0 | 2 | 3 | 3 | 1 |
175 | Browdy, Steven Franklin | University of Miami | 2001 | male | 1 | 0 | 2001 | 1 | 0 | 2001 | 0 | 0 | 0 | 0 | 0 | 1 | 0 | 0 | 0 | 0 | 0 | 0 | 0 | 0 | 0 | 0 | 0 | 0 | 0 | 0 | 0 |  0 | 0 | 0 | 0 | 0 | 1 | 0 | 0 | 0 | 0 | 0 | 0 | 0 | 0 | 0 | 0 | 0 | 0 | 0 | 0 | 0 |
176 | Lee, Hyong Chol | Northwestern University | 2001 | male | 7 | 2 | 2005 | 11 | 15 | 2014 | 2 | 1 | 1 | 1 | 0 | 2 | 0 | 0 | 1 | 1 | 0 | 0 | 0 | 0 | 0 | 0 | 0 | 0 | 0 | 0 | 0 |  3 | 2 | 1 | 2 | 0 | 3 | 0 | 2 | 2 | 2 | 0 | 0 | 2 | 0 | 2 | 1 | 1 | 1 | 2 | 0 | 0 |
177 | Crosthwaite, Lucian Patrick | University of California, Los Angeles | 2001 | male | 3 | 3 | 2007 | 4 | 8 | 2012 | 0 | 0 | 0 | 0 | 1 | 2 | 2 | 0 | 0 | 0 | 0 | 1 | 0 | 0 | 0 | 0 | 0 | 0 | 0 | 0 | 0 |  0 | 0 | 0 | 0 | 1 | 3 | 3 | 1 | 0 | 0 | 1 | 2 | 0 | 0 | 0 | 0 | 1 | 0 | 0 | 0 | 0 |
178 | Macri, Lucas Matias | Harvard University | 2001 | male | 8 | 7 | 2016 | 32 | 62 | 2017 | 0 | 0 | 0 | 1 | 1 | 6 | 0 | 0 | 1 | 0 | 1 | 0 | 0 | 0 | 3 | 0 | 0 | 0 | 0 | 1 | 1 |  0 | 2 | 4 | 9 | 10 | 7 | 1 | 4 | 2 | 2 | 6 | 2 | 1 | 3 | 3 | 6 | 3 | 4 | 2 | 7 | 13 |
179 | Mahdavi, Andisheh | Harvard University | 2001 | female | 9 | 9 | 2014 | 10 | 33 | 2016 | 1 | 1 | 1 | 2 | 1 | 3 | 0 | 0 | 1 | 2 | 0 | 2 | 1 | 0 | 0 | 1 | 0 | 1 | 1 | 0 | 0 |  1 | 1 | 1 | 2 | 1 | 4 | 3 | 0 | 2 | 2 | 2 | 3 | 3 | 3 | 0 | 1 | 7 | 1 | 4 | 1 | 1 |
180 | Berlind, Andreas Alan | The Ohio State University | 2001 | male | 4 | 6 | 2010 | 6 | 88 | 2017 | 0 | 1 | 0 | 0 | 1 | 2 | 1 | 1 | 0 | 1 | 1 | 0 | 1 | 0 | 1 | 0 | 0 | 0 | 0 | 0 | 0 |  0 | 1 | 0 | 0 | 3 | 2 | 3 | 2 | 5 | 6 | 6 | 2 | 2 | 2 | 6 | 9 | 4 | 7 | 5 | 22 | 3 |
181 | Holder, Gilbert Patrick | The University of Chicago | 2001 | male | 5 | 12 | 2014 | 15 | 107 | 2017 | 1 | 0 | 0 | 0 | 1 | 3 | 2 | 2 | 3 | 0 | 0 | 2 | 0 | 0 | 1 | 0 | 0 | 1 | 1 | 0 | 0 |  1 | 0 | 2 | 1 | 6 | 5 | 3 | 7 | 6 | 1 | 0 | 2 | 2 | 2 | 10 | 9 | 12 | 16 | 10 | 13 | 13 |
182 | Harikumar, Jayashree | University of Alaska Fairbanks | 2001 | female | 1 | 0 | 2001 | 2 | 1 | 2004 | 0 | 0 | 0 | 0 | 0 | 1 | 0 | 0 | 0 | 0 | 0 | 0 | 0 | 0 | 0 | 0 | 0 | 0 | 0 | 0 | 0 |  0 | 0 | 0 | 0 | 0 | 2 | 0 | 0 | 1 | 0 | 0 | 0 | 0 | 0 | 0 | 0 | 0 | 0 | 0 | 0 | 0 |
183 | Jain, Raj Kumar | Yale University | 2001 | male | 4 | 9 | 2013 | 11 | 30 | 2016 | 0 | 0 | 0 | 1 | 0 | 3 | 2 | 0 | 0 | 0 | 1 | 1 | 0 | 0 | 1 | 1 | 2 | 1 | 0 | 0 | 0 |  0 | 0 | 3 | 1 | 1 | 6 | 3 | 1 | 1 | 0 | 1 | 3 | 0 | 3 | 1 | 2 | 4 | 6 | 3 | 0 | 2 |
184 | Hillegonds, Darren Jay | Purdue University | 2001 | male | 1 | 0 | 2001 | 1 | 7 | 2011 | 0 | 0 | 0 | 0 | 0 | 1 | 0 | 0 | 0 | 0 | 0 | 0 | 0 | 0 | 0 | 0 | 0 | 0 | 0 | 0 | 0 |  0 | 0 | 0 | 0 | 0 | 1 | 1 | 0 | 1 | 0 | 1 | 1 | 2 | 0 | 0 | 1 | 0 | 0 | 0 | 0 | 0 |
185 | Javorsek, Daniel, II | Purdue University | 2001 | male | 3 | 2 | 2012 | 3 | 11 | 2014 | 0 | 0 | 0 | 0 | 0 | 3 | 0 | 0 | 0 | 0 | 0 | 0 | 0 | 0 | 1 | 0 | 1 | 0 | 0 | 0 | 0 |  0 | 0 | 0 | 0 | 0 | 3 | 1 | 1 | 0 | 0 | 0 | 0 | 0 | 0 | 3 | 0 | 3 | 2 | 1 | 0 | 0 |
186 | Brill, Brian Eric | The University of North Carolina at Chapel Hill | 2001 | male | 1 | 0 | 2001 | 1 | 0 | 2001 | 0 | 0 | 0 | 0 | 0 | 1 | 0 | 0 | 0 | 0 | 0 | 0 | 0 | 0 | 0 | 0 | 0 | 0 | 0 | 0 | 0 |  0 | 0 | 0 | 0 | 0 | 1 | 0 | 0 | 0 | 0 | 0 | 0 | 0 | 0 | 0 | 0 | 0 | 0 | 0 | 0 | 0 |
187 | Knauth, David C. | The University of Toledo | 2001 | male | 3 | 8 | 2017 | 8 | 15 | 2017 | 0 | 0 | 0 | 0 | 1 | 2 | 1 | 4 | 1 | 0 | 1 | 0 | 0 | 0 | 0 | 0 | 0 | 0 | 0 | 0 | 0 |  0 | 2 | 1 | 0 | 1 | 4 | 1 | 6 | 3 | 1 | 2 | 0 | 0 | 1 | 0 | 0 | 0 | 0 | 0 | 0 | 0 |
188 | Miocinovic, Predrag | University of California, Berkeley | 2001 | male | 1 | 1 | 2003 | 14 | 47 | 2016 | 0 | 0 | 0 | 0 | 0 | 1 | 0 | 1 | 0 | 0 | 0 | 0 | 0 | 0 | 0 | 0 | 0 | 0 | 0 | 0 | 0 |  0 | 3 | 2 | 3 | 2 | 4 | 4 | 7 | 9 | 8 | 8 | 3 | 3 | 2 | 1 | 0 | 0 | 0 | 0 | 0 | 2 |
189 | Beck, Tracy Lea | State University of New York at Stony Brook | 2001 | female | 3 | 9 | 2012 | 9 | 52 | 2016 | 0 | 0 | 0 | 0 | 0 | 3 | 0 | 1 | 2 | 0 | 0 | 2 | 1 | 0 | 1 | 0 | 2 | 0 | 0 | 0 | 0 |  0 | 1 | 2 | 2 | 0 | 4 | 0 | 2 | 4 | 1 | 4 | 5 | 4 | 3 | 7 | 2 | 5 | 4 | 6 | 2 | 3 |
190 | Morgan, Rhonda Michelle | The University of Arizona | 2001 | female | 1 | 0 | 2001 | 1 | 3 | 2012 | 0 | 0 | 0 | 0 | 0 | 1 | 0 | 0 | 0 | 0 | 0 | 0 | 0 | 0 | 0 | 0 | 0 | 0 | 0 | 0 | 0 |  0 | 0 | 0 | 0 | 0 | 1 | 0 | 0 | 0 | 1 | 1 | 0 | 0 | 0 | 0 | 0 | 1 | 0 | 0 | 0 | 0 |
191 | Benedetti, Laura Robin | University of California, Berkeley | 2001 | female | 2 | 0 | 2001 | 2 | 13 | 2016 | 0 | 0 | 0 | 1 | 0 | 1 | 0 | 0 | 0 | 0 | 0 | 0 | 0 | 0 | 0 | 0 | 0 | 0 | 0 | 0 | 0 |  0 | 0 | 0 | 1 | 0 | 1 | 0 | 0 | 1 | 1 | 1 | 1 | 1 | 3 | 0 | 2 | 0 | 0 | 1 | 1 | 1 |
192 | Hillwig, Todd Christopher | Indiana University | 2001 | male | 3 | 10 | 2017 | 6 | 28 | 2017 | 0 | 0 | 1 | 0 | 1 | 1 | 1 | 0 | 2 | 0 | 1 | 0 | 1 | 0 | 1 | 0 | 0 | 0 | 0 | 1 | 2 |  0 | 0 | 1 | 0 | 4 | 1 | 1 | 0 | 2 | 0 | 1 | 1 | 5 | 1 | 2 | 2 | 3 | 3 | 0 | 3 | 2 |
193 | Leddon, Deborah Lynn | University of North Texas | 2001 | female | 1 | 0 | 2001 | 1 | 1 | 2002 | 0 | 0 | 0 | 0 | 0 | 1 | 0 | 0 | 0 | 0 | 0 | 0 | 0 | 0 | 0 | 0 | 0 | 0 | 0 | 0 | 0 |  0 | 0 | 0 | 0 | 0 | 1 | 1 | 0 | 0 | 0 | 0 | 0 | 0 | 0 | 0 | 0 | 0 | 0 | 0 | 0 | 0 |
194 | Barclay, Bryan M. | Utah State University | 2001 | male | 1 | 0 | 2001 | 1 | 0 | 2001 | 0 | 0 | 0 | 0 | 0 | 1 | 0 | 0 | 0 | 0 | 0 | 0 | 0 | 0 | 0 | 0 | 0 | 0 | 0 | 0 | 0 |  0 | 0 | 0 | 0 | 0 | 1 | 0 | 0 | 0 | 0 | 0 | 0 | 0 | 0 | 0 | 0 | 0 | 0 | 0 | 0 | 0 |
195 | Rockosi, Constance Mary | The University of Chicago | 2001 | female | 1 | 1 | 2002 | 17 | 97 | 2016 | 0 | 0 | 0 | 0 | 0 | 1 | 1 | 0 | 0 | 0 | 0 | 0 | 0 | 0 | 0 | 0 | 0 | 0 | 0 | 0 | 0 |  0 | 0 | 1 | 2 | 7 | 7 | 14 | 5 | 9 | 2 | 10 | 6 | 9 | 5 | 6 | 10 | 6 | 4 | 4 | 3 | 4 |
196 | Teter, Marcus Alton | Montana State University | 2001 | male | 1 | 0 | 2001 | 1 | 5 | 2009 | 0 | 0 | 0 | 0 | 0 | 1 | 0 | 0 | 0 | 0 | 0 | 0 | 0 | 0 | 0 | 0 | 0 | 0 | 0 | 0 | 0 |  0 | 0 | 0 | 0 | 0 | 1 | 2 | 2 | 0 | 0 | 0 | 0 | 0 | 1 | 0 | 0 | 0 | 0 | 0 | 0 | 0 |
197 | Hueckstaedt, Robert Michael | UNIVERSITY OF FLORIDA | 2001 | male | 2 | 5 | 2006 | 3 | 8 | 2010 | 0 | 0 | 0 | 0 | 0 | 2 | 0 | 1 | 0 | 3 | 1 | 0 | 0 | 0 | 0 | 0 | 0 | 0 | 0 | 0 | 0 |  1 | 0 | 0 | 0 | 0 | 2 | 0 | 1 | 0 | 4 | 2 | 0 | 0 | 0 | 1 | 0 | 0 | 0 | 0 | 0 | 0 |
198 | Yang, Shu | New Jersey Institute of Technology | 2001 | male | 3 | 22 | 2016 | 25 | 126 | 2017 | 0 | 0 | 0 | 0 | 2 | 1 | 1 | 1 | 0 | 0 | 1 | 1 | 1 | 5 | 5 | 1 | 3 | 1 | 1 | 0 | 1 |  3 | 3 | 5 | 3 | 6 | 5 | 5 | 6 | 2 | 4 | 9 | 8 | 11 | 17 | 12 | 7 | 11 | 5 | 9 | 6 | 9 |
199 | Wagner, Donald Russell | UNIVERSITY OF CALIFORNIA, BERKELEY | 2001 | male | 2 | 1 | 2009 | 5 | 4 | 2015 | 0 | 0 | 0 | 0 | 1 | 1 | 0 | 0 | 0 | 0 | 0 | 0 | 0 | 1 | 0 | 0 | 0 | 0 | 0 | 0 | 0 |  1 | 0 | 0 | 0 | 1 | 3 | 0 | 0 | 0 | 0 | 0 | 0 | 0 | 2 | 0 | 0 | 1 | 0 | 0 | 1 | 0 |
200 | Castellano, Timothy Paul | UNIVERSITY OF CALIFORNIA, SANTA CRUZ | 2001 | male | 3 | 3 | 2004 | 3 | 3 | 2004 | 0 | 0 | 0 | 0 | 2 | 1 | 1 | 0 | 2 | 0 | 0 | 0 | 0 | 0 | 0 | 0 | 0 | 0 | 0 | 0 | 0 |  0 | 0 | 0 | 0 | 2 | 1 | 1 | 0 | 2 | 0 | 0 | 0 | 0 | 0 | 0 | 0 | 0 | 0 | 0 | 0 | 0 |
201 | Otte, Birgit | THE UNIVERSITY OF WISCONSIN - MADISON | 2001 | female | 4 | 5 | 2006 | 5 | 8 | 2009 | 1 | 0 | 0 | 1 | 0 | 2 | 1 | 2 | 1 | 0 | 1 | 0 | 0 | 0 | 0 | 0 | 0 | 0 | 0 | 0 | 0 |  1 | 0 | 0 | 2 | 0 | 2 | 1 | 2 | 1 | 0 | 3 | 0 | 0 | 1 | 0 | 0 | 0 | 0 | 0 | 0 | 0 |
202 | O'Brien, Thomas Paul, III | UNIVERSITY OF CALIFORNIA, LOS ANGELES | 2001 | male | 7 | 14 | 2016 | 9 | 49 | 2017 | 0 | 0 | 0 | 0 | 4 | 3 | 3 | 3 | 1 | 0 | 0 | 0 | 1 | 0 | 0 | 0 | 0 | 0 | 2 | 3 | 1 |  0 | 0 | 1 | 0 | 5 | 3 | 3 | 4 | 4 | 2 | 4 | 1 | 4 | 1 | 0 | 1 | 0 | 4 | 3 | 12 | 4 |
203 | Palma, Christopher | University of Virginia Department of Astronomy | 2001 | male | 4 | 3 | 2003 | 8 | 11 | 2013 | 0 | 0 | 0 | 0 | 3 | 1 | 2 | 1 | 0 | 0 | 0 | 0 | 0 | 0 | 0 | 0 | 0 | 0 | 0 | 0 | 0 |  1 | 1 | 0 | 1 | 3 | 2 | 3 | 2 | 0 | 2 | 0 | 2 | 0 | 0 | 0 | 1 | 0 | 1 | 0 | 0 | 0 |
204 | Urquhart, Andrew Lee | RICE UNIVERSITY | 2001 | male | 2 | 0 | 2001 | 6 | 0 | 2001 | 0 | 0 | 1 | 0 | 0 | 1 | 0 | 0 | 0 | 0 | 0 | 0 | 0 | 0 | 0 | 0 | 0 | 0 | 0 | 0 | 0 |  0 | 1 | 2 | 0 | 0 | 3 | 0 | 0 | 0 | 0 | 0 | 0 | 0 | 0 | 0 | 0 | 0 | 0 | 0 | 0 | 0 |
205 | Wang, Chih-Yueh | UNIVERSITY OF VIRGINIA | 2001 | male | 7 | 30 | 2016 | 14 | 154 | 2017 | 0 | 0 | 0 | 0 | 2 | 5 | 2 | 2 | 1 | 3 | 1 | 1 | 2 | 3 | 2 | 3 | 2 | 2 | 4 | 1 | 1 |  0 | 1 | 2 | 1 | 3 | 7 | 5 | 9 | 4 | 10 | 7 | 7 | 17 | 11 | 10 | 14 | 10 | 11 | 12 | 10 | 13 |
206 | Gardiner, Thomas Anthony | THE UNIVERSITY OF ROCHESTER | 2001 | male | 4 | 4 | 2008 | 6 | 15 | 2011 | 0 | 0 | 0 | 0 | 2 | 2 | 0 | 2 | 0 | 1 | 0 | 0 | 1 | 0 | 0 | 0 | 0 | 0 | 0 | 0 | 0 |  0 | 0 | 0 | 1 | 3 | 2 | 1 | 2 | 0 | 1 | 1 | 5 | 2 | 1 | 1 | 1 | 0 | 0 | 0 | 0 | 0 |
207 | Peeters Weem, Jan Peter | UNIVERSITY OF COLORADO AT BOULDER | 2001 | male | 1 | 0 | 2001 | 1 | 0 | 2001 | 0 | 0 | 0 | 0 | 0 | 1 | 0 | 0 | 0 | 0 | 0 | 0 | 0 | 0 | 0 | 0 | 0 | 0 | 0 | 0 | 0 |  0 | 0 | 0 | 0 | 0 | 1 | 0 | 0 | 0 | 0 | 0 | 0 | 0 | 0 | 0 | 0 | 0 | 0 | 0 | 0 | 0 |
208 | Tichy, Wolfgang | CORNELL UNIVERSITY | 2001 | male | 4 | 14 | 2017 | 4 | 39 | 2017 | 0 | 0 | 1 | 0 | 1 | 2 | 0 | 2 | 1 | 0 | 1 | 1 | 1 | 2 | 0 | 3 | 1 | 0 | 0 | 1 | 0 |  0 | 0 | 1 | 0 | 1 | 2 | 0 | 2 | 3 | 0 | 4 | 3 | 3 | 6 | 1 | 3 | 3 | 3 | 3 | 2 | 0 |
209 | Ozkan, Nalan | THE OHIO STATE UNIVERSITY | 2001 | female | 1 | 0 | 2001 | 1 | 18 | 2015 | 0 | 0 | 0 | 0 | 0 | 1 | 0 | 0 | 0 | 0 | 0 | 0 | 0 | 0 | 0 | 0 | 0 | 0 | 0 | 0 | 0 |  0 | 0 | 0 | 0 | 0 | 1 | 2 | 0 | 0 | 0 | 2 | 1 | 0 | 2 | 1 | 1 | 4 | 3 | 0 | 2 | 0 |
210 | Watchorn, Steven Ronald | THE UNIVERSITY OF WISCONSIN - MADISON | 2001 | male | 1 | 1 | 2010 | 1 | 1 | 2010 | 0 | 0 | 0 | 0 | 0 | 1 | 0 | 0 | 0 | 0 | 0 | 0 | 0 | 0 | 1 | 0 | 0 | 0 | 0 | 0 | 0 |  0 | 0 | 0 | 0 | 0 | 1 | 0 | 0 | 0 | 0 | 0 | 0 | 0 | 0 | 1 | 0 | 0 | 0 | 0 | 0 | 0 |
211 | Felder, Gary Neil | STANFORD UNIVERSITY | 2001 | male | 8 | 10 | 2008 | 8 | 18 | 2009 | 0 | 0 | 0 | 2 | 2 | 4 | 4 | 0 | 1 | 0 | 0 | 3 | 2 | 0 | 0 | 0 | 0 | 0 | 0 | 0 | 0 |  0 | 0 | 0 | 2 | 2 | 4 | 4 | 0 | 3 | 2 | 2 | 4 | 2 | 1 | 0 | 0 | 0 | 0 | 0 | 0 | 0 |
212 | Habgood, Michael-James John | THE UNIVERSITY OF NORTH CAROLINA AT CHAPEL HILL | 2001 | male | 1 | 0 | 2001 | 1 | 0 | 2001 | 0 | 0 | 0 | 0 | 0 | 1 | 0 | 0 | 0 | 0 | 0 | 0 | 0 | 0 | 0 | 0 | 0 | 0 | 0 | 0 | 0 |  0 | 0 | 0 | 0 | 0 | 1 | 0 | 0 | 0 | 0 | 0 | 0 | 0 | 0 | 0 | 0 | 0 | 0 | 0 | 0 | 0 |
213 | Lee, Jae-Woo | THE UNIVERSITY OF NORTH CAROLINA AT CHAPEL HILL | 2001 | male | 7 | 60 | 2017 | 23 | 225 | 2017 | 0 | 0 | 0 | 3 | 2 | 2 | 3 | 1 | 6 | 2 | 5 | 3 | 4 | 6 | 4 | 3 | 3 | 3 | 4 | 4 | 7 |  0 | 1 | 2 | 6 | 6 | 8 | 10 | 6 | 14 | 14 | 7 | 13 | 14 | 14 | 16 | 7 | 14 | 16 | 25 | 32 | 17 |
214 | Reese, Erik Darryl | THE UNIVERSITY OF CHICAGO | 2001 | male | 2 | 4 | 2012 | 12 | 40 | 2017 | 0 | 0 | 0 | 0 | 1 | 1 | 1 | 0 | 1 | 0 | 0 | 0 | 0 | 0 | 1 | 0 | 1 | 0 | 0 | 0 | 0 |  0 | 0 | 0 | 0 | 8 | 4 | 2 | 1 | 3 | 0 | 2 | 1 | 1 | 0 | 2 | 5 | 7 | 8 | 4 | 2 | 1 |
215 | Wang, Kelin | UNIVERSITY OF CALIFORNIA, RIVERSIDE | 2001 | female | 11 | 23 | 2017 | 26 | 91 | 2017 | 1 | 1 | 2 | 3 | 1 | 3 | 3 | 1 | 1 | 0 | 1 | 0 | 1 | 1 | 0 | 1 | 3 | 2 | 4 | 1 | 2 |  1 | 7 | 3 | 4 | 4 | 7 | 5 | 6 | 4 | 2 | 5 | 0 | 4 | 4 | 1 | 4 | 5 | 8 | 18 | 8 | 11 |
216 | Roberts, William Thomas, Jr. | THE UNIVERSITY OF ARIZONA | 2001 | male | 1 | 2 | 2010 | 2 | 8 | 2013 | 0 | 0 | 0 | 0 | 0 | 1 | 1 | 0 | 0 | 0 | 0 | 0 | 0 | 0 | 1 | 0 | 0 | 0 | 0 | 0 | 0 |  0 | 0 | 0 | 0 | 0 | 2 | 2 | 1 | 0 | 0 | 0 | 0 | 1 | 0 | 2 | 0 | 1 | 1 | 0 | 0 | 0 |
217 | Malyshkin, Leonid M. | PRINCETON UNIVERSITY | 2001 | male | 7 | 12 | 2011 | 10 | 14 | 2011 | 0 | 0 | 0 | 1 | 1 | 5 | 1 | 0 | 0 | 1 | 0 | 1 | 2 | 3 | 3 | 1 | 0 | 0 | 0 | 0 | 0 |  1 | 0 | 1 | 1 | 2 | 5 | 2 | 0 | 0 | 1 | 0 | 1 | 2 | 3 | 3 | 2 | 0 | 0 | 0 | 0 | 0 |
218 | Gong, Zhigang | UNIVERSITY OF SOUTHERN CALIFORNIA | 2001 | male | 4 | 4 | 2009 | 5 | 11 | 2012 | 0 | 0 | 0 | 0 | 0 | 4 | 0 | 0 | 0 | 0 | 0 | 0 | 1 | 3 | 0 | 0 | 0 | 0 | 0 | 0 | 0 |  1 | 0 | 0 | 0 | 0 | 4 | 0 | 0 | 0 | 1 | 2 | 0 | 2 | 4 | 1 | 0 | 1 | 0 | 0 | 0 | 0 |
219 | Scannapieco, Evan | UNIVERSITY OF CALIFORNIA, BERKELEY | 2001 | male | 9 | 23 | 2017 | 15 | 84 | 2017 | 0 | 1 | 0 | 1 | 3 | 4 | 3 | 2 | 2 | 5 | 4 | 0 | 2 | 0 | 1 | 0 | 1 | 1 | 0 | 1 | 0 |  0 | 1 | 4 | 1 | 5 | 4 | 6 | 5 | 2 | 9 | 7 | 1 | 3 | 11 | 7 | 5 | 5 | 5 | 4 | 3 | 7 |
220 | Pisano, Daniel Joseph, III | THE UNIVERSITY OF WISCONSIN - MADISON | 2001 | male | 6 | 13 | 2014 | 10 | 47 | 2016 | 0 | 0 | 1 | 1 | 2 | 2 | 2 | 1 | 3 | 1 | 0 | 2 | 0 | 0 | 0 | 2 | 1 | 0 | 1 | 0 | 0 |  2 | 0 | 3 | 1 | 2 | 2 | 2 | 2 | 5 | 2 | 2 | 4 | 2 | 3 | 4 | 5 | 2 | 4 | 3 | 2 | 5 |
221 | Pariev, Vladimir Ivanovich | THE UNIVERSITY OF ARIZONA | 2001 | male | 4 | 5 | 2007 | 7 | 13 | 2012 | 1 | 0 | 1 | 0 | 0 | 2 | 0 | 2 | 0 | 1 | 0 | 2 | 0 | 0 | 0 | 0 | 0 | 0 | 0 | 0 | 0 |  2 | 0 | 2 | 0 | 0 | 3 | 2 | 4 | 0 | 2 | 0 | 2 | 0 | 1 | 0 | 1 | 1 | 0 | 0 | 0 | 0 |
222 | Weaver, Benjamin Alan | UNIVERSITY OF CALIFORNIA, BERKELEY | 2001 | male | 8 | 7 | 2015 | 11 | 159 | 2017 | 0 | 1 | 1 | 2 | 0 | 4 | 2 | 2 | 0 | 1 | 1 | 0 | 0 | 0 | 0 | 0 | 0 | 0 | 0 | 1 | 0 |  0 | 1 | 2 | 2 | 0 | 6 | 2 | 2 | 0 | 1 | 3 | 2 | 1 | 0 | 3 | 16 | 23 | 22 | 27 | 15 | 30 |
223 | Hibschman, Johann Allen | UNIVERSITY OF CALIFORNIA, BERKELEY | 2001 | male | 4 | 1 | 2002 | 4 | 1 | 2002 | 0 | 0 | 0 | 0 | 0 | 4 | 1 | 0 | 0 | 0 | 0 | 0 | 0 | 0 | 0 | 0 | 0 | 0 | 0 | 0 | 0 |  0 | 0 | 0 | 0 | 0 | 4 | 1 | 0 | 0 | 0 | 0 | 0 | 0 | 0 | 0 | 0 | 0 | 0 | 0 | 0 | 0 |
224 | Kinion, Darin Shawn | UNIVERSITY OF CALIFORNIA, DAVIS | 2001 | male | 2 | 1 | 2005 | 4 | 11 | 2011 | 0 | 0 | 0 | 1 | 0 | 1 | 0 | 0 | 0 | 1 | 0 | 0 | 0 | 0 | 0 | 0 | 0 | 0 | 0 | 0 | 0 |  0 | 0 | 1 | 1 | 0 | 2 | 1 | 1 | 1 | 2 | 1 | 0 | 0 | 0 | 3 | 2 | 0 | 0 | 0 | 0 | 0 |
225 | Lepper, Kenneth Errol | OKLAHOMA STATE UNIVERSITY | 2001 | male | 2 | 1 | 2009 | 3 | 2 | 2011 | 0 | 0 | 0 | 0 | 1 | 1 | 0 | 0 | 0 | 0 | 0 | 0 | 0 | 1 | 0 | 0 | 0 | 0 | 0 | 0 | 0 |  0 | 0 | 0 | 0 | 2 | 1 | 0 | 0 | 0 | 0 | 0 | 0 | 0 | 1 | 0 | 1 | 0 | 0 | 0 | 0 | 0 |
226 | Liang, Chyng-Lan | UNIVERSITY OF CALIFORNIA, BERKELEY | 2001 | female | 1 | 1 | 2014 | 1 | 5 | 2015 | 0 | 0 | 0 | 0 | 0 | 1 | 0 | 0 | 0 | 0 | 0 | 0 | 0 | 0 | 0 | 0 | 0 | 0 | 1 | 0 | 0 |  0 | 0 | 0 | 0 | 0 | 1 | 0 | 1 | 0 | 0 | 0 | 0 | 0 | 0 | 0 | 0 | 0 | 1 | 1 | 2 | 0 |
227 | McCullough, Joseph Francis | UNIVERSITY OF CALIFORNIA, SANTA CRUZ | 2001 | male | 2 | 0 | 2001 | 6 | 4 | 2012 | 0 | 0 | 0 | 1 | 0 | 1 | 0 | 0 | 0 | 0 | 0 | 0 | 0 | 0 | 0 | 0 | 0 | 0 | 0 | 0 | 0 |  0 | 0 | 0 | 2 | 2 | 2 | 0 | 3 | 0 | 0 | 0 | 0 | 0 | 0 | 0 | 0 | 1 | 0 | 0 | 0 | 0 |
228 | Kuchner, Marc Jason | California Institute of Technology | 2001 | male | 5 | 12 | 2017 | 9 | 79 | 2017 | 0 | 0 | 2 | 0 | 2 | 1 | 3 | 4 | 1 | 1 | 0 | 0 | 0 | 0 | 1 | 0 | 0 | 0 | 0 | 0 | 1 |  0 | 0 | 3 | 1 | 3 | 2 | 4 | 5 | 4 | 5 | 7 | 4 | 2 | 3 | 5 | 5 | 6 | 5 | 7 | 10 | 6 |
229 | Rudnick, Gregory Howard | The University of Arizona | 2001 | male | 4 | 5 | 2012 | 5 | 99 | 2017 | 0 | 0 | 1 | 0 | 1 | 2 | 0 | 1 | 1 | 0 | 1 | 0 | 0 | 1 | 0 | 0 | 1 | 0 | 0 | 0 | 0 |  0 | 0 | 1 | 0 | 1 | 3 | 1 | 6 | 8 | 5 | 10 | 14 | 8 | 14 | 9 | 7 | 4 | 4 | 4 | 2 | 2 |
230 | Bravar, Ulisse | New Mexico State University | 2001 | male | 5 | 2 | 2009 | 32 | 12 | 2015 | 0 | 1 | 0 | 1 | 0 | 3 | 0 | 1 | 0 | 0 | 0 | 0 | 0 | 1 | 0 | 0 | 0 | 0 | 0 | 0 | 0 |  3 | 10 | 0 | 5 | 4 | 10 | 1 | 5 | 1 | 1 | 1 | 0 | 0 | 2 | 0 | 0 | 0 | 0 | 0 | 1 | 0 |
231 | Reed, Michael David | Iowa State University | 2001 | male | 3 | 21 | 2016 | 5 | 81 | 2017 | 0 | 0 | 0 | 0 | 2 | 1 | 0 | 1 | 4 | 1 | 3 | 3 | 0 | 1 | 2 | 2 | 2 | 0 | 1 | 0 | 1 |  0 | 0 | 0 | 0 | 3 | 2 | 2 | 8 | 5 | 3 | 14 | 7 | 0 | 4 | 9 | 10 | 8 | 0 | 3 | 1 | 3 |
232 | Rawlins, Katherine | The University of Wisconsin - Madison | 2001 | female | 1 | 2 | 2011 | 7 | 179 | 2017 | 0 | 0 | 0 | 0 | 0 | 1 | 0 | 1 | 0 | 0 | 0 | 0 | 0 | 0 | 0 | 1 | 0 | 0 | 0 | 0 | 0 |  0 | 0 | 0 | 1 | 1 | 5 | 4 | 10 | 9 | 13 | 11 | 12 | 15 | 8 | 11 | 14 | 10 | 17 | 10 | 13 | 16 |
233 | Kuntz, K. D. | Maryland University | 2001 | None | 9 | 9 | 2016 | 13 | 57 | 2017 | 1 | 1 | 1 | 0 | 2 | 4 | 0 | 1 | 0 | 1 | 0 | 0 | 3 | 0 | 1 | 0 | 0 | 1 | 0 | 1 | 1 |  1 | 1 | 2 | 0 | 3 | 6 | 1 | 2 | 3 | 4 | 1 | 2 | 4 | 4 | 4 | 4 | 7 | 2 | 6 | 6 | 6 |
234 | Kneller, James Patrick | THE OHIO STATE UNIVERSITY | 2001 | male | 2 | 14 | 2015 | 2 | 27 | 2017 | 0 | 0 | 0 | 0 | 0 | 2 | 0 | 4 | 2 | 0 | 1 | 0 | 1 | 0 | 1 | 1 | 0 | 3 | 0 | 1 | 0 |  0 | 0 | 0 | 0 | 0 | 2 | 0 | 6 | 2 | 0 | 1 | 0 | 1 | 2 | 2 | 1 | 2 | 4 | 1 | 2 | 2 |
235 | Lewis, Aaron David | UNIVERSITY OF COLORADO AT BOULDER | 2001 | male | 2 | 4 | 2003 | 3 | 28 | 2016 | 0 | 0 | 0 | 1 | 0 | 1 | 3 | 1 | 0 | 0 | 0 | 0 | 0 | 0 | 0 | 0 | 0 | 0 | 0 | 0 | 0 |  0 | 0 | 0 | 1 | 1 | 1 | 3 | 4 | 2 | 0 | 0 | 0 | 0 | 0 | 0 | 0 | 0 | 0 | 8 | 2 | 9 |
236 | Lin, Jun | UNIVERSITY OF NEW HAMPSHIRE | 2001 | male | 9 | 30 | 2015 | 15 | 107 | 2017 | 2 | 0 | 2 | 1 | 2 | 2 | 4 | 1 | 7 | 4 | 1 | 3 | 1 | 4 | 0 | 0 | 2 | 1 | 1 | 1 | 0 |  5 | 0 | 4 | 1 | 3 | 2 | 4 | 3 | 8 | 5 | 5 | 6 | 4 | 9 | 8 | 3 | 12 | 4 | 8 | 14 | 8 |
237 | McIntosh, Daniel Howard | THE UNIVERSITY OF ARIZONA | 2001 | male | 3 | 7 | 2014 | 6 | 89 | 2017 | 0 | 0 | 0 | 2 | 0 | 1 | 0 | 0 | 2 | 2 | 1 | 0 | 1 | 0 | 0 | 0 | 0 | 0 | 1 | 0 | 0 |  0 | 0 | 0 | 2 | 2 | 2 | 1 | 3 | 10 | 8 | 5 | 5 | 7 | 13 | 2 | 3 | 7 | 4 | 8 | 8 | 2 |
238 | Podariu, Silviu | KANSAS STATE UNIVERSITY | 2001 | male | 5 | 1 | 2003 | 6 | 1 | 2003 | 0 | 0 | 0 | 0 | 1 | 4 | 0 | 1 | 0 | 0 | 0 | 0 | 0 | 0 | 0 | 0 | 0 | 0 | 0 | 0 | 0 |  0 | 0 | 0 | 0 | 1 | 5 | 0 | 1 | 0 | 0 | 0 | 0 | 0 | 0 | 0 | 0 | 0 | 0 | 0 | 0 | 0 |
239 | Stephens, Andrew William | THE OHIO STATE UNIVERSITY | 2001 | male | 6 | 4 | 2006 | 10 | 32 | 2016 | 0 | 1 | 0 | 0 | 2 | 3 | 1 | 1 | 1 | 0 | 1 | 0 | 0 | 0 | 0 | 0 | 0 | 0 | 0 | 0 | 0 |  0 | 1 | 0 | 0 | 5 | 4 | 1 | 1 | 2 | 2 | 2 | 1 | 4 | 2 | 1 | 6 | 4 | 5 | 0 | 0 | 1 |
240 | Busche, Joseph Ray | UNIVERSITY OF PITTSBURGH | 2001 | male | 2 | 1 | 2005 | 3 | 3 | 2012 | 0 | 0 | 0 | 0 | 1 | 1 | 0 | 0 | 0 | 1 | 0 | 0 | 0 | 0 | 0 | 0 | 0 | 0 | 0 | 0 | 0 |  0 | 0 | 0 | 0 | 1 | 2 | 0 | 0 | 0 | 1 | 0 | 0 | 0 | 0 | 0 | 1 | 1 | 0 | 0 | 0 | 0 |
241 | Harding, Paul | The University of Arizona | 2001 | male | 2 | 0 | 2001 | 27 | 76 | 2017 | 0 | 0 | 0 | 0 | 0 | 2 | 0 | 0 | 0 | 0 | 0 | 0 | 0 | 0 | 0 | 0 | 0 | 0 | 0 | 0 | 0 |  2 | 4 | 7 | 7 | 3 | 4 | 1 | 4 | 4 | 2 | 2 | 7 | 4 | 8 | 4 | 7 | 6 | 4 | 7 | 7 | 6 |
242 | Fox, David Charles | Harvard University | 2001 | male | 5 | 1 | 2002 | 6 | 11 | 2016 | 2 | 1 | 0 | 0 | 0 | 2 | 1 | 0 | 0 | 0 | 0 | 0 | 0 | 0 | 0 | 0 | 0 | 0 | 0 | 0 | 0 |  3 | 1 | 0 | 0 | 0 | 2 | 1 | 2 | 0 | 2 | 2 | 0 | 1 | 0 | 0 | 0 | 0 | 2 | 0 | 0 | 1 |
243 | Hamuy, Mario Andres | The University of Arizona | 2001 | male | 9 | 9 | 2011 | 22 | 117 | 2017 | 4 | 0 | 0 | 1 | 1 | 3 | 3 | 2 | 1 | 0 | 1 | 0 | 0 | 1 | 0 | 1 | 0 | 0 | 0 | 0 | 0 |  7 | 1 | 4 | 3 | 3 | 4 | 5 | 6 | 4 | 5 | 3 | 2 | 3 | 10 | 16 | 9 | 12 | 6 | 13 | 10 | 12 |
244 | Niebur, Susan Mahan | Washington University in St. Louis | 2001 | female | 2 | 1 | 2003 | 3 | 2 | 2003 | 0 | 0 | 0 | 0 | 0 | 2 | 0 | 1 | 0 | 0 | 0 | 0 | 0 | 0 | 0 | 0 | 0 | 0 | 0 | 0 | 0 |  0 | 0 | 0 | 0 | 0 | 3 | 0 | 2 | 0 | 0 | 0 | 0 | 0 | 0 | 0 | 0 | 0 | 0 | 0 | 0 | 0 |
245 | Zucker, Daniel Benjamin | University of Washington | 2001 | male | 2 | 6 | 2007 | 6 | 79 | 2017 | 1 | 0 | 0 | 0 | 0 | 1 | 0 | 0 | 3 | 0 | 2 | 1 | 0 | 0 | 0 | 0 | 0 | 0 | 0 | 0 | 0 |  1 | 2 | 0 | 1 | 1 | 1 | 0 | 1 | 4 | 4 | 6 | 13 | 12 | 8 | 4 | 5 | 5 | 2 | 3 | 6 | 3 |
246 | Ansher, Jay Alan | The University of Iowa | 2001 | male | 1 | 0 | 2001 | 3 | 1 | 2006 | 0 | 0 | 0 | 0 | 0 | 1 | 0 | 0 | 0 | 0 | 0 | 0 | 0 | 0 | 0 | 0 | 0 | 0 | 0 | 0 | 0 |  1 | 1 | 0 | 0 | 0 | 1 | 0 | 0 | 0 | 0 | 1 | 0 | 0 | 0 | 0 | 0 | 0 | 0 | 0 | 0 | 0 |
247 | Figueroa Feliciano, Enectali | Stanford University | 2001 | None | 1 | 0 | 2001 | 5 | 49 | 2017 | 0 | 0 | 0 | 0 | 0 | 1 | 0 | 0 | 0 | 0 | 0 | 0 | 0 | 0 | 0 | 0 | 0 | 0 | 0 | 0 | 0 |  0 | 0 | 0 | 1 | 3 | 1 | 9 | 0 | 1 | 0 | 1 | 0 | 3 | 2 | 2 | 6 | 5 | 7 | 5 | 7 | 0 |
248 | Horner, Donald John | University of Maryland College Park | 2001 | male | 3 | 1 | 2008 | 8 | 8 | 2013 | 0 | 1 | 0 | 1 | 0 | 1 | 0 | 0 | 0 | 0 | 0 | 0 | 1 | 0 | 0 | 0 | 0 | 0 | 0 | 0 | 0 |  0 | 1 | 2 | 1 | 2 | 2 | 1 | 1 | 2 | 1 | 1 | 0 | 1 | 0 | 0 | 0 | 0 | 1 | 0 | 0 | 0 |
249 | Marfatia, Danny Mukund | THE UNIVERSITY OF WISCONSIN - MADISON | 2001 | male | 2 | 1 | 2015 | 6 | 64 | 2017 | 0 | 0 | 0 | 0 | 0 | 2 | 0 | 0 | 0 | 0 | 0 | 0 | 0 | 0 | 0 | 0 | 0 | 0 | 0 | 1 | 0 |  0 | 0 | 0 | 0 | 1 | 5 | 6 | 5 | 1 | 5 | 5 | 1 | 5 | 6 | 3 | 4 | 5 | 3 | 7 | 4 | 2 |
250 | Jimenez-Garate, Mario Alberto | COLUMBIA UNIVERSITY | 2001 | male | 3 | 5 | 2005 | 5 | 8 | 2005 | 0 | 0 | 0 | 0 | 1 | 2 | 2 | 2 | 0 | 1 | 0 | 0 | 0 | 0 | 0 | 0 | 0 | 0 | 0 | 0 | 0 |  0 | 0 | 0 | 0 | 3 | 2 | 3 | 2 | 2 | 1 | 0 | 0 | 0 | 0 | 0 | 0 | 0 | 0 | 0 | 0 | 0 |
251 | Klay, Jennifer Lynn | UNIVERSITY OF CALIFORNIA, DAVIS | 2001 | female | 1 | 0 | 2001 | 1 | 0 | 2001 | 0 | 0 | 0 | 0 | 0 | 1 | 0 | 0 | 0 | 0 | 0 | 0 | 0 | 0 | 0 | 0 | 0 | 0 | 0 | 0 | 0 |  0 | 0 | 0 | 0 | 0 | 1 | 0 | 0 | 0 | 0 | 0 | 0 | 0 | 0 | 0 | 0 | 0 | 0 | 0 | 0 | 0 |
252 | Fleming, Timothy Paul | University of Maryland, College Park | 2001 | male | 2 | 1 | 2003 | 2 | 2 | 2006 | 0 | 0 | 0 | 0 | 1 | 1 | 0 | 1 | 0 | 0 | 0 | 0 | 0 | 0 | 0 | 0 | 0 | 0 | 0 | 0 | 0 |  0 | 0 | 0 | 0 | 1 | 1 | 0 | 1 | 0 | 0 | 1 | 0 | 0 | 0 | 0 | 0 | 0 | 0 | 0 | 0 | 0 |
253 | Santoso, Judi | TEXAS A&M UNIVERSITY | 2001 | female | 1 | 0 | 2001 | 1 | 1 | 2012 | 0 | 0 | 0 | 0 | 0 | 1 | 0 | 0 | 0 | 0 | 0 | 0 | 0 | 0 | 0 | 0 | 0 | 0 | 0 | 0 | 0 |  0 | 0 | 0 | 0 | 0 | 1 | 0 | 0 | 0 | 0 | 0 | 0 | 0 | 0 | 0 | 0 | 1 | 0 | 0 | 0 | 0 |
254 | Whiteley, Robert Jennings, Jr. | University of Hawai'i at Manoa | 2001 | male | 2 | 3 | 2004 | 8 | 12 | 2011 | 0 | 0 | 1 | 0 | 0 | 1 | 1 | 0 | 2 | 0 | 0 | 0 | 0 | 0 | 0 | 0 | 0 | 0 | 0 | 0 | 0 |  1 | 2 | 1 | 0 | 1 | 3 | 2 | 2 | 3 | 3 | 1 | 0 | 0 | 0 | 0 | 1 | 0 | 0 | 0 | 0 | 0 |
255 | Zellner, Nicolle Elisabeth Brigitte | Rensselaer Polytechnic Institute | 2001 | female | 1 | 9 | 2017 | 10 | 12 | 2017 | 0 | 0 | 0 | 0 | 0 | 1 | 2 | 0 | 0 | 1 | 0 | 0 | 1 | 3 | 0 | 0 | 0 | 0 | 0 | 1 | 0 |  2 | 4 | 2 | 1 | 0 | 1 | 2 | 0 | 0 | 1 | 0 | 1 | 1 | 3 | 0 | 0 | 0 | 0 | 1 | 2 | 0 |
256 | Fuller, Jason Frank | University of Florida | 2001 | male | 1 | 2 | 2009 | 2 | 7 | 2017 | 0 | 0 | 0 | 0 | 0 | 1 | 0 | 0 | 0 | 0 | 0 | 0 | 1 | 1 | 0 | 0 | 0 | 0 | 0 | 0 | 0 |  0 | 0 | 0 | 0 | 0 | 2 | 0 | 0 | 0 | 0 | 0 | 0 | 1 | 1 | 0 | 0 | 0 | 1 | 1 | 0 | 1 |
257 | Sahin, Latife | THE OHIO STATE UNIVERSITY | 2001 | female | 1 | 0 | 2001 | 1 | 6 | 2005 | 0 | 0 | 0 | 0 | 0 | 1 | 0 | 0 | 0 | 0 | 0 | 0 | 0 | 0 | 0 | 0 | 0 | 0 | 0 | 0 | 0 |  0 | 0 | 0 | 0 | 0 | 1 | 0 | 1 | 1 | 4 | 0 | 0 | 0 | 0 | 0 | 0 | 0 | 0 | 0 | 0 | 0 |
258 | Elliott, Heather Alison | The University of Alabama in Huntsville | 2001 | female | 3 | 8 | 2016 | 4 | 64 | 2017 | 0 | 0 | 0 | 0 | 0 | 3 | 0 | 1 | 0 | 1 | 0 | 1 | 0 | 0 | 1 | 0 | 1 | 1 | 0 | 0 | 2 |  0 | 0 | 0 | 0 | 1 | 3 | 2 | 3 | 3 | 3 | 7 | 9 | 4 | 3 | 3 | 0 | 2 | 8 | 2 | 4 | 9 |
259 | Mohr, Robert Deane, Jr. | The University of Alabama | 2001 | male | 1 | 0 | 2001 | 1 | 0 | 2001 | 0 | 0 | 0 | 0 | 0 | 1 | 0 | 0 | 0 | 0 | 0 | 0 | 0 | 0 | 0 | 0 | 0 | 0 | 0 | 0 | 0 |  0 | 0 | 0 | 0 | 0 | 1 | 0 | 0 | 0 | 0 | 0 | 0 | 0 | 0 | 0 | 0 | 0 | 0 | 0 | 0 | 0 |
260 | Johnson, Kelsey E. | University of Colorado at Boulder | 2001 | female | 6 | 8 | 2015 | 8 | 71 | 2017 | 1 | 0 | 0 | 1 | 2 | 2 | 1 | 2 | 2 | 0 | 0 | 1 | 0 | 1 | 0 | 0 | 0 | 0 | 0 | 1 | 0 |  1 | 0 | 0 | 2 | 3 | 2 | 2 | 3 | 3 | 2 | 1 | 2 | 6 | 3 | 6 | 6 | 2 | 5 | 7 | 11 | 8 |
261 | Hamilton, Timothy Scott | University of Pittsburgh | 2001 | male | 2 | 4 | 2010 | 2 | 11 | 2017 | 0 | 1 | 0 | 0 | 0 | 1 | 1 | 0 | 0 | 0 | 1 | 0 | 1 | 0 | 1 | 0 | 0 | 0 | 0 | 0 | 0 |  0 | 1 | 0 | 0 | 0 | 1 | 2 | 0 | 0 | 0 | 1 | 0 | 1 | 0 | 1 | 0 | 1 | 0 | 2 | 1 | 1 |
262 | Kurosawa, Ryuichi | University of Pittsburgh | 2001 | male | 3 | 14 | 2016 | 3 | 24 | 2016 | 0 | 0 | 0 | 1 | 0 | 2 | 1 | 0 | 1 | 1 | 2 | 0 | 2 | 3 | 0 | 1 | 1 | 1 | 0 | 0 | 1 |  0 | 0 | 0 | 1 | 0 | 2 | 1 | 0 | 2 | 3 | 2 | 0 | 4 | 3 | 0 | 1 | 3 | 1 | 1 | 0 | 3 |
