 n |  name |  university |  phd_year |  gender |  fa_n_pubs_pre_phd |  fa_n_pubs_prost_phd |  fa_year_last |  all_n_pubs_pre_phd |  all_n_pubs_prost_phd |  all_year_last |  fa_1970 |  fa_1971 |  fa_1972 |  fa_1973 |  fa_1974 |  fa_1975 |  fa_1976 |  fa_1977 |  fa_1978 |  fa_1979 |  fa_1980 |  fa_1981 |  fa_1982 |  fa_1983 |  fa_1984 |  fa_1985 |  fa_1986 |  fa_1987 |  fa_1988 |  fa_1989 |  fa_1990 |  fa_1991 |  fa_1992 |  fa_1993 |  fa_1994 |  fa_1995 |  fa_1996 |  fa_1997 |  fa_1998 |  fa_1999 |  fa_2000 |  fa_2001 |  fa_2002 |  fa_2003 |  fa_2004 |  fa_2005 |  fa_2006 |  fa_2007 |  fa_2008 |  fa_2009 |  fa_2010 |  fa_2011 |  fa_2012 |  fa_2013 |  fa_2014 |  fa_2015 |  fa_2016 |  all_1970 |  all_1971 |  all_1972 |  all_1973 |  all_1974 |  all_1975 |  all_1976 |  all_1977 |  all_1978 |  all_1979 |  all_1980 |  all_1981 |  all_1982 |  all_1983 |  all_1984 |  all_1985 |  all_1986 |  all_1987 |  all_1988 |  all_1989 |  all_1990 |  all_1991 |  all_1992 |  all_1993 |  all_1994 |  all_1995 |  all_1996 |  all_1997 |  all_1998 |  all_1999 |  all_2000 |  all_2001 |  all_2002 |  all_2003 |  all_2004 |  all_2005 |  all_2006 |  all_2007 |  all_2008 |  all_2009 |  all_2010 |  all_2011 |  all_2012 |  all_2013 |  all_2014 |  all_2015 |  all_2016 | foo
 1 | Colwill, W. H. | Pennsylvania State University, University Park. | 1975 | None | 1 | 1 | 1977 | 1 | 1 | 1977 | 0 | 0 | 0 | 0 | 0 | 1 | 0 | 1 | 0 | 0 | 0 | 0 | 0 | 0 | 0 | 0 | 0 | 0 | 0 | 0 | 0 | 0 | 0 | 0 | 0 | 0 | 0 | 0 | 0 | 0 | 0 | 0 | 0 | 0 | 0 | 0 | 0 | 0 | 0 | 0 | 0 | 0 | 0 | 0 | 0 | 0 | 0 | 0 | 0 | 0 | 0 | 0 | 1 | 0 | 1 | 0 | 0 | 0 | 0 | 0 | 0 | 0 | 0 | 0 | 0 | 0 | 0 | 0 | 0 | 0 | 0 | 0 | 0 | 0 | 0 | 0 | 0 | 0 | 0 | 0 | 0 | 0 | 0 | 0 | 0 | 0 | 0 | 0 | 0 | 0 | 0 | 0 | 0 | 0 |
 2 | Sherburne, R. W. | Pennsylvania State University, University Park. | 1975 | None | 1 | 0 | 1975 | 1 | 0 | 1975 | 0 | 0 | 0 | 0 | 0 | 1 | 0 | 0 | 0 | 0 | 0 | 0 | 0 | 0 | 0 | 0 | 0 | 0 | 0 | 0 | 0 | 0 | 0 | 0 | 0 | 0 | 0 | 0 | 0 | 0 | 0 | 0 | 0 | 0 | 0 | 0 | 0 | 0 | 0 | 0 | 0 | 0 | 0 | 0 | 0 | 0 | 0 | 0 | 0 | 0 | 0 | 0 | 1 | 0 | 0 | 0 | 0 | 0 | 0 | 0 | 0 | 0 | 0 | 0 | 0 | 0 | 0 | 0 | 0 | 0 | 0 | 0 | 0 | 0 | 0 | 0 | 0 | 0 | 0 | 0 | 0 | 0 | 0 | 0 | 0 | 0 | 0 | 0 | 0 | 0 | 0 | 0 | 0 | 0 |
 3 | Vardar, Oktem | UNIVERSITY OF CALIFORNIA, BERKELEY. | 1975 | male | 1 | 0 | 1975 | 1 | 0 | 1975 | 0 | 0 | 0 | 0 | 0 | 1 | 0 | 0 | 0 | 0 | 0 | 0 | 0 | 0 | 0 | 0 | 0 | 0 | 0 | 0 | 0 | 0 | 0 | 0 | 0 | 0 | 0 | 0 | 0 | 0 | 0 | 0 | 0 | 0 | 0 | 0 | 0 | 0 | 0 | 0 | 0 | 0 | 0 | 0 | 0 | 0 | 0 | 0 | 0 | 0 | 0 | 0 | 1 | 0 | 0 | 0 | 0 | 0 | 0 | 0 | 0 | 0 | 0 | 0 | 0 | 0 | 0 | 0 | 0 | 0 | 0 | 0 | 0 | 0 | 0 | 0 | 0 | 0 | 0 | 0 | 0 | 0 | 0 | 0 | 0 | 0 | 0 | 0 | 0 | 0 | 0 | 0 | 0 | 0 |
 5 | Murphy, A. J. | Columbia Univ., New York, NY. | 1975 | None | 1 | 1 | 2012 | 2 | 42 | 2015 | 0 | 0 | 0 | 0 | 0 | 1 | 0 | 0 | 0 | 0 | 0 | 0 | 0 | 0 | 0 | 0 | 0 | 0 | 0 | 0 | 0 | 0 | 0 | 0 | 0 | 0 | 0 | 0 | 0 | 0 | 0 | 0 | 0 | 0 | 0 | 0 | 0 | 0 | 0 | 0 | 0 | 0 | 1 | 0 | 0 | 0 | 0 | 0 | 0 | 1 | 0 | 0 | 1 | 0 | 0 | 0 | 0 | 0 | 0 | 0 | 0 | 0 | 0 | 0 | 0 | 0 | 0 | 0 | 0 | 0 | 0 | 0 | 0 | 0 | 0 | 0 | 0 | 1 | 0 | 3 | 3 | 1 | 0 | 0 | 0 | 0 | 2 | 1 | 24 | 3 | 1 | 1 | 2 | 0 |
 16 | Geary, John Charles | THE UNIVERSITY OF ARIZONA. | 1975 | male | 2 | 0 | 1975 | 2 | 68 | 2015 | 1 | 0 | 0 | 0 | 0 | 1 | 0 | 0 | 0 | 0 | 0 | 0 | 0 | 0 | 0 | 0 | 0 | 0 | 0 | 0 | 0 | 0 | 0 | 0 | 0 | 0 | 0 | 0 | 0 | 0 | 0 | 0 | 0 | 0 | 0 | 0 | 0 | 0 | 0 | 0 | 0 | 0 | 0 | 0 | 0 | 0 | 0 | 1 | 0 | 0 | 0 | 0 | 1 | 0 | 0 | 0 | 0 | 0 | 1 | 1 | 0 | 0 | 0 | 0 | 0 | 0 | 1 | 0 | 0 | 0 | 0 | 0 | 0 | 0 | 0 | 1 | 0 | 0 | 0 | 1 | 0 | 0 | 2 | 2 | 1 | 1 | 1 | 9 | 7 | 13 | 6 | 3 | 18 | 0 |
 17 | Ahmad, Imad Aldean | THE UNIVERSITY OF ARIZONA. | 1975 | male | 4 | 18 | 2006 | 4 | 42 | 2013 | 0 | 0 | 1 | 0 | 1 | 2 | 2 | 2 | 2 | 1 | 0 | 1 | 0 | 0 | 0 | 1 | 2 | 1 | 1 | 1 | 0 | 0 | 0 | 0 | 0 | 2 | 0 | 0 | 1 | 0 | 0 | 0 | 0 | 0 | 0 | 0 | 1 | 0 | 0 | 0 | 0 | 0 | 0 | 0 | 0 | 0 | 0 | 0 | 0 | 1 | 0 | 1 | 2 | 2 | 2 | 2 | 1 | 0 | 1 | 1 | 0 | 0 | 1 | 2 | 1 | 1 | 2 | 0 | 0 | 0 | 2 | 0 | 2 | 0 | 0 | 3 | 0 | 1 | 1 | 0 | 5 | 3 | 1 | 3 | 1 | 0 | 1 | 1 | 0 | 0 | 2 | 0 | 0 | 0 |
 19 | Eppley, Kenneth Robert | PRINCETON UNIVERSITY. | 1975 | male | 2 | 2 | 1977 | 2 | 3 | 1977 | 0 | 0 | 0 | 0 | 0 | 2 | 0 | 2 | 0 | 0 | 0 | 0 | 0 | 0 | 0 | 0 | 0 | 0 | 0 | 0 | 0 | 0 | 0 | 0 | 0 | 0 | 0 | 0 | 0 | 0 | 0 | 0 | 0 | 0 | 0 | 0 | 0 | 0 | 0 | 0 | 0 | 0 | 0 | 0 | 0 | 0 | 0 | 0 | 0 | 0 | 0 | 0 | 2 | 1 | 2 | 0 | 0 | 0 | 0 | 0 | 0 | 0 | 0 | 0 | 0 | 0 | 0 | 0 | 0 | 0 | 0 | 0 | 0 | 0 | 0 | 0 | 0 | 0 | 0 | 0 | 0 | 0 | 0 | 0 | 0 | 0 | 0 | 0 | 0 | 0 | 0 | 0 | 0 | 0 |
 22 | Kinahan, Blake Francis | PRINCETON UNIVERSITY. | 1975 | male | 3 | 1 | 1976 | 3 | 2 | 1979 | 0 | 0 | 1 | 0 | 0 | 2 | 1 | 0 | 0 | 0 | 0 | 0 | 0 | 0 | 0 | 0 | 0 | 0 | 0 | 0 | 0 | 0 | 0 | 0 | 0 | 0 | 0 | 0 | 0 | 0 | 0 | 0 | 0 | 0 | 0 | 0 | 0 | 0 | 0 | 0 | 0 | 0 | 0 | 0 | 0 | 0 | 0 | 0 | 0 | 1 | 0 | 0 | 2 | 1 | 0 | 0 | 1 | 0 | 0 | 0 | 0 | 0 | 0 | 0 | 0 | 0 | 0 | 0 | 0 | 0 | 0 | 0 | 0 | 0 | 0 | 0 | 0 | 0 | 0 | 0 | 0 | 0 | 0 | 0 | 0 | 0 | 0 | 0 | 0 | 0 | 0 | 0 | 0 | 0 |
 23 | Hsieh, Shyu-Hsien | COLUMBIA UNIVERSITY. | 1975 | male | 2 | 4 | 1982 | 2 | 22 | 1982 | 0 | 0 | 0 | 0 | 0 | 2 | 1 | 1 | 0 | 0 | 0 | 1 | 1 | 0 | 0 | 0 | 0 | 0 | 0 | 0 | 0 | 0 | 0 | 0 | 0 | 0 | 0 | 0 | 0 | 0 | 0 | 0 | 0 | 0 | 0 | 0 | 0 | 0 | 0 | 0 | 0 | 0 | 0 | 0 | 0 | 0 | 0 | 0 | 0 | 0 | 0 | 0 | 2 | 2 | 5 | 3 | 3 | 6 | 2 | 1 | 0 | 0 | 0 | 0 | 0 | 0 | 0 | 0 | 0 | 0 | 0 | 0 | 0 | 0 | 0 | 0 | 0 | 0 | 0 | 0 | 0 | 0 | 0 | 0 | 0 | 0 | 0 | 0 | 0 | 0 | 0 | 0 | 0 | 0 |
 25 | Davidsen, Arthur Falnes | UNIVERSITY OF CALIFORNIA, BERKELEY. | 1975 | male | 11 | 11 | 1996 | 13 | 88 | 2002 | 0 | 0 | 2 | 1 | 4 | 4 | 3 | 4 | 0 | 0 | 0 | 0 | 0 | 0 | 0 | 0 | 0 | 0 | 0 | 0 | 0 | 1 | 1 | 1 | 0 | 0 | 1 | 0 | 0 | 0 | 0 | 0 | 0 | 0 | 0 | 0 | 0 | 0 | 0 | 0 | 0 | 0 | 0 | 0 | 0 | 0 | 0 | 0 | 1 | 2 | 2 | 4 | 4 | 7 | 4 | 1 | 0 | 2 | 0 | 0 | 0 | 0 | 1 | 0 | 0 | 0 | 1 | 0 | 7 | 8 | 9 | 4 | 12 | 8 | 5 | 4 | 2 | 6 | 3 | 4 | 0 | 0 | 0 | 0 | 0 | 0 | 0 | 0 | 0 | 0 | 0 | 0 | 0 | 0 |
 27 | Grandi, Steven Aldridge | THE UNIVERSITY OF ARIZONA. | 1975 | male | 7 | 20 | 1984 | 8 | 37 | 1995 | 0 | 0 | 0 | 1 | 3 | 3 | 3 | 1 | 4 | 2 | 2 | 2 | 3 | 2 | 1 | 0 | 0 | 0 | 0 | 0 | 0 | 0 | 0 | 0 | 0 | 0 | 0 | 0 | 0 | 0 | 0 | 0 | 0 | 0 | 0 | 0 | 0 | 0 | 0 | 0 | 0 | 0 | 0 | 0 | 0 | 0 | 0 | 0 | 0 | 0 | 1 | 4 | 3 | 4 | 3 | 6 | 4 | 4 | 3 | 4 | 5 | 1 | 0 | 1 | 0 | 0 | 0 | 0 | 1 | 0 | 0 | 0 | 1 | 0 | 0 | 0 | 0 | 0 | 0 | 0 | 0 | 0 | 0 | 0 | 0 | 0 | 0 | 0 | 0 | 0 | 0 | 0 | 0 | 0 |
 28 | Johnson, Michael Allan | UNIVERSITY OF CALIFORNIA, BERKELEY. | 1975 | male | 6 | 3 | 2009 | 7 | 44 | 2016 | 1 | 0 | 2 | 0 | 2 | 1 | 1 | 1 | 0 | 0 | 0 | 0 | 0 | 0 | 0 | 0 | 0 | 0 | 0 | 0 | 0 | 0 | 0 | 0 | 0 | 0 | 0 | 0 | 0 | 0 | 0 | 0 | 0 | 0 | 0 | 0 | 0 | 0 | 0 | 1 | 0 | 0 | 0 | 0 | 0 | 0 | 0 | 1 | 0 | 2 | 0 | 3 | 1 | 2 | 3 | 1 | 0 | 0 | 1 | 0 | 0 | 0 | 0 | 0 | 0 | 0 | 0 | 0 | 0 | 0 | 0 | 0 | 3 | 0 | 4 | 7 | 1 | 1 | 4 | 2 | 2 | 2 | 0 | 0 | 0 | 0 | 4 | 0 | 1 | 1 | 2 | 0 | 1 | 2 |
 33 | Rydgren, Alfred Eric, Jr. | THE UNIVERSITY OF ARIZONA. | 1975 | male | 6 | 15 | 1987 | 9 | 27 | 1989 | 1 | 1 | 0 | 0 | 2 | 2 | 2 | 2 | 0 | 1 | 2 | 1 | 1 | 2 | 2 | 0 | 0 | 2 | 0 | 0 | 0 | 0 | 0 | 0 | 0 | 0 | 0 | 0 | 0 | 0 | 0 | 0 | 0 | 0 | 0 | 0 | 0 | 0 | 0 | 0 | 0 | 0 | 0 | 0 | 0 | 0 | 0 | 1 | 1 | 1 | 0 | 4 | 2 | 2 | 2 | 1 | 2 | 2 | 2 | 1 | 2 | 3 | 3 | 3 | 3 | 0 | 1 | 0 | 0 | 0 | 0 | 0 | 0 | 0 | 0 | 0 | 0 | 0 | 0 | 0 | 0 | 0 | 0 | 0 | 0 | 0 | 0 | 0 | 0 | 0 | 0 | 0 | 0 | 0 |
 34 | Schechter, P. | California Institute of Technology, Pasadena, CA USA | 1975 | None | 1 | 25 | 2017 | 3 | 111 | 2017 | 0 | 0 | 0 | 0 | 0 | 1 | 3 | 1 | 1 | 1 | 1 | 0 | 0 | 1 | 2 | 0 | 0 | 1 | 1 | 0 | 0 | 1 | 1 | 3 | 0 | 0 | 0 | 1 | 1 | 0 | 0 | 0 | 1 | 1 | 1 | 0 | 0 | 0 | 0 | 0 | 0 | 1 | 0 | 0 | 1 | 0 | 0 | 0 | 0 | 0 | 0 | 2 | 1 | 3 | 2 | 2 | 4 | 1 | 2 | 3 | 3 | 4 | 0 | 1 | 3 | 2 | 2 | 4 | 3 | 2 | 4 | 1 | 2 | 5 | 4 | 4 | 2 | 4 | 4 | 8 | 8 | 5 | 3 | 3 | 1 | 1 | 1 | 1 | 3 | 1 | 2 | 1 | 1 | 0 |
 42 | Hutcheon, Ian Douglass | UNIVERSITY OF CALIFORNIA, BERKELEY. | 1975 | male | 6 | 21 | 2009 | 21 | 129 | 2017 | 0 | 0 | 2 | 0 | 2 | 2 | 1 | 2 | 2 | 2 | 2 | 0 | 1 | 0 | 0 | 1 | 0 | 1 | 0 | 2 | 1 | 1 | 0 | 1 | 1 | 0 | 0 | 0 | 1 | 0 | 0 | 0 | 0 | 0 | 0 | 1 | 0 | 0 | 0 | 1 | 0 | 0 | 0 | 0 | 0 | 0 | 0 | 0 | 5 | 4 | 2 | 2 | 8 | 3 | 2 | 3 | 2 | 4 | 0 | 4 | 0 | 5 | 4 | 0 | 2 | 5 | 5 | 6 | 6 | 6 | 4 | 6 | 3 | 1 | 2 | 1 | 2 | 1 | 3 | 2 | 2 | 2 | 5 | 5 | 4 | 7 | 7 | 4 | 3 | 1 | 2 | 2 | 0 | 2 |
 44 | Hurford, Gordon James | CALIFORNIA INSTITUTE OF TECHNOLOGY. | 1975 | male | 9 | 8 | 2010 | 9 | 76 | 2015 | 0 | 0 | 0 | 5 | 1 | 3 | 0 | 0 | 0 | 0 | 0 | 0 | 0 | 0 | 1 | 0 | 0 | 1 | 0 | 0 | 0 | 0 | 0 | 0 | 0 | 0 | 0 | 0 | 0 | 0 | 0 | 0 | 2 | 2 | 0 | 0 | 1 | 0 | 0 | 0 | 1 | 0 | 0 | 0 | 0 | 0 | 0 | 0 | 0 | 0 | 5 | 1 | 3 | 0 | 0 | 1 | 1 | 3 | 4 | 1 | 2 | 5 | 0 | 1 | 2 | 1 | 3 | 3 | 2 | 2 | 3 | 2 | 0 | 0 | 1 | 0 | 0 | 0 | 0 | 6 | 8 | 3 | 1 | 1 | 6 | 4 | 1 | 2 | 2 | 4 | 0 | 0 | 1 | 0 |
 45 | Kerlick, George David | PRINCETON UNIVERSITY. | 1975 | male | 3 | 3 | 1980 | 3 | 6 | 1980 | 0 | 0 | 0 | 0 | 0 | 3 | 1 | 0 | 0 | 0 | 2 | 0 | 0 | 0 | 0 | 0 | 0 | 0 | 0 | 0 | 0 | 0 | 0 | 0 | 0 | 0 | 0 | 0 | 0 | 0 | 0 | 0 | 0 | 0 | 0 | 0 | 0 | 0 | 0 | 0 | 0 | 0 | 0 | 0 | 0 | 0 | 0 | 0 | 0 | 0 | 0 | 0 | 3 | 3 | 0 | 1 | 0 | 2 | 0 | 0 | 0 | 0 | 0 | 0 | 0 | 0 | 0 | 0 | 0 | 0 | 0 | 0 | 0 | 0 | 0 | 0 | 0 | 0 | 0 | 0 | 0 | 0 | 0 | 0 | 0 | 0 | 0 | 0 | 0 | 0 | 0 | 0 | 0 | 0 |
 56 | Weaver, Thomas Allan | UNIVERSITY OF CALIFORNIA, BERKELEY. | 1975 | male | 2 | 4 | 1993 | 5 | 42 | 2002 | 0 | 0 | 0 | 0 | 1 | 1 | 2 | 0 | 1 | 0 | 0 | 0 | 0 | 0 | 0 | 0 | 0 | 0 | 0 | 0 | 0 | 0 | 0 | 1 | 0 | 0 | 0 | 0 | 0 | 0 | 0 | 0 | 0 | 0 | 0 | 0 | 0 | 0 | 0 | 0 | 0 | 0 | 0 | 0 | 0 | 0 | 0 | 0 | 0 | 1 | 0 | 2 | 2 | 2 | 0 | 1 | 0 | 3 | 3 | 2 | 1 | 0 | 1 | 5 | 1 | 2 | 2 | 0 | 0 | 0 | 5 | 4 | 5 | 1 | 1 | 0 | 1 | 0 | 1 | 1 | 0 | 0 | 0 | 0 | 0 | 0 | 0 | 0 | 0 | 0 | 0 | 0 | 0 | 0 |
 58 | Parks, Allen Danforth | THE PENNSYLVANIA STATE UNIVERSITY. | 1975 | male | 2 | 3 | 1984 | 3 | 7 | 1984 | 0 | 0 | 1 | 0 | 0 | 1 | 1 | 1 | 0 | 0 | 0 | 0 | 0 | 0 | 1 | 0 | 0 | 0 | 0 | 0 | 0 | 0 | 0 | 0 | 0 | 0 | 0 | 0 | 0 | 0 | 0 | 0 | 0 | 0 | 0 | 0 | 0 | 0 | 0 | 0 | 0 | 0 | 0 | 0 | 0 | 0 | 0 | 0 | 0 | 1 | 0 | 1 | 1 | 1 | 3 | 1 | 0 | 1 | 0 | 0 | 0 | 1 | 0 | 0 | 0 | 0 | 0 | 0 | 0 | 0 | 0 | 0 | 0 | 0 | 0 | 0 | 0 | 0 | 0 | 0 | 0 | 0 | 0 | 0 | 0 | 0 | 0 | 0 | 0 | 0 | 0 | 0 | 0 | 0 |
 62 | Sarazin, Craig Leigh | PRINCETON UNIVERSITY. | 1975 | male | 2 | 41 | 2013 | 2 | 235 | 2017 | 0 | 0 | 0 | 0 | 0 | 2 | 2 | 3 | 1 | 3 | 2 | 0 | 1 | 2 | 0 | 0 | 1 | 1 | 1 | 2 | 0 | 2 | 2 | 2 | 0 | 2 | 0 | 1 | 2 | 3 | 2 | 1 | 0 | 2 | 1 | 0 | 0 | 0 | 1 | 0 | 0 | 0 | 0 | 1 | 0 | 0 | 0 | 0 | 0 | 0 | 0 | 0 | 2 | 3 | 4 | 3 | 5 | 4 | 3 | 4 | 7 | 3 | 1 | 4 | 6 | 4 | 3 | 4 | 5 | 4 | 4 | 3 | 5 | 8 | 4 | 8 | 7 | 8 | 8 | 8 | 7 | 10 | 7 | 6 | 3 | 11 | 9 | 11 | 8 | 7 | 8 | 3 | 5 | 7 |
 64 | Hill, Jesse King | UNIVERSITY OF CALIFORNIA, BERKELEY. | 1975 | male | 5 | 15 | 1997 | 5 | 102 | 2016 | 0 | 0 | 0 | 1 | 1 | 3 | 1 | 2 | 1 | 0 | 0 | 0 | 0 | 0 | 1 | 0 | 0 | 0 | 0 | 0 | 0 | 0 | 3 | 3 | 1 | 2 | 0 | 1 | 0 | 0 | 0 | 0 | 0 | 0 | 0 | 0 | 0 | 0 | 0 | 0 | 0 | 0 | 0 | 0 | 0 | 0 | 0 | 0 | 0 | 0 | 1 | 1 | 3 | 1 | 2 | 1 | 0 | 1 | 0 | 2 | 4 | 1 | 2 | 0 | 0 | 1 | 0 | 2 | 1 | 6 | 4 | 2 | 2 | 1 | 4 | 5 | 4 | 2 | 3 | 2 | 5 | 6 | 3 | 3 | 3 | 6 | 4 | 2 | 4 | 2 | 1 | 2 | 3 | 5 |
 67 | Lucke, Robert Lancaster | THE JOHNS HOPKINS UNIVERSITY. | 1975 | male | 2 | 10 | 2005 | 2 | 13 | 2005 | 0 | 0 | 0 | 1 | 0 | 1 | 2 | 0 | 1 | 1 | 1 | 0 | 0 | 0 | 0 | 0 | 0 | 0 | 0 | 0 | 0 | 0 | 0 | 0 | 0 | 0 | 0 | 0 | 1 | 1 | 0 | 0 | 1 | 1 | 0 | 1 | 0 | 0 | 0 | 0 | 0 | 0 | 0 | 0 | 0 | 0 | 0 | 0 | 0 | 0 | 1 | 0 | 1 | 3 | 0 | 1 | 2 | 1 | 0 | 0 | 0 | 0 | 0 | 0 | 0 | 0 | 0 | 0 | 0 | 0 | 0 | 0 | 1 | 0 | 0 | 1 | 1 | 0 | 0 | 1 | 1 | 0 | 1 | 0 | 0 | 0 | 0 | 0 | 0 | 0 | 0 | 0 | 0 | 0 |
 69 | Ruiz, Maria Teresa | PRINCETON UNIVERSITY. | 1975 | female | 1 | 35 | 2006 | 3 | 162 | 2017 | 0 | 0 | 0 | 0 | 0 | 1 | 2 | 0 | 0 | 0 | 0 | 1 | 0 | 2 | 1 | 0 | 2 | 3 | 2 | 2 | 2 | 1 | 0 | 1 | 2 | 3 | 1 | 2 | 0 | 0 | 1 | 4 | 0 | 2 | 0 | 0 | 1 | 0 | 0 | 0 | 0 | 0 | 0 | 0 | 0 | 0 | 0 | 0 | 0 | 0 | 0 | 1 | 2 | 2 | 0 | 0 | 0 | 0 | 1 | 0 | 3 | 1 | 1 | 2 | 5 | 5 | 5 | 4 | 5 | 6 | 4 | 8 | 6 | 4 | 8 | 3 | 3 | 5 | 7 | 1 | 9 | 8 | 6 | 6 | 6 | 4 | 1 | 3 | 5 | 8 | 3 | 7 | 2 | 1 |
 72 | Palmer, James Mclean | THE UNIVERSITY OF ARIZONA. | 1975 | male | 2 | 2 | 1983 | 2 | 9 | 2015 | 0 | 0 | 0 | 0 | 0 | 2 | 0 | 0 | 0 | 0 | 1 | 0 | 0 | 1 | 0 | 0 | 0 | 0 | 0 | 0 | 0 | 0 | 0 | 0 | 0 | 0 | 0 | 0 | 0 | 0 | 0 | 0 | 0 | 0 | 0 | 0 | 0 | 0 | 0 | 0 | 0 | 0 | 0 | 0 | 0 | 0 | 0 | 0 | 0 | 0 | 0 | 0 | 2 | 0 | 0 | 0 | 1 | 2 | 0 | 0 | 1 | 0 | 0 | 0 | 0 | 0 | 0 | 0 | 0 | 0 | 1 | 1 | 0 | 0 | 0 | 1 | 0 | 0 | 0 | 0 | 0 | 0 | 0 | 0 | 0 | 0 | 0 | 0 | 0 | 1 | 0 | 0 | 1 | 0 |
 73 | Schweizer, Francois | UNIVERSITY OF CALIFORNIA, BERKELEY. | 1975 | male | 1 | 33 | 2013 | 6 | 79 | 2016 | 0 | 0 | 0 | 0 | 0 | 1 | 1 | 1 | 2 | 2 | 3 | 2 | 1 | 1 | 0 | 3 | 1 | 1 | 1 | 2 | 2 | 0 | 1 | 1 | 0 | 0 | 2 | 0 | 1 | 1 | 0 | 0 | 0 | 0 | 1 | 0 | 0 | 1 | 1 | 0 | 0 | 0 | 0 | 1 | 0 | 0 | 0 | 1 | 2 | 2 | 0 | 0 | 1 | 1 | 1 | 2 | 2 | 3 | 2 | 1 | 2 | 0 | 3 | 1 | 2 | 1 | 2 | 2 | 2 | 2 | 1 | 1 | 3 | 2 | 3 | 1 | 2 | 1 | 0 | 1 | 3 | 6 | 2 | 4 | 7 | 2 | 1 | 2 | 1 | 0 | 2 | 3 | 1 | 1 |
 76 | Sowchareonsuk, Praponth | THE PENNSYLVANIA STATE UNIVERSITY. | 1975 | None | 1 | 0 | 1975 | 1 | 0 | 1975 | 0 | 0 | 0 | 0 | 0 | 1 | 0 | 0 | 0 | 0 | 0 | 0 | 0 | 0 | 0 | 0 | 0 | 0 | 0 | 0 | 0 | 0 | 0 | 0 | 0 | 0 | 0 | 0 | 0 | 0 | 0 | 0 | 0 | 0 | 0 | 0 | 0 | 0 | 0 | 0 | 0 | 0 | 0 | 0 | 0 | 0 | 0 | 0 | 0 | 0 | 0 | 0 | 1 | 0 | 0 | 0 | 0 | 0 | 0 | 0 | 0 | 0 | 0 | 0 | 0 | 0 | 0 | 0 | 0 | 0 | 0 | 0 | 0 | 0 | 0 | 0 | 0 | 0 | 0 | 0 | 0 | 0 | 0 | 0 | 0 | 0 | 0 | 0 | 0 | 0 | 0 | 0 | 0 | 0 |
 84 | Helava, Heikki Ilmari | COLUMBIA UNIVERSITY. | 1975 | male | 2 | 0 | 1975 | 5 | 0 | 1975 | 0 | 0 | 0 | 0 | 0 | 2 | 0 | 0 | 0 | 0 | 0 | 0 | 0 | 0 | 0 | 0 | 0 | 0 | 0 | 0 | 0 | 0 | 0 | 0 | 0 | 0 | 0 | 0 | 0 | 0 | 0 | 0 | 0 | 0 | 0 | 0 | 0 | 0 | 0 | 0 | 0 | 0 | 0 | 0 | 0 | 0 | 0 | 0 | 0 | 0 | 0 | 2 | 3 | 0 | 0 | 0 | 0 | 0 | 0 | 0 | 0 | 0 | 0 | 0 | 0 | 0 | 0 | 0 | 0 | 0 | 0 | 0 | 0 | 0 | 0 | 0 | 0 | 0 | 0 | 0 | 0 | 0 | 0 | 0 | 0 | 0 | 0 | 0 | 0 | 0 | 0 | 0 | 0 | 0 |
 86 | Hyde, Robert Stanley | THE PENNSYLVANIA STATE UNIVERSITY. | 1975 | male | 1 | 0 | 1975 | 1 | 2 | 1979 | 0 | 0 | 0 | 0 | 0 | 1 | 0 | 0 | 0 | 0 | 0 | 0 | 0 | 0 | 0 | 0 | 0 | 0 | 0 | 0 | 0 | 0 | 0 | 0 | 0 | 0 | 0 | 0 | 0 | 0 | 0 | 0 | 0 | 0 | 0 | 0 | 0 | 0 | 0 | 0 | 0 | 0 | 0 | 0 | 0 | 0 | 0 | 0 | 0 | 0 | 0 | 0 | 1 | 1 | 0 | 0 | 1 | 0 | 0 | 0 | 0 | 0 | 0 | 0 | 0 | 0 | 0 | 0 | 0 | 0 | 0 | 0 | 0 | 0 | 0 | 0 | 0 | 0 | 0 | 0 | 0 | 0 | 0 | 0 | 0 | 0 | 0 | 0 | 0 | 0 | 0 | 0 | 0 | 0 |
 88 | Leung, Chung Ming | UNIVERSITY OF CALIFORNIA, BERKELEY. | 1975 | male | 2 | 7 | 1984 | 2 | 22 | 1996 | 0 | 0 | 0 | 0 | 0 | 2 | 3 | 1 | 1 | 0 | 0 | 0 | 1 | 0 | 1 | 0 | 0 | 0 | 0 | 0 | 0 | 0 | 0 | 0 | 0 | 0 | 0 | 0 | 0 | 0 | 0 | 0 | 0 | 0 | 0 | 0 | 0 | 0 | 0 | 0 | 0 | 0 | 0 | 0 | 0 | 0 | 0 | 0 | 0 | 0 | 0 | 0 | 2 | 3 | 3 | 2 | 0 | 0 | 1 | 2 | 1 | 1 | 1 | 1 | 2 | 3 | 0 | 1 | 0 | 0 | 0 | 0 | 0 | 1 | 0 | 0 | 0 | 0 | 0 | 0 | 0 | 0 | 0 | 0 | 0 | 0 | 0 | 0 | 0 | 0 | 0 | 0 | 0 | 0 |
 90 | Woody, David Paul | UNIVERSITY OF CALIFORNIA, BERKELEY. | 1975 | male | 2 | 11 | 2007 | 2 | 66 | 2016 | 0 | 0 | 0 | 0 | 0 | 2 | 0 | 0 | 1 | 1 | 0 | 1 | 1 | 0 | 0 | 1 | 0 | 0 | 0 | 2 | 0 | 0 | 0 | 1 | 1 | 1 | 0 | 0 | 0 | 0 | 0 | 0 | 0 | 0 | 0 | 0 | 0 | 1 | 0 | 0 | 0 | 0 | 0 | 0 | 0 | 0 | 0 | 0 | 0 | 0 | 0 | 0 | 2 | 0 | 0 | 2 | 1 | 0 | 1 | 2 | 1 | 3 | 3 | 2 | 5 | 2 | 3 | 1 | 1 | 2 | 2 | 1 | 1 | 4 | 0 | 1 | 0 | 0 | 2 | 0 | 0 | 0 | 0 | 0 | 2 | 2 | 5 | 4 | 3 | 3 | 2 | 0 | 3 | 2 |
 91 | Henry, Joseph Patrick | UNIVERSITY OF CALIFORNIA, BERKELEY. | 1975 | male | 1 | 38 | 2014 | 2 | 149 | 2017 | 0 | 0 | 0 | 0 | 0 | 1 | 0 | 0 | 0 | 1 | 0 | 1 | 2 | 1 | 3 | 1 | 2 | 2 | 0 | 0 | 0 | 2 | 1 | 2 | 2 | 3 | 1 | 2 | 2 | 0 | 1 | 1 | 0 | 0 | 3 | 0 | 1 | 0 | 0 | 1 | 1 | 1 | 0 | 0 | 1 | 0 | 0 | 0 | 0 | 1 | 0 | 0 | 1 | 0 | 0 | 0 | 4 | 0 | 4 | 6 | 2 | 4 | 3 | 4 | 4 | 3 | 0 | 5 | 5 | 2 | 5 | 5 | 6 | 6 | 4 | 4 | 2 | 2 | 6 | 1 | 4 | 10 | 3 | 2 | 10 | 3 | 3 | 3 | 1 | 2 | 1 | 3 | 0 | 7 |
 95 | Wannier, Peter Gregory | PRINCETON UNIVERSITY. | 1975 | male | 4 | 24 | 1999 | 12 | 72 | 2004 | 0 | 0 | 2 | 0 | 1 | 1 | 2 | 1 | 2 | 1 | 1 | 1 | 2 | 3 | 1 | 0 | 1 | 1 | 0 | 1 | 1 | 3 | 0 | 1 | 0 | 0 | 0 | 1 | 0 | 1 | 0 | 0 | 0 | 0 | 0 | 0 | 0 | 0 | 0 | 0 | 0 | 0 | 0 | 0 | 0 | 0 | 0 | 0 | 0 | 2 | 4 | 5 | 1 | 3 | 5 | 3 | 4 | 4 | 2 | 4 | 3 | 4 | 1 | 2 | 1 | 1 | 2 | 1 | 5 | 6 | 2 | 3 | 5 | 1 | 3 | 0 | 1 | 2 | 0 | 2 | 1 | 1 | 0 | 0 | 0 | 0 | 0 | 0 | 0 | 0 | 0 | 0 | 0 | 0 |
 99 | Weinberg, Stephen Lee | UNIVERSITY OF CALIFORNIA, BERKELEY. | 1975 | male | 2 | 6 | 1994 | 3 | 10 | 1994 | 0 | 0 | 0 | 1 | 0 | 1 | 2 | 0 | 0 | 0 | 1 | 0 | 0 | 0 | 0 | 0 | 0 | 0 | 1 | 0 | 0 | 0 | 0 | 0 | 2 | 0 | 0 | 0 | 0 | 0 | 0 | 0 | 0 | 0 | 0 | 0 | 0 | 0 | 0 | 0 | 0 | 0 | 0 | 0 | 0 | 0 | 0 | 0 | 0 | 1 | 1 | 0 | 1 | 3 | 0 | 0 | 1 | 1 | 0 | 0 | 0 | 1 | 0 | 0 | 1 | 1 | 0 | 0 | 0 | 0 | 0 | 2 | 0 | 0 | 0 | 0 | 0 | 0 | 0 | 0 | 0 | 0 | 0 | 0 | 0 | 0 | 0 | 0 | 0 | 0 | 0 | 0 | 0 | 0 |
 100 | Hintzen, Paul Michael Norman | THE UNIVERSITY OF ARIZONA. | 1975 | male | 5 | 23 | 1993 | 10 | 64 | 2001 | 0 | 0 | 0 | 0 | 2 | 3 | 0 | 1 | 2 | 4 | 3 | 2 | 1 | 1 | 1 | 0 | 3 | 0 | 0 | 2 | 1 | 1 | 0 | 1 | 0 | 0 | 0 | 0 | 0 | 0 | 0 | 0 | 0 | 0 | 0 | 0 | 0 | 0 | 0 | 0 | 0 | 0 | 0 | 0 | 0 | 0 | 0 | 0 | 0 | 0 | 1 | 4 | 5 | 2 | 2 | 3 | 6 | 3 | 3 | 1 | 1 | 1 | 1 | 3 | 1 | 2 | 3 | 2 | 4 | 7 | 6 | 3 | 5 | 3 | 1 | 0 | 0 | 0 | 1 | 0 | 0 | 0 | 0 | 0 | 0 | 0 | 0 | 0 | 0 | 0 | 0 | 0 | 0 | 0 |
 107 | Mikkelsen, David Robert | UNIVERSITY OF WASHINGTON. | 1975 | male | 2 | 2 | 1977 | 2 | 2 | 1977 | 0 | 0 | 0 | 0 | 1 | 1 | 0 | 2 | 0 | 0 | 0 | 0 | 0 | 0 | 0 | 0 | 0 | 0 | 0 | 0 | 0 | 0 | 0 | 0 | 0 | 0 | 0 | 0 | 0 | 0 | 0 | 0 | 0 | 0 | 0 | 0 | 0 | 0 | 0 | 0 | 0 | 0 | 0 | 0 | 0 | 0 | 0 | 0 | 0 | 0 | 0 | 1 | 1 | 0 | 2 | 0 | 0 | 0 | 0 | 0 | 0 | 0 | 0 | 0 | 0 | 0 | 0 | 0 | 0 | 0 | 0 | 0 | 0 | 0 | 0 | 0 | 0 | 0 | 0 | 0 | 0 | 0 | 0 | 0 | 0 | 0 | 0 | 0 | 0 | 0 | 0 | 0 | 0 | 0 |
 110 | Szkody, Paula | UNIVERSITY OF WASHINGTON. | 1975 | female | 3 | 120 | 2017 | 9 | 342 | 2017 | 0 | 0 | 0 | 0 | 2 | 1 | 3 | 2 | 1 | 1 | 5 | 6 | 5 | 4 | 3 | 3 | 4 | 3 | 5 | 3 | 4 | 1 | 2 | 2 | 4 | 1 | 3 | 2 | 1 | 2 | 5 | 2 | 5 | 3 | 2 | 3 | 6 | 3 | 1 | 3 | 3 | 2 | 4 | 3 | 1 | 2 | 1 | 0 | 0 | 1 | 1 | 5 | 2 | 3 | 2 | 2 | 1 | 6 | 7 | 7 | 5 | 6 | 8 | 7 | 4 | 8 | 5 | 10 | 4 | 4 | 4 | 8 | 11 | 12 | 8 | 6 | 6 | 15 | 8 | 12 | 20 | 18 | 18 | 19 | 15 | 12 | 12 | 8 | 6 | 9 | 7 | 3 | 5 | 9 |
 116 | Kerlick, G. D. | Princeton Univ., NJ. | 1975 | None | 3 | 3 | 1980 | 3 | 6 | 1980 | 0 | 0 | 0 | 0 | 0 | 3 | 1 | 0 | 0 | 0 | 2 | 0 | 0 | 0 | 0 | 0 | 0 | 0 | 0 | 0 | 0 | 0 | 0 | 0 | 0 | 0 | 0 | 0 | 0 | 0 | 0 | 0 | 0 | 0 | 0 | 0 | 0 | 0 | 0 | 0 | 0 | 0 | 0 | 0 | 0 | 0 | 0 | 0 | 0 | 0 | 0 | 0 | 3 | 3 | 0 | 1 | 0 | 2 | 0 | 0 | 0 | 0 | 0 | 0 | 0 | 0 | 0 | 0 | 0 | 0 | 0 | 0 | 0 | 0 | 0 | 0 | 0 | 0 | 0 | 0 | 0 | 0 | 0 | 0 | 0 | 0 | 0 | 0 | 0 | 0 | 0 | 0 | 0 | 0 |
 122 | Varona, E. G. | Pennsylvania State University, University Park. | 1975 | None | 1 | 0 | 1975 | 1 | 0 | 1975 | 0 | 0 | 0 | 0 | 0 | 1 | 0 | 0 | 0 | 0 | 0 | 0 | 0 | 0 | 0 | 0 | 0 | 0 | 0 | 0 | 0 | 0 | 0 | 0 | 0 | 0 | 0 | 0 | 0 | 0 | 0 | 0 | 0 | 0 | 0 | 0 | 0 | 0 | 0 | 0 | 0 | 0 | 0 | 0 | 0 | 0 | 0 | 0 | 0 | 0 | 0 | 0 | 1 | 0 | 0 | 0 | 0 | 0 | 0 | 0 | 0 | 0 | 0 | 0 | 0 | 0 | 0 | 0 | 0 | 0 | 0 | 0 | 0 | 0 | 0 | 0 | 0 | 0 | 0 | 0 | 0 | 0 | 0 | 0 | 0 | 0 | 0 | 0 | 0 | 0 | 0 | 0 | 0 | 0 |
 126 | Landau, Robert | UNIVERSITY OF CALIFORNIA, BERKELEY. | 1975 | male | 7 | 7 | 1994 | 8 | 12 | 1997 | 3 | 1 | 0 | 0 | 0 | 3 | 0 | 0 | 0 | 0 | 1 | 0 | 2 | 1 | 0 | 0 | 1 | 0 | 0 | 0 | 0 | 0 | 1 | 0 | 1 | 0 | 0 | 0 | 0 | 0 | 0 | 0 | 0 | 0 | 0 | 0 | 0 | 0 | 0 | 0 | 0 | 0 | 0 | 0 | 0 | 0 | 0 | 3 | 2 | 0 | 0 | 0 | 3 | 0 | 0 | 0 | 0 | 2 | 0 | 2 | 1 | 0 | 0 | 1 | 1 | 0 | 0 | 0 | 1 | 1 | 1 | 1 | 0 | 0 | 1 | 0 | 0 | 0 | 0 | 0 | 0 | 0 | 0 | 0 | 0 | 0 | 0 | 0 | 0 | 0 | 0 | 0 | 0 | 0 |
 127 | McNamara, Bernard Joseph | UNIVERSITY OF CALIFORNIA, SANTA CRUZ. | 1975 | male | 2 | 40 | 2012 | 4 | 70 | 2013 | 0 | 1 | 0 | 0 | 0 | 1 | 4 | 3 | 2 | 0 | 1 | 1 | 0 | 2 | 1 | 2 | 2 | 2 | 0 | 1 | 1 | 0 | 0 | 0 | 1 | 4 | 1 | 0 | 2 | 0 | 0 | 0 | 0 | 2 | 1 | 1 | 0 | 1 | 0 | 0 | 0 | 2 | 3 | 0 | 0 | 0 | 0 | 0 | 1 | 0 | 1 | 0 | 2 | 4 | 3 | 2 | 0 | 2 | 1 | 0 | 2 | 2 | 2 | 2 | 3 | 0 | 1 | 2 | 0 | 0 | 0 | 4 | 9 | 3 | 2 | 2 | 1 | 3 | 3 | 1 | 2 | 1 | 1 | 1 | 1 | 1 | 2 | 0 | 3 | 3 | 1 | 0 | 0 | 0 |
 133 | Connolly, Leo Paul | THE UNIVERSITY OF ARIZONA. | 1975 | male | 2 | 8 | 1985 | 5 | 8 | 1985 | 0 | 0 | 1 | 0 | 0 | 1 | 0 | 2 | 0 | 0 | 2 | 0 | 1 | 2 | 0 | 1 | 0 | 0 | 0 | 0 | 0 | 0 | 0 | 0 | 0 | 0 | 0 | 0 | 0 | 0 | 0 | 0 | 0 | 0 | 0 | 0 | 0 | 0 | 0 | 0 | 0 | 0 | 0 | 0 | 0 | 0 | 0 | 0 | 0 | 2 | 2 | 0 | 1 | 0 | 2 | 0 | 0 | 2 | 0 | 1 | 2 | 0 | 1 | 0 | 0 | 0 | 0 | 0 | 0 | 0 | 0 | 0 | 0 | 0 | 0 | 0 | 0 | 0 | 0 | 0 | 0 | 0 | 0 | 0 | 0 | 0 | 0 | 0 | 0 | 0 | 0 | 0 | 0 | 0 |
 135 | Chu, Kwong Wah | CALIFORNIA INSTITUTE OF TECHNOLOGY. | 1975 | male | 2 | 0 | 1975 | 2 | 2 | 1979 | 0 | 0 | 0 | 1 | 0 | 1 | 0 | 0 | 0 | 0 | 0 | 0 | 0 | 0 | 0 | 0 | 0 | 0 | 0 | 0 | 0 | 0 | 0 | 0 | 0 | 0 | 0 | 0 | 0 | 0 | 0 | 0 | 0 | 0 | 0 | 0 | 0 | 0 | 0 | 0 | 0 | 0 | 0 | 0 | 0 | 0 | 0 | 0 | 0 | 0 | 1 | 0 | 1 | 0 | 0 | 1 | 1 | 0 | 0 | 0 | 0 | 0 | 0 | 0 | 0 | 0 | 0 | 0 | 0 | 0 | 0 | 0 | 0 | 0 | 0 | 0 | 0 | 0 | 0 | 0 | 0 | 0 | 0 | 0 | 0 | 0 | 0 | 0 | 0 | 0 | 0 | 0 | 0 | 0 |
 137 | Goldsmith, Paul Felix | UNIVERSITY OF CALIFORNIA, BERKELEY. | 1975 | male | 3 | 49 | 2017 | 3 | 271 | 2017 | 0 | 0 | 1 | 0 | 0 | 2 | 1 | 1 | 1 | 2 | 2 | 3 | 1 | 4 | 2 | 2 | 2 | 2 | 2 | 2 | 1 | 0 | 2 | 0 | 1 | 0 | 0 | 1 | 0 | 2 | 1 | 1 | 1 | 0 | 0 | 1 | 0 | 1 | 2 | 1 | 1 | 1 | 1 | 1 | 0 | 1 | 1 | 0 | 0 | 1 | 0 | 0 | 2 | 2 | 4 | 1 | 2 | 4 | 7 | 3 | 6 | 6 | 5 | 7 | 6 | 10 | 6 | 6 | 4 | 4 | 5 | 6 | 5 | 2 | 8 | 4 | 3 | 17 | 1 | 4 | 6 | 4 | 2 | 1 | 4 | 7 | 3 | 40 | 6 | 11 | 10 | 8 | 13 | 12 |
 139 | Lee, Lou-Chuang | CALIFORNIA INSTITUTE OF TECHNOLOGY. | 1975 | female | 6 | 61 | 2016 | 8 | 231 | 2017 | 0 | 0 | 0 | 1 | 1 | 4 | 4 | 1 | 0 | 5 | 3 | 1 | 5 | 1 | 3 | 3 | 5 | 3 | 3 | 4 | 1 | 1 | 0 | 2 | 1 | 4 | 1 | 0 | 1 | 0 | 3 | 2 | 0 | 0 | 0 | 0 | 0 | 0 | 0 | 0 | 1 | 0 | 1 | 1 | 0 | 0 | 1 | 0 | 0 | 1 | 2 | 1 | 4 | 4 | 1 | 1 | 8 | 10 | 2 | 9 | 8 | 5 | 7 | 11 | 6 | 9 | 6 | 9 | 10 | 7 | 9 | 10 | 12 | 6 | 2 | 3 | 1 | 4 | 6 | 4 | 4 | 1 | 4 | 4 | 3 | 6 | 7 | 6 | 3 | 5 | 2 | 7 | 2 | 5 |
 140 | Seguin, Fredrick Hampton | CALIFORNIA INSTITUTE OF TECHNOLOGY. | 1975 | male | 3 | 1 | 1976 | 3 | 4 | 2016 | 0 | 0 | 0 | 1 | 0 | 2 | 1 | 0 | 0 | 0 | 0 | 0 | 0 | 0 | 0 | 0 | 0 | 0 | 0 | 0 | 0 | 0 | 0 | 0 | 0 | 0 | 0 | 0 | 0 | 0 | 0 | 0 | 0 | 0 | 0 | 0 | 0 | 0 | 0 | 0 | 0 | 0 | 0 | 0 | 0 | 0 | 0 | 0 | 0 | 0 | 1 | 0 | 2 | 1 | 0 | 0 | 1 | 0 | 0 | 0 | 0 | 0 | 0 | 0 | 0 | 0 | 0 | 0 | 0 | 0 | 0 | 0 | 0 | 0 | 0 | 0 | 0 | 0 | 0 | 0 | 0 | 0 | 1 | 0 | 0 | 0 | 0 | 0 | 0 | 0 | 0 | 0 | 0 | 1 |
 141 | Tarter, Jill Cornell | UNIVERSITY OF CALIFORNIA, BERKELEY. | 1975 | female | 2 | 23 | 2011 | 5 | 62 | 2017 | 0 | 0 | 0 | 0 | 1 | 1 | 0 | 0 | 1 | 2 | 1 | 0 | 1 | 2 | 0 | 2 | 7 | 0 | 0 | 0 | 0 | 2 | 0 | 0 | 0 | 0 | 0 | 0 | 0 | 0 | 0 | 2 | 0 | 0 | 1 | 0 | 0 | 1 | 0 | 0 | 0 | 1 | 0 | 0 | 0 | 0 | 0 | 0 | 1 | 0 | 1 | 2 | 1 | 0 | 0 | 1 | 2 | 4 | 0 | 1 | 4 | 0 | 2 | 7 | 1 | 0 | 0 | 1 | 5 | 1 | 0 | 0 | 0 | 0 | 0 | 0 | 0 | 0 | 2 | 1 | 2 | 3 | 0 | 0 | 1 | 0 | 2 | 6 | 4 | 3 | 2 | 1 | 3 | 2 |
 143 | Vidor, S. B. | California Institute of Technology, Pasadena. | 1975 | None | 1 | 0 | 1975 | 3 | 1 | 1976 | 0 | 0 | 0 | 0 | 0 | 1 | 0 | 0 | 0 | 0 | 0 | 0 | 0 | 0 | 0 | 0 | 0 | 0 | 0 | 0 | 0 | 0 | 0 | 0 | 0 | 0 | 0 | 0 | 0 | 0 | 0 | 0 | 0 | 0 | 0 | 0 | 0 | 0 | 0 | 0 | 0 | 0 | 0 | 0 | 0 | 0 | 0 | 0 | 0 | 0 | 0 | 0 | 3 | 1 | 0 | 0 | 0 | 0 | 0 | 0 | 0 | 0 | 0 | 0 | 0 | 0 | 0 | 0 | 0 | 0 | 0 | 0 | 0 | 0 | 0 | 0 | 0 | 0 | 0 | 0 | 0 | 0 | 0 | 0 | 0 | 0 | 0 | 0 | 0 | 0 | 0 | 0 | 0 | 0 |
 145 | Yentis, Daryl Jay | COLUMBIA UNIVERSITY. | 1975 | male | 3 | 1 | 1977 | 4 | 37 | 2011 | 0 | 0 | 2 | 0 | 0 | 1 | 0 | 1 | 0 | 0 | 0 | 0 | 0 | 0 | 0 | 0 | 0 | 0 | 0 | 0 | 0 | 0 | 0 | 0 | 0 | 0 | 0 | 0 | 0 | 0 | 0 | 0 | 0 | 0 | 0 | 0 | 0 | 0 | 0 | 0 | 0 | 0 | 0 | 0 | 0 | 0 | 0 | 0 | 0 | 2 | 0 | 0 | 2 | 2 | 3 | 0 | 5 | 7 | 2 | 2 | 1 | 3 | 0 | 1 | 0 | 0 | 0 | 0 | 0 | 0 | 0 | 0 | 0 | 0 | 0 | 2 | 0 | 2 | 1 | 3 | 1 | 0 | 1 | 0 | 0 | 0 | 0 | 0 | 1 | 0 | 0 | 0 | 0 | 0 |
 153 | Orton, Glenn Scott | CALIFORNIA INSTITUTE OF TECHNOLOGY. | 1975 | male | 4 | 40 | 2015 | 9 | 214 | 2017 | 0 | 0 | 0 | 0 | 0 | 4 | 0 | 2 | 1 | 0 | 2 | 3 | 2 | 3 | 0 | 0 | 2 | 2 | 0 | 1 | 1 | 2 | 1 | 0 | 1 | 1 | 2 | 0 | 1 | 0 | 1 | 1 | 0 | 0 | 0 | 1 | 0 | 2 | 1 | 2 | 0 | 1 | 1 | 0 | 2 | 1 | 0 | 0 | 0 | 1 | 1 | 1 | 6 | 1 | 2 | 1 | 2 | 5 | 4 | 4 | 5 | 1 | 2 | 5 | 2 | 2 | 2 | 1 | 3 | 2 | 1 | 5 | 6 | 10 | 4 | 11 | 0 | 3 | 6 | 1 | 2 | 10 | 4 | 4 | 11 | 6 | 9 | 12 | 11 | 9 | 8 | 14 | 6 | 10 |
 154 | Peterson, Charles John | UNIVERSITY OF CALIFORNIA, BERKELEY. | 1975 | male | 4 | 30 | 2004 | 6 | 48 | 2016 | 0 | 0 | 0 | 0 | 1 | 3 | 3 | 2 | 6 | 0 | 4 | 0 | 3 | 0 | 0 | 0 | 5 | 3 | 3 | 0 | 0 | 0 | 0 | 0 | 0 | 0 | 0 | 0 | 0 | 0 | 0 | 0 | 0 | 0 | 1 | 0 | 0 | 0 | 0 | 0 | 0 | 0 | 0 | 0 | 0 | 0 | 0 | 1 | 0 | 0 | 0 | 1 | 4 | 4 | 4 | 7 | 0 | 5 | 0 | 3 | 2 | 1 | 0 | 6 | 3 | 3 | 0 | 0 | 0 | 0 | 0 | 0 | 0 | 0 | 1 | 0 | 0 | 1 | 3 | 2 | 1 | 1 | 0 | 0 | 0 | 0 | 0 | 0 | 0 | 0 | 0 | 0 | 0 | 1 |
 157 | Lubart, Neil David | THE UNIVERSITY OF ARIZONA. | 1975 | male | 1 | 0 | 1975 | 2 | 1 | 1983 | 0 | 0 | 0 | 0 | 0 | 1 | 0 | 0 | 0 | 0 | 0 | 0 | 0 | 0 | 0 | 0 | 0 | 0 | 0 | 0 | 0 | 0 | 0 | 0 | 0 | 0 | 0 | 0 | 0 | 0 | 0 | 0 | 0 | 0 | 0 | 0 | 0 | 0 | 0 | 0 | 0 | 0 | 0 | 0 | 0 | 0 | 0 | 0 | 0 | 0 | 0 | 0 | 2 | 0 | 0 | 0 | 0 | 0 | 0 | 0 | 1 | 0 | 0 | 0 | 0 | 0 | 0 | 0 | 0 | 0 | 0 | 0 | 0 | 0 | 0 | 0 | 0 | 0 | 0 | 0 | 0 | 0 | 0 | 0 | 0 | 0 | 0 | 0 | 0 | 0 | 0 | 0 | 0 | 0 |
 160 | Baker, Neal Kenton | THE PENNSYLVANIA STATE UNIVERSITY. | 1975 | male | 1 | 0 | 1975 | 1 | 1 | 2017 | 0 | 0 | 0 | 0 | 0 | 1 | 0 | 0 | 0 | 0 | 0 | 0 | 0 | 0 | 0 | 0 | 0 | 0 | 0 | 0 | 0 | 0 | 0 | 0 | 0 | 0 | 0 | 0 | 0 | 0 | 0 | 0 | 0 | 0 | 0 | 0 | 0 | 0 | 0 | 0 | 0 | 0 | 0 | 0 | 0 | 0 | 0 | 0 | 0 | 0 | 0 | 0 | 1 | 0 | 0 | 0 | 0 | 0 | 0 | 0 | 0 | 0 | 0 | 0 | 0 | 0 | 0 | 0 | 0 | 0 | 0 | 0 | 0 | 0 | 0 | 0 | 0 | 0 | 0 | 0 | 0 | 0 | 0 | 0 | 0 | 0 | 0 | 0 | 0 | 0 | 0 | 0 | 0 | 0 |
 172 | Burk, Stephen Dwight | THE UNIVERSITY OF ARIZONA. | 1975 | male | 1 | 2 | 1980 | 2 | 2 | 1980 | 0 | 0 | 0 | 0 | 0 | 1 | 1 | 0 | 0 | 0 | 1 | 0 | 0 | 0 | 0 | 0 | 0 | 0 | 0 | 0 | 0 | 0 | 0 | 0 | 0 | 0 | 0 | 0 | 0 | 0 | 0 | 0 | 0 | 0 | 0 | 0 | 0 | 0 | 0 | 0 | 0 | 0 | 0 | 0 | 0 | 0 | 0 | 0 | 0 | 1 | 0 | 0 | 1 | 1 | 0 | 0 | 0 | 1 | 0 | 0 | 0 | 0 | 0 | 0 | 0 | 0 | 0 | 0 | 0 | 0 | 0 | 0 | 0 | 0 | 0 | 0 | 0 | 0 | 0 | 0 | 0 | 0 | 0 | 0 | 0 | 0 | 0 | 0 | 0 | 0 | 0 | 0 | 0 | 0 |
 173 | Chan, Kwing Lam | PRINCETON UNIVERSITY. | 1975 | male | 5 | 28 | 2013 | 5 | 93 | 2017 | 0 | 0 | 0 | 0 | 0 | 5 | 0 | 0 | 1 | 2 | 2 | 1 | 1 | 1 | 0 | 0 | 3 | 1 | 1 | 2 | 0 | 2 | 1 | 0 | 2 | 0 | 1 | 0 | 0 | 0 | 0 | 1 | 0 | 0 | 0 | 0 | 0 | 1 | 1 | 0 | 1 | 1 | 1 | 1 | 0 | 0 | 0 | 0 | 0 | 0 | 0 | 0 | 5 | 0 | 1 | 1 | 5 | 4 | 2 | 3 | 1 | 2 | 1 | 3 | 1 | 4 | 2 | 0 | 4 | 2 | 1 | 3 | 2 | 2 | 0 | 7 | 2 | 3 | 4 | 0 | 8 | 3 | 4 | 1 | 2 | 2 | 2 | 2 | 2 | 3 | 1 | 2 | 0 | 0 |
 176 | Scott, John Stewart | THE UNIVERSITY OF ARIZONA. | 1975 | male | 4 | 6 | 1980 | 9 | 150 | 2017 | 0 | 0 | 1 | 0 | 0 | 3 | 0 | 2 | 2 | 1 | 1 | 0 | 0 | 0 | 0 | 0 | 0 | 0 | 0 | 0 | 0 | 0 | 0 | 0 | 0 | 0 | 0 | 0 | 0 | 0 | 0 | 0 | 0 | 0 | 0 | 0 | 0 | 0 | 0 | 0 | 0 | 0 | 0 | 0 | 0 | 0 | 0 | 0 | 0 | 1 | 2 | 2 | 4 | 5 | 5 | 6 | 7 | 6 | 3 | 2 | 0 | 2 | 0 | 0 | 0 | 0 | 0 | 0 | 0 | 0 | 0 | 0 | 0 | 1 | 0 | 0 | 0 | 0 | 0 | 0 | 0 | 0 | 1 | 0 | 0 | 1 | 12 | 9 | 8 | 17 | 8 | 13 | 6 | 28 |
 177 | Garrison, B. J. | California Univ., Berkeley. | 1975 | None | 2 | 2 | 1977 | 2 | 6 | 2008 | 0 | 0 | 0 | 0 | 0 | 2 | 1 | 1 | 0 | 0 | 0 | 0 | 0 | 0 | 0 | 0 | 0 | 0 | 0 | 0 | 0 | 0 | 0 | 0 | 0 | 0 | 0 | 0 | 0 | 0 | 0 | 0 | 0 | 0 | 0 | 0 | 0 | 0 | 0 | 0 | 0 | 0 | 0 | 0 | 0 | 0 | 0 | 0 | 0 | 0 | 0 | 0 | 2 | 1 | 1 | 1 | 0 | 0 | 0 | 0 | 0 | 0 | 0 | 2 | 0 | 0 | 0 | 0 | 0 | 0 | 0 | 0 | 0 | 0 | 0 | 0 | 0 | 0 | 0 | 0 | 0 | 0 | 0 | 0 | 0 | 1 | 0 | 0 | 0 | 0 | 0 | 0 | 0 | 0 |
 179 | Chang, M. W. | Arizona Univ., Tucson. | 1975 | None | 1 | 1 | 1977 | 1 | 4 | 1997 | 0 | 0 | 0 | 0 | 0 | 1 | 0 | 1 | 0 | 0 | 0 | 0 | 0 | 0 | 0 | 0 | 0 | 0 | 0 | 0 | 0 | 0 | 0 | 0 | 0 | 0 | 0 | 0 | 0 | 0 | 0 | 0 | 0 | 0 | 0 | 0 | 0 | 0 | 0 | 0 | 0 | 0 | 0 | 0 | 0 | 0 | 0 | 0 | 0 | 0 | 0 | 0 | 1 | 0 | 1 | 0 | 0 | 0 | 0 | 0 | 0 | 1 | 0 | 0 | 0 | 0 | 0 | 0 | 0 | 0 | 0 | 0 | 0 | 1 | 1 | 0 | 0 | 0 | 0 | 0 | 0 | 0 | 0 | 0 | 0 | 0 | 0 | 0 | 0 | 0 | 0 | 0 | 0 | 0 |
 180 | Eppley, K. R. | Princeton Univ., NJ. | 1975 | None | 2 | 0 | 1975 | 2 | 0 | 1975 | 0 | 0 | 0 | 0 | 0 | 2 | 0 | 0 | 0 | 0 | 0 | 0 | 0 | 0 | 0 | 0 | 0 | 0 | 0 | 0 | 0 | 0 | 0 | 0 | 0 | 0 | 0 | 0 | 0 | 0 | 0 | 0 | 0 | 0 | 0 | 0 | 0 | 0 | 0 | 0 | 0 | 0 | 0 | 0 | 0 | 0 | 0 | 0 | 0 | 0 | 0 | 0 | 2 | 0 | 0 | 0 | 0 | 0 | 0 | 0 | 0 | 0 | 0 | 0 | 0 | 0 | 0 | 0 | 0 | 0 | 0 | 0 | 0 | 0 | 0 | 0 | 0 | 0 | 0 | 0 | 0 | 0 | 0 | 0 | 0 | 0 | 0 | 0 | 0 | 0 | 0 | 0 | 0 | 0 |
 183 | Tremaine, Scott Duncan | PRINCETON UNIVERSITY. | 1975 | male | 3 | 34 | 2015 | 4 | 208 | 2017 | 0 | 0 | 0 | 0 | 1 | 2 | 3 | 1 | 0 | 1 | 0 | 0 | 1 | 0 | 2 | 0 | 2 | 1 | 0 | 0 | 0 | 1 | 1 | 2 | 1 | 1 | 0 | 0 | 1 | 3 | 1 | 2 | 1 | 1 | 0 | 2 | 0 | 0 | 0 | 1 | 0 | 0 | 1 | 0 | 3 | 1 | 0 | 0 | 0 | 0 | 0 | 1 | 3 | 3 | 3 | 4 | 6 | 3 | 2 | 3 | 8 | 5 | 7 | 7 | 4 | 8 | 4 | 5 | 5 | 7 | 7 | 6 | 6 | 9 | 5 | 7 | 10 | 4 | 5 | 4 | 6 | 2 | 4 | 1 | 5 | 3 | 6 | 5 | 5 | 4 | 3 | 8 | 3 | 3 |
 185 | Worden, Simon Peter | THE UNIVERSITY OF ARIZONA. | 1975 | male | 10 | 19 | 2006 | 17 | 80 | 2014 | 0 | 0 | 0 | 3 | 3 | 4 | 7 | 2 | 3 | 2 | 0 | 2 | 0 | 0 | 1 | 0 | 0 | 0 | 0 | 0 | 0 | 0 | 1 | 0 | 0 | 0 | 0 | 0 | 0 | 0 | 0 | 0 | 0 | 0 | 0 | 0 | 1 | 0 | 0 | 0 | 0 | 0 | 0 | 0 | 0 | 0 | 0 | 0 | 0 | 1 | 5 | 6 | 5 | 9 | 5 | 7 | 14 | 5 | 5 | 7 | 4 | 3 | 0 | 0 | 1 | 0 | 0 | 0 | 0 | 2 | 0 | 0 | 0 | 0 | 0 | 0 | 1 | 4 | 0 | 1 | 0 | 1 | 2 | 1 | 1 | 1 | 1 | 0 | 0 | 1 | 1 | 3 | 0 | 0 |
 186 | Zeman, O. | Pennsylvania State University, University Park. | 1975 | None | 1 | 1 | 1981 | 1 | 2 | 1982 | 0 | 0 | 0 | 0 | 0 | 1 | 0 | 0 | 0 | 0 | 0 | 1 | 0 | 0 | 0 | 0 | 0 | 0 | 0 | 0 | 0 | 0 | 0 | 0 | 0 | 0 | 0 | 0 | 0 | 0 | 0 | 0 | 0 | 0 | 0 | 0 | 0 | 0 | 0 | 0 | 0 | 0 | 0 | 0 | 0 | 0 | 0 | 0 | 0 | 0 | 0 | 0 | 1 | 0 | 0 | 0 | 0 | 0 | 1 | 1 | 0 | 0 | 0 | 0 | 0 | 0 | 0 | 0 | 0 | 0 | 0 | 0 | 0 | 0 | 0 | 0 | 0 | 0 | 0 | 0 | 0 | 0 | 0 | 0 | 0 | 0 | 0 | 0 | 0 | 0 | 0 | 0 | 0 | 0 |
 191 | Elmergreen, Bruce Gordon | PRINCETON UNIVERSITY. | 1975 | male | 3 | 1 | 1976 | 3 | 331 | 2017 | 0 | 0 | 1 | 0 | 0 | 2 | 1 | 0 | 0 | 0 | 0 | 0 | 0 | 0 | 0 | 0 | 0 | 0 | 0 | 0 | 0 | 0 | 0 | 0 | 0 | 0 | 0 | 0 | 0 | 0 | 0 | 0 | 0 | 0 | 0 | 0 | 0 | 0 | 0 | 0 | 0 | 0 | 0 | 0 | 0 | 0 | 0 | 0 | 0 | 1 | 0 | 0 | 2 | 4 | 1 | 9 | 10 | 3 | 2 | 7 | 5 | 3 | 7 | 2 | 4 | 5 | 9 | 7 | 3 | 3 | 7 | 7 | 6 | 7 | 10 | 9 | 9 | 11 | 7 | 11 | 5 | 8 | 6 | 9 | 7 | 6 | 11 | 9 | 12 | 13 | 13 | 17 | 17 | 16 |
 208 | Kirshner, Robert Paul | CALIFORNIA INSTITUTE OF TECHNOLOGY. | 1975 | male | 8 | 48 | 2014 | 11 | 353 | 2017 | 0 | 1 | 0 | 2 | 2 | 3 | 4 | 2 | 5 | 4 | 4 | 2 | 1 | 1 | 2 | 1 | 0 | 4 | 2 | 2 | 1 | 1 | 0 | 1 | 3 | 0 | 0 | 1 | 0 | 1 | 0 | 0 | 0 | 4 | 1 | 0 | 0 | 0 | 0 | 0 | 0 | 0 | 0 | 0 | 1 | 0 | 0 | 1 | 1 | 0 | 2 | 3 | 4 | 4 | 4 | 7 | 7 | 7 | 8 | 5 | 2 | 4 | 7 | 3 | 8 | 4 | 7 | 3 | 7 | 5 | 8 | 9 | 9 | 17 | 6 | 10 | 11 | 9 | 1 | 9 | 12 | 8 | 8 | 8 | 8 | 18 | 10 | 14 | 14 | 14 | 15 | 18 | 15 | 9 |
 210 | Mouschovias, Telemachos Charalambous | UNIVERSITY OF CALIFORNIA, BERKELEY. | 1975 | male | 3 | 19 | 1989 | 3 | 20 | 1989 | 0 | 0 | 0 | 0 | 0 | 3 | 3 | 1 | 2 | 3 | 1 | 1 | 1 | 1 | 1 | 4 | 0 | 0 | 0 | 1 | 0 | 0 | 0 | 0 | 0 | 0 | 0 | 0 | 0 | 0 | 0 | 0 | 0 | 0 | 0 | 0 | 0 | 0 | 0 | 0 | 0 | 0 | 0 | 0 | 0 | 0 | 0 | 0 | 0 | 0 | 0 | 0 | 3 | 3 | 1 | 2 | 3 | 1 | 1 | 1 | 2 | 1 | 4 | 0 | 0 | 0 | 1 | 0 | 0 | 0 | 0 | 0 | 0 | 0 | 0 | 0 | 0 | 0 | 0 | 0 | 0 | 0 | 0 | 0 | 0 | 0 | 0 | 0 | 0 | 0 | 0 | 0 | 0 | 0 |
 212 | Patz, D. L. | Arizona Univ., Tucson. | 1975 | None | 1 | 0 | 1975 | 6 | 0 | 1975 | 0 | 0 | 0 | 0 | 0 | 1 | 0 | 0 | 0 | 0 | 0 | 0 | 0 | 0 | 0 | 0 | 0 | 0 | 0 | 0 | 0 | 0 | 0 | 0 | 0 | 0 | 0 | 0 | 0 | 0 | 0 | 0 | 0 | 0 | 0 | 0 | 0 | 0 | 0 | 0 | 0 | 0 | 0 | 0 | 0 | 0 | 0 | 0 | 0 | 0 | 0 | 3 | 3 | 0 | 0 | 0 | 0 | 0 | 0 | 0 | 0 | 0 | 0 | 0 | 0 | 0 | 0 | 0 | 0 | 0 | 0 | 0 | 0 | 0 | 0 | 0 | 0 | 0 | 0 | 0 | 0 | 0 | 0 | 0 | 0 | 0 | 0 | 0 | 0 | 0 | 0 | 0 | 0 | 0 |
