 n |  name |  university |  phd_year |  gender |  fa_n_pubs_pre_phd |  fa_n_pubs_prost_phd |  fa_year_last |  all_n_pubs_pre_phd |  all_n_pubs_prost_phd |  all_year_last |  fa_1967 |  fa_1968 |  fa_1969 |  fa_1970 |  fa_1971 |  fa_1972 |  fa_1973 |  fa_1974 |  fa_1975 |  fa_1976 |  fa_1977 |  fa_1978 |  fa_1979 |  fa_1980 |  fa_1981 |  fa_1982 |  fa_1983 |  fa_1984 |  fa_1985 |  fa_1986 |  fa_1987 |  fa_1988 |  fa_1989 |  fa_1990 |  fa_1991 |  fa_1992 |  fa_1993 |  fa_1994 |  fa_1995 |  fa_1996 |  fa_1997 |  fa_1998 |  fa_1999 |  fa_2000 |  fa_2001 |  fa_2002 |  fa_2003 |  fa_2004 |  fa_2005 |  fa_2006 |  fa_2007 |  fa_2008 |  fa_2009 |  fa_2010 |  fa_2011 |  fa_2012 |  fa_2013 |  fa_2014 |  fa_2015 |  fa_2016 |  all_1967 |  all_1968 |  all_1969 |  all_1970 |  all_1971 |  all_1972 |  all_1973 |  all_1974 |  all_1975 |  all_1976 |  all_1977 |  all_1978 |  all_1979 |  all_1980 |  all_1981 |  all_1982 |  all_1983 |  all_1984 |  all_1985 |  all_1986 |  all_1987 |  all_1988 |  all_1989 |  all_1990 |  all_1991 |  all_1992 |  all_1993 |  all_1994 |  all_1995 |  all_1996 |  all_1997 |  all_1998 |  all_1999 |  all_2000 |  all_2001 |  all_2002 |  all_2003 |  all_2004 |  all_2005 |  all_2006 |  all_2007 |  all_2008 |  all_2009 |  all_2010 |  all_2011 |  all_2012 |  all_2013 |  all_2014 |  all_2015 |  all_2016 | foo
 1 | Aannestad, Per Arne | UNIVERSITY OF CALIFORNIA, BERKELEY. | 1972 | male | 1 | 24 | 2003 | 3 | 30 | 2003 | 0 | 0 | 0 | 0 | 0 | 1 | 4 | 0 | 1 | 2 | 0 | 1 | 2 | 1 | 0 | 1 | 1 | 1 | 2 | 1 | 0 | 0 | 1 | 0 | 0 | 1 | 1 | 0 | 1 | 0 | 0 | 0 | 0 | 0 | 1 | 1 | 1 | 0 | 0 | 0 | 0 | 0 | 0 | 0 | 0 | 0 | 0 | 0 | 0 | 0 | 0 | 2 | 0 | 0 | 0 | 1 | 4 | 0 | 1 | 2 | 0 | 1 | 2 | 1 | 0 | 1 | 1 | 1 | 2 | 1 | 0 | 2 | 1 | 1 | 0 | 1 | 1 | 0 | 1 | 1 | 0 | 0 | 1 | 1 | 1 | 1 | 1 | 0 | 0 | 0 | 0 | 0 | 0 | 0 | 0 | 0 | 0 | 0 | 0 | 0 |
 5 | Schutz, Bernard Frederick, Jr. | CALIFORNIA INSTITUTE OF TECHNOLOGY. | 1972 | male | 2 | 32 | 2011 | 3 | 253 | 2017 | 0 | 0 | 0 | 1 | 0 | 1 | 0 | 0 | 1 | 0 | 1 | 1 | 1 | 4 | 0 | 0 | 2 | 3 | 1 | 1 | 1 | 0 | 3 | 1 | 0 | 0 | 1 | 1 | 0 | 3 | 0 | 0 | 1 | 0 | 2 | 0 | 0 | 0 | 1 | 0 | 0 | 0 | 2 | 0 | 1 | 0 | 0 | 0 | 0 | 0 | 0 | 0 | 0 | 1 | 0 | 2 | 0 | 1 | 3 | 0 | 2 | 6 | 2 | 5 | 0 | 1 | 3 | 3 | 3 | 2 | 5 | 1 | 3 | 2 | 0 | 1 | 6 | 5 | 2 | 6 | 2 | 5 | 3 | 0 | 2 | 3 | 6 | 10 | 14 | 5 | 9 | 15 | 17 | 10 | 9 | 18 | 8 | 13 | 6 | 27 |
 6 | Hu, Bei-Lok | PRINCETON UNIVERSITY. | 1972 | male | 2 | 49 | 2016 | 2 | 123 | 2016 | 0 | 0 | 0 | 0 | 0 | 2 | 2 | 1 | 1 | 0 | 1 | 3 | 1 | 0 | 1 | 2 | 2 | 1 | 0 | 3 | 3 | 1 | 1 | 0 | 0 | 0 | 3 | 2 | 3 | 1 | 0 | 1 | 1 | 0 | 0 | 0 | 1 | 4 | 1 | 0 | 2 | 1 | 0 | 2 | 2 | 1 | 0 | 0 | 0 | 1 | 0 | 0 | 0 | 0 | 0 | 2 | 2 | 2 | 1 | 0 | 1 | 3 | 3 | 1 | 2 | 2 | 3 | 1 | 2 | 3 | 5 | 3 | 3 | 0 | 1 | 0 | 3 | 3 | 4 | 2 | 8 | 5 | 4 | 1 | 3 | 1 | 3 | 5 | 3 | 4 | 4 | 5 | 2 | 4 | 4 | 4 | 4 | 2 | 3 | 4 |
 7 | Adelman, Saul J. | California Institute of Technology | 1972 | male | 3 | 197 | 2015 | 3 | 272 | 2016 | 0 | 1 | 0 | 0 | 0 | 2 | 8 | 5 | 1 | 1 | 3 | 2 | 5 | 5 | 5 | 3 | 4 | 7 | 5 | 3 | 6 | 4 | 6 | 4 | 3 | 6 | 5 | 7 | 3 | 6 | 10 | 10 | 8 | 16 | 11 | 5 | 3 | 4 | 4 | 3 | 6 | 3 | 0 | 2 | 1 | 0 | 0 | 1 | 3 | 0 | 0 | 1 | 0 | 0 | 0 | 2 | 8 | 8 | 2 | 2 | 4 | 3 | 6 | 6 | 5 | 3 | 6 | 9 | 6 | 3 | 7 | 4 | 8 | 8 | 5 | 7 | 9 | 11 | 4 | 8 | 12 | 16 | 11 | 16 | 12 | 6 | 9 | 7 | 6 | 3 | 8 | 5 | 0 | 4 | 4 | 0 | 1 | 3 | 4 | 3 |
 9 | Fulling, Stephen Albert | PRINCETON UNIVERSITY. | 1972 | male | 1 | 17 | 2015 | 1 | 31 | 2016 | 0 | 0 | 0 | 0 | 0 | 1 | 1 | 1 | 0 | 1 | 2 | 0 | 1 | 0 | 0 | 0 | 1 | 0 | 0 | 1 | 1 | 0 | 0 | 1 | 0 | 1 | 0 | 0 | 0 | 0 | 0 | 0 | 0 | 0 | 0 | 0 | 1 | 1 | 0 | 0 | 1 | 0 | 0 | 0 | 0 | 1 | 0 | 1 | 1 | 0 | 0 | 0 | 0 | 0 | 0 | 1 | 2 | 2 | 0 | 2 | 6 | 1 | 1 | 0 | 0 | 0 | 1 | 0 | 0 | 1 | 1 | 0 | 0 | 1 | 0 | 1 | 0 | 0 | 0 | 0 | 0 | 0 | 0 | 0 | 0 | 0 | 1 | 1 | 0 | 0 | 1 | 2 | 0 | 0 | 1 | 2 | 0 | 2 | 1 | 1 |
 11 | Moore, John Fitzallen | COLUMBIA UNIVERSITY. | 1972 | male | 1 | 4 | 2009 | 2 | 19 | 2016 | 0 | 0 | 0 | 0 | 0 | 1 | 0 | 0 | 0 | 0 | 0 | 0 | 0 | 0 | 0 | 0 | 0 | 0 | 0 | 0 | 0 | 0 | 0 | 0 | 0 | 0 | 0 | 0 | 0 | 0 | 0 | 0 | 0 | 0 | 0 | 0 | 1 | 0 | 1 | 1 | 0 | 0 | 1 | 0 | 0 | 0 | 0 | 0 | 0 | 0 | 0 | 0 | 0 | 0 | 1 | 1 | 1 | 0 | 0 | 0 | 0 | 0 | 0 | 1 | 0 | 0 | 0 | 0 | 0 | 0 | 0 | 0 | 0 | 0 | 0 | 0 | 0 | 0 | 0 | 2 | 0 | 0 | 0 | 1 | 0 | 0 | 3 | 0 | 3 | 3 | 0 | 1 | 1 | 0 | 0 | 0 | 1 | 1 | 0 | 1 |
 13 | Wald, Robert Manuel | PRINCETON UNIVERSITY. | 1972 | male | 4 | 32 | 2006 | 5 | 118 | 2016 | 0 | 0 | 0 | 0 | 2 | 2 | 1 | 3 | 1 | 1 | 2 | 2 | 3 | 0 | 0 | 0 | 1 | 0 | 0 | 3 | 1 | 0 | 0 | 0 | 2 | 2 | 2 | 0 | 0 | 0 | 1 | 1 | 1 | 1 | 1 | 0 | 0 | 1 | 0 | 2 | 0 | 0 | 0 | 0 | 0 | 0 | 0 | 0 | 0 | 0 | 0 | 0 | 0 | 0 | 2 | 3 | 2 | 4 | 1 | 1 | 3 | 2 | 3 | 0 | 1 | 2 | 3 | 0 | 3 | 3 | 4 | 0 | 6 | 2 | 3 | 4 | 3 | 3 | 3 | 4 | 3 | 3 | 4 | 3 | 3 | 3 | 2 | 4 | 2 | 3 | 2 | 3 | 1 | 2 | 4 | 2 | 2 | 5 | 3 | 4 |
 14 | Ni, Wei-Tou | CALIFORNIA INSTITUTE OF TECHNOLOGY. | 1972 | male | 2 | 39 | 2016 | 2 | 89 | 2017 | 0 | 0 | 0 | 0 | 0 | 2 | 1 | 0 | 0 | 0 | 0 | 0 | 0 | 0 | 0 | 0 | 1 | 0 | 0 | 1 | 1 | 0 | 0 | 0 | 0 | 0 | 0 | 0 | 0 | 4 | 0 | 0 | 1 | 0 | 2 | 2 | 2 | 1 | 2 | 1 | 0 | 1 | 3 | 2 | 1 | 0 | 3 | 2 | 1 | 7 | 0 | 0 | 0 | 0 | 0 | 2 | 1 | 0 | 0 | 1 | 0 | 0 | 3 | 0 | 0 | 0 | 1 | 0 | 0 | 1 | 1 | 0 | 0 | 1 | 0 | 0 | 1 | 0 | 0 | 4 | 0 | 0 | 2 | 2 | 3 | 4 | 4 | 3 | 2 | 2 | 1 | 4 | 8 | 7 | 2 | 2 | 9 | 4 | 7 | 8 |
 16 | Scott, Eugene Howard, III | PRINCETON UNIVERSITY. | 1972 | male | 1 | 6 | 1984 | 2 | 9 | 1984 | 0 | 0 | 0 | 0 | 0 | 1 | 1 | 0 | 1 | 0 | 0 | 1 | 0 | 1 | 0 | 0 | 1 | 1 | 0 | 0 | 0 | 0 | 0 | 0 | 0 | 0 | 0 | 0 | 0 | 0 | 0 | 0 | 0 | 0 | 0 | 0 | 0 | 0 | 0 | 0 | 0 | 0 | 0 | 0 | 0 | 0 | 0 | 0 | 0 | 0 | 0 | 0 | 1 | 0 | 0 | 1 | 1 | 0 | 1 | 1 | 0 | 1 | 0 | 1 | 0 | 1 | 1 | 2 | 0 | 0 | 0 | 0 | 0 | 0 | 0 | 0 | 0 | 0 | 0 | 0 | 0 | 0 | 0 | 0 | 0 | 0 | 0 | 0 | 0 | 0 | 0 | 0 | 0 | 0 | 0 | 0 | 0 | 0 | 0 | 0 |
 18 | White, Richard Edward | COLUMBIA UNIVERSITY. | 1972 | male | 5 | 23 | 2003 | 6 | 113 | 2017 | 0 | 0 | 1 | 1 | 2 | 1 | 1 | 2 | 1 | 2 | 1 | 1 | 0 | 2 | 0 | 0 | 1 | 3 | 0 | 1 | 0 | 2 | 1 | 0 | 0 | 0 | 1 | 0 | 0 | 0 | 2 | 0 | 0 | 0 | 1 | 0 | 1 | 0 | 0 | 0 | 0 | 0 | 0 | 0 | 0 | 0 | 0 | 0 | 0 | 0 | 0 | 0 | 1 | 1 | 3 | 1 | 1 | 2 | 1 | 3 | 1 | 1 | 0 | 5 | 0 | 1 | 2 | 3 | 0 | 3 | 0 | 2 | 2 | 2 | 0 | 0 | 1 | 1 | 0 | 0 | 3 | 1 | 0 | 0 | 1 | 0 | 1 | 0 | 1 | 1 | 2 | 1 | 1 | 0 | 5 | 15 | 13 | 17 | 11 | 5 |
 30 | Rottman, Gary James | THE JOHNS HOPKINS UNIVERSITY. | 1972 | male | 2 | 22 | 2006 | 4 | 97 | 2006 | 0 | 0 | 0 | 0 | 1 | 1 | 3 | 0 | 0 | 0 | 0 | 0 | 0 | 0 | 2 | 1 | 1 | 0 | 0 | 1 | 0 | 1 | 0 | 3 | 0 | 0 | 1 | 0 | 0 | 0 | 0 | 1 | 1 | 1 | 1 | 0 | 0 | 0 | 3 | 2 | 0 | 0 | 0 | 0 | 0 | 0 | 0 | 0 | 0 | 0 | 0 | 0 | 0 | 0 | 2 | 2 | 3 | 0 | 0 | 4 | 0 | 0 | 0 | 2 | 3 | 2 | 11 | 1 | 1 | 2 | 0 | 1 | 0 | 8 | 5 | 2 | 4 | 1 | 4 | 3 | 3 | 4 | 3 | 6 | 1 | 2 | 0 | 4 | 15 | 2 | 0 | 0 | 0 | 0 | 0 | 0 | 0 | 0 | 0 | 0 |
 31 | Scoville, Nicholas Zabriskie | COLUMBIA UNIVERSITY. | 1972 | male | 3 | 59 | 2017 | 6 | 372 | 2017 | 0 | 0 | 0 | 0 | 0 | 3 | 2 | 2 | 3 | 1 | 1 | 1 | 4 | 1 | 1 | 2 | 4 | 2 | 1 | 3 | 1 | 2 | 2 | 0 | 1 | 0 | 3 | 0 | 1 | 0 | 2 | 2 | 2 | 1 | 1 | 0 | 2 | 1 | 0 | 0 | 3 | 0 | 0 | 0 | 0 | 0 | 3 | 1 | 0 | 2 | 0 | 0 | 0 | 0 | 0 | 6 | 2 | 3 | 5 | 4 | 2 | 3 | 7 | 8 | 4 | 7 | 6 | 7 | 6 | 9 | 11 | 13 | 6 | 3 | 8 | 3 | 7 | 2 | 3 | 3 | 6 | 4 | 12 | 6 | 3 | 1 | 6 | 7 | 5 | 3 | 31 | 12 | 24 | 33 | 12 | 15 | 14 | 12 | 15 | 13 |
 44 | Christensen, Clark G. | California Institute of Technology | 1972 | male | 1 | 2 | 1978 | 1 | 11 | 2015 | 0 | 0 | 0 | 0 | 0 | 1 | 0 | 0 | 1 | 0 | 0 | 1 | 0 | 0 | 0 | 0 | 0 | 0 | 0 | 0 | 0 | 0 | 0 | 0 | 0 | 0 | 0 | 0 | 0 | 0 | 0 | 0 | 0 | 0 | 0 | 0 | 0 | 0 | 0 | 0 | 0 | 0 | 0 | 0 | 0 | 0 | 0 | 0 | 0 | 0 | 0 | 0 | 0 | 0 | 0 | 1 | 0 | 0 | 1 | 0 | 1 | 1 | 0 | 0 | 0 | 0 | 0 | 0 | 0 | 0 | 0 | 0 | 0 | 1 | 0 | 0 | 1 | 0 | 0 | 0 | 0 | 0 | 0 | 0 | 0 | 0 | 0 | 0 | 0 | 0 | 0 | 0 | 1 | 0 | 0 | 1 | 1 | 1 | 2 | 0 |
 45 | Hawley, Danny Lee | PRINCETON UNIVERSITY. | 1972 | male | 1 | 2 | 1994 | 1 | 2 | 1994 | 0 | 0 | 0 | 0 | 0 | 1 | 0 | 0 | 1 | 0 | 0 | 0 | 0 | 0 | 0 | 0 | 0 | 0 | 0 | 0 | 0 | 0 | 0 | 0 | 0 | 0 | 0 | 1 | 0 | 0 | 0 | 0 | 0 | 0 | 0 | 0 | 0 | 0 | 0 | 0 | 0 | 0 | 0 | 0 | 0 | 0 | 0 | 0 | 0 | 0 | 0 | 0 | 0 | 0 | 0 | 1 | 0 | 0 | 1 | 0 | 0 | 0 | 0 | 0 | 0 | 0 | 0 | 0 | 0 | 0 | 0 | 0 | 0 | 0 | 0 | 0 | 0 | 1 | 0 | 0 | 0 | 0 | 0 | 0 | 0 | 0 | 0 | 0 | 0 | 0 | 0 | 0 | 0 | 0 | 0 | 0 | 0 | 0 | 0 | 0 |
 46 | Mashhoon, Bahram | PRINCETON UNIVERSITY. | 1972 | male | 1 | 78 | 2016 | 1 | 155 | 2017 | 0 | 0 | 0 | 0 | 0 | 1 | 4 | 2 | 2 | 0 | 1 | 1 | 2 | 1 | 1 | 2 | 0 | 6 | 2 | 1 | 0 | 1 | 1 | 1 | 2 | 2 | 3 | 2 | 1 | 0 | 1 | 3 | 3 | 3 | 3 | 2 | 1 | 2 | 3 | 2 | 5 | 2 | 1 | 0 | 1 | 2 | 3 | 2 | 0 | 1 | 0 | 0 | 0 | 0 | 0 | 1 | 4 | 2 | 2 | 1 | 1 | 1 | 2 | 1 | 1 | 2 | 0 | 10 | 3 | 1 | 0 | 1 | 1 | 2 | 3 | 2 | 4 | 2 | 2 | 3 | 4 | 3 | 6 | 7 | 6 | 9 | 7 | 6 | 10 | 6 | 6 | 5 | 3 | 1 | 5 | 5 | 4 | 4 | 1 | 5 |
 47 | Persson, Sven Eric | California Institute of Technology | 1972 | male | 2 | 27 | 2013 | 6 | 200 | 2016 | 0 | 0 | 0 | 1 | 0 | 1 | 3 | 2 | 0 | 1 | 1 | 0 | 1 | 2 | 1 | 1 | 1 | 1 | 2 | 1 | 0 | 4 | 0 | 1 | 0 | 1 | 0 | 0 | 0 | 0 | 0 | 1 | 0 | 0 | 0 | 1 | 0 | 1 | 0 | 0 | 0 | 0 | 0 | 0 | 0 | 0 | 1 | 0 | 0 | 0 | 0 | 0 | 0 | 1 | 1 | 4 | 9 | 7 | 3 | 1 | 3 | 6 | 3 | 7 | 7 | 2 | 4 | 7 | 6 | 5 | 1 | 6 | 4 | 3 | 1 | 6 | 1 | 2 | 2 | 1 | 2 | 2 | 1 | 2 | 6 | 6 | 2 | 5 | 4 | 6 | 3 | 3 | 8 | 3 | 4 | 11 | 13 | 8 | 8 | 6 |
 48 | Wickes, William Castles | PRINCETON UNIVERSITY. | 1972 | male | 1 | 4 | 1975 | 1 | 7 | 1979 | 0 | 0 | 0 | 0 | 0 | 1 | 1 | 1 | 2 | 0 | 0 | 0 | 0 | 0 | 0 | 0 | 0 | 0 | 0 | 0 | 0 | 0 | 0 | 0 | 0 | 0 | 0 | 0 | 0 | 0 | 0 | 0 | 0 | 0 | 0 | 0 | 0 | 0 | 0 | 0 | 0 | 0 | 0 | 0 | 0 | 0 | 0 | 0 | 0 | 0 | 0 | 0 | 0 | 0 | 0 | 1 | 1 | 1 | 2 | 0 | 1 | 1 | 1 | 0 | 0 | 0 | 0 | 0 | 0 | 0 | 0 | 0 | 0 | 0 | 0 | 0 | 0 | 0 | 0 | 0 | 0 | 0 | 0 | 0 | 0 | 0 | 0 | 0 | 0 | 0 | 0 | 0 | 0 | 0 | 0 | 0 | 0 | 0 | 0 | 0 |
 53 | Lodenquai, John F. | COLUMBIA UNIVERSITY. | 1972 | male | 1 | 7 | 1988 | 4 | 14 | 1988 | 0 | 0 | 0 | 0 | 0 | 1 | 0 | 1 | 0 | 0 | 0 | 0 | 1 | 0 | 0 | 0 | 1 | 2 | 0 | 0 | 1 | 1 | 0 | 0 | 0 | 0 | 0 | 0 | 0 | 0 | 0 | 0 | 0 | 0 | 0 | 0 | 0 | 0 | 0 | 0 | 0 | 0 | 0 | 0 | 0 | 0 | 0 | 0 | 0 | 0 | 0 | 0 | 0 | 1 | 1 | 2 | 0 | 2 | 3 | 0 | 1 | 0 | 1 | 0 | 0 | 0 | 2 | 2 | 1 | 0 | 1 | 1 | 0 | 0 | 0 | 0 | 0 | 0 | 0 | 0 | 0 | 0 | 0 | 0 | 0 | 0 | 0 | 0 | 0 | 0 | 0 | 0 | 0 | 0 | 0 | 0 | 0 | 0 | 0 | 0 |
 54 | Oinas, Valdar | California Institute of Technology | 1972 | male | 1 | 7 | 2001 | 2 | 10 | 2001 | 0 | 0 | 0 | 0 | 0 | 1 | 0 | 3 | 0 | 0 | 1 | 0 | 0 | 0 | 1 | 0 | 1 | 0 | 0 | 0 | 0 | 0 | 0 | 0 | 0 | 0 | 0 | 0 | 0 | 0 | 0 | 0 | 0 | 0 | 1 | 0 | 0 | 0 | 0 | 0 | 0 | 0 | 0 | 0 | 0 | 0 | 0 | 0 | 0 | 0 | 0 | 1 | 0 | 0 | 0 | 1 | 0 | 4 | 1 | 0 | 1 | 0 | 0 | 0 | 1 | 0 | 1 | 0 | 0 | 0 | 0 | 0 | 0 | 0 | 1 | 0 | 0 | 0 | 0 | 0 | 0 | 0 | 0 | 0 | 1 | 0 | 0 | 0 | 0 | 0 | 0 | 0 | 0 | 0 | 0 | 0 | 0 | 0 | 0 | 0 |
 60 | Nelson, Mark Radford | PRINCETON UNIVERSITY. | 1972 | male | 1 | 28 | 2015 | 1 | 50 | 2015 | 0 | 0 | 0 | 0 | 0 | 1 | 1 | 0 | 2 | 2 | 0 | 0 | 0 | 0 | 0 | 0 | 1 | 0 | 0 | 0 | 0 | 0 | 0 | 0 | 0 | 2 | 0 | 1 | 0 | 0 | 0 | 0 | 0 | 0 | 3 | 0 | 4 | 0 | 2 | 0 | 0 | 3 | 1 | 0 | 1 | 0 | 1 | 0 | 4 | 0 | 0 | 0 | 0 | 0 | 0 | 1 | 1 | 2 | 2 | 2 | 0 | 0 | 0 | 0 | 0 | 0 | 1 | 0 | 0 | 0 | 0 | 0 | 0 | 5 | 0 | 2 | 0 | 1 | 0 | 1 | 1 | 1 | 1 | 0 | 3 | 0 | 6 | 1 | 5 | 1 | 1 | 3 | 3 | 0 | 1 | 0 | 1 | 1 | 4 | 0 |
 61 | Yip, Ka Bing Winson | California Institute of Technology | 1972 | male | 2 | 0 | 1972 | 2 | 7 | 2011 | 0 | 0 | 0 | 0 | 0 | 2 | 0 | 0 | 0 | 0 | 0 | 0 | 0 | 0 | 0 | 0 | 0 | 0 | 0 | 0 | 0 | 0 | 0 | 0 | 0 | 0 | 0 | 0 | 0 | 0 | 0 | 0 | 0 | 0 | 0 | 0 | 0 | 0 | 0 | 0 | 0 | 0 | 0 | 0 | 0 | 0 | 0 | 0 | 0 | 0 | 0 | 0 | 0 | 0 | 0 | 2 | 0 | 0 | 0 | 0 | 0 | 0 | 0 | 0 | 0 | 0 | 0 | 0 | 0 | 0 | 0 | 0 | 0 | 0 | 0 | 0 | 0 | 0 | 0 | 0 | 0 | 0 | 0 | 0 | 2 | 1 | 0 | 1 | 0 | 0 | 0 | 0 | 2 | 0 | 1 | 0 | 0 | 0 | 0 | 0 |
 62 | Patterson, Blake Reynolds | UNIVERSITY OF CALIFORNIA, BERKELEY. | 1972 | male | 2 | 0 | 1972 | 2 | 1 | 1988 | 0 | 0 | 0 | 0 | 1 | 1 | 0 | 0 | 0 | 0 | 0 | 0 | 0 | 0 | 0 | 0 | 0 | 0 | 0 | 0 | 0 | 0 | 0 | 0 | 0 | 0 | 0 | 0 | 0 | 0 | 0 | 0 | 0 | 0 | 0 | 0 | 0 | 0 | 0 | 0 | 0 | 0 | 0 | 0 | 0 | 0 | 0 | 0 | 0 | 0 | 0 | 0 | 0 | 0 | 1 | 1 | 0 | 0 | 0 | 0 | 0 | 0 | 0 | 0 | 0 | 0 | 0 | 0 | 0 | 0 | 0 | 1 | 0 | 0 | 0 | 0 | 0 | 0 | 0 | 0 | 0 | 0 | 0 | 0 | 0 | 0 | 0 | 0 | 0 | 0 | 0 | 0 | 0 | 0 | 0 | 0 | 0 | 0 | 0 | 0 |
 65 | Paresce, Francesco Leone | UNIVERSITY OF CALIFORNIA, BERKELEY. | 1972 | male | 4 | 49 | 2003 | 6 | 212 | 2015 | 0 | 0 | 0 | 0 | 1 | 3 | 5 | 3 | 1 | 1 | 1 | 1 | 2 | 3 | 3 | 0 | 5 | 1 | 1 | 1 | 1 | 1 | 3 | 1 | 3 | 3 | 0 | 3 | 3 | 0 | 0 | 1 | 0 | 1 | 0 | 0 | 1 | 0 | 0 | 0 | 0 | 0 | 0 | 0 | 0 | 0 | 0 | 0 | 0 | 0 | 0 | 0 | 0 | 2 | 1 | 3 | 6 | 7 | 5 | 7 | 6 | 4 | 5 | 4 | 5 | 2 | 7 | 3 | 3 | 1 | 2 | 2 | 6 | 2 | 14 | 11 | 12 | 11 | 12 | 3 | 1 | 4 | 2 | 3 | 2 | 2 | 7 | 6 | 5 | 3 | 3 | 0 | 3 | 16 | 8 | 5 | 1 | 0 | 1 | 0 |
 67 | Shostak, G. Seth | California Institute of Technology | 1972 | male | 2 | 21 | 2003 | 4 | 31 | 2003 | 0 | 0 | 0 | 0 | 1 | 1 | 2 | 3 | 2 | 0 | 2 | 1 | 0 | 2 | 1 | 1 | 1 | 2 | 0 | 0 | 1 | 0 | 1 | 0 | 0 | 0 | 0 | 0 | 0 | 1 | 0 | 0 | 0 | 0 | 0 | 0 | 1 | 0 | 0 | 0 | 0 | 0 | 0 | 0 | 0 | 0 | 0 | 0 | 0 | 0 | 0 | 0 | 0 | 0 | 2 | 2 | 3 | 4 | 2 | 0 | 2 | 1 | 1 | 4 | 1 | 2 | 2 | 3 | 0 | 1 | 2 | 0 | 1 | 0 | 0 | 0 | 0 | 0 | 0 | 1 | 0 | 0 | 0 | 0 | 0 | 0 | 1 | 0 | 0 | 0 | 0 | 0 | 0 | 0 | 0 | 0 | 0 | 0 | 0 | 0 |
 68 | Smithson, Robert Carroll | California Institute of Technology | 1972 | male | 1 | 4 | 1989 | 1 | 6 | 1992 | 0 | 0 | 0 | 0 | 0 | 1 | 1 | 0 | 1 | 0 | 0 | 0 | 0 | 0 | 0 | 0 | 0 | 0 | 0 | 0 | 0 | 1 | 1 | 0 | 0 | 0 | 0 | 0 | 0 | 0 | 0 | 0 | 0 | 0 | 0 | 0 | 0 | 0 | 0 | 0 | 0 | 0 | 0 | 0 | 0 | 0 | 0 | 0 | 0 | 0 | 0 | 0 | 0 | 0 | 0 | 1 | 1 | 0 | 1 | 0 | 0 | 0 | 1 | 0 | 0 | 0 | 0 | 0 | 0 | 0 | 0 | 1 | 1 | 0 | 0 | 1 | 0 | 0 | 0 | 0 | 0 | 0 | 0 | 0 | 0 | 0 | 0 | 0 | 0 | 0 | 0 | 0 | 0 | 0 | 0 | 0 | 0 | 0 | 0 | 0 |
 71 | Baker, Paul Luther | UNIVERSITY OF CALIFORNIA, BERKELEY. | 1972 | male | 1 | 14 | 1981 | 1 | 62 | 2014 | 0 | 0 | 0 | 0 | 0 | 1 | 3 | 4 | 1 | 2 | 0 | 1 | 2 | 0 | 1 | 0 | 0 | 0 | 0 | 0 | 0 | 0 | 0 | 0 | 0 | 0 | 0 | 0 | 0 | 0 | 0 | 0 | 0 | 0 | 0 | 0 | 0 | 0 | 0 | 0 | 0 | 0 | 0 | 0 | 0 | 0 | 0 | 0 | 0 | 0 | 0 | 0 | 0 | 0 | 0 | 1 | 3 | 4 | 1 | 2 | 0 | 2 | 2 | 0 | 1 | 0 | 0 | 0 | 0 | 0 | 0 | 0 | 0 | 0 | 0 | 0 | 0 | 0 | 0 | 0 | 0 | 0 | 0 | 0 | 0 | 0 | 0 | 0 | 0 | 0 | 0 | 0 | 11 | 8 | 7 | 16 | 4 | 1 | 0 | 0 |
 79 | Grasdalen, Gary Lars | UNIVERSITY OF CALIFORNIA, BERKELEY. | 1972 | male | 3 | 31 | 1993 | 11 | 101 | 1993 | 0 | 0 | 1 | 0 | 1 | 1 | 5 | 2 | 5 | 7 | 0 | 0 | 4 | 0 | 0 | 0 | 1 | 2 | 1 | 0 | 0 | 0 | 1 | 0 | 0 | 2 | 1 | 0 | 0 | 0 | 0 | 0 | 0 | 0 | 0 | 0 | 0 | 0 | 0 | 0 | 0 | 0 | 0 | 0 | 0 | 0 | 0 | 0 | 0 | 0 | 0 | 1 | 2 | 0 | 2 | 6 | 5 | 9 | 8 | 8 | 2 | 0 | 6 | 7 | 3 | 2 | 3 | 5 | 8 | 6 | 4 | 7 | 6 | 4 | 0 | 4 | 4 | 0 | 0 | 0 | 0 | 0 | 0 | 0 | 0 | 0 | 0 | 0 | 0 | 0 | 0 | 0 | 0 | 0 | 0 | 0 | 0 | 0 | 0 | 0 |
 81 | Jennings, Mark Crandall | THE UNIVERSITY OF ARIZONA. | 1972 | male | 3 | 7 | 1988 | 7 | 17 | 2000 | 0 | 0 | 0 | 0 | 1 | 2 | 1 | 0 | 0 | 0 | 0 | 0 | 0 | 1 | 0 | 2 | 1 | 0 | 1 | 0 | 0 | 1 | 0 | 0 | 0 | 0 | 0 | 0 | 0 | 0 | 0 | 0 | 0 | 0 | 0 | 0 | 0 | 0 | 0 | 0 | 0 | 0 | 0 | 0 | 0 | 0 | 0 | 0 | 0 | 0 | 0 | 0 | 2 | 1 | 2 | 2 | 1 | 0 | 0 | 0 | 0 | 0 | 4 | 1 | 1 | 2 | 1 | 0 | 1 | 0 | 0 | 1 | 1 | 0 | 0 | 0 | 0 | 0 | 1 | 0 | 0 | 0 | 2 | 1 | 0 | 0 | 0 | 0 | 0 | 0 | 0 | 0 | 0 | 0 | 0 | 0 | 0 | 0 | 0 | 0 |
 82 | Kestenbaum, Howard Lee | COLUMBIA UNIVERSITY. | 1972 | male | 3 | 8 | 1978 | 4 | 20 | 1979 | 0 | 0 | 0 | 0 | 2 | 1 | 0 | 0 | 1 | 3 | 2 | 2 | 0 | 0 | 0 | 0 | 0 | 0 | 0 | 0 | 0 | 0 | 0 | 0 | 0 | 0 | 0 | 0 | 0 | 0 | 0 | 0 | 0 | 0 | 0 | 0 | 0 | 0 | 0 | 0 | 0 | 0 | 0 | 0 | 0 | 0 | 0 | 0 | 0 | 0 | 0 | 0 | 0 | 0 | 3 | 1 | 0 | 0 | 3 | 5 | 3 | 8 | 1 | 0 | 0 | 0 | 0 | 0 | 0 | 0 | 0 | 0 | 0 | 0 | 0 | 0 | 0 | 0 | 0 | 0 | 0 | 0 | 0 | 0 | 0 | 0 | 0 | 0 | 0 | 0 | 0 | 0 | 0 | 0 | 0 | 0 | 0 | 0 | 0 | 0 |
 86 | Grenfell, Thomas Cameron | UNIVERSITY OF WASHINGTON. | 1972 | male | 5 | 1 | 1974 | 6 | 6 | 2002 | 0 | 0 | 1 | 1 | 1 | 2 | 0 | 1 | 0 | 0 | 0 | 0 | 0 | 0 | 0 | 0 | 0 | 0 | 0 | 0 | 0 | 0 | 0 | 0 | 0 | 0 | 0 | 0 | 0 | 0 | 0 | 0 | 0 | 0 | 0 | 0 | 0 | 0 | 0 | 0 | 0 | 0 | 0 | 0 | 0 | 0 | 0 | 0 | 0 | 0 | 0 | 0 | 1 | 1 | 1 | 3 | 1 | 2 | 0 | 0 | 0 | 0 | 0 | 0 | 0 | 0 | 0 | 0 | 0 | 0 | 0 | 0 | 0 | 0 | 0 | 0 | 1 | 0 | 0 | 1 | 0 | 0 | 0 | 0 | 0 | 1 | 0 | 0 | 0 | 0 | 0 | 0 | 0 | 0 | 0 | 0 | 0 | 0 | 0 | 0 |
 88 | Ames, Susan | UNIVERSITY OF CALIFORNIA, BERKELEY. | 1972 | female | 3 | 4 | 1976 | 4 | 4 | 1976 | 0 | 0 | 0 | 2 | 0 | 1 | 2 | 0 | 1 | 1 | 0 | 0 | 0 | 0 | 0 | 0 | 0 | 0 | 0 | 0 | 0 | 0 | 0 | 0 | 0 | 0 | 0 | 0 | 0 | 0 | 0 | 0 | 0 | 0 | 0 | 0 | 0 | 0 | 0 | 0 | 0 | 0 | 0 | 0 | 0 | 0 | 0 | 0 | 0 | 0 | 0 | 0 | 0 | 2 | 0 | 2 | 2 | 0 | 1 | 1 | 0 | 0 | 0 | 0 | 0 | 0 | 0 | 0 | 0 | 0 | 0 | 0 | 0 | 0 | 0 | 0 | 0 | 0 | 0 | 0 | 0 | 0 | 0 | 0 | 0 | 0 | 0 | 0 | 0 | 0 | 0 | 0 | 0 | 0 | 0 | 0 | 0 | 0 | 0 | 0 |
 100 | Hansen, Olav Louis | CALIFORNIA INSTITUTE OF TECHNOLOGY. | 1972 | male | 1 | 13 | 1977 | 1 | 22 | 2013 | 0 | 0 | 0 | 0 | 0 | 1 | 2 | 2 | 4 | 2 | 3 | 0 | 0 | 0 | 0 | 0 | 0 | 0 | 0 | 0 | 0 | 0 | 0 | 0 | 0 | 0 | 0 | 0 | 0 | 0 | 0 | 0 | 0 | 0 | 0 | 0 | 0 | 0 | 0 | 0 | 0 | 0 | 0 | 0 | 0 | 0 | 0 | 0 | 0 | 0 | 0 | 0 | 0 | 0 | 0 | 1 | 3 | 3 | 4 | 2 | 4 | 0 | 0 | 0 | 0 | 0 | 0 | 0 | 0 | 0 | 0 | 0 | 0 | 0 | 0 | 0 | 1 | 0 | 0 | 0 | 0 | 0 | 0 | 0 | 0 | 1 | 0 | 0 | 0 | 0 | 0 | 1 | 0 | 1 | 1 | 0 | 1 | 0 | 0 | 0 |
 114 | Gott, John Richard, III | PRINCETON UNIVERSITY. | 1972 | male | 6 | 33 | 2011 | 9 | 102 | 2015 | 0 | 0 | 0 | 2 | 2 | 2 | 1 | 2 | 1 | 0 | 2 | 1 | 0 | 0 | 0 | 1 | 0 | 2 | 0 | 3 | 1 | 1 | 2 | 1 | 2 | 1 | 1 | 0 | 0 | 1 | 0 | 2 | 0 | 0 | 1 | 1 | 0 | 0 | 2 | 0 | 1 | 1 | 1 | 0 | 1 | 0 | 0 | 0 | 0 | 0 | 0 | 0 | 0 | 2 | 3 | 4 | 1 | 2 | 1 | 1 | 2 | 1 | 0 | 0 | 0 | 1 | 0 | 2 | 0 | 5 | 3 | 3 | 4 | 2 | 4 | 4 | 1 | 5 | 3 | 2 | 2 | 5 | 0 | 1 | 3 | 5 | 3 | 1 | 5 | 1 | 3 | 4 | 2 | 3 | 7 | 4 | 0 | 3 | 3 | 0 |
 119 | Ruddy, Vincent P. | PRINCETON UNIVERSITY. | 1972 | male | 1 | 0 | 1972 | 1 | 2 | 1975 | 0 | 0 | 0 | 0 | 0 | 1 | 0 | 0 | 0 | 0 | 0 | 0 | 0 | 0 | 0 | 0 | 0 | 0 | 0 | 0 | 0 | 0 | 0 | 0 | 0 | 0 | 0 | 0 | 0 | 0 | 0 | 0 | 0 | 0 | 0 | 0 | 0 | 0 | 0 | 0 | 0 | 0 | 0 | 0 | 0 | 0 | 0 | 0 | 0 | 0 | 0 | 0 | 0 | 0 | 0 | 1 | 0 | 0 | 2 | 0 | 0 | 0 | 0 | 0 | 0 | 0 | 0 | 0 | 0 | 0 | 0 | 0 | 0 | 0 | 0 | 0 | 0 | 0 | 0 | 0 | 0 | 0 | 0 | 0 | 0 | 0 | 0 | 0 | 0 | 0 | 0 | 0 | 0 | 0 | 0 | 0 | 0 | 0 | 0 | 0 |
 124 | Fogarty, William George | THE UNIVERSITY OF ARIZONA. | 1972 | male | 2 | 3 | 1975 | 8 | 8 | 1982 | 0 | 0 | 0 | 0 | 1 | 1 | 0 | 1 | 2 | 0 | 0 | 0 | 0 | 0 | 0 | 0 | 0 | 0 | 0 | 0 | 0 | 0 | 0 | 0 | 0 | 0 | 0 | 0 | 0 | 0 | 0 | 0 | 0 | 0 | 0 | 0 | 0 | 0 | 0 | 0 | 0 | 0 | 0 | 0 | 0 | 0 | 0 | 0 | 0 | 0 | 0 | 1 | 1 | 2 | 2 | 2 | 0 | 3 | 2 | 0 | 0 | 0 | 1 | 1 | 0 | 1 | 0 | 0 | 0 | 0 | 0 | 0 | 0 | 0 | 0 | 0 | 0 | 0 | 0 | 0 | 0 | 0 | 0 | 0 | 0 | 0 | 0 | 0 | 0 | 0 | 0 | 0 | 0 | 0 | 0 | 0 | 0 | 0 | 0 | 0 |
 129 | Meszaros, Pedro | UNIVERSITY OF CALIFORNIA, BERKELEY. | 1972 | male | 1 | 30 | 1998 | 1 | 71 | 2010 | 0 | 0 | 0 | 0 | 0 | 1 | 2 | 0 | 0 | 0 | 0 | 0 | 0 | 3 | 1 | 0 | 3 | 0 | 2 | 1 | 1 | 4 | 2 | 0 | 0 | 2 | 3 | 2 | 1 | 1 | 1 | 1 | 0 | 0 | 0 | 0 | 0 | 0 | 0 | 0 | 0 | 0 | 0 | 0 | 0 | 0 | 0 | 0 | 0 | 0 | 0 | 0 | 0 | 0 | 0 | 1 | 2 | 0 | 0 | 0 | 0 | 0 | 0 | 6 | 2 | 0 | 3 | 1 | 4 | 3 | 2 | 7 | 7 | 1 | 7 | 4 | 6 | 4 | 2 | 5 | 1 | 1 | 0 | 0 | 0 | 0 | 0 | 0 | 2 | 0 | 0 | 0 | 0 | 1 | 0 | 0 | 0 | 0 | 0 | 0 |
 130 | Lucke, Peter Barton | UNIVERSITY OF WASHINGTON. | 1972 | male | 3 | 5 | 1982 | 4 | 6 | 1982 | 0 | 0 | 0 | 1 | 1 | 1 | 0 | 1 | 0 | 0 | 0 | 1 | 0 | 2 | 0 | 1 | 0 | 0 | 0 | 0 | 0 | 0 | 0 | 0 | 0 | 0 | 0 | 0 | 0 | 0 | 0 | 0 | 0 | 0 | 0 | 0 | 0 | 0 | 0 | 0 | 0 | 0 | 0 | 0 | 0 | 0 | 0 | 0 | 0 | 0 | 0 | 0 | 0 | 2 | 1 | 1 | 0 | 1 | 0 | 0 | 1 | 1 | 0 | 2 | 0 | 1 | 0 | 0 | 0 | 0 | 0 | 0 | 0 | 0 | 0 | 0 | 0 | 0 | 0 | 0 | 0 | 0 | 0 | 0 | 0 | 0 | 0 | 0 | 0 | 0 | 0 | 0 | 0 | 0 | 0 | 0 | 0 | 0 | 0 | 0 |
 153 | Matson, Dennis Ludwig | CALIFORNIA INSTITUTE OF TECHNOLOGY. | 1972 | male | 1 | 18 | 2012 | 1 | 149 | 2016 | 0 | 0 | 0 | 0 | 0 | 1 | 0 | 1 | 0 | 1 | 1 | 1 | 0 | 0 | 1 | 0 | 1 | 0 | 0 | 1 | 0 | 0 | 1 | 1 | 0 | 0 | 0 | 0 | 1 | 0 | 0 | 2 | 0 | 0 | 1 | 1 | 0 | 0 | 0 | 1 | 1 | 0 | 1 | 0 | 0 | 1 | 0 | 0 | 0 | 0 | 0 | 0 | 0 | 0 | 0 | 1 | 1 | 2 | 8 | 5 | 6 | 4 | 3 | 6 | 4 | 1 | 4 | 1 | 2 | 5 | 4 | 4 | 3 | 2 | 2 | 1 | 0 | 2 | 5 | 1 | 2 | 5 | 3 | 1 | 2 | 3 | 2 | 7 | 8 | 7 | 6 | 3 | 7 | 4 | 1 | 6 | 0 | 2 | 2 | 2 |
 155 | Cooper, Mark Spencer | UNIVERSITY OF CALIFORNIA, BERKELEY. | 1972 | male | 1 | 1 | 2006 | 1 | 13 | 2016 | 0 | 0 | 0 | 0 | 0 | 1 | 0 | 0 | 0 | 0 | 0 | 0 | 0 | 0 | 0 | 0 | 0 | 0 | 0 | 0 | 0 | 0 | 0 | 0 | 0 | 0 | 0 | 0 | 0 | 0 | 0 | 0 | 0 | 0 | 0 | 0 | 0 | 0 | 0 | 1 | 0 | 0 | 0 | 0 | 0 | 0 | 0 | 0 | 0 | 0 | 0 | 0 | 0 | 0 | 0 | 1 | 2 | 0 | 0 | 0 | 0 | 0 | 0 | 0 | 0 | 0 | 0 | 0 | 0 | 0 | 0 | 0 | 0 | 0 | 0 | 0 | 0 | 0 | 0 | 0 | 0 | 0 | 0 | 0 | 0 | 0 | 0 | 0 | 0 | 2 | 0 | 2 | 0 | 0 | 1 | 1 | 2 | 1 | 1 | 1 |
 178 | Hart, Michael H. | PRINCETON UNIVERSITY. | 1972 | male | 2 | 12 | 2016 | 4 | 27 | 2016 | 0 | 0 | 0 | 0 | 1 | 1 | 1 | 2 | 1 | 0 | 0 | 1 | 2 | 1 | 0 | 0 | 0 | 0 | 0 | 0 | 0 | 0 | 0 | 0 | 1 | 1 | 0 | 0 | 0 | 0 | 0 | 0 | 0 | 0 | 0 | 0 | 0 | 0 | 0 | 0 | 0 | 0 | 0 | 1 | 0 | 0 | 0 | 0 | 0 | 1 | 0 | 0 | 0 | 0 | 3 | 1 | 1 | 2 | 1 | 0 | 0 | 1 | 2 | 1 | 0 | 0 | 0 | 0 | 0 | 0 | 0 | 1 | 0 | 0 | 1 | 1 | 0 | 0 | 0 | 0 | 0 | 0 | 0 | 0 | 0 | 0 | 0 | 0 | 0 | 0 | 0 | 0 | 1 | 1 | 0 | 0 | 0 | 9 | 4 | 1 |
 180 | Linke, Richard Alan | COLUMBIA UNIVERSITY. | 1972 | male | 1 | 6 | 1983 | 3 | 33 | 1992 | 0 | 0 | 0 | 0 | 0 | 1 | 0 | 1 | 0 | 0 | 1 | 0 | 1 | 1 | 1 | 0 | 1 | 0 | 0 | 0 | 0 | 0 | 0 | 0 | 0 | 0 | 0 | 0 | 0 | 0 | 0 | 0 | 0 | 0 | 0 | 0 | 0 | 0 | 0 | 0 | 0 | 0 | 0 | 0 | 0 | 0 | 0 | 0 | 0 | 0 | 0 | 0 | 0 | 0 | 0 | 3 | 1 | 1 | 1 | 3 | 2 | 2 | 3 | 4 | 4 | 3 | 3 | 2 | 2 | 1 | 0 | 0 | 0 | 0 | 0 | 1 | 0 | 0 | 0 | 0 | 0 | 0 | 0 | 0 | 0 | 0 | 0 | 0 | 0 | 0 | 0 | 0 | 0 | 0 | 0 | 0 | 0 | 0 | 0 | 0 |
