1972	(23, 'Chapman, Clark Russell', 'MASSACHUSETTS INSTITUTE OF TECHNOLOGY.', 1972, 'male', 11, 372, 2013, 12, 501, 2016, 3, 3, 3, 1, 0, 1, 3, 6, 5, 3, 3, 2, 4, 1, 0, 1, 2, 0, 1, 1, 1, 0, 2, 4, 5, 2, 4, 7, 3, 4, 3, 1, 2, 0, 0, 3, 1, 2, 289, 1, 2, 1, 0, 2, 0, 0, 1, 0, 0, 0, 3, 3, 3, 2, 0, 1, 4, 6, 8, 5, 4, 6, 10, 1, 1, 2, 3, 4, 2, 1, 4, 1, 2, 7, 7, 6, 4, 14, 6, 13, 6, 8, 9, 3, 10, 8, 1, 3, 290, 1, 3, 4, 5, 7, 3, 2, 7, 4, 4, 2, 0)	383
1974	(207, 'Ip, Wing-Huen', 'UNIVERSITY OF CALIFORNIA, SAN DIEGO.', 1974, 'male', 7, 148, 2016, 10, 485, 2017, 0, 0, 0, 0, 2, 5, 3, 5, 5, 6, 3, 7, 3, 1, 8, 9, 4, 7, 7, 6, 6, 9, 7, 5, 4, 4, 5, 3, 7, 4, 2, 3, 1, 2, 1, 4, 1, 1, 0, 0, 0, 1, 0, 1, 0, 1, 0, 2, 0, 0, 0, 1, 2, 7, 4, 8, 8, 7, 5, 8, 8, 2, 16, 15, 7, 15, 20, 8, 11, 12, 11, 10, 9, 5, 8, 8, 13, 7, 5, 6, 6, 6, 4, 11, 14, 9, 22, 8, 11, 9, 11, 10, 9, 12, 46, 52, 0)	155
1975	(194, 'Harris, Alan William', 'UNIVERSITY OF CALIFORNIA, LOS ANGELES.', 1975, 'male', 4, 166, 2016, 6, 418, 2017, 0, 0, 1, 0, 0, 3, 2, 1, 1, 4, 5, 1, 2, 7, 7, 4, 6, 6, 4, 7, 7, 5, 5, 6, 5, 5, 7, 8, 8, 6, 6, 1, 2, 0, 5, 7, 4, 3, 2, 2, 1, 2, 3, 0, 3, 4, 2, 0, 0, 1, 1, 0, 4, 4, 4, 1, 6, 8, 4, 3, 8, 9, 5, 6, 6, 4, 12, 9, 8, 10, 10, 7, 9, 7, 15, 8, 8, 16, 11, 13, 9, 15, 12, 19, 14, 12, 18, 24, 17, 17, 10, 15, 15, 7, 0)	170
1976	(72, 'Wang, Yi-Ming', 'MASSACHUSETTS INSTITUTE OF TECHNOLOGY.', 1976, 'male', 2, 196, 2017, 4, 538, 2017, 0, 0, 0, 0, 1, 1, 0, 2, 1, 0, 5, 3, 1, 5, 3, 1, 3, 3, 3, 4, 3, 2, 3, 5, 10, 5, 7, 3, 4, 8, 3, 9, 9, 5, 5, 5, 4, 5, 9, 6, 7, 7, 9, 11, 7, 10, 0, 1, 0, 1, 1, 1, 1, 3, 3, 1, 5, 4, 1, 5, 4, 1, 4, 6, 6, 7, 7, 3, 3, 6, 12, 9, 11, 8, 9, 12, 6, 14, 14, 10, 13, 16, 15, 24, 35, 29, 32, 21, 21, 35, 38, 64, 0)	198
1978	(214, 'Turner, Michael Stanley', 'STANFORD UNIVERSITY.', 1978, 'male', 5, 89, 2015, 6, 257, 2016, 0, 0, 0, 0, 2, 3, 5, 2, 1, 5, 4, 3, 4, 4, 4, 7, 2, 4, 4, 3, 5, 0, 1, 4, 5, 0, 4, 4, 3, 4, 0, 0, 0, 0, 2, 2, 0, 1, 1, 0, 0, 0, 1, 0, 1, 0, 0, 0, 2, 3, 6, 5, 8, 12, 12, 10, 11, 8, 14, 12, 5, 12, 10, 9, 13, 9, 12, 8, 12, 7, 11, 8, 13, 5, 3, 3, 1, 2, 2, 4, 1, 2, 1, 2, 2, 0, 1, 1, 0)	94
1979	(148, 'Boss, Alan Paul', 'UNIVERSITY OF CALIFORNIA, SANTA BARBARA.', 1979, 'male', 3, 145, 2017, 5, 219, 2017, 0, 0, 1, 0, 0, 2, 5, 3, 4, 2, 3, 7, 5, 5, 5, 4, 1, 2, 2, 4, 1, 11, 5, 4, 9, 1, 5, 6, 5, 3, 6, 3, 6, 3, 4, 3, 3, 2, 4, 4, 2, 2, 0, 0, 0, 1, 2, 0, 2, 6, 4, 4, 2, 4, 8, 6, 5, 5, 5, 1, 2, 2, 5, 3, 12, 8, 5, 10, 1, 9, 7, 6, 7, 6, 3, 9, 8, 6, 6, 9, 8, 12, 14, 5, 2, 3, 0)	148
1980	(85, 'Massey, Philip Louis', 'UNIVERSITY OF COLORADO AT BOULDER.', 1980, 'male', 7, 70, 2017, 10, 159, 2017, 1, 0, 2, 0, 1, 3, 8, 0, 4, 3, 2, 1, 2, 1, 3, 2, 1, 1, 1, 0, 4, 1, 0, 3, 0, 4, 2, 3, 4, 1, 2, 3, 3, 0, 2, 0, 1, 1, 2, 1, 1, 2, 1, 0, 2, 0, 1, 6, 11, 0, 6, 6, 6, 4, 6, 3, 6, 5, 3, 4, 3, 3, 5, 3, 2, 3, 0, 4, 5, 8, 5, 4, 4, 6, 5, 2, 4, 3, 5, 10, 2, 5, 3, 3, 0)	77
1982	(89, 'Chakrabarti, S.', 'California Univ., Berkeley.', 1982, 'None', 4, 153, 2017, 5, 404, 2017, 0, 0, 0, 2, 0, 2, 1, 3, 5, 4, 2, 5, 7, 7, 2, 8, 9, 4, 4, 10, 2, 4, 5, 6, 4, 3, 2, 3, 8, 7, 4, 4, 7, 1, 4, 2, 3, 3, 5, 3, 0, 0, 0, 3, 0, 2, 4, 4, 8, 8, 4, 7, 8, 12, 3, 9, 22, 10, 8, 13, 3, 6, 9, 14, 18, 18, 5, 9, 23, 12, 8, 12, 14, 14, 26, 14, 14, 13, 24, 19, 0)	157
1983	(70, 'Takahashi, K.', 'California Univ., Los Angeles.', 1983, 'None', 11, 144, 2017, 18, 455, 2017, 2, 1, 0, 2, 1, 5, 3, 6, 3, 6, 6, 2, 5, 5, 5, 5, 3, 2, 3, 3, 2, 3, 3, 6, 8, 8, 7, 5, 2, 3, 5, 3, 2, 3, 5, 4, 4, 5, 7, 2, 2, 0, 4, 2, 8, 6, 10, 10, 10, 14, 10, 15, 12, 16, 11, 10, 8, 6, 9, 10, 16, 8, 15, 13, 16, 19, 18, 12, 10, 10, 11, 19, 19, 14, 27, 15, 25, 23, 0)	155
1985	(61, 'Raga, Alejandro Cristian', 'UNIVERSITY OF WASHINGTON.', 1985, 'male', 2, 110, 2016, 2, 340, 2017, 0, 0, 0, 0, 0, 2, 5, 3, 4, 4, 3, 4, 4, 6, 2, 4, 3, 4, 4, 1, 5, 3, 5, 1, 4, 2, 0, 2, 3, 4, 3, 4, 6, 4, 2, 7, 4, 0, 0, 0, 0, 0, 2, 7, 5, 6, 8, 7, 12, 7, 12, 6, 16, 12, 11, 13, 6, 13, 11, 10, 10, 15, 15, 9, 11, 11, 17, 15, 13, 14, 11, 13, 13, 8, 0)	112
1985	(101, 'Chakrabarti, Sandip Kumar', 'THE UNIVERSITY OF CHICAGO.', 1985, 'male', 8, 108, 2015, 13, 306, 2017, 2, 0, 1, 0, 1, 4, 3, 1, 5, 7, 7, 2, 8, 7, 4, 3, 10, 2, 4, 4, 6, 4, 3, 2, 3, 6, 5, 2, 1, 2, 1, 1, 1, 0, 1, 3, 0, 3, 0, 1, 0, 2, 7, 6, 2, 7, 8, 12, 3, 9, 12, 10, 5, 13, 3, 6, 8, 13, 14, 16, 3, 9, 21, 7, 6, 8, 8, 12, 17, 12, 9, 10, 18, 14, 0)	116
1987	(108, 'Sage, Leslie John', 'STATE UNIVERSITY OF NEW YORK AT STONY BROOK.', 1987, 'female', 2, 149, 2016, 2, 172, 2016, 0, 0, 0, 0, 0, 2, 0, 3, 2, 4, 1, 4, 4, 3, 0, 7, 7, 6, 6, 7, 6, 6, 6, 6, 8, 7, 8, 4, 6, 6, 6, 7, 7, 6, 6, 0, 0, 0, 0, 0, 2, 1, 3, 4, 5, 1, 10, 5, 4, 2, 8, 9, 7, 6, 8, 6, 7, 6, 6, 8, 8, 8, 4, 7, 7, 6, 7, 7, 6, 6, 0)	151
1988	(13, 'Gould, Andrew Philip', 'STANFORD UNIVERSITY.', 1988, 'male', 5, 121, 2017, 6, 397, 2017, 0, 0, 0, 0, 3, 2, 2, 6, 3, 7, 6, 8, 12, 5, 6, 8, 5, 6, 5, 2, 9, 5, 2, 2, 0, 2, 1, 2, 1, 1, 6, 5, 1, 2, 0, 0, 0, 0, 3, 3, 2, 7, 4, 9, 8, 10, 16, 11, 11, 16, 17, 17, 14, 14, 18, 18, 10, 14, 9, 9, 18, 20, 14, 17, 24, 21, 20, 19, 0)	126
1988	(189, 'Wang, Haimin', 'CALIFORNIA INSTITUTE OF TECHNOLOGY.', 1988, 'male', 6, 103, 2017, 9, 689, 2017, 0, 0, 1, 0, 1, 4, 4, 0, 3, 4, 3, 5, 3, 3, 1, 6, 1, 4, 1, 6, 3, 2, 6, 2, 4, 8, 2, 3, 3, 9, 2, 7, 2, 4, 0, 0, 1, 1, 3, 4, 6, 5, 9, 8, 18, 13, 17, 9, 8, 13, 11, 26, 36, 25, 36, 22, 38, 28, 27, 36, 21, 28, 37, 37, 31, 38, 33, 52, 0)	109
1989	(32, 'Stern, Sol Alan', 'UNIVERSITY OF COLORADO AT BOULDER.', 1989, 'female', 17, 82, 2017, 19, 235, 2017, 1, 0, 1, 1, 5, 9, 8, 5, 2, 2, 5, 5, 3, 6, 2, 3, 3, 1, 2, 3, 0, 2, 1, 1, 3, 1, 13, 1, 2, 1, 1, 4, 0, 1, 0, 1, 1, 6, 10, 10, 9, 4, 2, 11, 9, 9, 12, 5, 8, 6, 6, 6, 4, 3, 5, 7, 13, 10, 2, 20, 3, 9, 5, 3, 14, 17, 0)	99
1989	(49, 'Chen, Jiasheng', 'UNIVERSITY OF DELAWARE.', 1989, 'male', 22, 102, 2015, 43, 282, 2017, 6, 2, 6, 3, 2, 3, 5, 4, 6, 5, 6, 4, 1, 5, 4, 6, 2, 5, 3, 3, 2, 7, 5, 4, 7, 4, 3, 3, 3, 1, 2, 2, 0, 7, 4, 10, 8, 7, 7, 8, 12, 13, 17, 16, 12, 10, 7, 9, 16, 8, 8, 4, 10, 7, 19, 19, 7, 14, 12, 11, 9, 8, 8, 3, 6, 4, 0)	124
1989	(68, 'Chen, Chuxing', 'THE UNIVERSITY OF ARIZONA.', 1989, 'None', 12, 83, 2017, 18, 345, 2017, 0, 3, 1, 2, 4, 2, 1, 3, 1, 1, 1, 1, 1, 4, 1, 2, 2, 1, 3, 4, 3, 5, 2, 3, 5, 3, 6, 7, 4, 5, 4, 1, 8, 3, 5, 1, 2, 4, 3, 3, 5, 2, 7, 4, 4, 4, 11, 2, 5, 6, 3, 6, 8, 14, 16, 14, 12, 21, 23, 22, 23, 29, 18, 17, 21, 31, 0)	95
1990	(27, 'Zhang, Yuanchong', 'COLUMBIA UNIVERSITY.', 1990, 'None', 5, 134, 2017, 18, 548, 2017, 2, 0, 0, 1, 1, 1, 0, 2, 3, 0, 0, 3, 2, 4, 5, 2, 4, 8, 6, 7, 14, 9, 9, 6, 2, 3, 10, 6, 6, 8, 5, 9, 5, 2, 4, 5, 1, 1, 2, 2, 5, 1, 2, 6, 3, 4, 9, 24, 9, 14, 24, 15, 43, 22, 21, 40, 29, 14, 33, 30, 21, 29, 43, 76, 0)	139
1990	(203, 'Zhang, Yuhong', 'UNIVERSITY OF MARYLAND COLLEGE PARK.', 1990, 'female', 5, 133, 2017, 19, 549, 2017, 2, 0, 0, 1, 1, 1, 0, 2, 3, 0, 0, 3, 2, 4, 5, 2, 4, 8, 6, 7, 14, 9, 8, 6, 2, 3, 10, 6, 6, 8, 5, 9, 5, 2, 4, 6, 1, 1, 2, 2, 6, 1, 3, 6, 3, 4, 9, 24, 9, 14, 24, 15, 43, 22, 20, 40, 29, 14, 33, 30, 21, 29, 43, 76, 0)	138
1991	(163, 'Wang, Jin', 'UNIVERSITY OF ILLINOIS AT URBANA-CHAMPAIGN.', 1991, 'male', 34, 154, 2017, 59, 653, 2017, 3, 8, 6, 4, 2, 11, 15, 6, 6, 2, 4, 3, 4, 3, 5, 3, 3, 5, 7, 7, 5, 4, 5, 6, 6, 14, 9, 4, 8, 9, 8, 5, 16, 10, 8, 6, 14, 20, 10, 13, 8, 8, 11, 9, 7, 20, 26, 17, 30, 17, 31, 22, 24, 23, 36, 39, 47, 34, 33, 37, 56, 45, 0)	188
1991	(304, 'Wang, Yun', 'CARNEGIE-MELLON UNIVERSITY.', 1991, 'male', 23, 234, 2017, 57, 705, 2017, 3, 4, 2, 3, 6, 5, 3, 3, 7, 8, 6, 10, 5, 6, 14, 6, 12, 12, 12, 9, 13, 8, 9, 11, 12, 11, 12, 11, 11, 10, 11, 5, 10, 8, 9, 11, 14, 11, 7, 10, 11, 11, 15, 12, 16, 24, 15, 18, 39, 30, 50, 46, 19, 40, 40, 34, 36, 31, 32, 33, 38, 66, 0)	257
1991	(306, 'Zhang, Yang', 'THE UNIVERSITY OF WISCONSIN - MILWAUKEE.', 1991, 'male', 3, 150, 2017, 16, 600, 2017, 0, 0, 1, 1, 0, 1, 2, 3, 0, 0, 4, 3, 4, 5, 2, 4, 9, 8, 9, 17, 9, 8, 6, 5, 3, 11, 6, 6, 8, 6, 10, 2, 4, 5, 1, 0, 4, 3, 6, 1, 3, 7, 4, 4, 10, 24, 9, 15, 27, 18, 46, 27, 20, 41, 37, 14, 34, 32, 26, 32, 48, 84, 0)	153
1992	(73, 'Chen, Ping', 'UNIVERSITY OF ILLINOIS AT URBANA-CHAMPAIGN.', 1992, 'male', 16, 74, 2017, 20, 189, 2017, 5, 3, 1, 0, 3, 4, 2, 3, 4, 1, 1, 1, 3, 3, 4, 2, 5, 2, 4, 8, 2, 3, 2, 1, 5, 4, 0, 6, 2, 4, 6, 4, 2, 0, 3, 5, 2, 5, 4, 2, 2, 1, 4, 3, 5, 6, 7, 4, 10, 13, 10, 11, 11, 6, 10, 15, 7, 10, 12, 19, 0)	90
1992	(101, 'Zhang, Xiaolei', 'UNIVERSITY OF CALIFORNIA, BERKELEY.', 1992, 'male', 6, 105, 2017, 21, 505, 2017, 1, 0, 0, 1, 2, 2, 5, 3, 1, 3, 2, 2, 3, 1, 2, 5, 9, 3, 6, 6, 7, 5, 5, 5, 5, 3, 5, 6, 3, 8, 3, 1, 0, 8, 5, 4, 12, 10, 6, 9, 17, 8, 21, 14, 25, 10, 35, 15, 28, 22, 27, 30, 24, 21, 25, 32, 25, 29, 26, 23, 0)	111
1992	(203, 'Chen, Ping', 'Illinois Univ. at Urbana-Champaign, Savoy.', 1992, 'male', 16, 74, 2017, 20, 189, 2017, 5, 3, 1, 0, 3, 4, 2, 3, 4, 1, 1, 1, 3, 3, 4, 2, 5, 2, 4, 8, 2, 3, 2, 1, 5, 4, 0, 6, 2, 4, 6, 4, 2, 0, 3, 5, 2, 5, 4, 2, 2, 1, 4, 3, 5, 6, 7, 4, 10, 13, 10, 11, 11, 6, 10, 15, 7, 10, 12, 19, 0)	90
1993	(188, 'Zhang, Xinbo', 'UNIVERSITY OF ALABAMA IN HUNTSVILLE.', 1993, 'male', 9, 90, 2017, 29, 475, 2017, 0, 0, 1, 2, 1, 5, 3, 1, 2, 2, 1, 2, 1, 1, 4, 8, 3, 6, 6, 6, 4, 5, 5, 5, 2, 5, 6, 2, 8, 1, 0, 8, 5, 3, 12, 10, 6, 8, 17, 7, 19, 12, 23, 9, 33, 15, 27, 22, 26, 29, 23, 21, 25, 30, 25, 29, 25, 23, 0)	99
1993	(323, 'Wang, Yiping', 'THE UNIVERSITY OF ARIZONA.', 1993, 'female', 20, 171, 2017, 48, 606, 2017, 2, 3, 5, 3, 3, 4, 5, 8, 3, 7, 4, 4, 11, 4, 10, 11, 8, 3, 8, 5, 5, 10, 10, 10, 10, 7, 10, 8, 9, 8, 8, 7, 9, 9, 7, 7, 10, 8, 10, 12, 15, 21, 11, 16, 34, 23, 43, 41, 16, 34, 39, 32, 33, 27, 26, 30, 35, 63, 0)	191
1994	(160, 'Zhang, Yan', 'DREXEL UNIVERSITY.', 1994, 'male', 7, 154, 2017, 12, 604, 2017, 1, 0, 0, 2, 3, 1, 0, 3, 2, 4, 6, 2, 6, 13, 8, 7, 15, 9, 10, 8, 6, 3, 10, 6, 10, 8, 6, 11, 1, 0, 2, 2, 5, 2, 2, 6, 5, 5, 10, 25, 13, 19, 27, 16, 46, 23, 24, 45, 37, 14, 33, 33, 28, 31, 50, 83, 0)	161
1994	(244, 'Wang, Yangsheng', 'THE UNIVERSITY OF TEXAS AT AUSTIN.', 1994, 'male', 25, 165, 2017, 50, 595, 2017, 3, 5, 3, 3, 4, 7, 9, 3, 7, 3, 4, 11, 4, 10, 11, 8, 3, 8, 5, 5, 9, 10, 10, 10, 7, 10, 8, 9, 8, 7, 9, 9, 7, 10, 12, 8, 10, 11, 14, 21, 11, 16, 33, 23, 43, 40, 16, 34, 38, 32, 33, 27, 25, 30, 35, 63, 0)	190
1995	(180, 'Wang, Jian M.', 'ILLINOIS INSTITUTE OF TECHNOLOGY.', 1995, 'male', 12, 119, 2017, 21, 377, 2017, 0, 1, 3, 2, 1, 5, 5, 1, 3, 5, 4, 2, 2, 4, 7, 6, 7, 4, 7, 8, 4, 13, 10, 8, 6, 6, 5, 2, 2, 4, 3, 2, 8, 5, 3, 6, 8, 11, 8, 7, 11, 11, 16, 14, 15, 20, 29, 25, 32, 34, 23, 30, 26, 28, 0)	131
1995	(211, 'Wang, Jian', 'UNIVERSITY OF CALIFORNIA, SANTA CRUZ.', 1995, 'male', 36, 185, 2017, 68, 743, 2017, 2, 5, 10, 6, 7, 6, 5, 3, 4, 10, 8, 5, 6, 6, 11, 11, 9, 6, 10, 12, 6, 16, 13, 9, 12, 10, 9, 7, 8, 15, 11, 15, 12, 9, 12, 9, 15, 23, 31, 23, 30, 24, 37, 28, 30, 33, 47, 46, 53, 50, 45, 50, 58, 56, 0)	221
1995	(234, 'Li, Hui', 'RICE UNIVERSITY.', 1995, 'female', 12, 132, 2017, 16, 368, 2017, 0, 1, 3, 4, 1, 3, 7, 3, 1, 3, 4, 4, 6, 1, 3, 5, 7, 6, 9, 12, 10, 7, 5, 8, 10, 8, 8, 1, 1, 3, 6, 2, 3, 9, 4, 4, 7, 11, 11, 8, 5, 8, 8, 12, 9, 32, 29, 26, 22, 28, 25, 38, 30, 26, 0)	144
1996	(34, 'Zhang, Yali', 'TEMPLE UNIVERSITY.', 1996, 'female', 9, 125, 2017, 19, 530, 2017, 0, 2, 3, 0, 0, 4, 2, 4, 5, 2, 4, 8, 6, 7, 14, 9, 8, 6, 2, 3, 10, 6, 6, 8, 5, 9, 2, 2, 5, 1, 2, 7, 3, 4, 9, 24, 9, 14, 24, 15, 43, 22, 21, 40, 29, 14, 33, 30, 21, 29, 43, 76, 0)	134
1997	(137, 'Chen, Jun', 'UNIVERSITY OF HAWAII', 1997, 'male', 26, 65, 2016, 80, 219, 2017, 6, 5, 7, 3, 0, 5, 2, 4, 2, 2, 1, 2, 2, 6, 7, 7, 7, 4, 3, 3, 4, 4, 3, 1, 1, 13, 17, 18, 14, 10, 8, 7, 13, 7, 5, 2, 8, 10, 21, 27, 12, 16, 15, 11, 9, 10, 14, 5, 8, 12, 0)	91
1997	(185, 'Kim, Sunme', 'UNIVERSITY OF CINCINNATI', 1997, 'None', 21, 74, 2017, 42, 359, 2017, 4, 3, 2, 1, 3, 8, 6, 6, 1, 3, 5, 3, 6, 5, 4, 6, 3, 5, 2, 2, 8, 3, 2, 1, 1, 13, 5, 3, 2, 5, 14, 12, 16, 6, 14, 13, 14, 24, 13, 23, 22, 24, 19, 21, 20, 20, 14, 19, 31, 22, 0)	95
1998	(199, 'Kraemer, Kathleen Elizabeth', 'Boston University, Department of Astronomy Boston, MA 02215', 1998, 'female', 5, 110, 2017, 7, 157, 2017, 0, 0, 1, 0, 1, 3, 2, 1, 1, 2, 2, 0, 2, 98, 0, 0, 0, 1, 0, 0, 0, 0, 0, 0, 1, 1, 1, 0, 1, 3, 3, 4, 1, 3, 6, 2, 2, 100, 3, 3, 1, 9, 4, 5, 1, 4, 4, 1, 0)	115
1999	(112, 'Wang, Jing', 'THE JOHNS HOPKINS UNIVERSITY', 1999, 'female', 29, 128, 2017, 69, 658, 2017, 7, 3, 4, 5, 5, 5, 5, 3, 3, 5, 8, 7, 6, 3, 7, 6, 10, 16, 11, 5, 9, 11, 10, 17, 10, 9, 14, 10, 9, 22, 26, 19, 33, 18, 35, 26, 28, 31, 43, 54, 56, 43, 37, 42, 63, 49, 0)	157
1999	(185, 'Zhang, Jie', 'UNIVERSITY OF MARYLAND COLLEGE PARK', 1999, 'male', 16, 87, 2017, 39, 491, 2017, 2, 5, 1, 1, 5, 2, 4, 4, 1, 4, 4, 4, 4, 5, 5, 5, 8, 7, 8, 4, 4, 10, 4, 5, 5, 2, 11, 7, 9, 10, 21, 5, 27, 12, 27, 25, 24, 47, 40, 29, 29, 29, 29, 38, 51, 37, 0)	103
1999	(230, 'Lee, Jounghun', 'UNIVERSITY OF KANSAS', 1999, 'male', 10, 87, 2017, 26, 426, 2017, 0, 2, 0, 1, 3, 4, 7, 2, 5, 3, 4, 9, 6, 7, 9, 4, 6, 3, 5, 3, 4, 7, 2, 2, 3, 2, 5, 4, 10, 15, 8, 17, 12, 23, 38, 17, 29, 36, 27, 31, 15, 27, 24, 38, 40, 19, 0)	97
2000	(39, 'Liu, Yifan', 'UNIVERSITY OF MICHIGAN', 2000, 'male', 7, 80, 2016, 24, 303, 2017, 1, 2, 0, 0, 2, 2, 5, 2, 2, 2, 3, 7, 5, 12, 7, 5, 6, 7, 3, 7, 4, 3, 4, 3, 3, 3, 3, 8, 10, 7, 6, 8, 13, 20, 12, 31, 24, 14, 12, 37, 30, 37, 19, 19, 0)	87
2000	(115, 'Zhang, Linchu', 'CORNELL UNIVERSITY', 2000, 'None', 14, 49, 2016, 51, 334, 2017, 2, 0, 4, 4, 1, 3, 3, 2, 1, 2, 3, 3, 4, 5, 6, 1, 3, 1, 2, 2, 6, 5, 13, 9, 8, 7, 7, 7, 7, 5, 5, 9, 13, 9, 14, 32, 30, 21, 22, 33, 22, 31, 21, 41, 0)	63
2001	(41, 'Li, Li-Xin', 'PRINCETON UNIVERSITY', 2001, 'None', 19, 70, 2017, 21, 190, 2017, 2, 1, 4, 1, 9, 2, 8, 7, 7, 5, 6, 5, 7, 4, 3, 3, 3, 1, 3, 1, 5, 2, 1, 5, 1, 9, 3, 11, 9, 10, 9, 12, 8, 13, 16, 11, 11, 12, 8, 9, 20, 26, 0)	89
2001	(74, 'Kim, Seungjung', 'PRINCETON UNIVERSITY', 2001, 'None', 26, 58, 2017, 66, 311, 2017, 3, 6, 6, 6, 1, 4, 5, 3, 6, 5, 4, 6, 3, 5, 2, 2, 8, 3, 2, 1, 1, 5, 12, 12, 16, 6, 15, 13, 14, 24, 13, 23, 22, 24, 19, 21, 20, 20, 14, 19, 31, 22, 0)	84
2001	(91, 'Zhang, Bing', 'THE JOHNS HOPKINS UNIVERSITY', 2001, 'male', 16, 101, 2017, 30, 450, 2017, 1, 3, 1, 1, 5, 5, 5, 4, 4, 4, 4, 10, 4, 6, 2, 8, 10, 12, 9, 7, 10, 3, 4, 2, 4, 7, 10, 8, 9, 14, 31, 57, 37, 18, 31, 21, 32, 33, 26, 38, 35, 48, 0)	117
2002	(11, 'Smith, Nathan I.', 'UNIVERSITY OF MINNESOTA', 2002, 'male', 19, 78, 2017, 39, 203, 2017, 0, 2, 2, 4, 5, 6, 6, 9, 9, 6, 7, 5, 4, 5, 7, 4, 4, 3, 2, 4, 2, 5, 8, 10, 7, 7, 8, 12, 14, 17, 11, 10, 9, 11, 21, 10, 10, 13, 21, 23, 0)	97
2003	(190, 'Li, J.', 'Rochester Institute of Technology', 2003, 'None', 41, 265, 2017, 139, 1013, 2017, 11, 5, 6, 5, 6, 8, 12, 12, 8, 18, 19, 22, 19, 22, 20, 24, 20, 27, 28, 14, 15, 19, 31, 18, 42, 29, 43, 36, 49, 64, 55, 68, 97, 106, 101, 88, 125, 98, 0)	306
2004	(108, 'Wang, Xiaomin', 'UNIVERSITY OF PENNSYLVANIA', 2004, 'female', 20, 76, 2016, 76, 325, 2017, 2, 3, 4, 5, 4, 2, 5, 5, 5, 4, 11, 5, 5, 12, 7, 6, 8, 3, 5, 5, 21, 10, 24, 11, 28, 20, 17, 33, 21, 12, 15, 28, 23, 32, 38, 49, 0)	96
2004	(184, 'Wang, Jianxiang', 'Rutgers The State University of New Jersey - New Brunswick, New Jersey, USA', 2004, 'male', 28, 83, 2017, 118, 423, 2017, 3, 5, 3, 3, 5, 9, 7, 5, 3, 5, 6, 5, 13, 9, 4, 8, 8, 7, 7, 20, 26, 17, 29, 19, 31, 22, 23, 21, 35, 37, 44, 33, 31, 35, 48, 38, 0)	111
2004	(199, 'Chen, Yujun', 'University of California, Davis', 2004, 'male', 31, 57, 2017, 79, 421, 2017, 3, 3, 7, 3, 8, 7, 3, 6, 6, 4, 3, 8, 6, 3, 2, 6, 5, 4, 8, 13, 13, 8, 14, 23, 26, 23, 25, 30, 31, 25, 32, 44, 25, 45, 37, 59, 0)	88
2004	(290, 'Zhang, Ju', 'THE UNIVERSITY OF TEXAS AT AUSTIN', 2004, 'male', 18, 58, 2017, 82, 359, 2017, 1, 4, 3, 1, 4, 5, 4, 4, 7, 4, 5, 6, 5, 4, 4, 4, 8, 1, 8, 10, 20, 5, 27, 12, 25, 25, 25, 43, 36, 20, 23, 21, 20, 34, 43, 33, 0)	76
2005	(34, 'Li, Jian-Yang', 'University of Maryland, llege Park, Maryland, USA', 2005, 'male', 9, 66, 2017, 85, 351, 2017, 1, 4, 0, 2, 1, 1, 3, 6, 6, 5, 5, 7, 4, 9, 8, 4, 5, 9, 22, 5, 20, 8, 21, 13, 23, 25, 20, 24, 37, 46, 38, 29, 37, 39, 0)	75
2005	(41, 'Zhang, Xiaoling', 'The University of Alabama in Huntsville', 2005, 'female', 25, 56, 2017, 123, 292, 2017, 2, 1, 4, 8, 3, 7, 6, 6, 4, 5, 5, 5, 2, 5, 6, 2, 8, 13, 23, 9, 34, 15, 29, 22, 26, 29, 23, 21, 25, 30, 25, 29, 26, 25, 0)	81
2005	(120, 'Wang, Xiao', 'University of Michigan, Michigan, USA', 2005, 'male', 32, 85, 2017, 107, 363, 2017, 3, 5, 6, 6, 2, 10, 4, 5, 5, 13, 8, 5, 13, 9, 7, 8, 7, 5, 22, 11, 27, 9, 33, 26, 21, 36, 27, 17, 18, 30, 25, 42, 46, 63, 0)	117
2005	(135, 'Li, Yuexing', 'Columbia University, New York, USA', 2005, 'female', 25, 62, 2017, 61, 211, 2017, 1, 4, 2, 4, 5, 9, 3, 8, 8, 2, 4, 8, 7, 3, 9, 5, 2, 8, 11, 8, 7, 15, 12, 11, 13, 16, 12, 6, 24, 27, 24, 34, 21, 13, 0)	87
2005	(141, 'Chen, Yun', 'University of Illinois at Urbana-Champaign, Illinois, USA', 2005, 'male', 31, 64, 2017, 98, 420, 2017, 3, 7, 3, 8, 5, 5, 6, 6, 4, 3, 9, 8, 3, 2, 6, 9, 6, 14, 13, 8, 14, 21, 28, 24, 25, 30, 33, 29, 36, 44, 27, 46, 43, 63, 0)	95
2006	(1, 'Liu, Wei', 'Department of Physics, Stanford University', 2006, 'male', 20, 66, 2017, 69, 172, 2017, 2, 1, 0, 1, 3, 13, 6, 9, 11, 6, 9, 5, 5, 5, 5, 3, 8, 10, 16, 4, 10, 21, 12, 16, 19, 14, 17, 18, 19, 17, 14, 19, 0)	86
2006	(86, 'Li, Yang', 'University of Minnesota, Minnesota, USA', 2006, 'male', 19, 72, 2017, 56, 216, 2017, 3, 2, 3, 2, 6, 3, 7, 9, 4, 6, 11, 7, 4, 11, 6, 3, 11, 8, 6, 12, 9, 10, 14, 17, 14, 10, 29, 27, 25, 34, 21, 14, 0)	91
2006	(151, 'Liu, Yong', 'University of New Hampshire', 2006, 'male', 29, 66, 2017, 74, 261, 2017, 8, 3, 4, 2, 4, 8, 6, 12, 8, 5, 6, 9, 3, 7, 5, 4, 12, 10, 8, 8, 15, 21, 13, 34, 26, 15, 13, 38, 30, 40, 23, 24, 0)	95
2006	(227, 'Zhang, Jun', 'Columbia University', 2006, 'male', 30, 76, 2017, 128, 417, 2017, 6, 2, 5, 4, 6, 7, 8, 9, 8, 11, 9, 5, 5, 5, 11, 1, 24, 7, 28, 12, 30, 27, 26, 51, 48, 30, 35, 29, 34, 42, 64, 41, 0)	106
2006	(266, 'Chen, Chenglin', 'University of Miami', 2006, 'male', 19, 47, 2017, 62, 231, 2017, 1, 3, 4, 3, 5, 3, 3, 5, 3, 6, 7, 4, 5, 4, 1, 8, 3, 6, 8, 14, 16, 15, 12, 21, 23, 22, 23, 29, 18, 17, 21, 31, 0)	66
2007	(27, 'Liu, Wei', 'Princeton University', 2007, 'male', 24, 60, 2017, 73, 160, 2017, 1, 0, 1, 3, 13, 6, 9, 11, 6, 9, 5, 5, 5, 5, 3, 10, 16, 4, 10, 21, 12, 16, 19, 14, 17, 18, 19, 17, 14, 19, 0)	84
2007	(47, 'Wang, Junfeng', 'The Pennsylvania State University', 2007, 'male', 33, 86, 2017, 143, 387, 2017, 3, 5, 8, 7, 5, 5, 6, 9, 9, 17, 10, 4, 10, 9, 9, 17, 29, 18, 30, 22, 27, 22, 39, 43, 53, 38, 34, 38, 51, 43, 0)	119
2007	(49, 'Abdo, Aws Ahmad', 'Michigan State University', 2007, 'male', 4, 106, 2015, 4, 126, 2015, 0, 0, 0, 0, 0, 4, 5, 34, 45, 12, 5, 1, 2, 2, 0, 0, 0, 0, 0, 0, 4, 6, 38, 49, 20, 6, 2, 3, 2, 0, 0)	110
2007	(278, 'Abbasi, Rasha Usama', 'The University of Utah', 2007, 'female', 12, 63, 2017, 15, 89, 2017, 0, 0, 4, 4, 2, 2, 5, 8, 13, 13, 10, 4, 3, 4, 1, 1, 0, 5, 4, 3, 2, 6, 9, 14, 15, 10, 17, 10, 5, 1, 0)	75
2008	(280, 'Wang, Sheng', 'Columbia University', 2008, 'male', 24, 34, 2017, 66, 142, 2017, 6, 2, 4, 3, 3, 6, 3, 4, 4, 4, 2, 6, 5, 5, 15, 6, 12, 12, 7, 14, 10, 23, 16, 20, 11, 22, 17, 19, 0)	58
2008	(282, 'Yang, Yujin', 'The University of Arizona', 2008, 'female', 19, 45, 2016, 52, 136, 2017, 3, 3, 2, 3, 3, 5, 10, 10, 6, 6, 5, 5, 1, 2, 4, 8, 8, 9, 10, 13, 20, 23, 19, 16, 11, 11, 16, 10, 0)	64
2008	(325, 'Chen, Chuan', 'University of California, Irvine', 2008, 'male', 23, 53, 2017, 87, 213, 2017, 4, 3, 5, 2, 3, 6, 8, 9, 7, 5, 5, 5, 3, 10, 9, 14, 16, 14, 12, 22, 28, 25, 24, 30, 18, 18, 23, 33, 0)	76
2008	(332, 'Wang, Jue', 'The Ohio State University', 2008, 'female', 35, 63, 2017, 146, 326, 2017, 5, 7, 7, 5, 4, 7, 6, 5, 13, 9, 4, 8, 8, 7, 29, 17, 30, 22, 24, 24, 35, 37, 44, 33, 31, 35, 48, 38, 0)	98
2008	(335, 'Wang, Shiya', 'University of Illinois at Urbana-Champaign', 2008, 'female', 22, 31, 2017, 63, 137, 2017, 6, 1, 3, 3, 2, 7, 2, 3, 4, 3, 2, 6, 5, 5, 15, 5, 11, 12, 6, 14, 9, 22, 14, 18, 13, 22, 16, 19, 0)	53
2008	(364, 'Hopkins, Philip Fajardo', 'Harvard University', 2008, 'male', 24, 56, 2017, 42, 169, 2017, 0, 1, 5, 7, 5, 6, 10, 11, 3, 8, 11, 4, 1, 6, 0, 1, 5, 14, 10, 12, 14, 16, 8, 10, 16, 17, 15, 47, 0)	80
2008	(368, 'Zhang, Hui', 'Boston University', 2008, 'female', 36, 33, 2017, 163, 255, 2017, 6, 2, 4, 6, 7, 11, 5, 7, 2, 4, 6, 4, 2, 2, 30, 11, 35, 22, 29, 36, 27, 23, 27, 30, 33, 31, 36, 35, 0)	69
2009	(45, 'Chen, Bin', 'The University of Oklahoma', 2009, 'male', 18, 46, 2017, 36, 91, 2017, 1, 3, 0, 5, 5, 4, 5, 7, 6, 11, 6, 7, 2, 2, 4, 3, 9, 10, 8, 11, 12, 12, 15, 10, 18, 7, 0)	64
2009	(233, 'Li, Zhiyuan', 'University of Massachusetts Amherst', 2009, 'male', 26, 26, 2016, 67, 104, 2017, 3, 3, 4, 8, 4, 4, 6, 5, 3, 4, 5, 2, 1, 8, 12, 8, 16, 12, 11, 16, 11, 13, 14, 19, 14, 12, 0)	52
2009	(254, 'Chen, Xi', 'University of California, Los Angeles', 2009, 'None', 19, 30, 2017, 48, 200, 2017, 1, 1, 5, 3, 3, 6, 3, 6, 3, 5, 2, 3, 3, 4, 5, 11, 7, 6, 15, 8, 17, 13, 27, 57, 37, 26, 0)	49
2009	(340, 'Wang, Yun', 'University of Florida', 2009, 'male', 58, 77, 2017, 224, 285, 2017, 10, 8, 12, 9, 8, 11, 10, 11, 12, 11, 11, 10, 11, 27, 47, 44, 23, 42, 41, 30, 36, 31, 32, 33, 38, 66, 0)	135
2010	(108, 'Liu, Xin', 'Princeton University', 2010, 'male', 24, 25, 2017, 66, 110, 2017, 2, 4, 2, 4, 5, 7, 4, 4, 8, 3, 4, 1, 13, 6, 10, 13, 11, 13, 15, 19, 26, 13, 15, 12, 0)	49
2010	(273, 'Li, Yun', 'University of Massachusetts Amherst', 2010, 'male', 30, 52, 2017, 65, 169, 2017, 6, 2, 7, 8, 2, 5, 11, 6, 5, 13, 7, 6, 11, 9, 11, 14, 12, 8, 27, 26, 26, 38, 24, 16, 0)	82
2011	(26, 'Zhang, Binbin', 'University of Nevada, Las Vegas', 2011, 'male', 14, 35, 2018, 116, 100, 2018, 2, 2, 3, 2, 1, 4, 6, 7, 3, 6, 5, 38, 19, 12, 17, 14, 16, 18, 11, 15, 17, 21, 0)	49
2011	(49, 'Zhao, Liang', 'University of Michigan', 2011, 'male', 11, 21, 2018, 29, 49, 2018, 1, 3, 1, 3, 0, 3, 0, 6, 3, 5, 1, 3, 5, 7, 6, 3, 5, 4, 11, 8, 8, 4, 0)	32
2011	(52, 'Chen, Lunjin', 'University of California, Los Angeles', 2011, 'male', 15, 24, 2018, 53, 123, 2018, 3, 1, 4, 2, 2, 3, 8, 3, 3, 3, 4, 11, 5, 9, 8, 6, 14, 13, 19, 21, 18, 26, 0)	39
2011	(207, 'Wang, Qian', 'Iowa State University', 2011, 'female', 14, 16, 2018, 85, 88, 2018, 3, 0, 1, 2, 4, 4, 5, 3, 4, 0, 3, 15, 9, 13, 15, 15, 18, 15, 14, 15, 14, 14, 0)	30
2011	(341, 'Bovy, Jo', 'New York University', 2011, 'male', 10, 20, 2018, 16, 75, 2018, 0, 0, 1, 4, 3, 2, 6, 2, 2, 2, 5, 0, 0, 1, 5, 4, 6, 12, 12, 9, 15, 13, 0)	30
2011	(347, 'Wu, Jian', 'The Pennsylvania State University', 2011, 'male', 20, 14, 2018, 127, 110, 2018, 2, 3, 3, 1, 4, 7, 6, 1, 0, 0, 1, 17, 12, 43, 15, 16, 24, 13, 18, 12, 14, 17, 0)	34
2012	(5, 'Donnelly, William', 'University of Maryland, College Park', 2012, 'male', 7, 12, 2018, 7, 14, 2018, 0, 1, 0, 2, 1, 3, 1, 1, 1, 5, 0, 1, 0, 2, 1, 3, 2, 1, 2, 5, 0)	19
2012	(45, 'Johannsen, Tim', 'The University of Arizona', 2012, 'male', 11, 10, 2016, 13, 14, 2016, 0, 0, 2, 2, 3, 4, 5, 1, 0, 4, 0, 0, 2, 2, 3, 6, 5, 2, 0, 7, 0)	21
2012	(59, 'Batygin, Konstantin', 'California Institute of Technology', 2012, 'male', 13, 16, 2018, 15, 44, 2018, 0, 1, 2, 2, 5, 3, 5, 1, 5, 3, 0, 1, 2, 3, 5, 4, 7, 9, 9, 11, 0)	29
2012	(120, 'Huang, Yanshi', 'The University of Texas at Arlington', 2012, 'None', 10, 16, 2018, 44, 72, 2018, 2, 2, 1, 0, 2, 3, 0, 5, 3, 3, 4, 8, 5, 2, 9, 16, 6, 15, 16, 14, 0)	26
2012	(342, 'Bai, Xue-Ning', 'Princeton University', 2012, 'None', 11, 13, 2017, 69, 110, 2018, 0, 0, 1, 5, 4, 1, 3, 4, 2, 2, 4, 6, 8, 18, 19, 14, 26, 18, 20, 22, 0)	24
2012	(350, 'Fumagalli, Michele', 'University of California, Santa Cruz', 2012, 'male', 10, 9, 2017, 23, 59, 2018, 0, 1, 1, 2, 3, 3, 1, 3, 1, 2, 0, 2, 1, 3, 9, 8, 10, 14, 13, 11, 0)	19
2013	(169, 'Zhang, Xi', 'California Institute of Technology', 2013, 'None', 39, 32, 2018, 179, 133, 2018, 5, 6, 6, 6, 5, 11, 7, 6, 9, 30, 26, 24, 27, 38, 34, 34, 36, 30, 0)	71
2013	(170, 'Zhang, He', 'Michigan State University', 2013, 'male', 29, 8, 2017, 152, 97, 2018, 8, 5, 4, 2, 4, 6, 2, 2, 2, 30, 27, 17, 24, 29, 25, 22, 30, 21, 0)	37
2013	(234, 'Park, Jaehong', 'University of Rochester', 2013, 'male', 20, 13, 2018, 49, 48, 2018, 7, 1, 3, 1, 5, 3, 5, 3, 3, 21, 2, 7, 7, 8, 4, 10, 14, 11, 0)	33
2013	(261, 'Zhang, Xi', 'California Institute of Technology', 2013, 'None', 39, 32, 2018, 179, 133, 2018, 5, 6, 6, 6, 5, 11, 7, 6, 9, 30, 26, 24, 27, 38, 34, 34, 36, 30, 0)	71
2014	(32, 'Li, Jason G.', 'Princeton University', 2014, 'male', 23, 6, 2018, 101, 75, 2018, 3, 3, 2, 4, 6, 5, 2, 1, 13, 14, 18, 25, 16, 15, 26, 26, 0)	29
2014	(85, 'Xu, Jin', 'University of California, Irvine', 2014, 'male', 18, 7, 2018, 53, 22, 2018, 1, 1, 4, 3, 3, 6, 2, 2, 9, 8, 11, 8, 7, 10, 7, 5, 0)	25
2014	(90, 'Liu, Nan', 'The University of Chicago', 2014, 'female', 10, 9, 2018, 25, 15, 2018, 1, 0, 1, 2, 1, 5, 2, 2, 1, 0, 1, 6, 7, 10, 5, 3, 0)	19
2014	(135, 'Zhang, Fan', 'California Institute of Technology', 2014, 'male', 13, 10, 2018, 78, 54, 2018, 0, 2, 0, 2, 5, 4, 3, 4, 3, 6, 6, 23, 17, 23, 14, 29, 0)	23
2014	(185, 'Gao, He', 'University of Nevada, Las Vegas', 2014, 'male', 11, 15, 2018, 25, 36, 2018, 0, 1, 0, 2, 4, 4, 6, 2, 0, 2, 1, 3, 9, 10, 10, 10, 0)	26
2014	(242, 'Abeysekara, Anushka Udara', 'Michigan State University', 2014, 'female', 5, 17, 2018, 9, 22, 2018, 0, 0, 0, 1, 1, 3, 4, 3, 0, 0, 0, 3, 1, 5, 5, 4, 0)	22
2014	(315, 'Duffell, Paul C.', 'New York University', 2014, 'male', 8, 10, 2018, 10, 16, 2018, 0, 0, 1, 1, 3, 3, 7, 2, 0, 0, 1, 1, 3, 5, 12, 3, 0)	18
2014	(330, 'Zahid, H. Jabran', "University of Hawai'i at Manoa", 2014, 'male', 11, 6, 2018, 19, 22, 2018, 0, 0, 2, 2, 3, 4, 1, 3, 0, 2, 2, 3, 4, 8, 8, 7, 0)	17
2015	(138, 'Li, Zhao', 'Dartmouth College', 2015, 'None', 30, 7, 2018, 96, 39, 2018, 4, 3, 5, 4, 8, 6, 2, 15, 10, 11, 16, 25, 19, 13, 0)	37
2015	(142, 'Pavlov, Anatoly', 'Kansas State University', 2015, 'male', 24, 7, 2018, 32, 21, 2018, 2, 4, 4, 7, 4, 3, 2, 2, 4, 5, 8, 7, 6, 9, 0)	31
2015	(157, 'Deng, Xihao', 'The Pennsylvania State University', 2015, 'None', 20, 2, 2017, 37, 13, 2018, 2, 4, 4, 3, 4, 3, 0, 4, 5, 7, 5, 8, 8, 4, 0)	22
2015	(191, 'Xu, Shaosui', 'University of Michigan', 2015, 'None', 13, 7, 2018, 32, 22, 2018, 0, 0, 1, 2, 4, 6, 4, 2, 3, 4, 9, 7, 7, 10, 0)	20
